0 0 0 0 0 0 0 0 0 0 0 10 0 0 0 0 0 0 0 0 1 0 0 11
1 0 0 0 0 0 0 1 0 0 0 0 0 10 7 0 0 0 0 0 0 2 0 20
2 0 0 0 0 0 0 0 1 0 0 9 0 0 1 6 0 0 0 0 0 13 0 30
3 0 0 1 0 0 0 0 1 0 0 7 1 0 0 0 0 0 0 0 0 21 0 31
4 0 1 0 0 0 0 0 1 0 0 0 0 0 5 0 0 0 17 0 0 0 0 24
5 1 0 0 0 0 0 0 0 0 0 0 1 0 10 0 0 0 16 0 0 0 0 28
6 0 0 1 0 0 0 13 0 6 15 0 0 0 1 0 0 0 0 11 0 2 0 49
7 0 11 0 0 0 1 1 0 1 0 0 0 0 0 0 0 0 0 0 0 25 0 39
8 0 13 0 0 0 1 0 0 0 0 0 0 1 1 0 0 0 0 0 0 44 0 60
9 0 6 0 0 0 13 2 0 17 0 0 0 0 0 0 0 0 7 0 0 41 0 86
10 9 4 0 0 0 16 0 0 1 0 3 0 4 2 0 0 0 0 0 0 16 0 55
11 0 0 0 0 0 0 1 4 20 1 0 0 0 0 0 1 0 12 0 1 66 0 106
12 1 0 0 0 0 0 0 0 1 8 1 19 1 0 0 1 0 8 0 0 0 0 40
13 0 2 0 0 0 0 0 8 7 1 0 0 0 0 0 0 0 1 1 0 3 0 23
14 0 8 0 0 0 0 0 11 19 1 0 0 0 1 0 0 0 0 0 0 0 0 40
15 0 13 0 0 0 17 15 0 2 12 5 0 0 1 0 0 13 0 0 0 1 0 79
16 0 1 0 0 0 6 0 0 15 0 0 0 0 1 0 0 0 0 0 0 1 0 24
17 15 12 0 0 0 0 26 1 18 0 12 0 0 0 0 0 0 0 0 0 0 0 84
18 0 0 0 0 0 26 38 0 2 55 0 0 0 0 0 0 0 0 0 0 0 0 121
19 0 1 0 1 1 40 22 0 21 70 7 0 0 14 0 0 0 0 0 0 17 0 194
20 0 6 0 0 0 1 22 1 1 17 2 0 0 0 0 0 1 0 0 0 2 0 53
21 9 0 4 0 0 5 14 2 24 15 23 8 0 0 0 0 0 2 0 0 24 0 130
22 0 0 0 0 0 0 18 0 27 19 0 0 0 17 0 1 0 1 0 0 35 0 118
23 0 0 0 0 0 17 26 0 1 30 3 0 0 0 0 0 0 1 0 0 19 0 97
24 0 0 9 0 0 39 15 0 17 13 33 1 16 0 0 0 0 9 0 0 12 0 164
25 0 8 1 12 1 1 12 9 5 29 2 0 0 0 0 0 0 15 0 0 2 0 97
26 0 19 1 0 0 40 35 0 10 23 1 0 21 1 0 0 0 0 0 0 0 0 151
27 0 1 1 0 0 8 4 0 41 29 32 13 0 0 0 0 1 0 0 0 10 0 140
28 0 73 0 0 0 4 22 8 51 15 2 1 19 0 0 0 0 0 0 0 1 0 196
29 0 50 2 0 0 20 19 13 25 16 32 13 0 0 0 0 0 0 0 0 1 0 191
30 0 35 0 0 1 18 17 0 1 28 35 0 0 1 0 0 0 0 0 0 32 0 168
31 0 95 0 0 0 14 41 0 41 23 2 0 0 1 1 9 0 0 0 0 2 0 229
32 0 48 3 0 0 33 15 3 37 37 11 0 0 25 0 0 0 1 0 0 11 0 224
33 12 46 9 0 13 8 16 61 27 48 35 0 21 1 0 0 0 0 0 0 31 0 328
34 15 47 28 0 0 6 39 19 45 11 25 0 1 10 0 0 0 0 0 0 29 0 275
35 0 70 10 0 0 8 24 15 66 21 16 0 0 0 0 0 0 13 0 0 0 0 243
36 1 13 14 0 0 43 23 36 15 16 32 7 1 0 0 0 0 0 0 0 58 0 259
37 0 48 3 0 0 21 49 49 17 14 22 0 0 0 0 0 1 2 0 0 42 0 268
38 1 89 28 0 0 3 29 11 17 55 67 0 1 0 0 0 0 2 0 0 70 0 373
39 1 47 9 0 0 19 11 13 19 31 43 0 0 1 0 0 0 0 0 1 10 0 205
40 0 12 2 0 1 3 23 46 20 59 31 0 0 0 0 0 1 25 0 0 24 0 247
41 0 23 40 0 0 66 34 52 32 63 10 0 1 0 1 0 0 0 0 0 0 0 322
42 0 10 2 0 0 29 14 8 35 30 47 0 0 0 0 0 0 0 0 1 0 0 176
43 0 56 3 0 0 34 55 14 29 28 25 13 0 0 0 0 1 0 0 0 16 0 274
44 0 30 16 0 0 5 16 7 64 39 47 0 0 0 0 0 0 0 0 0 1 0 225
45 0 34 32 0 0 8 56 26 34 63 11 0 0 0 0 0 6 0 0 0 20 0 290
46 0 47 9 0 0 9 16 2 52 42 35 15 1 0 0 0 0 0 0 1 9 0 238
47 0 1 1 0 0 11 48 14 18 50 41 0 7 0 14 0 0 1 0 0 1 0 207
48 1 56 33 0 0 21 25 14 33 55 58 0 0 0 0 0 0 0 0 0 30 0 326
49 0 37 33 0 0 49 43 26 57 13 13 1 0 0 0 0 0 0 0 0 17 0 289
50 0 72 18 0 17 28 19 80 80 33 18 0 7 0 0 0 0 0 0 0 60 0 432
51 25 87 4 15 0 11 58 64 39 46 35 0 1 0 0 0 0 0 0 0 51 0 436
52 0 65 16 0 0 3 27 25 59 82 8 16 15 1 0 0 0 21 0 0 36 0 374
53 9 38 18 0 0 15 23 82 38 72 12 1 0 0 0 0 0 0 0 0 16 0 324
54 11 60 0 0 0 7 21 52 1 15 37 0 0 16 0 0 1 0 0 0 21 0 242
55 1 45 39 10 16 39 13 30 26 58 19 0 0 19 0 20 13 0 0 0 3 0 351
56 1 27 12 0 0 24 46 34 33 33 48 0 12 2 0 0 0 1 0 0 0 0 273
57 0 26 25 0 0 24 9 18 80 87 31 0 0 0 0 0 0 0 0 0 0 0 300
58 0 71 29 0 0 18 29 69 32 62 32 0 1 0 0 0 0 1 0 0 1 0 345
59 1 11 23 0 0 45 30 39 38 103 20 0 0 0 0 0 1 30 0 0 0 0 341
60 30 41 48 0 0 11 53 2 60 91 11 0 14 0 0 0 0 1 0 0 1 0 363
61 14 24 30 0 1 3 51 45 22 26 35 1 18 0 0 0 1 6 0 0 13 0 290
62 10 6 4 0 0 60 15 38 38 39 7 1 15 0 15 0 6 0 0 0 1 0 255
63 1 28 28 0 0 29 66 47 47 51 27 0 0 8 0 0 14 0 0 0 1 0 347
64 0 46 1 0 0 20 52 18 41 33 58 0 4 0 1 1 5 0 0 0 91 0 371
65 0 33 51 0 0 4 53 4 59 19 42 0 0 1 21 0 13 0 0 0 83 0 383
66 0 16 20 0 0 35 49 51 80 32 89 0 0 0 1 0 16 0 0 0 18 0 407
67 22 25 22 0 0 3 32 49 49 15 15 0 0 14 0 0 15 0 0 0 1 0 262
68 14 50 13 0 0 48 39 24 43 33 10 0 19 18 15 0 1 0 0 0 2 0 329
69 7 116 21 1 0 15 70 52 63 43 23 0 0 0 0 0 0 0 0 20 11 0 442
70 1 40 11 0 15 16 48 38 36 16 45 0 14 1 0 0 14 0 0 0 10 0 305
71 1 29 17 0 0 36 80 10 42 91 23 0 0 0 1 0 0 1 0 0 11 0 342
72 28 108 20 0 0 31 47 13 36 38 12 3 0 0 1 0 9 0 0 0 22 0 368
73 16 40 32 0 0 16 46 55 31 42 7 0 0 10 0 0 0 23 0 0 2 0 320
74 0 39 44 0 14 26 100 17 21 31 16 0 1 10 1 1 0 11 0 0 1 0 333
75 33 90 18 0 0 36 64 28 64 34 15 0 0 0 0 0 0 0 0 0 1 0 383
76 1 29 15 0 0 39 81 55 39 45 34 1 2 11 14 0 1 0 0 0 8 0 375
77 2 54 11 0 14 22 23 57 16 99 43 0 11 0 0 0 0 0 0 0 1 0 353
78 1 57 31 0 10 16 42 52 41 42 33 6 7 1 18 0 0 0 0 0 1 0 358
79 0 52 19 0 0 45 15 41 85 62 32 1 8 9 0 0 2 0 0 0 1 0 372
80 13 72 29 0 0 45 65 40 18 48 9 13 17 0 0 0 0 0 0 0 8 0 377
81 0 19 10 0 1 29 60 60 73 52 43 24 0 0 13 0 0 0 0 0 1 0 385
82 17 25 21 0 1 12 36 4 38 22 8 1 0 1 0 0 13 0 0 0 1 0 200
83 0 65 20 0 0 15 42 64 22 61 24 0 0 0 0 15 0 9 0 0 11 0 348
84 3 29 5 0 0 28 36 53 39 90 26 0 0 0 0 0 21 0 0 0 10 0 340
85 0 27 34 0 4 14 57 46 28 60 66 0 5 0 0 0 10 0 0 0 1 0 352
86 13 4 15 0 0 10 74 69 57 78 9 0 0 1 0 0 8 0 0 0 0 0 338
87 13 42 12 14 0 31 78 34 104 53 15 0 1 0 0 0 13 0 0 0 13 0 423
88 10 41 3 0 0 26 47 63 35 20 60 0 9 0 0 0 3 0 0 0 18 0 335
89 1 28 18 11 0 53 62 36 62 12 44 55 0 20 0 0 25 1 0 0 63 0 491
90 1 36 3 0 21 56 35 21 14 28 78 0 1 13 0 0 31 0 8 0 59 0 405
91 0 55 6 0 9 37 32 86 50 80 24 0 1 0 0 0 0 1 0 0 29 0 410
92 8 43 28 0 20 8 101 80 67 89 1 12 22 0 0 0 12 0 1 0 0 0 492
93 27 7 33 0 0 45 53 103 49 98 45 0 6 8 0 0 0 0 0 0 0 0 474
94 21 41 49 10 15 25 92 82 29 67 14 1 0 0 10 0 14 0 11 11 11 0 503
95 0 51 22 0 1 43 28 3 51 46 24 0 19 0 0 1 2 0 0 1 0 0 292
96 6 78 17 1 10 3 129 59 45 49 33 4 0 10 17 0 16 0 0 9 11 0 497
97 22 57 41 11 12 13 85 88 129 51 28 1 0 2 0 0 19 0 0 0 36 0 595
98 15 36 40 0 17 36 47 69 66 28 17 2 9 3 22 12 14 0 1 0 19 0 453
99 0 39 12 0 26 27 95 98 68 59 45 0 1 2 0 0 21 14 0 0 0 0 507
100 0 86 22 6 110 24 62 65 27 77 80 0 0 0 14 0 20 1 0 0 25 0 619
101 16 13 35 0 24 52 49 70 60 100 14 0 10 2 0 0 22 0 0 8 2 0 477
102 27 21 22 0 25 93 106 49 62 52 15 14 9 2 0 0 24 0 14 0 9 0 544
103 0 22 83 1 27 33 30 36 77 38 36 12 0 0 0 0 6 0 0 0 0 0 401
104 1 67 44 0 25 21 73 64 50 37 47 1 0 9 1 11 16 0 0 0 11 0 478
105 14 70 23 0 41 44 40 42 62 83 62 0 9 0 0 0 0 0 0 21 39 0 550
106 3 60 37 0 19 29 94 65 36 59 18 0 0 1 0 0 1 0 0 0 17 0 439
107 0 88 21 15 12 58 56 63 59 49 32 0 0 0 1 1 23 13 0 0 14 0 505
108 0 30 3 1 0 27 45 59 71 60 12 0 1 0 0 0 0 37 21 1 2 0 370
109 0 67 21 0 0 34 28 78 42 59 42 0 0 0 12 0 0 1 12 0 0 0 396
110 24 66 39 0 2 50 66 83 53 47 19 2 1 1 46 0 11 0 11 12 96 0 629
111 8 14 11 0 7 56 75 103 58 31 75 1 7 0 0 0 14 0 0 18 10 0 488
112 1 36 10 0 29 48 55 26 51 36 38 32 0 18 1 14 0 24 0 17 69 0 505
113 16 73 74 0 2 67 34 91 101 83 31 2 2 9 0 0 9 0 1 5 15 0 615
114 25 46 4 24 8 40 27 45 99 90 37 18 15 0 0 0 26 0 0 1 28 0 533
115 0 35 42 0 10 25 85 89 120 96 46 0 1 0 0 0 7 0 0 0 10 0 566
116 42 75 36 0 25 68 87 107 85 59 17 1 16 0 1 0 0 0 0 6 0 0 625
117 197 13 36 0 37 79 158 34 94 61 26 1 0 0 0 0 1 1 0 2 0 0 740
118 27 55 56 0 26 22 89 42 119 33 31 1 0 0 2 0 1 0 0 12 0 0 516
119 53 52 51 0 20 51 105 59 114 93 11 0 0 0 1 0 0 1 0 18 0 0 629
120 29 57 20 0 15 47 67 87 38 53 2 0 0 0 0 0 27 0 0 0 17 0 459
121 47 49 35 1 9 15 96 47 101 96 42 0 0 0 0 11 29 12 1 0 0 0 591
122 43 55 27 7 44 79 55 82 76 53 58 18 0 0 1 0 7 10 0 0 25 0 640
123 1 64 39 0 29 74 77 44 57 88 16 0 0 0 0 0 5 10 0 0 0 0 504
124 13 88 39 8 0 34 26 120 78 70 26 0 1 0 2 0 11 1 1 0 0 0 518
125 1 70 39 1 0 45 6 35 63 47 66 0 0 20 2 0 19 17 1 0 8 0 440
126 0 83 64 7 0 44 37 95 87 75 89 1 0 0 0 0 15 1 1 0 0 0 599
127 1 69 23 67 23 23 34 73 63 63 42 0 1 0 18 1 1 18 0 0 18 0 538
128 46 56 39 1 0 57 71 47 99 115 66 0 0 0 9 0 0 0 0 1 16 0 623
129 52 80 35 0 29 55 102 54 74 24 7 10 0 15 1 9 0 1 0 0 3 0 551
130 46 81 3 0 32 55 108 85 42 64 26 8 0 0 1 0 0 22 0 0 61 0 634
131 16 33 21 15 13 61 117 73 83 103 37 0 1 0 0 0 47 0 17 0 47 0 684
132 69 91 53 0 55 63 106 93 75 99 11 0 22 0 0 0 19 19 0 14 34 0 823
133 74 87 29 0 3 78 42 65 59 62 49 0 21 0 14 1 70 0 1 13 4 0 672
134 34 56 32 3 71 31 45 45 9 55 47 0 0 0 0 0 0 4 0 0 4 0 436
135 32 66 48 10 13 43 89 89 61 43 31 15 1 0 0 13 1 14 0 1 77 0 647
136 44 72 43 2 37 32 71 47 47 42 84 0 0 0 0 0 11 15 0 1 10 0 558
137 37 45 65 1 63 50 60 58 98 74 42 13 0 0 18 0 9 14 7 10 0 0 664
138 44 119 59 1 40 68 64 51 95 59 32 30 0 0 1 0 20 0 10 0 0 0 693
139 0 67 60 0 31 14 132 88 84 39 84 38 0 19 1 1 31 1 15 1 0 0 706
140 10 43 42 1 41 53 118 58 74 53 50 47 0 0 0 0 2 0 7 15 25 0 639
141 18 40 24 20 46 43 97 82 104 97 16 41 0 0 0 1 2 0 2 8 0 0 641
142 1 69 81 1 48 54 128 125 60 43 26 14 0 0 0 9 8 0 8 0 15 0 690
143 45 16 14 0 27 66 108 114 81 56 98 0 0 0 0 0 14 1 1 0 0 0 641
144 36 72 30 10 1 45 98 112 95 112 27 9 0 0 1 19 17 0 21 0 1 0 706
145 33 58 44 68 62 37 106 123 169 112 64 0 24 1 9 0 15 0 0 0 29 0 954
146 78 81 37 9 23 41 24 79 109 43 76 11 36 0 12 0 32 0 0 0 0 0 691
147 17 69 43 0 0 73 72 128 134 73 80 32 35 2 0 0 8 0 0 0 1 0 767
148 27 43 50 3 11 104 72 100 88 71 55 36 16 1 0 0 2 0 0 15 13 0 707
149 22 109 19 81 24 82 65 65 32 65 19 27 29 20 0 0 1 0 0 1 0 0 661
150 67 30 54 18 1 77 36 110 131 45 16 44 0 0 0 0 8 0 0 0 12 0 649
151 70 117 25 14 3 75 84 89 121 33 34 42 0 0 0 0 0 0 0 0 23 0 730
152 36 101 70 27 48 16 126 67 77 44 71 19 10 1 14 0 0 0 0 1 15 0 743
153 75 50 37 17 0 27 82 87 28 109 35 39 0 33 27 17 9 16 0 0 0 0 688
154 114 98 34 0 31 39 118 61 102 100 81 6 0 1 1 1 25 0 0 7 66 0 885
155 4 60 53 10 1 57 79 95 45 59 23 19 0 36 11 0 0 29 0 0 37 0 618
156 0 40 83 2 28 44 51 70 90 62 14 0 0 0 16 0 5 35 0 14 19 0 573
157 14 79 48 6 9 36 83 88 71 93 34 0 45 0 0 1 13 18 1 13 52 0 704
158 9 65 58 21 20 24 114 128 54 91 74 1 1 1 25 0 8 0 0 10 34 0 738
159 17 33 22 12 3 17 109 103 93 44 47 13 16 0 31 0 3 7 5 0 1 0 576
160 14 81 45 2 20 74 106 71 95 59 38 28 4 0 10 9 3 0 0 3 9 0 671
161 33 87 32 57 46 100 71 147 83 58 50 1 1 0 0 0 12 0 0 0 9 0 787
162 6 57 32 36 11 60 54 116 63 47 60 0 1 0 2 0 22 4 10 0 12 0 593
163 0 76 51 1 8 22 99 75 42 83 84 3 0 0 0 0 46 0 0 1 13 0 604
164 52 106 5 2 1 22 101 140 118 88 63 21 0 0 0 31 16 0 0 0 1 0 767
165 60 59 31 19 24 40 170 68 140 99 28 41 4 0 1 0 26 0 1 9 0 0 820
166 21 28 74 19 23 58 100 105 52 77 72 14 0 0 19 29 28 29 0 0 11 0 759
167 37 99 25 44 3 40 151 98 139 104 58 61 1 8 63 0 13 3 16 0 1 0 964
168 65 37 38 31 13 41 182 37 51 39 49 35 0 36 27 0 21 4 10 0 2 0 718
169 32 86 42 2 45 62 115 57 114 95 36 3 23 0 62 1 11 0 0 0 30 0 816
170 47 67 49 1 40 54 107 37 63 81 35 12 0 0 77 8 12 9 0 0 67 0 766
171 57 87 66 10 31 64 128 149 75 47 35 17 24 0 56 0 18 9 0 8 16 0 897
172 37 58 39 28 35 83 47 107 58 59 40 59 19 0 4 0 4 12 7 9 1 0 706
173 36 86 74 45 2 46 106 112 87 111 20 23 6 0 55 1 12 18 2 0 2 0 844
174 64 48 33 5 14 67 106 68 51 58 20 8 0 9 0 0 3 34 1 0 17 0 606
175 25 39 26 17 71 87 81 107 53 69 98 0 0 0 1 12 39 0 0 0 16 0 741
176 36 43 25 44 28 36 139 99 124 95 46 0 2 8 0 0 1 0 3 10 89 0 828
177 77 64 74 0 3 141 111 80 75 113 92 1 0 0 16 0 32 27 9 0 53 0 968
178 86 72 61 0 40 17 101 150 100 85 29 14 0 13 14 0 20 0 0 7 30 0 839
179 72 34 51 0 13 42 105 110 89 56 34 1 23 0 1 0 12 14 12 7 2 0 678
180 4 142 37 8 5 77 102 141 51 97 52 20 26 0 0 0 18 10 1 0 17 0 808
181 16 23 54 36 1 82 59 79 40 95 57 13 37 0 48 0 0 19 0 10 9 0 678
182 0 78 62 25 2 64 134 101 101 89 41 14 64 0 75 0 36 10 1 0 15 0 912
183 13 107 16 6 15 72 77 92 67 81 33 24 18 0 58 0 1 0 13 0 6 0 699
184 0 43 44 16 2 33 55 90 136 59 10 63 0 0 22 7 6 25 9 1 1 0 622
185 4 77 45 39 3 38 135 156 37 95 58 20 0 0 1 21 2 0 14 1 2 0 748
186 73 31 89 18 6 81 118 106 82 63 39 36 0 0 33 0 5 0 0 0 9 0 789
187 48 46 18 33 1 73 82 120 113 98 75 12 0 0 7 0 15 0 0 0 29 0 770
188 90 107 17 33 27 41 133 158 64 65 42 0 0 1 52 0 7 0 1 8 18 0 864
189 63 78 56 0 6 61 97 131 100 54 25 14 0 12 32 34 2 0 1 0 7 0 773
190 20 52 28 1 2 62 134 204 68 96 54 0 0 1 39 41 23 16 0 0 73 0 914
191 65 49 78 10 14 47 52 108 30 96 34 0 0 0 19 2 20 41 0 0 31 0 696
192 43 56 18 1 1 33 114 86 163 147 84 14 32 1 16 35 24 12 6 0 38 0 924
193 23 154 3 14 19 56 88 132 78 79 68 16 1 13 36 0 17 0 23 0 1 0 821
194 30 45 43 7 10 69 148 106 93 76 112 4 0 1 59 6 16 16 0 0 12 0 853
195 79 58 35 9 11 127 67 118 75 103 43 16 0 0 7 1 9 19 0 0 0 0 777
196 29 23 36 15 19 91 89 144 93 97 25 35 0 0 22 1 25 48 4 0 13 0 809
197 59 111 32 19 66 48 147 127 114 54 43 20 1 0 15 16 12 31 0 0 13 0 928
198 44 105 41 26 19 88 105 95 65 118 43 82 0 0 1 0 19 1 0 1 3 0 856
199 90 98 11 3 18 60 90 114 100 99 25 54 0 0 2 0 27 0 0 1 0 0 792
200 41 50 46 17 22 92 106 87 71 94 19 38 1 0 3 0 23 0 11 1 16 0 738
201 37 65 102 31 36 61 120 63 123 96 43 0 0 0 15 41 0 0 1 0 14 0 848
202 2 69 33 39 23 52 134 83 88 34 72 17 15 0 18 4 1 6 0 0 21 0 711
203 33 76 50 33 11 68 74 125 67 101 59 10 0 0 56 12 0 1 0 0 0 0 776
204 32 30 54 0 3 49 86 120 77 69 58 0 0 0 6 32 10 14 0 0 0 0 640
205 9 135 9 15 10 84 147 88 65 56 63 0 1 0 25 18 18 0 3 0 0 0 746
206 19 86 80 0 18 82 121 82 90 41 52 0 2 0 4 40 32 16 15 0 58 0 838
207 78 68 61 8 37 78 111 107 158 101 46 24 0 0 15 0 1 0 1 1 75 0 970
208 36 106 16 35 7 75 76 165 69 45 41 10 0 1 13 0 17 16 0 28 35 0 791
209 74 77 59 23 17 43 150 104 62 113 56 4 22 16 33 1 4 18 22 0 1 0 899
210 42 68 45 23 6 106 166 99 51 70 62 42 0 0 1 14 20 8 18 1 50 0 892
211 63 68 83 23 2 51 109 113 99 65 84 47 3 0 71 18 33 33 0 0 14 0 979
212 13 39 79 38 27 101 114 75 89 109 57 3 14 0 40 13 1 2 0 0 13 0 827
213 67 95 65 38 17 66 155 166 75 82 83 44 30 6 38 10 3 15 0 1 19 0 1075
214 116 51 61 20 36 80 105 68 47 115 49 26 0 1 18 1 38 0 0 1 1 0 834
215 12 72 38 38 40 83 76 85 153 69 63 2 28 0 33 10 26 0 0 1 0 0 829
216 14 68 45 43 53 35 84 116 67 75 29 56 15 0 27 34 12 0 0 0 0 0 773
217 0 66 47 37 32 82 135 149 105 174 99 72 26 0 3 1 2 0 13 5 1 0 1049
218 22 122 42 2 20 64 88 101 47 154 83 0 0 0 21 31 5 1 17 13 0 0 833
219 26 67 46 0 22 93 184 127 81 96 152 0 0 0 37 36 17 3 0 8 13 0 1008
220 96 37 25 0 22 107 78 84 80 101 91 1 1 0 24 10 2 1 2 0 16 0 778
221 86 84 38 5 18 65 144 143 89 96 54 27 9 0 23 10 2 15 48 1 28 0 985
222 79 73 37 0 31 93 145 120 60 77 50 3 0 0 95 7 41 24 1 33 0 0 969
223 36 120 44 55 39 82 99 86 123 89 41 38 1 0 20 0 11 0 0 0 30 0 914
224 48 39 17 12 33 56 161 93 122 68 86 12 1 0 19 1 45 11 0 0 0 0 824
225 70 25 49 42 50 63 123 98 99 84 117 75 1 0 26 12 11 0 6 1 3 0 955
226 16 174 44 36 30 86 111 111 113 86 96 42 0 1 47 0 35 24 1 0 31 0 1084
227 18 76 52 13 40 67 117 118 92 132 56 44 0 0 0 0 0 13 0 8 16 0 862
228 49 66 34 34 33 59 115 114 91 74 33 65 20 0 12 15 21 1 6 2 0 0 844
229 9 86 55 1 26 100 146 53 63 148 65 0 13 0 1 2 21 7 0 11 13 0 820
230 99 54 25 22 21 64 102 52 63 95 84 24 17 1 0 9 12 17 23 0 4 0 788
231 18 85 18 5 31 38 108 124 88 150 66 0 22 1 14 52 16 2 0 0 35 0 873
232 104 76 46 9 29 72 136 83 119 77 96 10 29 28 20 17 24 56 26 0 50 0 1107
233 80 38 76 0 83 88 95 78 100 66 82 0 69 1 61 16 28 27 0 0 37 0 1025
234 65 81 11 0 49 57 99 123 67 50 16 23 0 22 12 13 25 0 20 0 68 0 801
235 38 148 54 0 19 22 164 70 135 68 18 58 0 8 30 0 14 1 1 15 5 0 868
236 17 73 48 11 42 84 92 127 105 83 117 84 15 17 22 22 28 0 0 18 1 0 1006
237 42 63 39 0 40 46 124 144 38 180 43 32 0 15 23 16 15 10 13 1 9 0 893
238 85 58 75 25 7 33 122 112 128 61 101 7 0 0 26 5 35 0 1 5 13 0 899
239 12 56 54 1 28 48 253 97 152 75 83 55 22 0 19 45 32 0 1 0 10 0 1043
240 40 85 73 12 49 56 69 78 137 77 41 26 48 0 45 44 45 0 21 12 28 0 986
241 22 70 53 46 16 76 135 93 123 86 48 12 8 0 44 21 7 7 0 0 1 0 868
242 31 48 104 21 12 90 67 104 61 104 74 13 43 9 20 6 8 8 0 0 30 0 853
243 9 87 58 29 11 108 100 102 71 110 76 40 35 0 46 25 54 18 1 0 10 0 990
244 10 67 43 0 17 115 146 194 81 113 89 13 5 0 42 1 31 29 16 0 0 0 1012
245 14 85 42 15 32 110 128 111 87 48 69 27 12 1 7 0 43 11 1 0 20 0 863
246 21 41 50 67 19 24 123 111 61 82 96 21 3 0 4 0 18 3 0 12 1 0 757
247 44 58 48 14 33 37 155 76 104 87 125 1 13 0 26 9 25 22 0 0 0 0 877
248 53 57 56 18 17 72 141 74 172 80 67 12 4 0 20 44 33 16 1 0 0 0 937
249 36 82 93 24 25 73 122 190 88 90 144 38 15 0 32 21 4 29 14 0 13 0 1133
250 21 82 45 6 12 89 55 119 105 72 38 20 0 12 16 6 43 14 34 0 0 0 789
251 25 58 63 47 28 69 64 131 90 46 66 128 0 11 52 46 42 11 1 0 3 0 981
252 44 179 32 21 14 59 144 90 86 73 91 30 0 1 5 5 36 12 0 0 1 0 923
253 38 76 41 39 41 42 154 115 89 47 87 10 0 16 27 23 10 1 0 0 36 0 892
254 46 76 40 1 7 44 161 123 41 109 70 109 0 0 28 0 30 0 0 9 24 0 918
255 31 55 63 18 33 103 135 83 112 95 76 47 0 22 34 9 22 0 2 5 35 0 980
256 74 44 50 32 36 80 86 96 61 116 63 1 25 0 16 6 16 0 5 1 25 0 833
257 117 85 81 8 1 143 189 96 115 86 112 10 10 0 0 1 23 11 6 6 30 0 1130
258 97 68 49 22 1 70 44 138 129 147 52 0 32 0 1 62 13 0 12 38 0 0 975
259 56 74 43 15 5 96 156 38 89 101 89 0 24 0 15 43 36 26 11 0 1 0 918
260 47 79 89 28 45 58 172 191 133 96 40 97 37 0 0 1 21 22 20 0 12 0 1188
261 46 71 92 10 25 91 120 180 89 53 109 55 1 0 1 0 24 13 0 6 0 0 986
262 48 114 97 63 33 115 112 118 89 93 81 56 1 0 4 0 21 3 1 7 12 0 1068
263 113 78 38 18 10 109 116 81 112 229 56 50 0 0 12 0 21 12 14 0 12 0 1081
264 47 37 68 24 5 60 166 111 100 107 88 67 0 10 30 1 36 22 1 0 0 0 980
265 43 70 72 4 36 73 120 72 69 117 91 9 0 0 28 11 3 12 0 0 12 0 842
266 17 49 35 14 22 113 135 85 88 114 50 0 0 0 55 23 5 0 1 0 22 0 828
267 0 85 35 15 39 101 176 151 103 50 67 23 12 12 29 38 14 0 0 1 0 0 951
268 2 116 47 5 44 84 144 38 89 151 22 0 0 10 10 29 14 1 0 0 15 0 821
269 17 79 93 14 43 48 122 118 122 102 78 7 0 12 13 2 3 1 2 1 18 0 895
270 15 107 89 9 13 95 157 138 73 64 68 2 0 0 28 34 12 0 25 0 16 0 945
271 77 77 31 34 40 65 212 87 101 149 71 0 11 0 23 11 7 16 19 0 31 0 1062
272 91 114 90 35 58 59 125 129 159 67 138 40 11 0 17 42 40 0 37 0 0 0 1252
273 48 115 81 45 21 71 131 113 142 104 94 65 37 0 37 10 27 55 0 1 8 0 1205
274 71 132 59 17 9 84 166 65 124 84 122 36 32 1 33 1 36 59 0 1 0 0 1132
275 72 49 17 4 12 76 157 198 92 97 117 2 61 0 28 0 44 39 1 10 1 0 1077
276 70 49 139 25 12 123 144 63 125 85 75 81 28 0 14 9 66 20 0 0 78 0 1206
277 59 62 70 18 17 75 117 78 68 72 21 56 0 0 42 6 28 1 23 0 24 0 837
278 15 61 87 25 22 73 217 116 114 125 112 61 0 1 28 0 26 0 2 7 22 0 1114
279 40 80 13 25 44 88 197 128 123 97 91 65 0 3 0 33 20 10 1 0 40 0 1098
280 17 44 74 35 2 55 178 129 107 103 93 44 1 10 10 50 51 0 1 11 2 0 1017
281 22 86 73 13 21 101 162 52 164 65 90 12 0 21 3 20 33 0 6 1 60 0 1005
282 2 79 28 29 46 44 50 82 73 152 58 16 11 0 0 27 2 12 12 20 0 0 743
283 7 83 85 49 16 76 82 89 86 112 92 9 32 7 4 60 47 1 16 0 21 0 974
284 29 108 63 12 14 73 180 129 87 122 106 24 18 0 36 42 30 1 27 36 0 0 1137
285 53 50 123 37 16 97 166 114 93 119 55 47 12 1 29 2 26 6 4 0 0 0 1050
286 79 121 68 23 18 126 113 180 102 143 83 24 19 1 6 51 4 2 0 0 1 0 1164
287 74 107 57 45 24 153 90 139 116 130 42 5 28 1 35 1 22 38 0 0 0 0 1107
288 112 140 53 35 12 84 209 102 91 99 91 37 10 0 71 1 40 28 2 0 0 0 1217
289 67 51 56 39 48 76 106 127 72 164 88 40 59 0 33 0 30 16 29 0 27 0 1128
290 32 76 33 38 56 94 137 244 102 138 65 31 0 0 14 15 35 3 1 0 0 0 1114
291 42 55 59 17 58 80 156 174 152 182 100 51 11 0 52 0 43 53 2 0 12 0 1299
292 58 95 156 18 20 83 86 144 119 116 113 32 1 0 33 43 20 1 7 0 0 0 1145
293 81 64 79 43 27 83 143 61 166 83 120 25 0 1 18 32 11 1 2 0 1 0 1041
294 33 166 118 26 15 57 101 71 65 127 73 13 9 12 65 17 7 22 12 0 12 0 1021
295 61 81 39 17 27 57 127 81 111 146 92 125 29 21 31 2 30 21 7 0 16 0 1121
296 19 67 70 59 53 89 168 138 182 118 79 22 16 8 1 11 11 0 22 1 1 0 1135
297 44 98 56 7 22 58 182 56 105 111 67 68 53 14 0 50 34 17 10 0 1 0 1053
298 47 106 33 48 29 145 115 125 107 109 97 27 32 9 20 7 41 1 14 0 46 0 1158
299 69 103 61 35 34 84 102 85 106 109 92 30 37 0 38 1 61 1 0 0 29 0 1077
300 54 114 72 44 24 93 116 187 81 19 66 21 47 11 0 0 20 33 0 1 24 0 1027
301 66 88 32 49 24 50 175 142 122 56 77 32 4 0 3 0 29 2 14 0 21 0 986
302 63 133 79 21 24 80 83 111 83 185 103 34 2 0 17 25 31 0 1 0 21 0 1096
303 89 91 81 17 51 121 115 104 147 86 145 25 45 0 37 15 12 0 0 0 15 0 1196
304 2 85 74 1 20 63 106 106 122 180 51 26 12 0 45 0 1 10 0 1 0 0 905
305 1 101 77 18 21 64 175 132 150 112 98 72 0 0 69 23 21 17 10 24 22 0 1207
306 14 96 48 34 21 56 148 122 103 160 39 87 1 0 59 28 19 1 0 0 30 0 1066
307 5 152 33 52 9 96 103 196 224 161 82 46 0 17 4 27 24 0 0 0 1 0 1232
308 103 105 76 3 18 81 128 84 110 98 82 15 1 14 27 37 10 2 0 0 0 0 994
309 74 102 91 30 2 123 107 68 156 116 65 46 0 16 52 35 25 34 9 0 1 0 1152
310 16 48 65 12 53 58 141 149 90 32 62 41 26 0 2 32 17 58 16 0 27 0 945
311 66 145 75 32 25 30 97 141 157 147 73 58 21 0 18 13 22 22 15 0 2 0 1159
312 42 143 81 65 9 74 211 28 100 138 24 4 84 0 57 31 72 25 0 0 29 0 1217
313 60 79 54 9 33 128 109 147 108 78 72 11 53 0 20 33 31 13 13 0 23 0 1074
314 87 48 34 18 19 75 132 62 144 77 70 52 62 0 57 8 9 0 13 0 18 0 985
315 34 61 32 10 20 121 105 148 119 88 72 22 24 0 1 20 21 1 0 0 3 0 902
316 47 50 36 47 52 84 200 181 152 65 49 24 38 0 7 52 44 35 0 0 40 0 1203
317 1 123 36 36 70 71 176 84 113 104 71 28 36 0 5 2 24 0 12 0 53 0 1045
318 14 137 67 14 53 121 92 185 163 120 72 0 7 0 1 0 10 2 17 0 32 0 1107
319 20 56 57 25 38 135 203 190 109 163 90 43 1 0 29 0 11 0 43 10 0 0 1223
320 14 87 63 9 35 119 142 130 131 196 70 51 1 11 8 0 12 14 1 7 51 0 1152
321 82 42 61 27 20 47 135 131 111 85 118 0 0 53 85 3 12 1 3 1 20 0 1037
322 53 89 29 42 13 106 147 187 157 104 123 0 2 0 37 3 34 0 0 1 26 0 1153
323 48 135 46 50 44 83 192 73 115 136 123 0 13 1 26 12 67 0 16 0 2 0 1182
324 30 41 68 13 3 108 156 132 75 97 82 3 25 0 32 35 45 65 7 0 0 0 1017
325 38 84 59 3 21 116 132 190 57 80 89 22 3 0 24 17 20 16 14 1 12 0 998
326 59 75 29 10 2 71 170 106 156 94 107 20 28 0 3 36 13 2 6 1 21 0 1009
327 59 85 55 1 12 118 159 73 149 176 107 42 16 0 45 42 41 36 9 1 1 0 1227
328 58 223 81 38 3 116 195 102 125 109 66 59 27 40 0 14 30 1 16 0 26 0 1329
329 104 94 64 25 15 71 100 57 98 91 54 99 46 19 19 38 24 47 36 0 0 0 1101
330 95 64 83 14 23 128 165 193 130 90 81 35 36 11 24 14 13 0 9 1 1 0 1210
331 9 80 69 48 25 46 124 48 132 199 70 53 33 11 6 67 16 18 0 1 0 0 1055
332 1 84 34 72 65 125 196 91 99 112 64 70 4 12 7 4 10 0 0 0 0 0 1050
333 12 140 45 33 14 114 110 116 92 100 99 37 47 0 0 2 7 0 12 6 25 0 1011
334 42 43 67 29 23 103 103 168 144 195 153 36 13 0 25 23 61 0 0 0 80 0 1308
335 23 66 100 29 34 48 138 101 115 78 106 44 8 3 20 16 23 10 22 0 66 0 1050
336 74 97 51 18 41 168 92 178 169 120 90 72 3 13 53 3 38 0 1 0 46 0 1327
337 24 61 59 26 4 70 169 124 102 127 87 16 32 10 22 1 23 0 14 1 60 0 1032
338 49 146 17 34 44 76 172 132 72 142 62 33 22 0 33 23 3 38 6 9 1 0 1114
339 41 88 93 14 21 56 253 109 125 214 56 2 18 0 29 0 13 42 0 37 7 0 1218
340 119 47 27 31 50 28 126 163 151 205 61 14 1 0 2 10 32 18 33 5 13 0 1136
341 80 118 91 33 43 32 114 45 114 80 70 33 16 0 59 23 18 22 17 0 0 0 1008
342 87 60 31 12 31 81 151 74 140 80 48 70 1 1 16 1 4 12 22 1 41 0 964
343 69 83 26 1 46 124 132 124 123 93 110 36 1 1 39 0 39 27 1 0 0 0 1075
344 23 72 82 27 54 91 126 96 76 135 96 0 7 0 21 15 35 13 0 0 12 0 981
345 36 89 55 29 34 46 165 94 92 172 142 0 0 21 5 13 4 1 20 0 7 0 1025
346 59 63 45 33 17 127 124 157 110 155 52 0 17 42 39 11 9 8 15 0 23 0 1106
347 38 91 68 4 26 110 198 101 101 194 80 11 39 11 52 6 28 5 8 0 2 0 1173
348 64 100 51 42 3 58 150 113 79 155 80 26 19 41 21 29 59 1 15 0 0 0 1106
349 4 60 36 18 20 62 101 115 83 149 140 47 24 16 30 39 7 12 2 10 1 0 976
350 0 109 20 47 43 88 102 103 65 163 89 50 51 0 22 2 33 9 0 0 3 0 999
351 11 82 19 37 64 114 206 116 145 91 85 20 41 0 55 13 39 12 13 0 1 0 1164
352 15 91 45 21 2 157 163 94 164 135 49 57 28 0 21 2 58 16 1 8 41 0 1168
353 20 73 32 9 15 43 178 120 107 213 84 62 29 0 21 30 10 0 3 0 1 0 1050
354 27 88 31 12 13 91 106 86 126 94 148 40 37 2 23 54 38 6 0 0 0 0 1022
355 39 102 35 0 15 63 178 120 96 138 98 44 34 0 17 1 14 12 7 0 21 0 1034
356 114 48 48 33 20 64 237 110 101 98 103 41 9 0 48 1 11 16 15 11 38 0 1166
357 81 36 66 19 30 107 115 129 121 126 59 76 2 17 53 0 16 68 16 16 9 0 1162
358 67 107 43 0 16 151 208 143 183 111 65 30 8 2 0 0 12 0 1 0 23 0 1170
359 12 145 40 8 50 101 89 119 121 119 51 29 13 14 10 1 45 27 0 3 57 0 1054
360 102 163 67 20 60 132 145 97 85 94 126 1 20 0 3 1 33 29 2 1 26 0 1207
361 71 108 65 22 33 143 124 159 160 140 90 10 1 1 13 0 18 19 2 2 8 0 1189
362 73 114 16 33 43 157 147 160 136 146 118 13 19 12 3 13 38 13 2 4 0 0 1260
363 66 98 53 7 33 58 102 127 209 174 128 0 24 18 8 22 13 1 7 0 1 0 1149
364 24 136 30 14 35 125 146 137 108 155 55 1 28 24 23 14 33 17 1 9 1 0 1116
365 0 93 54 30 14 154 144 115 177 114 81 34 23 29 45 2 15 0 9 20 1 0 1154
366 8 104 49 4 4 111 128 260 181 134 72 57 14 16 27 15 19 0 15 1 0 0 1219
367 4 54 35 29 57 123 217 120 141 159 104 50 52 19 18 38 32 18 12 1 2 0 1285
368 3 64 47 31 36 117 168 108 93 143 111 93 20 0 48 3 10 14 1 12 2 0 1124
369 34 82 46 7 30 21 117 194 143 66 106 41 8 1 2 20 12 0 13 0 7 0 950
370 61 61 11 44 57 66 214 56 139 119 82 19 0 16 59 0 11 22 2 0 0 0 1039
371 59 100 103 18 20 112 169 117 210 169 106 26 13 10 24 16 39 35 0 15 6 0 1367
372 52 66 60 12 52 129 173 134 141 128 117 43 0 0 49 58 18 1 0 1 1 0 1235
373 42 100 63 8 14 100 112 129 192 103 71 34 5 1 38 44 28 50 1 0 48 0 1183
374 65 101 54 45 15 132 133 175 147 217 187 37 1 10 14 14 24 19 18 0 44 0 1452
375 26 113 81 43 40 153 160 109 128 124 118 27 10 33 4 22 40 29 2 1 1 0 1264
376 54 45 54 20 10 111 63 171 102 123 97 99 20 0 1 20 26 10 12 17 0 0 1055
377 48 132 52 3 54 108 112 102 44 184 27 22 51 40 0 9 64 0 19 17 22 0 1110
378 121 116 20 15 43 140 87 90 174 159 36 41 21 9 0 0 17 1 0 44 37 0 1171
379 93 73 39 31 31 103 216 110 72 141 121 44 39 28 22 16 24 0 1 1 0 0 1205
380 36 103 16 1 35 157 290 76 140 113 69 76 41 2 67 19 43 23 4 0 0 0 1311
381 65 51 85 3 40 92 99 98 176 142 126 4 21 26 27 38 26 2 14 17 4 0 1156
382 43 48 40 0 10 82 117 75 121 143 102 42 32 14 48 46 35 12 12 10 12 0 1044
383 60 99 48 0 12 101 162 153 129 65 121 59 20 3 54 44 15 0 9 0 23 0 1177
384 123 19 110 0 23 73 136 86 159 171 102 25 15 48 2 24 12 25 14 0 66 0 1233
385 66 64 7 38 20 94 180 142 186 137 98 49 27 18 23 35 23 34 21 0 42 0 1304
386 15 79 18 38 15 79 167 136 68 165 87 33 49 4 10 65 14 36 0 10 80 0 1168
387 14 91 45 5 33 181 192 239 151 173 111 21 28 6 18 8 6 15 1 2 0 0 1340
388 16 105 27 19 39 93 276 120 141 180 76 42 35 7 55 20 41 30 0 7 0 0 1329
389 20 62 76 44 16 63 118 174 99 110 68 31 0 10 57 0 5 24 19 2 28 0 1026
390 0 133 37 21 14 102 140 166 124 186 118 57 0 1 6 0 16 25 1 1 25 0 1173
391 59 75 58 11 48 57 119 151 164 145 86 21 2 1 29 1 9 1 9 24 32 0 1102
392 62 79 91 1 26 226 133 63 98 143 68 20 1 41 15 1 9 0 10 16 6 0 1109
393 71 71 56 49 72 54 206 178 142 99 73 35 21 0 37 0 57 1 0 0 20 0 1242
394 78 80 61 12 21 120 119 103 189 143 102 16 20 0 61 45 30 0 1 31 28 0 1260
395 38 114 74 72 58 63 165 59 164 138 99 20 27 0 29 38 8 27 7 12 10 0 1222
396 31 80 22 10 56 159 105 142 177 130 43 46 11 0 33 23 31 23 15 0 21 0 1158
397 133 49 42 13 25 100 148 135 176 180 54 47 33 0 21 51 9 2 4 0 25 0 1247
398 29 77 42 35 45 86 174 101 146 163 93 23 33 0 36 51 8 11 18 1 1 0 1173
399 21 130 47 15 14 47 109 70 95 163 114 27 32 0 3 40 41 23 0 14 20 0 1025
400 81 101 49 25 18 104 104 102 157 146 71 60 12 1 18 41 3 19 2 22 0 0 1136
401 71 130 63 51 41 111 128 303 155 86 60 62 18 0 31 18 23 12 0 13 15 0 1391
402 55 30 119 22 35 110 77 142 123 125 155 5 62 0 29 1 14 39 2 19 6 0 1170
403 71 85 61 22 41 162 118 218 203 95 136 14 32 7 21 22 8 0 0 6 30 0 1352
404 123 109 57 0 56 74 147 108 172 138 104 28 0 8 37 1 36 0 7 16 0 0 1221
405 51 129 72 1 110 116 195 83 134 119 61 1 0 1 6 0 19 0 9 1 24 0 1132
406 8 102 53 0 25 70 97 170 159 145 132 21 13 0 18 0 15 8 5 0 0 0 1041
407 40 73 55 0 36 119 163 112 173 132 118 11 0 1 29 0 39 1 15 0 28 0 1145
408 0 87 43 1 30 95 100 131 180 146 93 17 0 61 46 4 5 18 18 7 14 0 1096
409 16 92 14 0 50 83 188 205 145 156 93 3 37 42 44 0 12 18 0 0 26 0 1224
410 72 47 55 11 35 72 212 58 142 117 78 8 54 59 31 12 18 52 11 0 17 0 1161
411 32 108 23 54 27 102 136 181 168 132 96 34 21 1 20 27 2 12 9 0 1 0 1186
412 39 52 88 34 0 85 156 131 95 181 66 68 36 0 53 20 23 47 1 0 15 0 1190
413 85 54 56 15 13 66 185 98 134 149 28 42 25 1 82 10 22 13 4 0 13 0 1095
414 19 73 30 25 63 93 135 142 195 71 205 4 13 0 12 5 12 29 9 17 0 0 1152
415 99 119 74 22 19 135 163 134 102 160 84 56 5 0 41 3 24 1 20 0 24 0 1285
416 34 110 37 18 19 156 147 73 104 216 82 22 2 1 35 5 17 2 0 0 29 0 1109
417 46 93 60 8 72 37 156 75 215 201 68 30 31 1 19 12 30 24 15 19 80 0 1292
418 74 69 27 22 39 91 148 126 141 156 99 70 32 0 25 3 10 1 4 14 44 0 1195
419 74 93 44 26 43 91 139 114 154 128 80 34 50 48 6 28 2 10 17 36 52 0 1269
420 23 88 22 27 32 88 148 166 144 79 82 11 26 25 27 1 1 14 7 13 42 0 1066
421 93 131 47 33 50 50 142 143 84 226 121 60 1 1 39 26 9 0 15 40 52 0 1363
422 1 118 26 32 25 97 183 97 168 119 123 37 0 66 35 7 14 79 15 28 2 0 1272
423 37 46 84 11 31 67 135 179 170 64 110 44 6 0 16 0 13 23 1 6 0 0 1043
424 29 124 30 10 22 114 166 128 209 168 63 22 0 0 32 17 4 23 0 18 35 0 1214
425 14 97 83 45 38 168 152 135 159 217 106 38 51 0 31 2 54 0 9 30 0 0 1429
426 95 91 94 23 46 83 135 151 155 104 76 38 15 0 7 29 5 17 1 1 16 0 1182
427 37 40 47 31 49 74 96 205 125 194 55 26 9 0 30 1 0 1 15 30 28 0 1093
428 53 36 47 18 57 117 134 114 167 171 142 39 30 0 29 12 39 27 0 1 2 0 1235
429 63 90 35 36 36 96 127 119 163 128 89 25 4 6 33 13 54 9 30 1 0 0 1157
430 45 73 36 2 14 120 205 133 89 92 110 9 28 0 65 2 8 0 15 28 51 0 1125
431 16 125 70 5 55 122 145 150 135 128 61 2 26 2 33 3 42 19 2 7 0 0 1148
432 63 113 55 43 48 79 100 160 177 161 65 1 42 5 18 21 9 0 2 7 0 0 1169
433 24 75 85 40 30 50 202 108 91 153 85 13 27 0 19 11 2 0 15 18 37 0 1085
434 120 28 35 80 34 131 176 113 196 100 112 1 1 8 62 16 1 16 12 2 38 0 1282
435 47 97 13 8 11 73 113 196 147 192 113 3 7 40 53 17 6 30 0 2 1 0 1169
436 35 103 125 26 71 33 153 148 232 131 187 50 0 3 39 11 3 33 0 1 1 0 1385
437 60 99 34 27 9 117 196 154 154 199 135 74 0 0 60 16 46 13 1 5 24 0 1423
438 61 112 40 12 74 73 132 182 145 152 93 28 12 77 45 16 5 21 0 2 28 0 1310
439 49 72 43 13 59 49 124 108 114 172 90 13 18 0 39 18 33 3 27 36 11 0 1091
440 38 95 80 13 65 158 139 157 91 191 35 51 8 0 18 0 15 13 24 1 6 0 1198
441 38 145 73 15 62 82 107 128 86 210 124 72 39 9 28 0 42 16 33 0 45 0 1354
442 83 84 68 15 80 105 234 117 171 206 124 36 42 5 4 1 2 13 8 11 60 0 1469
443 71 62 51 10 75 114 158 106 115 172 100 41 35 0 26 1 29 9 7 0 24 0 1206
444 63 80 30 3 42 81 189 88 186 128 138 32 47 0 88 0 1 1 15 0 23 0 1235
445 45 137 86 30 41 130 218 137 169 116 73 53 28 0 70 0 1 0 10 26 49 0 1419
446 67 78 31 49 37 143 175 245 151 142 76 41 24 0 27 3 27 24 0 1 85 0 1426
447 45 68 84 31 36 148 99 114 202 98 92 45 51 27 24 17 19 0 9 8 26 0 1243
448 33 98 20 55 26 64 111 138 158 196 114 24 0 1 37 8 30 0 7 25 12 0 1157
449 66 42 65 15 21 72 209 125 220 190 113 83 16 18 66 34 15 3 20 7 0 0 1400
450 3 71 83 31 64 50 177 183 142 191 34 17 20 2 5 16 17 55 10 30 35 0 1236
451 9 99 51 37 20 160 95 87 129 143 131 59 1 10 76 27 32 19 0 9 38 0 1232
452 25 57 44 47 30 126 112 234 223 164 64 16 19 35 5 27 23 24 3 12 31 0 1321
453 17 131 32 7 31 78 188 92 141 106 92 43 45 36 65 20 0 29 9 11 1 0 1174
454 10 93 33 11 29 100 160 81 81 174 105 41 31 32 37 1 6 71 17 10 1 0 1124
455 9 82 107 11 7 129 62 198 162 189 99 46 15 0 43 18 14 31 1 7 16 0 1246
456 16 109 107 53 56 82 159 201 152 160 68 36 31 15 8 17 36 1 9 20 56 0 1392
457 0 55 91 25 32 107 162 95 136 163 44 71 54 0 22 7 3 0 11 4 14 0 1096
458 0 61 59 8 41 127 152 106 200 160 66 21 45 0 18 0 13 14 9 2 1 0 1103
459 97 73 79 15 38 78 204 146 230 129 117 31 2 0 16 0 5 0 14 1 39 0 1314
460 32 75 44 11 26 85 209 146 178 176 113 48 41 15 27 1 31 20 0 40 0 0 1318
461 66 80 53 16 34 55 163 128 248 95 40 24 8 0 29 0 0 1 10 30 11 0 1091
462 40 57 40 39 41 152 161 202 99 135 71 11 40 0 30 0 29 0 0 0 14 0 1161
463 113 152 31 27 12 115 123 158 266 125 35 15 0 12 37 0 31 74 3 1 0 0 1330
464 16 122 152 6 40 85 202 287 175 218 79 1 0 1 29 0 2 19 0 2 49 0 1485
465 43 84 117 8 13 65 146 145 172 175 63 1 2 25 66 28 26 18 16 0 47 0 1260
466 62 52 108 37 30 106 204 130 125 156 50 7 0 47 44 1 19 50 9 22 46 0 1305
467 69 123 76 32 92 103 83 122 114 183 87 94 9 0 76 14 14 22 0 13 51 0 1377
468 79 83 28 19 60 55 250 158 99 127 73 27 19 0 19 0 19 40 18 1 29 0 1203
469 14 19 59 15 47 114 124 146 144 113 64 32 52 17 27 1 6 3 28 12 18 0 1055
470 51 114 62 28 46 118 194 150 242 192 136 39 13 1 24 15 1 6 15 45 27 0 1519
471 71 76 88 49 59 148 179 132 213 132 44 25 56 18 21 26 13 2 22 3 1 0 1378
472 41 39 29 31 38 29 155 114 175 203 93 75 76 0 38 23 1 12 15 1 22 0 1210
473 98 72 34 31 34 85 117 161 194 214 154 40 0 13 32 1 6 27 11 20 1 0 1345
474 52 64 67 5 69 79 115 241 269 130 119 31 3 37 28 1 29 35 1 6 17 0 1398
475 38 56 71 12 13 143 188 172 118 98 39 24 1 10 36 22 14 16 12 9 9 0 1101
476 67 96 90 22 46 128 134 88 137 110 75 22 1 26 48 9 21 4 33 8 16 0 1181
477 25 103 93 2 43 76 138 90 168 120 76 29 39 28 19 0 21 18 1 1 0 0 1090
478 32 91 47 16 74 92 184 208 141 145 85 22 4 43 57 7 16 2 8 25 23 0 1322
479 29 100 76 38 42 93 177 154 161 157 39 6 3 3 35 16 23 0 11 8 15 0 1186
480 16 99 90 27 34 57 211 115 169 162 67 65 31 16 51 16 10 1 13 18 23 0 1291
481 1 91 93 21 11 152 191 121 216 106 105 92 77 0 64 17 12 20 1 7 1 0 1399
482 15 110 90 59 3 117 160 119 228 236 87 16 43 0 48 37 21 1 3 3 19 0 1415
483 19 78 65 52 59 70 138 171 81 132 67 35 4 0 63 1 39 19 28 0 0 0 1121
484 6 75 44 55 90 98 134 188 190 172 84 54 60 11 57 0 13 48 19 0 2 0 1400
485 7 110 46 18 50 81 249 168 85 127 94 21 2 20 1 0 13 13 5 1 16 0 1127
486 43 76 32 40 47 118 177 145 150 188 60 18 24 0 35 1 18 71 11 0 23 0 1277
487 69 104 8 24 63 137 211 219 157 210 67 52 62 2 50 0 30 10 17 1 2 0 1495
488 53 81 41 38 37 144 144 200 150 168 71 53 29 23 35 0 10 34 14 1 14 0 1340
489 12 59 60 28 23 82 151 157 152 310 110 71 29 80 38 3 15 9 1 0 26 0 1416
490 38 61 32 30 23 92 147 141 215 229 64 62 16 32 10 15 10 31 14 9 0 0 1271
491 57 81 41 37 45 91 186 171 201 159 74 4 34 1 3 16 8 15 5 1 17 0 1247
492 77 101 53 44 46 100 166 118 146 107 20 19 57 1 14 9 37 1 9 26 3 0 1154
493 61 75 87 24 52 88 195 204 168 99 197 15 42 0 40 1 9 37 26 18 104 0 1542
494 47 92 48 26 33 49 178 103 133 167 99 12 0 0 36 13 32 13 2 0 107 0 1190
495 54 157 79 28 26 142 165 164 190 98 106 0 36 5 44 39 14 34 9 9 7 0 1406
496 57 51 54 8 80 70 140 128 222 198 130 1 2 43 22 0 3 31 0 20 114 0 1374
497 74 172 61 11 36 73 225 136 100 149 25 1 16 0 43 10 43 16 1 18 0 0 1210
498 59 94 100 31 17 134 161 131 185 179 111 45 14 28 46 9 2 62 0 0 18 0 1426
499 68 76 107 40 28 99 103 124 168 139 82 16 11 1 33 17 22 0 23 9 11 0 