0 278 585 102 79 189 96 132 490 247 305 469 371 601 501 15 190 221 548 98 198 2295 52087 
1 275 656 248 76 192 170 259 544 334 321 571 374 606 494 14 193 219 546 93 198 2304 51175 
2 273 828 321 81 188 263 356 613 452 484 659 377 602 481 8 198 218 541 95 207 2294 50233 
3 275 965 399 80 190 339 435 674 489 539 824 391 619 475 7 204 219 520 96 228 2304 49332 
4 282 1133 474 83 194 469 506 776 624 663 927 387 626 462 17 203 214 496 117 227 2324 48191 
5 283 1254 573 83 199 548 647 855 680 757 1029 384 645 439 15 205 227 478 125 229 2353 47407 
6 276 1317 603 87 202 617 664 896 702 789 1115 388 650 453 17 206 234 487 117 223 2376 48120 
7 279 1344 655 82 207 636 687 958 741 824 1131 381 651 449 19 206 228 472 119 251 2377 48785 
8 289 1386 685 82 203 656 712 1025 789 847 1159 385 655 457 19 206 230 461 123 307 2311 49360 
9 297 1435 741 85 220 677 749 1065 766 915 1199 395 657 460 20 211 236 436 124 355 2245 49939 
10 285 1505 814 85 230 677 796 1091 809 951 1204 397 637 460 35 211 246 430 130 377 2195 50410 
11 278 1540 869 81 232 708 823 1174 818 968 1246 392 633 467 38 214 258 422 127 447 2099 51008 
12 279 1612 883 82 229 731 857 1194 842 1038 1280 374 648 465 38 213 261 406 137 460 2120 51595 
13 285 1643 920 81 230 771 871 1197 835 1050 1341 372 658 471 41 214 271 395 122 470 2139 52405 
14 289 1663 948 80 233 798 926 1214 850 1085 1341 357 653 490 45 215 271 399 123 478 2163 52855 
15 299 1699 1086 77 238 911 1026 1376 906 1121 1503 364 670 497 44 230 255 415 112 479 2164 51630 
16 300 1805 1142 76 241 1147 1115 1474 998 1266 1614 369 668 475 44 233 250 427 113 491 2185 50315 
17 283 1864 1236 77 238 1346 1185 1605 1060 1467 1706 370 674 463 52 235 256 428 111 491 2212 49163 
18 283 1970 1360 77 257 1488 1261 1734 1272 1504 1808 374 678 458 48 234 257 430 107 476 2228 48162 
19 294 2070 1523 76 292 1554 1330 1898 1310 1535 1930 382 695 441 49 236 265 436 107 499 2215 47239 
20 298 2104 1530 74 294 1551 1340 1934 1360 1557 1991 385 694 438 47 240 280 441 105 497 2219 47797 
21 290 2231 1601 75 301 1620 1358 1981 1376 1588 2025 386 689 438 46 238 286 431 108 521 2218 48181 
22 291 2274 1623 77 306 1675 1405 2027 1395 1603 2093 394 714 414 45 231 287 437 109 557 2219 48607 
23 291 2275 1652 78 329 1658 1354 2067 1407 1567 2072 397 727 419 61 234 312 444 109 586 2213 49441 
24 291 2326 1674 80 347 1628 1351 2176 1431 1554 2049 420 710 436 62 239 308 442 119 599 2239 50175 
25 292 2375 1731 71 352 1659 1335 2229 1462 1538 2073 424 722 431 66 237 328 436 126 601 2269 50897 
26 313 2479 1746 66 386 1611 1338 2336 1461 1530 2058 418 718 454 66 237 338 433 122 606 2289 51343 
27 315 2521 1757 68 402 1624 1363 2363 1457 1527 2034 430 744 459 71 236 370 437 128 611 2292 51931 
28 361 2447 1819 65 417 1618 1375 2430 1460 1617 2053 433 712 474 88 235 375 443 127 602 2307 52576 
29 404 2501 1948 66 441 1631 1466 2634 1559 1744 2246 441 723 491 100 241 375 442 125 603 2324 51229 
30 433 2620 2055 66 445 1817 1528 2847 1702 1848 2293 458 718 484 129 237 373 448 132 640 2319 50038 
31 464 2577 2187 64 440 1884 1649 3075 1836 2080 2432 464 733 494 139 225 379 447 130 637 2376 48922 
32 504 2678 2206 65 501 1978 1821 3130 1921 2209 2493 469 749 461 159 232 432 448 132 650 2368 47973 
33 525 2755 2320 78 503 2092 1929 3235 2030 2370 2559 515 736 449 184 234 442 445 132 703 2357 46717 
34 533 2715 2280 86 522 2120 1883 3197 2053 2474 2520 526 750 429 211 232 473 455 131 742 2337 47284 
35 610 2658 2257 88 517 2123 1889 3224 2030 2517 2498 540 757 436 212 238 490 450 141 726 2391 47958 
36 620 2644 2245 106 556 2101 1920 3196 2063 2570 2496 554 764 439 219 232 531 444 145 780 2296 48645 
37 646 2601 2301 110 562 2157 1924 3186 2105 2576 2494 569 766 440 226 233 562 436 144 817 2231 49146 
38 685 2608 2334 134 583 2184 1972 3124 2148 2577 2445 622 776 445 260 233 650 437 141 892 2121 49614 
39 721 2603 2363 146 591 2136 1986 3113 2149 2588 2428 671 773 446 259 239 663 429 148 879 2121 50332 
40 756 2576 2315 151 585 2166 2073 3095 2197 2593 2387 683 775 451 262 246 675 402 159 868 2159 51052 
41 794 2600 2330 164 619 2148 2067 3062 2221 2539 2397 698 774 456 276 250 686 410 164 817 2223 51700 
42 805 2621 2318 162 658 2133 2102 3042 2241 2545 2356 734 774 463 293 254 713 417 167 813 2252 52350 
43 847 2640 2323 161 686 2111 2139 3066 2229 2575 2388 721 782 466 310 255 751 410 171 793 2263 52981 
44 860 2707 2381 169 683 2252 2317 3172 2258 2682 2381 737 787 471 315 261 757 421 172 799 2306 51985 
45 901 2795 2425 170 696 2352 2362 3254 2386 2826 2441 738 786 460 321 267 764 428 172 823 2324 50806 
46 927 2882 2421 175 733 2489 2471 3424 2578 2952 2477 760 805 467 320 277 760 433 169 813 2338 49529 
47 923 2962 2559 180 726 2554 2511 3587 2659 2971 2539 793 820 480 317 278 790 424 169 772 2395 48591 
48 950 2993 2672 184 757 2675 2645 3756 2778 3073 2645 813 821 490 315 275 807 425 169 800 2361 47367 
49 967 2992 2645 184 818 2657 2582 3768 2732 3086 2697 838 831 492 319 271 834 428 165 826 2324 48104 
50 979 2919 2699 176 802 2667 2668 3681 2728 3101 2711 842 838 500 318 267 887 433 164 893 2229 48826 
51 1008 2899 2754 157 811 2692 2654 3604 2708 3082 2701 864 833 489 336 266 928 437 163 899 2204 49508 
52 1070 2852 2726 158 834 2729 2648 3610 2740 3032 2732 878 838 494 364 269 953 438 175 912 2179 50128 
53 1078 2870 2758 165 859 2700 2689 3568 2775 3019 2708 900 840 485 425 275 989 446 174 932 2125 50836 
54 1131 2819 2766 160 874 2669 2702 3562 2794 3030 2670 936 865 463 461 283 1018 448 177 952 2146 51545 
55 1160 2811 2796 149 878 2698 2706 3501 2867 3023 2690 961 891 439 476 272 1051 469 172 931 2156 52277 
56 1165 2805 2827 155 889 2699 2700 3522 2862 3033 2641 974 884 452 479 272 1081 464 177 888 2216 52965 
57 1181 2930 2932 157 882 2829 2830 3630 3000 3126 2699 1003 892 445 483 274 1112 455 180 872 2264 51637 
58 1204 2969 3035 154 899 2951 2976 3703 3196 3109 2742 1017 903 455 510 269 1120 448 172 851 2272 50613 
59 1219 3034 3092 157 951 2953 3131 3795 3351 3177 2879 1026 899 449 531 263 1139 415 202 812 2311 49430 
60 1223 3129 3134 158 971 3048 3184 3981 3479 3250 2922 1017 882 472 547 263 1185 404 205 802 2325 48456 
61 1238 3222 3251 187 983 3149 3239 4073 3525 3333 2895 1026 854 472 558 270 1211 403 213 814 2326 47695 
62 1248 3330 3422 186 1032 3214 3287 4158 3598 3452 2975 1041 808 491 572 281 1239 403 216 795 2348 46583 
63 1275 3321 3354 193 1083 3150 3312 4113 3595 3485 3012 1052 819 492 581 286 1271 403 222 763 2395 47123 
64 1321 3297 3381 200 1126 3130 3287 4137 3591 3570 2962 1090 823 490 590 291 1296 413 223 869 2284 47682 
65 1350 3333 3345 214 1159 3128 3359 4170 3526 3592 2950 1144 821 500 573 301 1296 412 222 941 2158 48291 
66 1373 3263 3313 239 1206 3108 3351 4158 3477 3644 2832 1201 836 496 596 308 1337 421 225 937 2100 49033 
67 1363 3253 3322 240 1244 3119 3374 4190 3440 3725 2772 1220 847 475 622 311 1350 435 212 907 2169 49708 
68 1384 3212 3294 245 1306 3074 3366 4213 3402 3700 2771 1258 857 476 618 312 1384 441 207 908 2150 50373 
69 1461 3082 3309 244 1345 3110 3363 4284 3399 3703 2756 1280 875 472 628 337 1383 440 209 878 2180 50938 
70 1474 3026 3291 257 1387 3093 3357 4288 3369 3735 2695 1312 876 478 646 338 1394 444 215 876 2182 51662 
71 1486 3002 3265 260 1446 3049 3271 4324 3348 3708 2697 1314 879 469 663 353 1406 450 220 858 2180 52277 
72 1555 3019 3297 268 1488 3020 3281 4379 3345 3705 2664 1337 887 456 659 350 1395 440 210 865 2152 52814 
73 1563 3033 3336 268 1534 3218 3488 4568 3403 3733 2669 1349 906 441 691 356 1448 407 229 852 2172 51549 
74 1608 3090 3391 288 1560 3341 3598 4719 3479 3761 2728 1384 943 437 703 357 1466 389 232 833 2190 50406 
75 1665 3061 3545 290 1590 3477 3692 4895 3568 3788 2736 1421 914 434 711 369 1505 397 232 808 2225 49299 
76 1697 3175 3617 289 1647 3594 3753 5120 3720 3823 2720 1457 904 425 726 366 1544 403 237 815 2219 48130 
77 1749 3181 3728 302 1697 3568 3885 5199 3838 3903 2668 1513 886 425 753 366 1569 405 241 769 2251 47233 
78 1806 3126 3715 297 1738 3620 3905 5221 3806 3865 2669 1543 860 428 754 373 1605 408 237 771 2256 47903 
79 1837 3158 3740 317 1778 3596 3994 5209 3777 3896 2698 1572 852 421 766 379 1630 415 234 781 2268 48407 
80 1882 3113 3775 324 1837 3603 4004 5201 3859 3904 2706 1575 829 438 798 382 1659 421 237 789 2303 49026 
81 1906 3101 3793 330 1885 3660 3963 5198 3874 3919 2747 1603 838 438 803 377 1705 427 232 803 2298 49661 
82 1930 3103 3802 337 1921 3640 3963 5265 3883 3875 2800 1625 854 433 808 360 1721 424 232 809 2320 50341 
83 1952 3066 3815 343 1968 3711 3932 5197 3905 3828 2844 1653 866 448 817 339 1773 416 267 811 2336 51065 
84 1982 3045 3782 339 1998 3743 4006 5107 3965 3767 2884 1651 878 455 829 362 1781 423 271 824 2337 51710 
85 2036 3072 3754 345 2034 3783 3990 5113 3973 3764 2861 1646 894 463 856 372 1726 425 291 811 2356 52405 
86 2056 3198 3817 356 2063 4008 4172 5114 4054 3760 2988 1679 900 479 881 360 1733 434 293 814 2358 51190 
87 2076 3273 3916 349 2146 4113 4208 5370 4149 3860 3018 1678 924 473 917 364 1705 434 306 841 2367 50155 
88 2104 3354 4111 355 2170 4171 4279 5586 4255 3929 3018 1728 924 494 944 377 1683 455 323 863 2392 49021 
89 2117 3435 4324 352 2206 4302 4414 5695 4327 4017 3088 1707 941 470 956 390 1665 453 348 928 2294 47862 
90 2146 3437 4414 370 2294 4405 4615 5835 4458 4094 3100 1714 955 448 946 390 1610 480 369 964 2182 46727 
91 2219 3413 4412 365 2317 4413 4693 5729 4484 4078 3117 1730 938 443 1008 388 1640 491 366 971 2135 47363 
92 2248 3411 4389 369 2358 4466 4716 5644 4543 4000 3140 1743 895 470 1027 393 1710 493 358 935 2175 48023 
93 2240 3468 4373 388 2440 4432 4772 5542 4593 3979 3103 1767 894 472 1053 402 1757 499 371 889 2220 48679 
94 2253 3479 4319 393 2487 4525 4681 5448 4656 3946 3156 1780 866 486 1058 414 1814 508 356 866 2219 49400 
95 2279 3472 4386 383 2542 4503 4674 5520 4591 3901 3134 1815 838 511 1114 419 1833 517 378 838 2251 49972 
96 2357 3442 4393 391 2599 4609 4586 5600 4583 3867 3102 1854 863 505 1132 436 1894 521 383 842 2252 50455 
97 2387 3430 4317 409 2661 4714 4519 5510 4514 3916 3070 1894 873 487 1156 461 1948 533 383 864 2252 51256 
98 2411 3431 4279 436 2713 4736 4566 5502 4460 3969 3053 1980 871 478 1151 466 1956 542 395 875 2255 51933 
99 2452 3344 4232 466 2670 4797 4583 5429 4439 3960 3014 2015 888 478 1152 488 1929 544 417 865 2250 52663 
100 2533 3453 4368 488 2560 4926 4748 5495 4618 4039 3046 2097 895 472 1165 477 1896 577 417 873 2253 51159 
101 2538 3504 4402 513 2552 5062 4805 5600 4769 4103 3181 2132 896 457 1186 488 1853 594 428 863 2264 50116 
102 2570 3598 4618 529 2543 5130 4875 5668 4916 4278 3159 2123 894 450 1214 503 1854 606 419 873 2266 49109 
103 2626 3724 4670 560 2483 5202 5053 5731 5030 4385 3231 2149 925 443 1242 503 1799 612 436 841 2286 47948 
104 2673 3756 4688 597 2434 5358 5151 5906 5130 4467 3246 2195 941 436 1259 492 1763 613 434 851 2296 46954 
105 2744 3694 4710 628 2342 5357 5170 5931 5123 4415 3250 2249 952 432 1262 498 1804 673 423 843 2309 47632 
106 2796 3703 4704 661 2366 5449 5130 5983 5101 4357 3270 2265 971 443 1286 508 1839 672 408 853 2316 48332 
107 2874 3684 4808 658 2419 5395 5185 6062 5134 4334 3206 2285 977 448 1300 520 1866 718 367 854 2333 48895 
108 2905 3694 4836 670 2463 5416 5192 6052 5102 4365 3229 2311 983 442 1311 530 1945 680 352 853 2348 49543 
109 2976 3668 4851 692 2553 5386 5187 5955 5159 4387 3265 2323 956 441 1359 520 2004 689 340 838 2403 50290 
110 3033 3615 4807 727 2665 5444 5173 5898 5191 4413 3326 2350 950 438 1351 545 2004 728 324 904 2270 50911 
111 3061 3615 4795 747 2752 5462 5164 5862 5180 4439 3279 2398 924 446 1388 556 1970 754 340 861 2231 51582 
112 3113 3597 4809 779 2740 5405 5174 5886 5148 4433 3248 2416 920 430 1401 558 1992 756 346 903 2169 52281 
113 3181 3596 4889 810 2739 5473 5313 6061 5187 4442 3266 2441 925 423 1458 558 1948 782 346 879 2172 51093 
114 3207 3629 5078 795 2752 5590 5363 6238 5227 4482 3327 2474 897 437 1498 559 1901 807 355 901 2100 49797 
115 3318 3673 5147 813 2742 5741 5473 6461 5270 4583 3397 2498 882 442 1530 559 1824 842 372 877 2127 48536 
116 3314 3763 5232 819 2689 5816 5655 6538 5361 4662 3594 2554 847 447 1555 560 1846 849 387 867 2133 47415 
117 3102 3978 5256 827 2651 5799 5539 6552 5297 4702 3685 2589 855 448 1573 560 1902 864 393 849 2173 48142 
118 3078 4024 5214 863 2635 5889 5514 6613 5207 4733 3674 2669 876 450 1581 560 1930 867 406 802 2224 48758 
119 3031 4073 5169 880 2574 5933 5529 6629 5156 4705 3745 2717 886 456 1618 587 2025 884 423 769 2255 49365 
120 3023 4025 5166 883 2555 5943 5508 6584 5188 4678 3755 2738 917 450 1662 602 2013 917 411 771 2278 50016 
121 2981 4077 5131 905 2486 6004 5440 6652 5156 4688 3748 2781 925 458 1684 614 2031 881 413 766 2305 50695 
122 2948 4129 5187 947 2434 5900 5428 6693 5122 4673 3729 2829 936 465 1710 620 2015 902 406 779 2310 51488 
123 3011 4043 5226 974 2400 5889 5394 6689 5157 4580 3759 2834 943 469 1734 635 2014 894 411 756 2308 52182 
124 3075 4043 5205 976 2516 5886 5452 6587 5134 4567 3741 2904 952 481 1766 649 2001 906 401 759 2326 52881 
125 3136 4130 5324 997 2591 5996 5688 6701 5148 4641 3711 2953 977 467 1808 656 2002 892 408 775 2348 51839 
126 3180 4118 5462 1015 2676 6067 5827 6868 5137 4869 3769 3012 977 475 1825 669 1971 882 420 766 2356 50568 
127 3266 4061 5581 988 2706 6124 5960 6943 5209 4946 3830 3035 984 470 1859 680 1950 863 456 792 2375 49720 
128 3217 4243 5697 1012 2797 6127 6111 7072 5266 5010 3834 3134 976 472 1861 680 1939 895 496 817 2357 48556 
129 3156 4239 5864 1055 2754 6174 6229 7147 5251 5060 3854 3146 991 459 1899 697 1958 919 507 807 2405 47778 
130 3130 4330 6053 1086 2752 6301 6262 7193 5343 5128 3853 3184 1008 466 1957 694 1968 940 519 880 2300 46741 
131 3153 4329 6054 1095 2740 6301 6218 7318 5339 5073 3919 3237 1016 469 1975 699 1932 963 508 915 2254 47517 
132 3154 4349 6040 1123 2763 6315 6203 7286 5360 5007 4014 3325 1000 468 2002 712 1949 965 521 923 2212 48135 
133 3111 4336 6014 1138 2799 6281 6177 7238 5332 4986 4001 3360 990 466 2019 765 1911 1012 523 896 2195 48850 
134 3093 4330 6048 1174 2749 6244 6160 7211 5399 4997 3979 3379 1000 467 2035 774 1996 991 510 886 2196 49528 
135 3103 4363 6071 1172 2781 6284 6128 7182 5451 4948 3906 3432 1018 476 2107 777 2082 956 515 955 2101 50108 
136 3078 4413 6070 1182 2761 6227 6120 7162 5510 5075 3810 3468 1023 476 2118 804 2133 915 508 957 2103 50861 
137 3052 4386 6152 1192 2724 6164 6096 7207 5459 5069 3854 3548 1029 480 2144 831 2131 895 506 944 2131 51527 
138 3065 4346 6121 1234 2708 6088 6084 7246 5427 5073 3910 3490 1051 480 2189 866 2094 901 494 947 2185 52287 
139 3146 4324 6114 1274 2672 6259 6194 7452 5527 5188 3951 3407 1085 454 2245 896 2111 898 482 943 2201 51034 
140 3200 4391 6135 1351 2641 6503 6203 7514 5573 5212 4078 3317 1109 464 2314 912 2140 924 494 919 2193 49749 
141 3279 4399 6251 1391 2596 6578 6244 7728 5632 5205 4196 3235 1123 474 2352 949 2133 936 502 889 2227 48741 
142 3359 4446 6370 1475 2581 6694 6323 7834 5765 5270 4220 3147 1132 474 2430 954 2109 952 498 878 2247 47781 
143 3287 4601 6390 1513 2581 6760 6486 8045 5831 5318 4174 3212 1141 481 2496 933 2099 970 515 867 2265 46906 
144 3275 4577 6337 1526 2621 6668 6511 8073 5798 5246 4194 3287 1150 479 2515 902 2082 1019 496 853 2296 47656 
145 3215 4592 6403 1481 2603 6724 6497 8131 5669 5227 4206 3355 1126 491 2530 916 2048 1023 520 871 2304 48284 
146 3175 4585 6361 1464 2544 6710 6455 8101 5624 5263 4180 3427 1060 520 2567 928 2012 1035 542 850 2313 49000 
147 3145 4499 6327 1469 2683 6596 6490 8163 5631 5274 4154 3482 1036 522 2640 942 1970 1067 569 838 2332 49582 
148 3145 4557 6296 1472 2790 6587 6492 8182 5645 5243 4163 3493 1031 511 2705 959 1976 1076 592 825 2340 50175 
149 3165 4505 6398 1412 2849 6439 6428 8134 5742 5209 4200 3425 1012 518 2784 969 1961 1090 604 812 2334 50867 
150 3107 4597 6323 1415 2965 6341 6503 8206 5661 5159 4216 3372 1028 513 2851 1013 1930 1109 617 814 2363 51561 
151 3078 4589 6289 1403 3000 6330 6511 8215 5620 5138 4166 3311 1038 511 2965 999 1977 1118 648 827 2357 52147 
152 3105 4569 6339 1384 2982 6393 6426 8140 5605 5257 4161 3297 1053 495 3023 1003 2046 1131 655 817 2370 52844 
153 3059 4636 6437 1407 3020 6360 6535 8292 5709 5343 4318 3221 1137 455 3079 993 2089 1138 656 791 2389 51717 
154 2923 4706 6532 1465 2989 6402 6518 8493 5736 5415 4319 3203 1154 451 3136 1013 2113 1153 668 867 2301 50652 
155 2968 4705 6591 1473 3005 6683 6560 8589 5887 5465 4454 3151 1212 402 3215 1036 2171 1108 722 912 2254 49263 
156 3038 4758 6549 1523 2998 6733 6696 8720 5879 5433 4574 3175 1223 410 3224 1041 2198 1071 732 888 2192 48329 
157 3101 4800 6614 1545 3005 6807 6724 8855 5954 5472 4725 3228 1176 426 3349 1048 2166 1040 752 881 2148 47374 
158 3166 4778 6546 1550 3005 6770 6810 8812 5977 5411 4618 3355 1149 425 3384 1055 2161 1064 758 898 2075 47997 
159 3232 4713 6519 1528 2972 6847 6776 8874 5964 5454 4608 3419 1117 441 3456 1071 2126 1090 758 860 2109 48667 
160 3293 4641 6473 1540 2879 6913 6755 9008 5887 5470 4626 3465 1124 443 3504 1074 2119 1130 757 855 2129 49402 
161 3325 4581 6619 1524 2827 6782 6868 8988 5858 5518 4610 3506 1095 452 3607 1088 2066 1128 774 823 2185 50225 
162 3385 4595 6617 1476 2841 6780 6892 8933 5792 5565 4540 3558 1115 467 3667 1110 2101 1143 781 837 2193 50845 
163 3459 4560 6533 1470 2829 6758 6937 9002 5801 5537 4520 3535 1131 472 3754 1139 2059 1158 770 805 2248 51663 
164 3446 4493 6566 1445 2829 6748 6984 8982 5840 5617 4565 3519 1149 484 3833 1139 2051 1183 762 806 2253 52344 
165 3367 4629 6656 1440 2830 6842 6966 9133 5822 5714 4567 3473 1186 489 3950 1182 2020 1207 744 778 2298 51101 
166 3311 4714 6720 1472 2836 6977 7022 9181 5941 5765 4644 3448 1218 501 4042 1170 2059 1162 766 803 2314 49891 
167 3309 4790 6837 1423 2840 7068 7181 9376 5894 5872 4793 3391 1253 489 3951 1226 2080 1140 733 805 2342 48587 
168 3251 4935 6855 1408 2867 7288 7172 9474 5922 5989 4872 3369 1308 430 3896 1263 2106 1146 728 810 2368 47533 
169 3256 4899 6822 1426 2832 7335 7092 9552 5802 6046 4923 3375 1289 431 3785 1285 2082 1137 721 826 2370 48236 
170 3271 4968 6798 1440 2731 7440 7020 9561 5772 6045 4896 3372 1314 439 3701 1320 2142 1133 757 892 2322 48965 
171 3262 4939 6759 1493 2680 7548 7025 9467 5762 5987 4957 3362 1315 460 3626 1368 2151 1114 791 877 2323 49534 
172 3236 4921 6742 1477 2704 7582 7057 9417 5799 5959 4987 3269 1327 479 3600 1417 2149 1079 787 844 2358 50244 
173 3196 4928 6676 1448 2782 7577 7016 9351 5907 5878 5037 3319 1356 480 3516 1442 2160 1081 780 851 2383 50949 
174 3124 5004 6687 1436 2804 7616 7055 9365 5939 5838 4998 3359 1378 469 3597 1442 2168 1051 806 837 2368 51598 
175 3162 4970 6772 1464 2818 7593 7008 9329 5987 5850 4944 3397 1404 470 3700 1448 2171 1089 789 865 2393 52326 
176 3169 5033 6786 1404 2784 7784 6975 9509 6035 6065 4972 3446 1427 476 3758 1469 2192 1128 784 928 2286 51140 
177 3129 5111 6793 1432 2852 7766 7045 9615 6072 6158 5137 3514 1476 474 3802 1503 2144 1125 810 966 2196 50000 
178 3073 5214 6772 1507 2760 7938 7196 9734 6180 6300 5199 3579 1514 455 3888 1539 2080 1176 825 984 2136 48929 
179 2984 5334 6722 1550 2742 7919 7317 9839 6232 6354 5281 3645 1480 479 3972 1549 2073 1163 817 967 2171 48050 
180 3108 5262 6793 1542 2763 7881 7498 9852 6391 6468 5257 3541 1434 473 4172 1595 2056 1141 803 942 2201 47143 
181 3147 5271 6744 1527 2769 7850 7515 9826 6447 6459 5286 3530 1365 482 4148 1636 2096 1122 828 942 2218 47866 
182 3225 5160 6703 1514 2727 7887 7441 9853 6464 6396 5324 3584 1290 509 4005 1723 2062 1104 843 944 2267 48486 
183 3318 5053 6627 1514 2755 7873 7453 9734 6437 6393 5362 3524 1291 509 3990 1764 2103 1100 831 934 2300 49144 
184 3405 5054 6617 1498 2775 7882 7501 9644 6370 6415 5418 3420 1289 500 3963 1825 2131 1079 820 925 2328 49937 
185 3511 4979 6549 1471 2827 7880 7498 9540 6401 6385 5393 3383 1309 479 4005 1800 2177 1087 779 909 2331 50633 
186 3443 5083 6482 1499 2864 7827 7446 9508 6375 6382 5392 3301 1346 477 3935 1899 2180 1126 757 892 2383 51245 
187 3393 5097 6533 1460 2857 7839 7465 9465 6290 6344 5313 3388 1362 474 3961 1936 2135 1162 726 897 2322 51934 
188 3322 5097 6604 1422 2892 7887 7484 9368 6242 6300 5333 3484 1389 466 3877 1978 2151 1194 723 888 2338 52505 
189 3262 5106 6623 1466 2864 7916 7596 9520 6295 6407 5357 3561 1393 459 3899 1939 2123 1234 718 905 2310 51320 
190 3268 5144 6682 1477 2923 8046 7630 9573 6366 6451 5484 3659 1406 453 3834 1857 2102 1239 793 999 2201 50143 
191 3284 5280 6713 1510 2878 8194 7812 9538 6430 6487 5685 3710 1429 447 3814 1854 2096 1244 833 1013 2161 49069 
192 3290 5293 6831 1539 2839 8230 7935 9643 6371 6622 5772 3700 1423 453 3812 1823 2107 1222 833 1037 2125 48121 
193 3307 5217 6950 1545 2880 8392 7990 9674 6473 6696 5801 3702 1472 435 3840 1803 2080 1242 820 1035 2139 47141 
194 3342 5226 6930 1565 2894 8484 7913 9736 6448 6744 5774 3775 1501 430 3708 1810 2052 1232 813 1024 2135 47780 
195 3300 5226 6967 1585 2885 8367 7895 9710 6526 6665 5786 3696 1532 439 3741 1823 2060 1204 791 1010 2182 48578 
196 3290 5181 6844 1643 2883 8355 8048 9628 6532 6653 5808 3643 1567 439 3687 1895 2037 1159 823 993 2203 49105 
197 3302 5168 6868 1602 2829 8430 8066 9607 6515 6652 5821 3525 1586 441 3679 1921 2050 1127 835 983 2226 49742 
198 3272 5142 6928 1549 2859 8386 8107 9730 6620 6540 5959 3414 1605 448 3760 1938 2045 1136 857 972 2246 50255 
199 3200 5133 7131 1541 2860 8352 8114 9691 6606 6458 6087 3313 1622 447 3879 1985 2044 1169 837 915 2285 50865 
200 3167 5150 7129 1534 2862 8278 8083 9740 6610 6345 6162 3321 1643 444 4016 2058 1987 1204 830 896 2317 51514 
201 3133 5203 7077 1522 2848 8277 7997 9803 6583 6271 6219 3394 1636 446 4114 2015 2063 1236 808 914 2332 52043 
202 3224 5115 7030 1479 2859 8368 7962 9811 6492 6272 6103 3468 1650 465 4091 1992 2124 1254 798 937 2305 52767 
203 3321 5147 7188 1448 2825 8421 8215 9888 6513 6341 6153 3536 1705 464 4019 1948 2211 1254 795 956 2316 51615 
204 3377 5164 7320 1472 2839 8603 8351 9780 6556 6420 6125 3592 1714 458 4081 1909 2279 1254 818 981 2325 50531 
205 3459 5111 7480 1473 2880 8577 8467 9843 6600 6540 6065 3655 1736 451 4061 1889 2266 1273 814 972 2381 49505 
206 3559 5048 7493 1528 2908 8720 8497 9949 6659 6711 6084 3706 1759 465 4082 1823 2224 1289 830 1037 2289 48401 
207 3513 5080 7536 1597 2901 8832 8503 10111 6646 6735 6160 3748 1804 470 4009 1869 2202 1324 817 1105 2229 47462 
208 3468 5026 7597 1574 2964 8832 8548 9925 6588 6782 6141 3798 1857 470 3975 1978 2242 1291 816 1101 2201 48077 
209 3419 5013 7485 1550 3002 8832 8519 9905 6667 6783 6099 3909 1881 476 3890 2042 2224 1263 836 1095 2163 48825 
210 3390 4975 7504 1541 3008 8924 8452 9832 6679 6708 6091 3800 1932 475 3889 2126 2253 1258 814 1123 2087 49585 
211 3312 4991 7428 1544 3023 8922 8463 9805 6635 6764 6073 3685 1992 480 3883 2080 2285 1231 825 1078 2141 50278 
212 3320 5001 7442 1527 3052 8867 8483 9799 6633 6728 6037 3675 1979 491 3881 2054 2289 1244 790 1079 2156 50895 
213 3306 5048 7430 1491 3076 8985 8488 9619 6630 6734 6016 3610 1952 522 3849 2054 2357 1200 800 1080 2162 51596 
214 3198 5122 7414 1522 3138 8862 8501 9591 6669 6630 5999 3594 1963 519 3844 2015 2307 1222 815 1114 2171 52212 
215 3315 5124 7424 1517 3142 8815 8459 9553 6572 6693 5951 3599 1899 543 3834 2039 2280 1240 839 1112 2208 52993 
216 3395 5194 7494 1489 3125 8946 8525 9636 6615 6707 6141 3474 1907 567 3846 1994 2297 1260 839 1099 2192 51924 
217 3510 5246 7647 1429 3117 9135 8589 9625 6691 6665 6441 3429 1842 584 3835 1973 2327 1268 827 1057 2219 50677 
218 3602 5186 7820 1445 3092 9206 8684 9654 6764 6584 6593 3542 1846 579 3824 1949 2330 1275 821 1049 2232 49675 
219 3655 5256 7972 1471 3045 9183 8860 9785 6838 6823 6582 3673 1862 573 3835 1919 2315 1296 813 1032 2261 48673 
220 3571 5357 8015 1513 3048 9213 8963 9797 6998 6887 6698 3772 1860 572 3840 1903 2292 1335 812 1027 2276 47643 
221 3513 5425 8128 1566 3001 9235 9123 9830 7071 6937 6812 3829 1920 571 3790 1967 2408 1331 752 1039 2283 46709 
222 3436 5412 8149 1621 3035 9215 9074 9773 7127 6886 6750 3999 1974 571 3689 2035 2413 1335 794 964 2330 47253 
223 3446 5371 8242 1595 3007 9156 9115 9765 7059 6868 6729 3946 2001 571 3698 2082 2403 1359 829 1001 2303 47904 
224 3382 5417 8193 1587 3017 9135 9079 9740 7048 6981 6735 3947 2016 582 3658 2137 2365 1359 851 998 2316 48507 
225 3335 5495 8168 1593 3042 9065 9112 9747 6985 6904 6703 3838 2055 584 3639 2180 2368 1423 829 1011 2342 49083 
226 3493 5336 8272 1561 3074 9061 9022 9783 6949 6923 6643 3792 2115 586 3595 2201 2311 1430 844 1058 2350 49745 
227 3580 5307 8343 1537 3026 9082 8929 9900 6973 6805 6658 3724 2159 594 3716 2246 2269 1404 855 1046 2345 50238 
228 3641 5274 8410 1529 3053 9198 8949 9791 6953 6834 6642 3624 2179 602 3821 2222 2285 1401 830 1013 2355 50841 
229 3776 5200 8340 1515 3080 9230 8874 9826 6973 6766 6667 3707 2130 607 3970 2175 2294 1394 847 1000 2390 51439 
230 3653 5296 8316 1496 3092 9214 8809 9845 6938 6728 6622 3772 2126 624 4057 2154 2294 1370 820 964 2378 52091 
231 3662 5218 8298 1533 3058 9324 8789 9725 6919 6720 6624 3908 2079 626 4149 2082 2306 1368 846 986 2312 52763 
232 3571 5266 8348 1555 3091 9494 8852 9845 6921 6882 6738 4000 2048 579 4167 2027 2344 1305 852 1025 2224 51505 
233 3464 5402 8549 1622 3023 9507 8958 9918 6919 7014 6846 4117 1962 607 4095 1991 2354 1295 881 1058 2149 50393 
234 3455 5451 8588 1659 3044 9660 9225 9895 6958 7113 6899 4041 2025 581 3970 2131 2336 1337 855 1131 2083 49124 
235 3435 5413 8711 1711 3060 9868 9260 10108 6868 7174 7097 3936 2098 559 3953 2202 2326 1349 851 1082 2123 47982 
236 3483 5369 8798 1689 3003 9899 9557 10015 6924 7339 7094 3907 2177 550 3900 2247 2351 1376 856 1017 2160 46871 
237 3460 5335 8758 1694 2981 9821 9535 9872 7068 7180 7107 3821 2213 539 3849 2271 2396 1382 846 1023 2188 47494 
238 3362 5390 8688 1662 2976 9849 9458 9866 7042 7224 7032 3781 2290 545 3826 2279 2368 1388 863 1014 2191 47981 
239 3443 5384 8638 1681 2941 9917 9282 9956 7021 7209 6986 3744 2289 556 3833 2201 2384 1397 863 1005 2224 48717 
240 3472 5370 8725 1709 2916 9868 9252 9950 6962 7207 6998 3761 2212 567 3862 2108 2430 1404 853 1009 2215 49285 
241 3522 5346 8710 1665 2994 9787 9334 10016 6836 7121 6966 3808 2191 575 3840 2087 2408 1423 856 984 2269 49957 
242 3559 5384 8625 1675 3006 9761 9390 9918 6899 7112 6886 3870 2154 579 3893 2073 2392 1480 849 1009 2269 50687 
243 3641 5346 8548 1661 3067 9757 9409 9924 6920 7041 6866 3826 2126 604 3878 2047 2360 1459 856 1044 2279 51479 
244 3713 5347 8591 1645 3066 9663 9321 9764 7087 7073 6839 3825 2132 604 3833 2112 2375 1433 833 1067 2304 52309 
245 3792 5280 8680 1684 3057 9766 9452 9771 7097 7194 6890 3803 2141 616 3806 2195 2385 1410 825 1097 2301 51399 
246 3896 5369 8737 1640 3021 9986 9576 9825 7260 7234 6959 3781 2146 613 3715 2289 2389 1413 796 1102 2307 50245 
247 3852 5345 8750 1677 2987 10100 9604 9903 7311 7380 6940 3756 2086 604 3741 2330 2435 1382 779 1131 2300 49527 
248 3851 5417 8728 1703 2998 10192 9774 10139 7260 7412 6986 3723 1997 612 3739 2297 2461 1359 772 1160 2329 48602 
249 3834 5426 8811 1758 3007 10301 9915 10107 7419 7627 7044 3728 1972 618 3737 2251 2495 1334 797 1167 2325 47260 
250 3877 5540 8832 1728 2947 10344 9994 10202 7355 7749 7181 3671 2040 625 3679 2262 2486 1300 775 1186 2356 46292 
251 3879 5518 8794 1692 2950 10252 10145 10113 7334 7781 7303 3563 2082 598 3688 2256 2456 1313 780 1190 2380 47032 
252 3924 5412 8763 1653 2967 10332 10074 10076 7369 7824 7199 3539 2124 588 3642 2259 2414 1354 776 1193 2396 47719 
253 3838 5465 8756 1648 2889 10337 10120 9968 7354 7856 7113 3565 2176 576 3623 2246 2444 1358 780 1247 2335 48274 
254 3828 5455 8683 1648 2896 10335 9982 9912 7529 7860 7147 3476 2217 565 3626 2245 2405 1388 806 1226 2315 48827 
255 3820 5485 8658 1618 2827 10346 9884 9864 7438 7850 7089 3536 2328 535 3589 2261 2424 1420 787 1214 2258 49491 
256 3749 5487 8692 1643 2763 10206 9812 9799 7467 7750 7087 3671 2305 549 3690 2211 2435 1448 784 1215 2211 50309 
257 3693 5538 8629 1673 2853 10119 9739 9823 7384 7699 7041 3780 2280 543 3718 2194 2421 1449 777 1223 2172 50978 
258 3659 5573 8583 1678 2942 10074 9814 9748 7363 7674 7049 3886 2211 560 3821 2162 2440 1469 764 1144 2224 51657 
259 3632 5565 8641 1690 3056 9994 9712 9847 7319 7619 7039 4042 2149 555 3856 2162 2488 1428 781 1146 2242 52244 
260 3591 5598 8674 1738 3043 10105 9691 9844 7362 7571 7088 3934 2113 545 3973 2200 2533 1402 765 1131 2248 52796 
261 3577 5624 8738 1757 2986 10091 9907 9817 7424 7721 7113 3910 2153 550 4044 2244 2529 1363 795 1083 2303 51697 
262 3619 5657 8814 1777 2968 10139 9967 9878 7461 7766 7203 3817 2200 553 3980 2332 2552 1360 795 1097 2340 50677 
263 3499 5777 8920 1769 3017 10236 10053 10117 7522 7828 7342 3711 2254 563 3974 2383 2540 1330 777 1123 2335 49439 
264 3468 5886 8845 1766 3045 10332 10286 10206 7560 7886 7437 3628 2326 563 3911 2419 2499 1343 770 1111 2364 48161 
265 3422 5956 8867 1816 3025 10474 10405 10222 7740 7997 7363 3711 2341 551 3941 2451 2508 1379 768 1125 2348 47083 
266 3507 5971 8834 1790 3021 10444 10438 10251 7714 7945 7338 3810 2383 564 3878 2456 2490 1425 772 1139 2342 47650 
267 3623 5880 8863 1807 3005 10430 10299 10169 7738 7974 7294 3884 2381 565 3867 2381 2491 1449 759 1154 2357 48341 
268 3756 5758 8755 1830 3008 10580 10249 10241 7745 7830 7271 3963 2427 565 3857 2343 2499 1460 769 1184 2365 48871 
269 3852 5767 8655 1896 2963 10583 10210 10185 7733 7786 7216 4039 2448 566 3840 2364 2576 1494 748 1199 2379 49635 
270 3873 5695 8599 1906 3055 10559 10256 10184 7738 7748 7137 4144 2470 575 3814 2307 2595 1527 761 1232 2378 50388 
271 3838 5685 8570 1889 3035 10673 10129 10211 7724 7716 7108 4194 2453 586 3784 2259 2675 1533 764 1241 2373 51134 
272 3821 5701 8611 1894 2999 10700 10045 10187 7692 7773 7040 4134 2434 603 3806 2200 2680 1549 740 1243 2375 52003 
273 3798 5671 8656 1909 3045 10669 9939 10132 7695 7778 7049 4136 2388 619 3771 2227 2687 1502 785 1205 2417 52711 
274 3790 5712 8813 1888 3100 10801 10014 10223 7750 8016 7198 4130 2357 678 3696 2300 2742 1434 810 1170 2452 51378 
275 3698 5733 8794 1899 3166 10933 10031 10259 7924 8196 7244 4156 2286 710 3661 2344 2763 1379 867 1141 2492 50357 
276 3632 5915 8746 1932 3223 10934 10279 10463 7912 8198 7304 4078 2253 713 3727 2360 2691 1341 905 1215 2380 49311 
277 3574 5976 8940 1932 3186 11025 10395 10465 7911 8240 7422 4000 2327 719 3690 2395 2671 1350 880 1256 2337 48097 
278 3578 6011 9029 1958 3186 11141 10522 10558 7943 8372 7495 3969 2348 699 3618 2463 2669 1368 866 1245 2287 46920 
279 3531 5968 9019 1944 3173 11161 10424 10514 7886 8420 7449 3919 2391 687 3714 2489 2651 1359 875 1272 2253 47464 
280 3586 5970 9015 1896 3198 11135 10377 10508 7928 8458 7443 3850 2416 675 3853 2459 2647 1376 894 1218 2256 48030 
281 3653 5935 9032 1888 3206 11105 10265 10647 7777 8540 7396 3970 2469 643 3899 2448 2623 1390 879 1258 2158 48632 
282 3748 5877 9049 1892 3161 11012 10404 10561 7794 8475 7374 4089 2488 670 3961 2431 2637 1394 923 1207 2196 49342 
283 3868 5827 8952 1884 3183 10909 10414 10604 7807 8480 7257 4201 2387 673 4165 2381 2575 1453 882 1186 2205 49879 
284 3963 5756 8930 1913 3193 10900 10335 10573 7828 8488 7224 4238 2325 674 4143 2375 2604 1495 866 1136 2233 50572 
285 3942 5784 8831 1944 3255 10914 10299 10571 7812 8398 7219 4236 2322 675 4064 2384 2605 1513 885 1167 2252 51236 
286 3950 5776 8876 1923 3258 10832 10317 10462 7853 8315 7131 4261 2318 697 4134 2314 2614 1520 875 1170 2304 51891 
287 3951 5799 8975 1879 3296 10663 10297 10438 7930 8197 7155 4269 2232 694 4153 2358 2599 1482 883 1165 2355 52514 
288 3883 5830 9120 1873 3275 10791 10319 10641 7973 8219 7258 4247 2247 695 3990 2430 2579 1445 873 1165 2361 51327 
289 3821 5935 9178 1906 3232 10787 10415 10663 8152 8240 7307 4241 2226 735 3970 2476 2567 1423 820 1180 2371 50319 
290 3825 5960 9204 1899 3245 10885 10581 10610 8320 8279 7399 4223 2262 740 3957 2538 2532 1428 819 1192 2418 49266 
291 3780 5994 9254 1899 3221 10875 10700 10624 8389 8250 7531 4241 2281 757 3936 2617 2543 1352 848 1197 2387 48502 
292 3757 6125 9190 1933 3225 10842 10801 10652 8610 8330 7616 4216 2321 766 3895 2563 2493 1389 838 1216 2414 47409 
293 3671 6243 9180 1907 3204 10823 10782 10702 8492 8373 7464 4210 2385 749 3886 2502 2511 1401 876 1235 2424 48107 
294 3697 6221 9188 1901 3114 10902 10724 10666 8486 8337 7427 4253 2418 710 3792 2480 2549 1385 858 1246 2431 48670 
295 3671 6249 9116 1904 3108 10827 10746 10683 8411 8255 7496 4157 2556 682 3705 2474 2568 1373 858 1271 2436 49270 
296 3654 6191 9133 1890 3068 10850 10691 10731 8256 8314 7469 4123 2574 666 3874 2436 2613 1392 844 1304 2455 50003 
297 3677 6186 9071 1919 3089 10897 10581 10867 8247 8322 7470 4049 2569 628 4008 2359 2639 1400 864 1304 2524 50644 
298 3700 6112 9217 1903 3138 10777 10573 10778 8234 8309 7429 4053 2502 619 4122 2442 2674 1430 846 1370 2440 51411 
299 3612 6129 9262 1863 3111 10782 10574 10744 8269 8286 7430 4014 2467 633 4129 2500 2602 1456 845 1357 2379 52133 
300 3622 6173 9342 1857 3148 10785 10666 10740 8444 8486 7369 4033 2473 603 4065 2534 2602 1446 862 1357 2342 51230 
301 3594 6224 9551 1786 3208 10938 10711 10776 8577 8657 7293 4053 2438 612 4148 2593 2558 1473 837 1344 2304 49963 
302 3588 6235 9533 1780 3207 10902 10796 10829 8748 8638 7323 4040 2410 615 4193 2631 2543 1491 808 1348 2273 48993 
303 3552 6411 9650 1831 3154 10938 10827 10909 8667 8745 7495 4084 2367 650 4127 2666 2556 1525 807 1327 2319 47905 
304 3640 6404 9683 1868 3184 11028 10899 11024 8730 8668 7560 4072 2403 665 4064 2727 2588 1526 829 1278 2369 47007 
305 3741 6390 9630 1869 3188 11024 10847 10989 8716 8736 7580 4080 2465 674 4018 2805 2617 1544 850 1244 2387 47639 
306 3857 6327 9589 1846 3199 10967 10780 10932 8759 8576 7605 4025 2539 687 3993 2805 2631 1561 884 1242 2419 48415 
307 4071 6172 9563 1823 3300 10935 10755 10778 8753 8600 7655 4033 2599 673 3947 2754 2610 1587 930 1193 2483 49007 
308 3975 6186 9472 1855 3333 10927 10686 10777 8660 8544 7562 4046 2685 662 3963 2720 2636 1581 939 1200 2525 49760 
309 3895 6168 9410 1871 3389 10947 10584 10801 8547 8639 7579 4006 2759 651 3896 2679 2649 1563 916 1239 2559 50449 
310 3855 6156 9399 1914 3392 10824 10686 10752 8541 8594 7548 4002 2771 679 3958 2616 2685 1535 958 1282 2542 51015 
311 3807 6081 9347 1917 3425 10755 10662 10692 8585 8601 7570 3958 2806 693 3968 2589 2704 1496 959 1288 2568 51563 
312 3759 6025 9366 1906 3467 10769 10391 10782 8566 8529 7597 3999 2708 733 3903 2554 2657 1468 1044 1300 2524 52271 
313 3757 6034 9376 1908 3468 10683 10390 10647 8527 8459 7555 4033 2657 751 3878 2526 2658 1462 1053 1318 2467 52998 
314 3681 6109 9462 1906 3493 10838 10398 10803 8487 8745 7702 3967 2616 774 3797 2532 2665 1459 1038 1357 2421 51603 
315 3655 6153 9575 1933 3509 10879 10460 10923 8547 8815 7875 3999 2577 787 3887 2511 2637 1440 1043 1365 2396 50297 
316 3620 6222 9650 1922 3568 10910 10525 11061 8538 8953 7983 3987 2523 831 4021 2454 2614 1422 1065 1422 2361 49239 
317 3746 6169 9700 1888 3548 11187 10541 11348 8605 8944 8022 4016 2468 858 4078 2485 2630 1461 1048 1460 2293 48085 
318 3843 6106 9792 1902 3516 11082 10692 11281 8669 9072 7994 3982 2478 857 4176 2533 2635 1489 1043 1480 2319 47249 
319 3935 6122 9716 1887 3574 10948 10671 11214 8665 8988 8009 3934 2523 878 4243 2622 2675 1523 1002 1442 2344 47873 
320 4041 6074 9648 1909 3645 10854 10661 11192 8703 8922 8079 3869 2646 837 4207 2680 2633 1518 1005 1410 2381 48418 
321 3981 6145 9560 1887 3589 10902 10640 11126 8631 8976 8050 3980 2757 767 4107 2766 2623 1549 1002 1414 2377 49149 
322 3884 6164 9523 1862 3759 10878 10588 11090 8596 9003 7920 4089 2798 765 4019 2770 2637 1575 999 1407 2397 49843 
323 3834 6045 9503 1836 3777 10945 10517 11085 8712 8924 7864 4214 2849 764 3906 2744 2596 1600 1035 1398 2419 50361 
324 3787 6082 9397 1833 3828 10945 10539 11023 8779 8891 7829 4329 2836 778 3912 2731 2598 1531 1058 1365 2461 50954 
325 3796 6106 9406 1864 3881 10827 10606 10897 8871 8870 7787 4435 2830 797 3849 2704 2623 1506 1077 1339 2507 51587 
326 3792 6117 9406 1864 3855 10847 10465 10876 8788 8882 7651 4477 2784 825 3885 2690 2684 1516 1053 1331 2533 52271 
327 3798 6144 9210 1871 3941 10881 10379 10846 8772 8852 7639 4473 2803 850 3798 2663 2635 1479 1097 1308 2564 52917 
328 3838 6020 9310 1892 3919 10878 10527 10919 8757 8996 7694 4365 2819 826 3812 2674 2594 1482 1083 1324 2585 51917 
329 3749 6201 9282 1898 3889 11052 10619 11039 8764 9076 7829 4301 2791 809 3935 2685 2654 1439 1025 1310 2604 50542 
330 3681 6259 9314 1894 3898 11062 10688 11096 8842 9225 7924 4277 2711 830 3993 2679 2627 1478 1029 1284 2644 49447 
331 3738 6383 9379 1843 3923 11317 10690 11181 8901 9339 7956 4232 2699 847 4089 2615 2662 1500 994 1259 2680 48243 
332 3866 6360 9401 1780 3936 11303 10809 11281 8976 9458 8125 4164 2690 831 4167 2563 2665 1527 1041 1219 2739 47248 
333 4014 6249 9392 1783 4006 11266 10753 11196 9022 9474 8097 4132 2658 886 4228 2552 2693 1584 1016 1217 2696 47966 
334 4003 6265 9388 1781 4073 11231 10751 11132 9027 9419 8052 4153 2666 910 4200 2576 2654 1605 978 1335 2603 48605 
335 4027 6295 9328 1821 4071 11200 10736 11165 9016 9473 7948 4093 2688 917 4192 2589 2689 1615 978 1398 2512 49176 
336 4021 6262 9279 1866 4121 11048 10756 11024 8915 9448 7999 4103 2707 924 4113 2593 2622 1662 996 1398 2461 49905 
337 3999 6210 9208 1868 4176 11088 10577 10980 8889 9447 7979 4151 2679 943 4106 2568 2623 1686 981 1445 2371 50600 
338 3962 6162 9251 1808 4206 11142 10528 10879 8945 9437 7972 4142 2651 958 4059 2510 2663 1643 1018 1379 2420 51290 
339 3950 6140 9168 1832 4188 11249 10425 10995 8950 9286 8052 4151 2640 979 4056 2602 2663 1585 1042 1344 2454 51683 
340 3843 6274 9151 1809 4148 11320 10375 10899 9016 9236 8102 4094 2690 985 4087 2649 2686 1558 1011 1338 2468 52331 
341 3813 6327 9089 1798 4095 11389 10326 10963 8973 9215 8054 4146 2746 1003 4059 2669 2690 1543 1005 1294 2514 53068 
342 3706 6405 9171 1795 4098 11548 10411 11037 8927 9354 8262 4090 2812 1015 4018 2759 2674 1522 989 1289 2518 51582 
343 3673 6466 9247 1809 4102 11629 10452 11107 8996 9485 8251 4040 2864 1042 3996 2849 2654 1478 1007 1232 2554 50424 
344 3661 6468 9308 1831 4041 11786 10547 11158 9100 9646 8271 4145 2899 1042 4034 2780 2658 1502 1009 1273 2579 48986 
345 3666 6468 9322 1833 4043 11971 10616 11197 9136 9674 8245 4291 2951 1006 3994 2764 2670 1537 996 1303 2609 47930 
346 3645 6502 9436 1786 4017 12052 10774 11265 9214 9700 8335 4448 3026 965 3906 2750 2653 1554 983 1330 2620 46954 
347 3626 6567 9438 1832 3985 12053 10591 11121 9280 9605 8344 4576 2992 941 3875 2767 2626 1572 950 1350 2644 47669 
348 3564 6548 9389 1795 4053 12143 10552 11123 9279 9511 8412 4545 3018 902 3864 2760 2563 1589 892 1403 2672 48261 
349 3635 6513 9327 1796 4004 12184 10688 11103 9305 9532 8401 4481 3031 924 3869 2695 2588 1615 932 1403 2685 48822 
350 3748 6430 9335 1765 4024 12123 10638 11017 9379 9449 8407 4426 2963 973 3859 2671 2560 1645 952 1419 2713 49589 
351 3840 6366 9397 1768 4052 12127 10598 11094 9331 9508 8340 4431 2905 1005 3816 2626 2567 1667 968 1425 2702 50343 
352 3920 6300 9391 1756 4040 11936 10567 11115 9229 9462 8478 4377 2920 1021 3777 2633 2539 1686 992 1469 2692 51060 
353 4012 6242 9321 1750 4049 12045 10457 11089 9250 9351 8383 4304 2861 1038 3873 2629 2546 1718 983 1466 2720 51643 
354 4031 6196 9348 1729 4045 11967 10395 11086 9208 9320 8244 4283 2795 1040 3973 2525 2567 1743 992 1529 2762 52291 
355 4053 6115 9300 1745 4041 12019 10290 11088 9258 9333 8277 4259 2741 1073 3965 2577 2589 1723 962 1572 2668 52982 
356 3972 6261 9292 1732 4082 12258 10142 11192 9371 9391 8295 4293 2822 1102 3857 2635 2566 1725 949 1573 2606 51727 
357 3891 6382 9221 1756 4081 12384 10270 11408 9377 9467 8432 4248 2909 1114 3785 2713 2581 1647 1005 1545 2550 50631 
358 3848 6464 9218 1757 4148 12493 10317 11409 9453 9572 8453 4194 2943 1121 3897 2770 2620 1686 1021 1529 2497 49535 
359 3888 6359 9329 1722 4135 12669 10375 11364 9489 9769 8490 4086 2987 1132 3984 2818 2590 1650 1060 1568 2444 48574 
360 3835 6424 9475 1748 4128 12743 10429 11563 9628 9861 8476 4220 3014 1151 4045 2889 2589 1618 1036 1560 2451 47555 
361 3789 6397 9408 1763 4086 12826 10449 11393 9622 9848 8464 4341 3028 1171 4079 2939 2598 1634 1052 1516 2460 48252 
362 3743 6333 9466 1741 4079 12736 10413 11397 9687 9843 8434 4442 2973 1154 4127 2923 2590 1625 1065 1530 2487 48989 
363 3688 6355 9407 1772 4045 12733 10430 11384 9673 9765 8384 4583 2926 1132 4229 2916 2578 1607 1088 1495 2512 49688 
364 3766 6280 9508 1766 4015 12680 10446 11372 9605 9758 8387 4647 2905 1134 4168 2928 2563 1580 1086 1472 2553 50222 
365 3857 6213 9534 1777 4052 12639 10384 11285 9559 9757 8392 4633 2871 1094 4157 2997 2529 1605 1078 1438 2597 50852 
366 3951 6095 9489 1788 4081 12642 10570 11115 9460 9748 8419 4591 2865 1086 4137 3015 2492 1646 1058 1422 2656 51590 
367 4052 6050 9521 1775 4036 12570 10504 11176 9443 9745 8391 4543 2833 1120 4139 2978 2530 1664 1045 1423 2651 52261 
368 4143 5974 9537 1740 4074 12510 10484 11083 9425 9708 8396 4536 2810 1146 4106 2970 2523 1689 1055 1424 2658 52925 
369 4140 6073 9478 1773 4022 12691 10712 11006 9614 9919 8336 4498 2759 1163 4035 2997 2584 1741 1049 1464 2705 51747 
370 4111 6145 9657 1729 3990 12926 10561 10993 9602 10000 8394 4490 2838 1158 3957 2890 2614 1725 1075 1530 2730 50919 
371 4109 6194 9611 1758 4046 12974 10663 11155 9538 10091 8404 4511 2909 1186 3938 2880 2622 1715 1043 1529 2769 49927 
372 4049 6252 9574 1750 4028 13181 10737 11225 9592 10090 8468 4522 2950 1195 3870 2870 2663 1738 1047 1533 2794 49076 
373 4077 6240 9593 1764 4021 13263 10857 11398 9616 10255 8539 4517 2987 1209 3806 2815 2688 1697 1061 1617 2756 48113 
374 4047 6202 9785 1719 4046 13206 11004 11387 9805 10285 8494 4498 3083 1198 3747 2761 2732 1664 1051 1695 2743 47212 
375 4104 6129 9873 1680 4066 13068 10963 11366 9890 10260 8407 4559 3190 1167 3866 2724 2752 1629 1060 1655 2761 47849 
376 4032 6176 9841 1661 4107 12961 11050 11214 9931 10227 8397 4493 3200 1170 3983 2754 2736 1608 1092 1606 2773 48544 
377 4094 6168 9859 1655 4131 12827 11034 11183 9993 10076 8441 4463 3172 1126 4054 2845 2709 1630 1091 1581 2781 49121 
378 3996 6165 9875 1653 4154 12684 11127 11239 9932 10014 8499 4433 3127 1120 4208 2954 2678 1676 1095 1548 2789 49744 
379 3948 6266 9819 1586 4191 12659 10983 11238 9976 10035 8458 4412 3125 1083 4203 3013 2664 1695 1087 1523 2861 50374 
380 3975 6203 9795 1622 4194 12638 10765 11323 10050 9972 8517 4388 3090 1082 4164 2977 2597 1691 1101 1507 2885 50961 
381 3898 6253 9656 1665 4227 12613 10774 11286 10059 9995 8456 4402 3092 1059 4115 2944 2558 1720 1143 1501 2826 51713 
382 3826 6283 9669 1703 4202 12664 10771 11314 10006 9867 8458 4406 3020 1060 4157 2916 2565 1750 1132 1444 2818 52314 
383 3806 6240 9565 1751 4244 12668 10701 11355 9980 9876 8449 4450 2953 1084 4130 2946 2549 1825 1131 1492 2768 52909 
384 3673 6502 9432 1818 4272 12795 10657 11485 10089 9955 8475 4416 2964 1037 4161 2921 2560 1805 1165 1563 2702 51571 
385 3609 6523 9485 1778 4355 12946 10715 11552 10137 9974 8495 4372 2966 1031 4164 2908 2585 1763 1150 1621 2622 50470 
386 3684 6500 9534 1741 4314 13051 10906 11543 10333 10033 8509 4386 2884 1052 4312 2806 2605 1709 1147 1742 2495 49340 
387 3757 6463 9672 1739 4377 13094 11025 11516 10345 10026 8699 4408 2819 1052 4335 2761 2601 1669 1201 1702 2542 48304 
388 3841 6391 9829 1750 4338 13207 10952 11636 10374 10114 8762 4396 2885 1083 4304 2697 2569 1646 1202 1701 2591 47504 
389 3934 6355 9705 1733 4397 13279 11117 11662 10603 10162 8829 4393 2952 1074 4290 2752 2553 1640 1218 1711 2595 46534 
390 4121 6257 9736 1694 4426 13279 11122 11588 10561 10145 8818 4410 2991 1090 4235 2840 2506 1651 1252 1690 2608 47184 
391 4079 6308 9697 1706 4440 13199 11048 11584 10579 10145 8751 4358 3023 1076 4275 2904 2458 1713 1243 1682 2615 47986 
392 4033 6319 9651 1740 4558 13055 10964 11617 10558 10084 8711 4359 3152 1018 4238 2952 2428 1761 1234 1635 2654 48650 
393 4039 6278 9680 1707 4533 13076 10837 11619 10588 10152 8676 4348 3231 1038 4175 3029 2309 1786 1300 1633 2664 49314 
394 4028 6295 9625 1716 4565 13059 10761 11629 10458 10164 8699 4366 3194 1043 4076 3017 2323 1834 1292 1579 2707 49880 
395 4034 6281 9567 1679 4521 13152 10651 11720 10346 10156 8729 4369 3118 1057 4106 2988 2333 1778 1329 1547 2741 50526 
396 4009 6239 9612 1672 4494 12979 10718 11760 10312 10112 8784 4382 3116 1055 4046 2966 2339 1774 1296 1580 2719 51019 
397 3886 6283 9636 1696 4488 12937 10652 11646 10292 10029 8797 4369 3077 1071 4079 2916 2349 1798 1292 1647 2701 51606 
398 3909 6280 9661 1663 4471 12788 10557 11562 10143 10007 8871 4381 3068 1089 4095 2861 2377 1783 1273 1704 2703 52352 
399 3905 6230 9690 1640 4506 12947 10543 11679 10276 10055 8948 4350 3015 1102 4157 2835 2376 1759 1272 1743 2712 51312 
400 3878 6283 9787 1618 4585 12945 10752 11644 10265 10034 9094 4299 3020 1108 4205 2806 2384 1733 1298 1685 2745 50203 
401 3877 6339 9908 1580 4607 12967 10916 11594 10368 10203 9142 4219 2982 1107 4184 2777 2413 1714 1303 1690 2756 48907 
402 3856 6512 10021 1570 4631 12956 11064 11647 10475 10282 9064 4278 2918 1142 4152 2712 2425 1692 1305 1651 2811 47888 
403 3825 6585 10046 1540 4747 12943 11332 11692 10515 10421 8983 4277 2897 1176 4209 2649 2463 1720 1342 1621 2824 46865 
404 3741 6603 9952 1583 4740 12841 11421 11710 10513 10503 8966 4221 2982 1192 4199 2725 2465 1742 1339 1600 2858 47458 
405 3820 6533 10010 1624 4638 12744 11347 11707 10442 10486 8903 4297 3030 1211 4238 2761 2471 1777 1337 1569 2881 48182 
406 3937 6403 9917 1649 4635 12688 11394 11690 10370 10370 8903 4456 3039 1244 4265 2798 2436 1815 1313 1575 2903 48956 
407 4012 6372 9952 1703 4562 12735 11315 11652 10253 10420 8889 4548 3126 1268 4187 2876 2427 1844 1291 1581 2914 49569 
408 4128 6289 9881 1754 4484 12649 11315 11518 10189 10524 8856 4587 3233 1187 4151 2938 2448 1869 1284 1573 2943 50279 
409 4243 6222 9951 1775 4420 12615 11216 11456 10221 10517 8782 4682 3212 1163 4194 3011 2438 1916 1267 1612 2948 50920 
410 4151 6313 9810 1787 4366 12712 11115 11566 10162 10528 8688 4782 3158 1118 4229 3054 2471 1845 1267 1643 2940 51666 
411 4156 6228 9864 1710 4324 12585 11090 11501 10164 10576 8646 4680 3101 1132 4297 3023 2480 1817 1267 1660 2965 52419 
412 4125 6358 9908 1711 4359 12730 11065 11636 10369 10582 8776 4666 3061 1162 4278 2957 2499 1759 1303 1715 2996 50983 
413 4030 6439 9853 1725 4354 12817 11156 11708 10402 10668 8906 4706 3062 1193 4263 2846 2480 1739 1318 1785 3008 49901 
414 4036 6406 9953 1733 4281 12801 11218 11803 10457 10895 8767 4745 3024 1209 4225 2826 2484 1699 1313 1795 3064 48860 
415 3935 6435 10167 1721 4261 12877 11250 11944 10625 10875 8745 4724 2992 1202 4270 2812 2471 1733 1268 1870 3026 47636 
416 3925 6385 10221 1745 4255 12883 11310 12002 10862 10868 8702 4658 2985 1207 4323 2782 2452 1776 1243 1935 2962 46683 
417 3905 6404 10192 1743 4185 13100 11125 12055 10861 10803 8642 4641 2957 1236 4334 2757 2417 1774 1261 2009 2852 47259 
418 3818 6388 10218 1744 4193 13106 11070 12040 10836 10794 8666 4552 2906 1299 4336 2722 2431 1795 1249 2014 2809 47904 
419 3785 6367 10129 1753 4278 13035 11036 12052 10736 10744 8643 4554 2898 1251 4366 2658 2485 1816 1252 2024 2772 48486 
420 3805 6287 10101 1732 4295 12958 11035 11979 10619 10920 8550 4579 2848 1200 4365 2707 2476 1825 1240 2028 2719 49101 
421 3763 6219 10103 1722 4300 12851 11094 11907 10758 10796 8567 4484 2944 1195 4345 2786 2506 1874 1241 1993 2668 49758 
422 3920 6137 10055 1712 4374 12729 11089 11953 10671 10795 8429 4479 3089 1123 4395 2844 2560 1782 1285 1922 2703 50411 
423 3987 6148 10015 1738 4334 12784 11026 11855 10652 10870 8412 4410 3150 1150 4400 2904 2592 1738 1302 1870 2730 51011 
424 4096 6122 9999 1736 4363 12760 10959 11713 10592 10857 8403 4378 3214 1140 4429 2927 2616 1709 1330 1853 2752 51606 
425 4195 6083 9928 1708 4474 12657 11046 11693 10598 10864 8483 4376 3104 1153 4379 2941 2533 1738 1338 1805 2790 52181 
426 4103 6169 9823 1700 4461 12653 11040 11660 10576 10885 8440 4340 3103 1172 4441 2889 2502 1702 1368 1816 2853 52829 
427 4086 6245 9694 1709 4484 12691 11052 11624 10792 11005 8561 4349 3082 1191 4422 2861 2579 1714 1382 1836 2865 51543 
428 4023 6316 9865 1718 4476 12571 11210 11757 10952 11099 8564 4265 3084 1206 4462 2808 2561 1677 1418 1848 2917 50247 
429 3917 6379 9979 1676 4487 12592 11396 11837 11086 11151 8531 4211 3104 1217 4490 2752 2500 1698 1435 1837 2983 49000 
430 3870 6379 10096 1707 4570 12665 11466 11882 11260 11186 8613 4375 3079 1224 4378 2798 2483 1738 1419 1884 2920 48006 
431 3909 6357 10161 1777 4556 12640 11585 11897 11286 11184 8583 4471 3059 1248 4286 2792 2435 1789 1414 1862 2965 47125 
432 3916 6333 10117 1729 4546 12521 11624 11825 11274 11157 8571 4584 2978 1253 4350 2759 2410 1818 1416 1847 2993 47861 
433 3918 6287 10063 1714 4553 12542 11575 11784 11258 11063 8582 4664 2902 1288 4389 2767 2399 1849 1381 1854 2993 48557 
434 3817 6377 9995 1669 4671 12403 11505 11818 11134 11079 8499 4778 2986 1290 4335 2772 2428 1884 1352 1885 3021 49270 
435 3849 6330 9966 1667 4709 12474 11555 11765 11204 11009 8388 4919 3094 1256 4267 2717 2441 1866 1345 1870 3068 49980 
436 3865 6329 9848 1680 4720 12571 11507 11758 11069 11080 8255 4913 3128 1264 4296 2662 2425 1841 1353 1862 3070 50639 
437 3868 6351 9818 1673 4753 12457 11342 11720 11092 11071 8340 4879 3180 1245 4224 2644 2418 1807 1381 1872 3082 51286 
438 3891 6333 9809 1676 4700 12519 11353 11667 11096 11096 8319 4857 3246 1148 4267 2578 2441 1780 1411 1883 3076 51923 
439 3878 6346 9833 1690 4668 12447 11274 11627 11134 10972 8306 4931 3223 1162 4256 2582 2422 1777 1404 1858 3065 52791 
440 3924 6383 9893 1731 4623 12414 11445 11627 11259 11078 8355 4799 3235 1177 4327 2571 2398 1775 1405 1806 3164 51602 
441 3946 6343 10005 1731 4643 12485 11439 11595 11504 11121 8459 4711 3085 1204 4339 2663 2394 1816 1358 1862 3075 50430 
442 3894 6510 10099 1746 4608 12636 11403 11781 11595 11142 8417 4648 3065 1246 4338 2719 2421 1802 1367 1905 2994 49387 
443 3855 6598 10181 1767 4531 12699 11309 11808 11671 11283 8439 4655 2998 1259 4337 2773 2397 1814 1395 1958 2953 48378 
444 3799 6655 10235 1773 4536 12730 11282 11968 11764 11417 8394 4683 2956 1283 4336 2813 2392 1843 1352 2027 2915 47196 
445 3812 6560 10238 1812 4627 12806 11114 11931 11717 11487 8367 4735 2892 1320 4312 2897 2437 1852 1339 2000 2845 47907 
446 3809 6538 10227 1757 4705 12705 11139 11816 11747 11498 8281 4700 2905 1378 4319 2937 2453 1859 1321 2072 2757 48513 
447 3784 6551 10215 1762 4716 12608 11157 11780 11579 11606 8218 4722 2877 1351 4299 2889 2479 1901 1289 2101 2762 49138 
448 3763 6491 10247 1706 4774 12564 11188 11726 11515 11556 8135 4767 2965 1336 4258 2887 2486 1970 1296 2053 2804 49810 
449 3677 6505 10096 1740 4848 12445 11043 11756 11396 11538 8106 4724 3078 1308 4252 2757 2468 1955 1291 2073 2834 50557 
450 3710 6501 10012 1772 4814 12534 10948 11621 11414 11487 8182 4644 3093 1312 4292 2771 2441 1890 1292 2083 2838 51081 
451 3777 6381 10004 1723 4902 12437 10975 11684 11401 11485 8117 4623 3167 1298 4267 2723 2466 1873 1290 2105 2832 51762 
452 3824 6394 10023 1683 4952 12318 11062 11560 11326 11488 8062 4618 3241 1261 4273 2642 2451 1857 1397 2102 2842 52468 
453 3889 6306 10128 1692 4965 12407 11098 11681 11544 11591 8075 4652 3237 1218 4231 2597 2506 1840 1420 2079 2902 51201 
454 3991 6291 10202 1667 4950 12419 11102 11802 11687 11615 8212 4662 3235 1172 4202 2552 2593 1747 1467 2047 2973 49923 
455 4058 6313 10101 1735 5039 12402 11220 11809 11860 11587 8350 4615 3214 1194 4231 2517 2610 1706 1503 2009 2990 48775 
456 4163 6324 10129 1696 5099 12307 11296 11943 12065 11554 8360 4589 3154 1224 4266 2502 2544 1757 1526 1989 2965 47710 
457 4215 6398 10094 1685 5174 12323 11386 12165 12185 11539 8519 4528 3109 1264 4259 2521 2542 1836 1493 1983 2988 46381 
458 4283 6352 9991 1704 5254 12199 11316 12188 12097 11453 8550 4449 3042 1294 4303 2555 2483 1860 1534 1928 3086 47136 
459 4174 6388 9977 1745 5314 12151 11322 12340 11955 11523 8553 4398 3060 1320 4267 2578 2458 1909 1495 1941 3075 47897 
460 4092 6327 9990 1768 5299 12063 11230 12370 11969 11425 8429 4347 3006 1350 4417 2663 2417 1909 1521 1883 3080 48636 
461 4064 6320 9905 1779 5316 12162 11183 12461 11788 11446 8487 4255 3018 1346 4475 2724 2409 1961 1554 1851 3092 49441 
462 4056 6348 10018 1775 5336 12007 11067 12371 11901 11401 8415 4436 2982 1399 4452 2766 2381 1999 1564 1851 3124 50067 
463 4003 6365 10057 1739 5338 11946 11035 12341 11807 11452 8483 4523 3075 1365 4343 2811 2398 1921 1605 1830 3178 50663 
464 4067 6370 9866 1757 5394 12071 10991 12147 11885 11395 8344 4645 3124 1365 4361 2742 2432 1903 1623 1873 3092 51339 
465 4022 6411 9762 1758 5393 12201 10952 12118 11828 11310 8302 4799 3217 1337 4292 2693 2429 1866 1602 1898 3023 51978 
466 3953 6460 9683 1728 5406 12145 10909 12055 11821 11248 8286 4772 3307 1263 4278 2662 2421 1840 1627 1967 2951 52569 
467 3909 6561 9910 1703 5369 12294 10981 12047 11906 11411 8385 4767 3400 1277 4233 2643 2375 1861 1622 2016 2872 51422 
468 3900 6651 10012 1678 5286 12429 10985 12232 11993 11405 8451 4727 3362 1277 4284 2669 2370 1816 1631 2068 2825 50088 
469 3898 6660 10070 1731 5297 12453 11138 12228 12051 11514 8443 4732 3285 1330 4308 2675 2359 1843 1634 2069 2815 49071 
470 3923 6720 10115 1733 5267 12496 11181 12319 12135 11488 8518 4748 3233 1355 4343 2671 2373 1855 1643 2000 2854 48078 
471 3914 6833 10216 1726 5211 12434 11155 12542 12146 11529 8550 4738 3124 1390 4374 2590 2375 1847 1677 1962 2917 47184 
472 3871 6842 10171 1719 5155 12452 11203 12510 12067 11454 8524 4706 3063 1493 4400 2559 2391 1854 1631 1982 2971 47775 
473 3844 6899 10146 1693 5173 12324 11234 12468 12071 11504 8479 4611 3154 1482 4360 2578 2385 1867 1616 1961 3022 48499 
474 3795 6853 10049 1743 5162 12186 11280 12433 12033 11488 8472 4621 3246 1447 4388 2557 2385 1812 1669 1919 3080 49201 
475 3729 6843 10024 1771 5274 12059 11206 12483 11955 11479 8483 4601 3362 1420 4371 2537 2348 1826 1669 1908 3122 49933 
476 3692 6848 9996 1772 5366 11952 11198 12458 11872 11474 8343 4564 3444 1378 4411 2506 2374 1862 1653 1929 3150 50646 
477 3761 6834 9973 1815 5317 11907 11223 12482 11718 11529 8368 4576 3375 1357 4416 2519 2349 1899 1631 1964 3186 51347 
478 3847 6775 9948 1863 5192 11878 11172 12349 11801 11479 8375 4595 3406 1298 4314 2545 2399 1941 1616 1963 3199 52044 
479 3865 6719 9984 1864 5195 11877 11130 12406 11777 11382 8384 4587 3377 1270 4372 2539 2387 1975 1606 1930 3198 52667 
480 3993 6753 10015 1878 5144 12160 11214 12492 11788 11372 8523 4560 3374 1289 4246 2535 2385 2011 1603 1902 3242 51404 
481 4089 6678 10031 1897 5164 12166 11120 12701 11719 11492 8632 4569 3363 1320 4215 2470 2365 2042 1623 1910 3285 50475 
482 4171 6707 10186 1869 5147 12134 11165 12861 11593 11456 8836 4559 3312 1366 4221 2389 2394 2094 1616 1894 3330 49625 
483 4250 6760 10184 1850 5192 12330 11293 12947 11683 11461 8994 4515 3296 1374 4172 2434 2414 2085 1569 1890 3346 48388 
484 4223 6823 10177 1880 5190 12289 11415 13026 11619 11559 9089 4410 3250 1419 4150 2496 2472 2039 1547 1906 3359 47321 
485 4210 6719 10169 1910 5223 12359 11244 12955 11699 11556 9111 4396 3248 1443 4175 2554 2456 2020 1539 1923 3346 47890 
486 4183 6669 10195 1871 5205 12283 11104 12942 11670 11527 9216 4420 3228 1462 4137 2601 2495 1951 1522 1973 3357 48504 
487 4181 6665 10296 1806 5188 12251 10963 12934 11825 11319 9263 4395 3155 1452 4138 2671 2475 1993 1495 1982 3400 49129 
488 4164 6696 10289 1759 5254 12197 10932 12848 11849 11294 9280 4348 3222 1429 4091 2720 2512 1964 1498 2021 3430 49779 
489 4172 6725 10221 1746 5279 12125 10914 12744 11851 11169 9407 4309 3289 1354 4020 2721 2484 2002 1510 2057 3445 50440 
490 4127 6762 10242 1731 5303 12042 10896 12776 11774 11032 9436 4268 3315 1311 4215 2703 2574 1980 1496 2023 3490 51100 
491 4104 6710 10280 1704 5250 11992 10857 12820 11704 10984 9388 4243 3268 1354 4329 2631 2569 1965 1496 1996 3549 51765 
492 4069 6756 10344 1660 5222 11963 10854 12846 11753 10904 9375 4188 3208 1424 4481 2613 2509 1960 1488 1980 3585 52397 
493 4046 6763 10305 1677 5214 11924 10850 12728 11757 11021 9181 4404 3118 1464 4441 2600 2555 1935 1496 2041 3433 53050 
494 4012 6817 10520 1639 5157 12025 10904 12814 11866 11087 9209 4480 3176 1474 4354 2576 2557 1949 1493 2132 3314 52036 
495 4027 6813 10619 1642 5148 11938 10977 12864 11969 11367 9122 4593 3216 1482 4330 2538 2580 1908 1515 2132 3291 50763 
496 3967 6883 10677 1672 5020 11955 11106 13048 11865 11466 9217 4723 3329 1432 4318 2529 2601 1861 1513 2234 3189 49728 
497 3914 6918 10834 1693 5023 12230 11163 13178 11916 11513 9288 4824 3397 1422 4215 2513 2597 1857 1556 2192 3235 48637 
498 3905 7050 10868 1672 5112 12310 11140 13361 11845 11509 9318 4775 3478 1402 4234 2474 2662 1832 1557 2153 3289 47435 
499 3848 7098 10834 1666 5090 12184 11249 13374 11779 11484 9287 4798 3421 1404 4232 2540 2658 1896 1526 2128 3311 48071 