0 0.000 0.185 0.461 0.000 0.000 0.656 0.606 0.180 0.344 0.154 0.205 0.000 0.000 0.000 0.000 0.000 0.000 0.000 0.000 0.000 0.000 0.710 
1 0.000 0.248 0.645 0.000 0.005 0.718 0.737 0.246 0.473 0.168 0.284 0.000 0.000 0.000 0.000 0.000 0.000 0.000 0.000 0.000 0.000 0.709 
2 0.000 0.359 0.664 0.000 0.005 0.730 0.725 0.290 0.522 0.362 0.351 0.000 0.000 0.000 0.000 0.000 0.000 0.000 0.000 0.000 0.000 0.706 
3 0.000 0.415 0.672 0.000 0.005 0.735 0.722 0.326 0.524 0.388 0.425 0.015 0.000 0.000 0.000 0.000 0.000 0.000 0.000 0.000 0.000 0.708 
4 0.004 0.445 0.665 0.000 0.005 0.740 0.700 0.369 0.587 0.442 0.455 0.018 0.000 0.000 0.000 0.000 0.000 0.000 0.000 0.000 0.000 0.707 
5 0.004 0.471 0.660 0.000 0.005 0.730 0.702 0.394 0.599 0.470 0.484 0.016 0.000 0.000 0.000 0.000 0.000 0.000 0.000 0.000 0.000 0.705 
6 0.004 0.459 0.643 0.000 0.005 0.705 0.682 0.393 0.585 0.477 0.474 0.015 0.000 0.000 0.000 0.000 0.000 0.000 0.000 0.000 0.000 0.700 
7 0.004 0.452 0.627 0.000 0.010 0.678 0.664 0.410 0.578 0.473 0.462 0.018 0.000 0.000 0.000 0.000 0.000 0.000 0.000 0.000 0.000 0.698 
8 0.003 0.443 0.625 0.000 0.015 0.657 0.645 0.417 0.570 0.490 0.453 0.021 0.000 0.000 0.000 0.000 0.000 0.000 0.000 0.000 0.000 0.697 
9 0.010 0.454 0.636 0.000 0.050 0.663 0.634 0.421 0.564 0.493 0.447 0.020 0.000 0.000 0.000 0.000 0.000 0.000 0.000 0.000 0.000 0.696 
10 0.011 0.449 0.646 0.000 0.087 0.647 0.644 0.405 0.578 0.492 0.444 0.023 0.000 0.000 0.029 0.000 0.016 0.000 0.000 0.000 0.000 0.695 
11 0.007 0.449 0.635 0.000 0.086 0.643 0.657 0.414 0.561 0.488 0.445 0.026 0.000 0.000 0.026 0.000 0.016 0.000 0.000 0.000 0.000 0.695 
12 0.007 0.458 0.642 0.000 0.079 0.639 0.643 0.414 0.555 0.483 0.444 0.027 0.002 0.000 0.026 0.000 0.027 0.000 0.000 0.000 0.000 0.697 
13 0.018 0.453 0.648 0.000 0.078 0.649 0.661 0.411 0.551 0.490 0.459 0.027 0.002 0.000 0.024 0.000 0.030 0.000 0.000 0.000 0.000 0.696 
14 0.024 0.458 0.639 0.000 0.077 0.645 0.678 0.414 0.552 0.501 0.462 0.028 0.002 0.000 0.022 0.000 0.030 0.000 0.000 0.000 0.000 0.697 
15 0.027 0.480 0.666 0.000 0.080 0.674 0.690 0.465 0.583 0.507 0.482 0.027 0.001 0.000 0.023 0.000 0.031 0.000 0.000 0.000 0.000 0.699 
16 0.027 0.491 0.665 0.000 0.083 0.715 0.700 0.485 0.606 0.541 0.506 0.024 0.001 0.000 0.023 0.000 0.032 0.000 0.000 0.000 0.000 0.704 
17 0.028 0.500 0.660 0.000 0.088 0.718 0.698 0.515 0.621 0.571 0.515 0.030 0.001 0.000 0.173 0.000 0.027 0.000 0.000 0.000 0.000 0.705 
18 0.028 0.516 0.662 0.000 0.140 0.719 0.694 0.534 0.651 0.576 0.519 0.032 0.001 0.000 0.188 0.000 0.031 0.000 0.000 0.000 0.000 0.704 
19 0.031 0.531 0.676 0.000 0.209 0.714 0.714 0.547 0.649 0.580 0.530 0.034 0.001 0.000 0.184 0.000 0.026 0.000 0.000 0.000 0.000 0.704 
20 0.047 0.524 0.659 0.000 0.204 0.721 0.697 0.537 0.634 0.578 0.522 0.036 0.001 0.000 0.170 0.000 0.057 0.000 0.000 0.000 0.000 0.705 
21 0.048 0.524 0.659 0.000 0.206 0.724 0.689 0.537 0.626 0.581 0.522 0.054 0.001 0.000 0.152 0.000 0.059 0.000 0.000 0.000 0.000 0.701 
22 0.048 0.533 0.667 0.000 0.199 0.716 0.687 0.538 0.629 0.575 0.530 0.051 0.001 0.000 0.156 0.000 0.059 0.000 0.000 0.000 0.000 0.700 
23 0.052 0.529 0.668 0.000 0.210 0.712 0.683 0.536 0.625 0.577 0.539 0.053 0.001 0.000 0.246 0.000 0.103 0.000 0.000 0.000 0.000 0.697 
24 0.055 0.525 0.667 0.000 0.231 0.708 0.682 0.535 0.623 0.592 0.539 0.069 0.001 0.000 0.258 0.000 0.101 0.000 0.000 0.000 0.000 0.696 
25 0.055 0.529 0.675 0.000 0.219 0.700 0.673 0.527 0.618 0.594 0.533 0.066 0.001 0.000 0.242 0.000 0.088 0.000 0.000 0.000 0.000 0.694 
26 0.073 0.534 0.684 0.000 0.275 0.707 0.671 0.532 0.614 0.601 0.540 0.067 0.001 0.000 0.242 0.000 0.098 0.000 0.000 0.000 0.000 0.694 
27 0.070 0.533 0.697 0.015 0.281 0.713 0.679 0.537 0.623 0.610 0.525 0.107 0.003 0.000 0.282 0.000 0.127 0.000 0.000 0.000 0.000 0.692 
28 0.125 0.532 0.694 0.015 0.278 0.705 0.699 0.544 0.633 0.623 0.520 0.115 0.003 0.000 0.216 0.000 0.125 0.000 0.000 0.000 0.000 0.692 
29 0.149 0.557 0.691 0.015 0.311 0.715 0.698 0.558 0.643 0.622 0.552 0.136 0.003 0.000 0.200 0.000 0.131 0.000 0.000 0.000 0.000 0.694 
30 0.164 0.574 0.688 0.015 0.324 0.706 0.692 0.576 0.655 0.635 0.546 0.164 0.003 0.000 0.264 0.000 0.129 0.000 0.000 0.000 0.000 0.697 
31 0.194 0.578 0.684 0.016 0.325 0.720 0.695 0.588 0.668 0.643 0.551 0.162 0.003 0.000 0.281 0.000 0.129 0.000 0.000 0.000 0.000 0.697 
32 0.206 0.583 0.678 0.046 0.359 0.730 0.705 0.595 0.673 0.646 0.561 0.149 0.003 0.000 0.252 0.000 0.176 0.000 0.000 0.000 0.000 0.698 
33 0.217 0.593 0.681 0.038 0.374 0.717 0.700 0.609 0.663 0.662 0.564 0.169 0.003 0.000 0.272 0.000 0.183 0.000 0.000 0.000 0.000 0.700 
34 0.253 0.593 0.673 0.105 0.393 0.717 0.700 0.603 0.653 0.651 0.568 0.173 0.003 0.000 0.289 0.000 0.211 0.000 0.000 0.000 0.000 0.698 
35 0.280 0.591 0.667 0.159 0.385 0.702 0.694 0.599 0.638 0.640 0.569 0.165 0.003 0.000 0.283 0.000 0.224 0.000 0.000 0.000 0.000 0.696 
36 0.276 0.592 0.665 0.226 0.408 0.701 0.691 0.598 0.632 0.643 0.561 0.190 0.001 0.000 0.256 0.000 0.239 0.000 0.000 0.000 0.000 0.693 
37 0.276 0.592 0.663 0.191 0.407 0.708 0.687 0.597 0.640 0.637 0.562 0.195 0.001 0.000 0.257 0.000 0.244 0.000 0.000 0.000 0.000 0.694 
38 0.289 0.591 0.647 0.284 0.400 0.700 0.684 0.593 0.640 0.640 0.562 0.227 0.001 0.000 0.292 0.000 0.303 0.000 0.000 0.000 0.000 0.695 
39 0.282 0.587 0.654 0.281 0.409 0.693 0.686 0.587 0.645 0.634 0.560 0.244 0.001 0.000 0.313 0.000 0.315 0.000 0.000 0.000 0.000 0.696 
40 0.265 0.587 0.650 0.265 0.409 0.705 0.693 0.584 0.661 0.627 0.558 0.240 0.001 0.000 0.321 0.000 0.298 0.000 0.000 0.000 0.000 0.696 
41 0.275 0.583 0.663 0.311 0.425 0.703 0.686 0.590 0.663 0.630 0.561 0.239 0.001 0.000 0.326 0.000 0.289 0.000 0.000 0.000 0.000 0.696 
42 0.276 0.592 0.660 0.309 0.432 0.701 0.685 0.596 0.664 0.643 0.567 0.244 0.001 0.000 0.338 0.000 0.300 0.000 0.000 0.000 0.000 0.695 
43 0.300 0.583 0.657 0.304 0.437 0.703 0.685 0.599 0.666 0.645 0.568 0.237 0.001 0.000 0.361 0.000 0.310 0.000 0.000 0.000 0.000 0.695 
44 0.299 0.592 0.664 0.284 0.438 0.701 0.677 0.602 0.671 0.651 0.576 0.240 0.001 0.000 0.346 0.000 0.309 0.000 0.000 0.000 0.000 0.696 
45 0.317 0.600 0.675 0.282 0.435 0.721 0.679 0.609 0.680 0.654 0.593 0.245 0.001 0.000 0.343 0.000 0.296 0.000 0.000 0.000 0.000 0.698 
46 0.333 0.615 0.668 0.274 0.452 0.714 0.680 0.622 0.687 0.670 0.600 0.255 0.001 0.000 0.344 0.000 0.307 0.000 0.000 0.000 0.000 0.699 
47 0.333 0.622 0.673 0.283 0.466 0.711 0.678 0.627 0.684 0.673 0.606 0.265 0.001 0.000 0.353 0.000 0.305 0.000 0.000 0.000 0.000 0.701 
48 0.341 0.627 0.680 0.288 0.465 0.700 0.680 0.630 0.677 0.672 0.609 0.280 0.001 0.000 0.368 0.000 0.304 0.000 0.000 0.000 0.000 0.701 
49 0.337 0.627 0.675 0.293 0.493 0.691 0.687 0.627 0.672 0.668 0.601 0.282 0.002 0.000 0.392 0.000 0.313 0.000 0.000 0.000 0.000 0.699 
50 0.343 0.621 0.674 0.301 0.501 0.688 0.682 0.623 0.661 0.665 0.599 0.277 0.002 0.000 0.393 0.000 0.328 0.000 0.000 0.000 0.000 0.697 
51 0.356 0.616 0.666 0.274 0.507 0.693 0.677 0.623 0.653 0.670 0.586 0.270 0.002 0.000 0.417 0.000 0.336 0.000 0.000 0.000 0.000 0.697 
52 0.373 0.616 0.670 0.272 0.520 0.697 0.687 0.621 0.650 0.673 0.584 0.264 0.002 0.000 0.431 0.000 0.341 0.000 0.000 0.000 0.000 0.696 
53 0.366 0.611 0.675 0.321 0.520 0.701 0.690 0.613 0.646 0.668 0.583 0.259 0.002 0.000 0.454 0.000 0.356 0.000 0.000 0.000 0.000 0.695 
54 0.378 0.601 0.676 0.319 0.510 0.707 0.687 0.620 0.646 0.668 0.589 0.281 0.002 0.000 0.436 0.000 0.355 0.000 0.000 0.000 0.000 0.694 
55 0.376 0.593 0.668 0.309 0.513 0.702 0.693 0.619 0.649 0.664 0.589 0.278 0.002 0.000 0.429 0.018 0.345 0.000 0.000 0.000 0.000 0.694 
56 0.384 0.591 0.675 0.303 0.519 0.695 0.686 0.619 0.655 0.662 0.594 0.287 0.002 0.000 0.415 0.015 0.344 0.000 0.000 0.000 0.000 0.695 
57 0.383 0.608 0.678 0.299 0.524 0.705 0.702 0.629 0.669 0.666 0.595 0.290 0.002 0.000 0.408 0.015 0.344 0.000 0.000 0.000 0.000 0.696 
58 0.377 0.616 0.683 0.292 0.523 0.702 0.707 0.629 0.679 0.668 0.604 0.284 0.002 0.000 0.390 0.011 0.346 0.000 0.000 0.000 0.000 0.698 
59 0.370 0.628 0.689 0.287 0.519 0.695 0.709 0.633 0.690 0.665 0.612 0.290 0.002 0.000 0.382 0.011 0.342 0.000 0.000 0.000 0.000 0.699 
60 0.366 0.634 0.690 0.297 0.518 0.698 0.700 0.642 0.693 0.671 0.612 0.287 0.002 0.000 0.397 0.011 0.349 0.000 0.000 0.000 0.000 0.698 
61 0.375 0.634 0.684 0.348 0.524 0.693 0.700 0.641 0.689 0.671 0.615 0.282 0.002 0.000 0.403 0.011 0.361 0.000 0.000 0.000 0.000 0.699 
62 0.368 0.636 0.684 0.333 0.527 0.690 0.700 0.639 0.686 0.673 0.615 0.280 0.002 0.000 0.409 0.021 0.362 0.000 0.000 0.000 0.000 0.697 
63 0.369 0.638 0.672 0.326 0.531 0.691 0.692 0.637 0.676 0.673 0.620 0.279 0.002 0.000 0.406 0.024 0.376 0.000 0.000 0.000 0.000 0.695 
64 0.363 0.625 0.673 0.330 0.518 0.689 0.694 0.637 0.673 0.675 0.621 0.284 0.002 0.000 0.402 0.045 0.371 0.000 0.000 0.000 0.000 0.694 
65 0.369 0.625 0.664 0.336 0.507 0.684 0.697 0.639 0.668 0.669 0.620 0.293 0.002 0.000 0.417 0.040 0.365 0.000 0.000 0.000 0.000 0.691 
66 0.377 0.620 0.653 0.381 0.524 0.692 0.689 0.629 0.664 0.666 0.615 0.313 0.001 0.000 0.443 0.036 0.372 0.000 0.000 0.000 0.000 0.692 
67 0.384 0.618 0.654 0.396 0.519 0.699 0.687 0.626 0.668 0.668 0.614 0.318 0.001 0.000 0.455 0.035 0.373 0.000 0.000 0.000 0.000 0.691 
68 0.382 0.620 0.671 0.380 0.525 0.694 0.683 0.632 0.670 0.670 0.620 0.316 0.001 0.000 0.460 0.035 0.368 0.000 0.000 0.000 0.000 0.691 
69 0.387 0.617 0.669 0.381 0.523 0.698 0.681 0.637 0.666 0.674 0.624 0.318 0.001 0.000 0.463 0.033 0.364 0.000 0.000 0.000 0.000 0.693 
70 0.393 0.619 0.668 0.397 0.524 0.705 0.688 0.634 0.673 0.677 0.623 0.328 0.001 0.000 0.475 0.030 0.359 0.000 0.000 0.000 0.000 0.693 
71 0.400 0.622 0.674 0.385 0.539 0.706 0.692 0.631 0.681 0.682 0.628 0.325 0.001 0.000 0.472 0.028 0.366 0.000 0.000 0.000 0.000 0.694 
72 0.408 0.618 0.678 0.373 0.552 0.710 0.694 0.636 0.692 0.680 0.630 0.317 0.003 0.000 0.478 0.026 0.367 0.000 0.000 0.000 0.000 0.696 
73 0.415 0.623 0.674 0.369 0.551 0.718 0.695 0.643 0.695 0.673 0.632 0.314 0.003 0.000 0.475 0.028 0.376 0.000 0.000 0.000 0.000 0.700 
74 0.414 0.630 0.683 0.403 0.548 0.725 0.697 0.645 0.700 0.669 0.625 0.309 0.003 0.000 0.452 0.025 0.374 0.000 0.000 0.000 0.000 0.702 
75 0.420 0.625 0.674 0.397 0.542 0.731 0.692 0.660 0.701 0.681 0.630 0.306 0.003 0.000 0.456 0.024 0.383 0.000 0.000 0.000 0.000 0.704 
76 0.421 0.638 0.679 0.398 0.546 0.725 0.692 0.669 0.698 0.682 0.635 0.307 0.003 0.000 0.444 0.025 0.381 0.000 0.000 0.000 0.000 0.705 
77 0.426 0.633 0.683 0.407 0.547 0.714 0.698 0.667 0.696 0.688 0.636 0.307 0.003 0.000 0.442 0.025 0.385 0.000 0.000 0.000 0.000 0.707 
78 0.428 0.632 0.681 0.418 0.540 0.714 0.697 0.659 0.687 0.688 0.637 0.310 0.005 0.000 0.434 0.021 0.383 0.000 0.000 0.000 0.000 0.705 
79 0.422 0.640 0.674 0.429 0.542 0.704 0.694 0.656 0.680 0.681 0.639 0.307 0.005 0.000 0.431 0.021 0.385 0.000 0.000 0.000 0.000 0.702 
80 0.416 0.635 0.673 0.426 0.544 0.702 0.690 0.653 0.668 0.677 0.640 0.300 0.011 0.000 0.432 0.021 0.383 0.000 0.000 0.000 0.000 0.700 
81 0.416 0.634 0.667 0.415 0.544 0.697 0.683 0.653 0.663 0.673 0.633 0.309 0.011 0.000 0.432 0.024 0.385 0.000 0.000 0.000 0.000 0.698 
82 0.420 0.627 0.666 0.433 0.540 0.696 0.684 0.655 0.651 0.671 0.631 0.314 0.011 0.000 0.428 0.025 0.392 0.000 0.000 0.000 0.000 0.695 
83 0.416 0.626 0.671 0.431 0.542 0.690 0.689 0.649 0.652 0.666 0.634 0.316 0.009 0.000 0.430 0.027 0.394 0.000 0.041 0.000 0.000 0.695 
84 0.423 0.626 0.676 0.440 0.541 0.684 0.688 0.649 0.661 0.667 0.629 0.315 0.009 0.000 0.433 0.058 0.399 0.000 0.041 0.000 0.000 0.694 
85 0.428 0.627 0.678 0.461 0.547 0.684 0.691 0.652 0.663 0.662 0.627 0.326 0.009 0.000 0.433 0.065 0.403 0.000 0.072 0.000 0.000 0.692 
86 0.425 0.631 0.690 0.455 0.539 0.694 0.698 0.653 0.677 0.668 0.629 0.329 0.009 0.000 0.448 0.058 0.410 0.000 0.072 0.000 0.000 0.694 
87 0.432 0.634 0.690 0.444 0.546 0.699 0.695 0.659 0.680 0.683 0.631 0.331 0.009 0.000 0.448 0.058 0.409 0.000 0.062 0.000 0.000 0.697 
88 0.439 0.633 0.694 0.439 0.556 0.702 0.697 0.662 0.684 0.687 0.627 0.337 0.008 0.000 0.443 0.056 0.411 0.018 0.068 0.000 0.000 0.697 
89 0.439 0.644 0.699 0.429 0.558 0.697 0.703 0.668 0.689 0.692 0.630 0.344 0.007 0.000 0.437 0.056 0.416 0.018 0.080 0.000 0.000 0.697 
90 0.432 0.644 0.706 0.457 0.560 0.697 0.706 0.669 0.685 0.689 0.634 0.348 0.007 0.000 0.440 0.062 0.412 0.035 0.084 0.000 0.000 0.698 
91 0.434 0.634 0.703 0.463 0.563 0.696 0.693 0.663 0.680 0.684 0.638 0.349 0.007 0.000 0.447 0.059 0.426 0.049 0.079 0.000 0.000 0.695 
92 0.439 0.637 0.696 0.463 0.559 0.695 0.691 0.654 0.682 0.681 0.630 0.341 0.008 0.000 0.443 0.066 0.438 0.051 0.081 0.000 0.000 0.693 
93 0.445 0.632 0.691 0.466 0.560 0.692 0.689 0.651 0.679 0.678 0.638 0.346 0.008 0.000 0.445 0.060 0.443 0.048 0.084 0.000 0.000 0.692 
94 0.440 0.633 0.687 0.471 0.560 0.695 0.695 0.647 0.675 0.673 0.636 0.348 0.009 0.000 0.441 0.056 0.442 0.047 0.081 0.000 0.000 0.691 
95 0.451 0.630 0.685 0.475 0.559 0.700 0.693 0.645 0.669 0.679 0.634 0.345 0.010 0.000 0.446 0.053 0.438 0.046 0.090 0.000 0.000 0.692 
96 0.451 0.629 0.688 0.465 0.558 0.700 0.691 0.646 0.672 0.676 0.634 0.346 0.012 0.000 0.436 0.048 0.442 0.048 0.089 0.000 0.000 0.693 
97 0.455 0.629 0.685 0.474 0.560 0.699 0.687 0.653 0.681 0.673 0.634 0.339 0.010 0.000 0.428 0.065 0.446 0.045 0.097 0.000 0.000 0.694 
98 0.453 0.627 0.676 0.489 0.555 0.705 0.695 0.656 0.679 0.677 0.645 0.333 0.010 0.000 0.439 0.079 0.443 0.044 0.099 0.000 0.000 0.693 
99 0.446 0.629 0.678 0.506 0.553 0.706 0.695 0.661 0.680 0.680 0.644 0.330 0.011 0.000 0.435 0.098 0.454 0.044 0.096 0.000 0.000 0.695 
100 0.450 0.649 0.683 0.502 0.552 0.708 0.700 0.666 0.686 0.686 0.647 0.332 0.011 0.000 0.445 0.105 0.453 0.055 0.094 0.000 0.000 0.695 
101 0.448 0.656 0.679 0.489 0.551 0.711 0.701 0.669 0.694 0.687 0.654 0.330 0.009 0.000 0.453 0.105 0.459 0.069 0.091 0.000 0.000 0.698 
102 0.442 0.652 0.682 0.474 0.557 0.707 0.699 0.673 0.698 0.684 0.667 0.331 0.008 0.000 0.451 0.109 0.456 0.078 0.093 0.000 0.000 0.698 
103 0.442 0.664 0.678 0.473 0.558 0.708 0.707 0.680 0.696 0.685 0.670 0.328 0.014 0.000 0.448 0.107 0.457 0.087 0.110 0.000 0.000 0.698 
104 0.446 0.662 0.674 0.491 0.555 0.713 0.709 0.679 0.689 0.686 0.668 0.328 0.013 0.000 0.451 0.108 0.459 0.088 0.111 0.000 0.000 0.701 
105 0.443 0.656 0.679 0.476 0.554 0.704 0.702 0.666 0.687 0.689 0.658 0.333 0.013 0.000 0.456 0.114 0.467 0.100 0.080 0.000 0.000 0.699 
106 0.438 0.654 0.678 0.470 0.555 0.699 0.694 0.664 0.684 0.683 0.655 0.328 0.013 0.000 0.455 0.112 0.465 0.091 0.078 0.000 0.000 0.696 
107 0.454 0.645 0.678 0.468 0.557 0.694 0.685 0.661 0.681 0.679 0.661 0.333 0.013 0.000 0.450 0.110 0.465 0.093 0.071 0.000 0.000 0.694 
108 0.457 0.643 0.678 0.478 0.565 0.694 0.680 0.660 0.676 0.685 0.661 0.331 0.013 0.000 0.451 0.106 0.454 0.084 0.065 0.000 0.000 0.693 
109 0.462 0.643 0.670 0.484 0.565 0.694 0.680 0.660 0.670 0.683 0.653 0.337 0.012 0.000 0.440 0.115 0.456 0.083 0.059 0.000 0.000 0.692 
110 0.464 0.642 0.670 0.491 0.565 0.688 0.685 0.662 0.676 0.681 0.648 0.343 0.012 0.000 0.439 0.119 0.462 0.091 0.052 0.000 0.000 0.691 
111 0.459 0.644 0.674 0.487 0.566 0.690 0.683 0.659 0.674 0.676 0.640 0.349 0.011 0.000 0.434 0.113 0.465 0.095 0.050 0.000 0.000 0.691 
112 0.464 0.640 0.672 0.483 0.561 0.690 0.681 0.662 0.673 0.674 0.641 0.348 0.012 0.000 0.437 0.111 0.451 0.103 0.049 0.000 0.000 0.691 
113 0.466 0.649 0.677 0.509 0.561 0.694 0.690 0.666 0.679 0.683 0.648 0.351 0.012 0.000 0.442 0.113 0.457 0.107 0.078 0.000 0.000 0.692 
114 0.467 0.656 0.683 0.513 0.568 0.696 0.692 0.675 0.684 0.683 0.642 0.348 0.011 0.000 0.447 0.114 0.467 0.104 0.076 0.000 0.000 0.694 
115 0.462 0.658 0.682 0.514 0.570 0.699 0.701 0.677 0.682 0.680 0.647 0.346 0.012 0.000 0.437 0.118 0.472 0.120 0.102 0.000 0.000 0.697 
116 0.464 0.661 0.683 0.523 0.568 0.698 0.701 0.677 0.680 0.678 0.656 0.346 0.012 0.000 0.439 0.116 0.471 0.117 0.093 0.000 0.000 0.698 
117 0.462 0.655 0.682 0.531 0.560 0.705 0.694 0.681 0.675 0.674 0.658 0.341 0.013 0.000 0.450 0.118 0.463 0.122 0.094 0.000 0.000 0.697 
118 0.464 0.648 0.682 0.540 0.556 0.705 0.692 0.683 0.673 0.684 0.655 0.341 0.013 0.000 0.447 0.123 0.463 0.122 0.081 0.000 0.000 0.695 
119 0.470 0.644 0.679 0.565 0.552 0.703 0.688 0.683 0.675 0.682 0.652 0.340 0.012 0.000 0.450 0.121 0.467 0.123 0.080 0.000 0.000 0.694 
120 0.475 0.641 0.681 0.564 0.550 0.698 0.685 0.675 0.674 0.678 0.644 0.339 0.019 0.000 0.447 0.135 0.467 0.124 0.083 0.000 0.000 0.695 
121 0.478 0.632 0.682 0.561 0.557 0.693 0.685 0.674 0.673 0.673 0.649 0.339 0.019 0.000 0.444 0.137 0.471 0.124 0.075 0.000 0.000 0.695 
122 0.484 0.627 0.678 0.555 0.560 0.691 0.688 0.668 0.675 0.676 0.642 0.339 0.020 0.000 0.442 0.137 0.474 0.123 0.076 0.000 0.000 0.694 
123 0.483 0.629 0.680 0.564 0.561 0.689 0.688 0.669 0.679 0.676 0.652 0.336 0.019 0.000 0.442 0.132 0.485 0.129 0.083 0.000 0.000 0.695 
124 0.475 0.634 0.679 0.556 0.560 0.686 0.686 0.666 0.684 0.681 0.654 0.335 0.016 0.000 0.440 0.125 0.488 0.138 0.080 0.000 0.000 0.693 
125 0.477 0.644 0.685 0.550 0.562 0.690 0.693 0.668 0.687 0.680 0.643 0.338 0.015 0.000 0.446 0.127 0.493 0.139 0.078 0.000 0.000 0.695 
126 0.477 0.648 0.681 0.555 0.567 0.697 0.698 0.669 0.689 0.684 0.645 0.342 0.015 0.000 0.452 0.124 0.493 0.141 0.110 0.000 0.000 0.697 
127 0.472 0.646 0.677 0.535 0.571 0.698 0.700 0.674 0.684 0.684 0.656 0.345 0.015 0.000 0.446 0.125 0.487 0.146 0.118 0.000 0.000 0.699 
128 0.469 0.645 0.677 0.537 0.577 0.704 0.700 0.672 0.689 0.689 0.657 0.345 0.015 0.000 0.451 0.118 0.496 0.141 0.127 0.000 0.000 0.701 
129 0.471 0.647 0.680 0.541 0.578 0.705 0.706 0.673 0.689 0.688 0.658 0.341 0.021 0.000 0.449 0.121 0.494 0.137 0.118 0.000 0.000 0.704 
130 0.471 0.644 0.674 0.540 0.584 0.704 0.704 0.673 0.692 0.687 0.656 0.349 0.026 0.000 0.446 0.127 0.490 0.150 0.135 0.000 0.000 0.703 
131 0.471 0.641 0.671 0.542 0.597 0.701 0.699 0.674 0.688 0.681 0.656 0.348 0.028 0.000 0.444 0.137 0.493 0.148 0.132 0.000 0.000 0.700 
132 0.474 0.638 0.662 0.549 0.602 0.696 0.700 0.676 0.681 0.679 0.655 0.343 0.027 0.000 0.442 0.147 0.500 0.152 0.123 0.000 0.000 0.695 
133 0.482 0.637 0.668 0.540 0.607 0.698 0.691 0.678 0.676 0.673 0.657 0.349 0.028 0.000 0.442 0.182 0.500 0.156 0.122 0.000 0.000 0.692 
134 0.487 0.640 0.660 0.564 0.604 0.700 0.690 0.678 0.677 0.676 0.649 0.352 0.028 0.000 0.447 0.178 0.502 0.153 0.116 0.000 0.000 0.693 
135 0.487 0.641 0.657 0.564 0.602 0.700 0.687 0.674 0.674 0.681 0.650 0.354 0.028 0.000 0.448 0.178 0.498 0.156 0.113 0.000 0.000 0.692 
136 0.496 0.635 0.656 0.568 0.603 0.695 0.691 0.679 0.670 0.680 0.647 0.356 0.029 0.000 0.442 0.185 0.492 0.165 0.116 0.000 0.000 0.691 
137 0.491 0.636 0.660 0.571 0.595 0.700 0.693 0.676 0.666 0.683 0.645 0.350 0.029 0.000 0.445 0.177 0.495 0.163 0.123 0.000 0.000 0.692 
138 0.501 0.633 0.662 0.567 0.592 0.700 0.696 0.679 0.667 0.686 0.646 0.346 0.029 0.000 0.443 0.178 0.507 0.165 0.115 0.001 0.000 0.691 
139 0.500 0.639 0.665 0.579 0.590 0.703 0.699 0.684 0.672 0.689 0.642 0.348 0.033 0.000 0.442 0.189 0.505 0.166 0.118 0.001 0.000 0.693 
140 0.493 0.646 0.666 0.582 0.597 0.698 0.700 0.683 0.676 0.690 0.648 0.352 0.033 0.000 0.435 0.186 0.512 0.183 0.134 0.001 0.000 0.697 
141 0.494 0.645 0.671 0.571 0.597 0.699 0.698 0.684 0.680 0.691 0.654 0.355 0.035 0.000 0.437 0.185 0.515 0.186 0.131 0.001 0.000 0.699 
142 0.490 0.652 0.674 0.573 0.596 0.695 0.699 0.686 0.685 0.691 0.656 0.356 0.036 0.000 0.436 0.182 0.520 0.175 0.131 0.001 0.000 0.700 
143 0.486 0.652 0.674 0.566 0.602 0.689 0.699 0.684 0.686 0.696 0.648 0.356 0.037 0.000 0.443 0.177 0.512 0.174 0.142 0.001 0.000 0.701 
144 0.489 0.643 0.676 0.558 0.604 0.688 0.694 0.679 0.690 0.690 0.644 0.357 0.037 0.000 0.444 0.172 0.500 0.183 0.167 0.002 0.000 0.700 
145 0.496 0.639 0.672 0.554 0.607 0.689 0.692 0.674 0.693 0.685 0.649 0.351 0.036 0.000 0.450 0.163 0.504 0.177 0.187 0.002 0.000 0.697 
146 0.492 0.646 0.668 0.553 0.601 0.690 0.695 0.680 0.689 0.686 0.645 0.345 0.039 0.000 0.452 0.156 0.500 0.179 0.197 0.002 0.000 0.696 
147 0.491 0.646 0.667 0.556 0.604 0.686 0.695 0.677 0.688 0.685 0.647 0.344 0.036 0.000 0.455 0.157 0.504 0.184 0.211 0.002 0.000 0.694 
148 0.491 0.643 0.664 0.559 0.611 0.686 0.696 0.681 0.685 0.686 0.645 0.345 0.032 0.000 0.454 0.158 0.507 0.181 0.215 0.002 0.000 0.693 
149 0.497 0.635 0.673 0.556 0.611 0.692 0.694 0.681 0.683 0.681 0.646 0.343 0.030 0.000 0.448 0.157 0.510 0.185 0.209 0.002 0.000 0.693 
150 0.498 0.637 0.674 0.561 0.607 0.692 0.691 0.677 0.679 0.677 0.644 0.345 0.037 0.000 0.447 0.163 0.506 0.188 0.209 0.002 0.000 0.695 
151 0.503 0.634 0.677 0.564 0.610 0.694 0.695 0.673 0.684 0.688 0.639 0.342 0.039 0.000 0.449 0.165 0.513 0.194 0.211 0.002 0.000 0.694 
152 0.503 0.635 0.677 0.575 0.609 0.698 0.698 0.673 0.682 0.690 0.638 0.345 0.039 0.000 0.445 0.166 0.513 0.191 0.209 0.002 0.000 0.694 
153 0.494 0.638 0.673 0.572 0.610 0.703 0.700 0.670 0.686 0.696 0.640 0.354 0.043 0.000 0.440 0.166 0.508 0.193 0.212 0.003 0.000 0.695 
154 0.495 0.639 0.673 0.565 0.607 0.707 0.700 0.675 0.691 0.693 0.636 0.353 0.040 0.000 0.445 0.174 0.510 0.190 0.207 0.002 0.000 0.698 
155 0.498 0.639 0.670 0.570 0.616 0.715 0.702 0.676 0.692 0.694 0.644 0.354 0.048 0.000 0.446 0.180 0.510 0.189 0.220 0.003 0.000 0.700 
156 0.497 0.642 0.665 0.566 0.614 0.711 0.701 0.678 0.688 0.688 0.650 0.357 0.047 0.000 0.445 0.176 0.500 0.193 0.232 0.003 0.000 0.702 
157 0.491 0.640 0.668 0.561 0.616 0.711 0.703 0.684 0.685 0.691 0.653 0.353 0.048 0.000 0.446 0.172 0.497 0.200 0.246 0.002 0.000 0.700 
158 0.493 0.640 0.665 0.563 0.615 0.707 0.696 0.684 0.684 0.691 0.647 0.357 0.049 0.000 0.450 0.174 0.500 0.195 0.237 0.002 0.000 0.698 
159 0.490 0.641 0.668 0.575 0.619 0.701 0.691 0.681 0.687 0.692 0.648 0.363 0.047 0.005 0.451 0.179 0.509 0.193 0.240 0.000 0.000 0.695 
160 0.499 0.642 0.671 0.582 0.622 0.690 0.686 0.683 0.677 0.692 0.648 0.358 0.049 0.005 0.451 0.178 0.500 0.198 0.242 0.000 0.000 0.693 
161 0.501 0.637 0.677 0.585 0.625 0.686 0.687 0.682 0.678 0.688 0.642 0.356 0.051 0.004 0.449 0.177 0.500 0.201 0.257 0.001 0.000 0.691 
162 0.503 0.637 0.679 0.585 0.623 0.683 0.682 0.679 0.679 0.688 0.639 0.358 0.052 0.002 0.447 0.176 0.509 0.202 0.252 0.002 0.001 0.690 
163 0.505 0.637 0.675 0.586 0.614 0.682 0.680 0.673 0.682 0.684 0.638 0.363 0.053 0.002 0.442 0.177 0.513 0.201 0.257 0.002 0.001 0.691 
164 0.503 0.633 0.671 0.597 0.613 0.683 0.680 0.669 0.681 0.685 0.641 0.362 0.053 0.002 0.442 0.183 0.505 0.206 0.257 0.002 0.001 0.692 
165 0.511 0.633 0.675 0.597 0.614 0.688 0.682 0.673 0.679 0.690 0.651 0.363 0.065 0.002 0.436 0.199 0.506 0.204 0.265 0.004 0.001 0.696 
166 0.517 0.632 0.675 0.603 0.610 0.693 0.688 0.676 0.687 0.691 0.655 0.369 0.071 0.002 0.432 0.200 0.513 0.199 0.266 0.004 0.001 0.699 
167 0.524 0.630 0.676 0.592 0.617 0.697 0.693 0.680 0.688 0.692 0.658 0.371 0.078 0.002 0.430 0.202 0.518 0.197 0.255 0.004 0.001 0.699 
168 0.520 0.630 0.675 0.583 0.617 0.702 0.693 0.677 0.688 0.693 0.657 0.369 0.083 0.002 0.431 0.205 0.521 0.196 0.266 0.004 0.001 0.701 
169 0.519 0.629 0.671 0.585 0.617 0.701 0.694 0.680 0.692 0.688 0.655 0.369 0.082 0.002 0.430 0.217 0.525 0.195 0.275 0.004 0.001 0.699 
170 0.517 0.632 0.667 0.596 0.611 0.693 0.697 0.680 0.696 0.684 0.652 0.372 0.081 0.002 0.425 0.222 0.533 0.192 0.267 0.001 0.000 0.696 
171 0.514 0.629 0.666 0.597 0.615 0.695 0.694 0.684 0.698 0.683 0.647 0.376 0.081 0.004 0.423 0.221 0.531 0.189 0.260 0.001 0.000 0.695 
172 0.511 0.635 0.664 0.602 0.621 0.691 0.694 0.677 0.698 0.683 0.639 0.374 0.086 0.004 0.426 0.229 0.539 0.189 0.248 0.005 0.000 0.692 
173 0.513 0.638 0.669 0.593 0.619 0.690 0.691 0.680 0.693 0.683 0.635 0.370 0.084 0.004 0.431 0.224 0.531 0.192 0.251 0.005 0.000 0.693 
174 0.511 0.633 0.671 0.591 0.621 0.684 0.690 0.679 0.688 0.683 0.634 0.371 0.083 0.004 0.431 0.225 0.532 0.205 0.254 0.005 0.000 0.692 
175 0.509 0.632 0.671 0.596 0.617 0.683 0.692 0.677 0.690 0.691 0.631 0.369 0.082 0.004 0.429 0.234 0.522 0.206 0.251 0.013 0.000 0.692 
176 0.500 0.636 0.674 0.595 0.611 0.688 0.692 0.680 0.685 0.695 0.630 0.370 0.081 0.004 0.429 0.233 0.516 0.202 0.244 0.012 0.000 0.696 
177 0.499 0.640 0.672 0.584 0.617 0.690 0.691 0.688 0.680 0.700 0.630 0.370 0.086 0.004 0.427 0.230 0.512 0.195 0.262 0.011 0.000 0.699 
178 0.502 0.642 0.672 0.580 0.616 0.686 0.691 0.688 0.676 0.701 0.631 0.371 0.086 0.004 0.435 0.222 0.519 0.198 0.267 0.011 0.000 0.700 
179 0.505 0.641 0.667 0.577 0.618 0.685 0.694 0.686 0.678 0.694 0.636 0.371 0.084 0.006 0.434 0.218 0.516 0.193 0.267 0.010 0.000 0.702 
180 0.507 0.635 0.669 0.591 0.617 0.688 0.694 0.684 0.678 0.698 0.637 0.378 0.084 0.006 0.434 0.218 0.525 0.192 0.281 0.011 0.000 0.701 
181 0.509 0.638 0.671 0.587 0.628 0.689 0.692 0.678 0.680 0.691 0.630 0.376 0.084 0.006 0.433 0.220 0.529 0.195 0.275 0.008 0.000 0.699 
182 0.510 0.644 0.670 0.599 0.635 0.689 0.693 0.676 0.681 0.689 0.632 0.377 0.085 0.006 0.434 0.228 0.534 0.203 0.260 0.013 0.000 0.696 
183 0.519 0.641 0.672 0.593 0.632 0.693 0.695 0.674 0.682 0.686 0.633 0.376 0.085 0.004 0.436 0.235 0.543 0.205 0.262 0.012 0.000 0.695 
184 0.518 0.634 0.670 0.605 0.624 0.688 0.694 0.673 0.681 0.685 0.633 0.374 0.095 0.002 0.439 0.242 0.527 0.215 0.262 0.013 0.000 0.694 
185 0.520 0.633 0.670 0.602 0.617 0.692 0.694 0.673 0.690 0.681 0.629 0.380 0.095 0.002 0.448 0.246 0.527 0.216 0.258 0.015 0.000 0.692 
186 0.522 0.634 0.670 0.598 0.623 0.692 0.695 0.677 0.691 0.685 0.637 0.383 0.100 0.002 0.443 0.253 0.527 0.219 0.254 0.018 0.000 0.692 
187 0.524 0.629 0.669 0.595 0.618 0.692 0.695 0.677 0.690 0.691 0.636 0.382 0.100 0.002 0.441 0.252 0.533 0.221 0.253 0.018 0.000 0.693 
188 0.527 0.622 0.666 0.595 0.617 0.692 0.695 0.680 0.697 0.689 0.634 0.380 0.106 0.002 0.442 0.245 0.540 0.219 0.252 0.018 0.000 0.693 
189 0.534 0.631 0.668 0.592 0.615 0.693 0.698 0.682 0.697 0.694 0.638 0.379 0.105 0.002 0.442 0.245 0.540 0.228 0.274 0.018 0.000 0.695 
190 0.536 0.629 0.675 0.592 0.615 0.699 0.696 0.682 0.699 0.694 0.633 0.377 0.113 0.000 0.439 0.247 0.542 0.227 0.269 0.016 0.000 0.697 
191 0.534 0.634 0.677 0.597 0.620 0.698 0.702 0.681 0.697 0.692 0.639 0.379 0.118 0.000 0.439 0.250 0.546 0.226 0.269 0.015 0.000 0.699 
192 0.534 0.632 0.679 0.604 0.611 0.701 0.696 0.686 0.698 0.694 0.648 0.375 0.119 0.002 0.442 0.250 0.540 0.224 0.270 0.014 0.000 0.698 
193 0.540 0.638 0.679 0.597 0.622 0.699 0.697 0.686 0.703 0.694 0.638 0.374 0.122 0.002 0.443 0.248 0.537 0.217 0.277 0.014 0.000 0.698 
194 0.532 0.638 0.676 0.609 0.619 0.699 0.695 0.683 0.703 0.688 0.627 0.391 0.125 0.002 0.446 0.257 0.536 0.218 0.276 0.015 0.000 0.697 
195 0.530 0.641 0.675 0.614 0.629 0.695 0.700 0.677 0.692 0.693 0.630 0.393 0.122 0.002 0.442 0.260 0.534 0.228 0.274 0.017 0.000 0.695 
196 0.525 0.636 0.673 0.607 0.633 0.689 0.699 0.677 0.691 0.694 0.628 0.397 0.125 0.000 0.446 0.258 0.534 0.227 0.273 0.017 0.000 0.694 
197 0.523 0.634 0.678 0.603 0.636 0.694 0.693 0.675 0.685 0.694 0.632 0.396 0.122 0.000 0.453 0.256 0.535 0.227 0.272 0.018 0.000 0.691 
198 0.524 0.633 0.676 0.605 0.636 0.697 0.695 0.674 0.688 0.695 0.624 0.391 0.122 0.000 0.449 0.252 0.540 0.234 0.271 0.019 0.000 0.692 
199 0.519 0.634 0.676 0.598 0.633 0.692 0.696 0.673 0.685 0.689 0.624 0.393 0.121 0.000 0.444 0.255 0.541 0.237 0.269 0.020 0.000 0.691 
200 0.517 0.630 0.671 0.605 0.638 0.692 0.697 0.674 0.681 0.688 0.624 0.389 0.117 0.002 0.446 0.260 0.535 0.246 0.264 0.021 0.000 0.692 
201 0.522 0.633 0.664 0.608 0.642 0.694 0.698 0.682 0.673 0.695 0.620 0.390 0.117 0.002 0.441 0.260 0.533 0.246 0.274 0.021 0.000 0.693 
202 0.521 0.632 0.666 0.602 0.648 0.695 0.694 0.679 0.679 0.698 0.621 0.388 0.124 0.002 0.445 0.261 0.531 0.242 0.274 0.019 0.000 0.695 
203 0.513 0.632 0.673 0.608 0.642 0.693 0.700 0.679 0.682 0.703 0.626 0.383 0.133 0.002 0.452 0.261 0.536 0.240 0.272 0.020 0.000 0.697 
204 0.518 0.634 0.670 0.608 0.639 0.695 0.700 0.683 0.685 0.707 0.628 0.384 0.128 0.002 0.450 0.261 0.534 0.243 0.275 0.023 0.000 0.698 
205 0.518 0.635 0.671 0.609 0.637 0.695 0.695 0.685 0.682 0.714 0.635 0.392 0.130 0.002 0.455 0.263 0.533 0.243 0.291 0.022 0.000 0.700 
206 0.521 0.637 0.669 0.607 0.639 0.698 0.702 0.682 0.680 0.719 0.631 0.401 0.130 0.002 0.459 0.270 0.532 0.240 0.296 0.020 0.000 0.703 
207 0.516 0.642 0.671 0.594 0.637 0.698 0.705 0.682 0.681 0.717 0.638 0.409 0.137 0.002 0.459 0.269 0.532 0.242 0.311 0.024 0.000 0.703 
208 0.519 0.636 0.670 0.590 0.631 0.696 0.704 0.681 0.684 0.709 0.642 0.410 0.141 0.002 0.457 0.275 0.534 0.248 0.304 0.023 0.000 0.700 
209 0.525 0.639 0.671 0.590 0.627 0.692 0.705 0.685 0.686 0.696 0.639 0.404 0.144 0.004 0.459 0.280 0.537 0.245 0.301 0.023 0.000 0.699 
210 0.527 0.637 0.672 0.592 0.624 0.690 0.704 0.685 0.689 0.694 0.636 0.403 0.151 0.004 0.461 0.276 0.533 0.242 0.316 0.020 0.000 0.696 
211 0.529 0.637 0.678 0.594 0.625 0.687 0.700 0.680 0.693 0.686 0.637 0.406 0.156 0.006 0.454 0.280 0.521 0.240 0.309 0.022 0.000 0.695 
212 0.527 0.640 0.677 0.596 0.626 0.686 0.699 0.681 0.690 0.681 0.635 0.413 0.154 0.008 0.451 0.287 0.524 0.254 0.320 0.022 0.000 0.693 
213 0.536 0.632 0.674 0.604 0.629 0.684 0.691 0.681 0.694 0.678 0.636 0.416 0.158 0.011 0.447 0.286 0.530 0.262 0.310 0.021 0.000 0.693 
214 0.538 0.632 0.677 0.605 0.624 0.683 0.691 0.684 0.692 0.677 0.634 0.411 0.156 0.010 0.452 0.289 0.537 0.256 0.299 0.032 0.000 0.694 
215 0.545 0.629 0.677 0.608 0.634 0.684 0.691 0.685 0.692 0.677 0.633 0.408 0.159 0.015 0.453 0.285 0.545 0.256 0.293 0.032 0.000 0.694 
216 0.544 0.627 0.676 0.606 0.630 0.689 0.696 0.681 0.694 0.685 0.640 0.401 0.168 0.019 0.453 0.291 0.546 0.248 0.287 0.040 0.000 0.695 
217 0.547 0.638 0.678 0.605 0.630 0.693 0.701 0.678 0.700 0.683 0.647 0.401 0.169 0.024 0.447 0.290 0.554 0.248 0.288 0.040 0.000 0.698 
218 0.545 0.633 0.677 0.612 0.632 0.695 0.704 0.680 0.705 0.684 0.645 0.406 0.172 0.022 0.445 0.284 0.557 0.254 0.301 0.040 0.000 0.700 
219 0.543 0.634 0.674 0.611 0.636 0.692 0.703 0.677 0.705 0.692 0.640 0.410 0.171 0.023 0.440 0.282 0.565 0.251 0.305 0.037 0.001 0.699 
220 0.542 0.633 0.676 0.609 0.637 0.692 0.706 0.680 0.704 0.698 0.636 0.411 0.170 0.024 0.441 0.283 0.567 0.252 0.304 0.036 0.001 0.701 
221 0.547 0.629 0.676 0.600 0.642 0.695 0.706 0.678 0.699 0.696 0.640 0.413 0.177 0.025 0.439 0.284 0.565 0.256 0.295 0.036 0.001 0.699 
222 0.553 0.628 0.673 0.597 0.646 0.692 0.702 0.683 0.695 0.695 0.640 0.416 0.177 0.026 0.438 0.290 0.554 0.262 0.286 0.034 0.001 0.697 
223 0.556 0.625 0.672 0.603 0.653 0.690 0.698 0.688 0.692 0.692 0.639 0.414 0.173 0.030 0.442 0.296 0.554 0.257 0.293 0.033 0.001 0.694 
224 0.560 0.621 0.667 0.616 0.653 0.695 0.693 0.689 0.683 0.686 0.640 0.417 0.177 0.027 0.436 0.296 0.548 0.255 0.288 0.031 0.001 0.692 
225 0.557 0.625 0.669 0.606 0.652 0.695 0.694 0.688 0.678 0.686 0.641 0.428 0.179 0.027 0.440 0.298 0.547 0.265 0.285 0.029 0.001 0.691 
226 0.555 0.624 0.673 0.610 0.647 0.696 0.696 0.689 0.681 0.685 0.634 0.435 0.178 0.026 0.443 0.297 0.549 0.261 0.286 0.026 0.000 0.691 
227 0.553 0.623 0.671 0.616 0.649 0.697 0.695 0.688 0.688 0.686 0.638 0.434 0.180 0.025 0.448 0.297 0.552 0.261 0.296 0.028 0.000 0.691 
228 0.548 0.622 0.667 0.624 0.647 0.697 0.698 0.686 0.689 0.688 0.637 0.433 0.185 0.023 0.449 0.296 0.546 0.267 0.298 0.031 0.000 0.692 
229 0.553 0.618 0.671 0.632 0.644 0.696 0.694 0.686 0.688 0.688 0.636 0.429 0.189 0.025 0.448 0.297 0.553 0.268 0.289 0.031 0.000 0.692 
230 0.558 0.621 0.671 0.640 0.641 0.693 0.696 0.682 0.692 0.691 0.638 0.429 0.186 0.029 0.446 0.298 0.559 0.273 0.280 0.034 0.000 0.693 
231 0.567 0.623 0.670 0.629 0.640 0.689 0.697 0.679 0.699 0.690 0.643 0.424 0.186 0.027 0.445 0.295 0.557 0.274 0.286 0.035 0.000 0.693 
232 0.568 0.631 0.676 0.627 0.636 0.688 0.699 0.684 0.696 0.693 0.645 0.424 0.182 0.026 0.444 0.301 0.555 0.270 0.292 0.032 0.000 0.695 
233 0.561 0.641 0.673 0.633 0.631 0.686 0.695 0.683 0.700 0.695 0.644 0.423 0.184 0.028 0.445 0.295 0.553 0.278 0.286 0.031 0.000 0.697 
234 0.555 0.644 0.673 0.633 0.628 0.688 0.701 0.686 0.700 0.693 0.643 0.420 0.187 0.028 0.452 0.299 0.556 0.274 0.283 0.027 0.000 0.699 
235 0.558 0.646 0.677 0.631 0.629 0.694 0.703 0.686 0.696 0.693 0.646 0.417 0.186 0.029 0.459 0.297 0.567 0.276 0.288 0.031 0.000 0.701 
236 0.555 0.646 0.678 0.628 0.628 0.694 0.705 0.685 0.694 0.693 0.644 0.411 0.189 0.029 0.461 0.298 0.571 0.268 0.287 0.033 0.000 0.702 
237 0.555 0.647 0.675 0.626 0.630 0.693 0.704 0.687 0.700 0.688 0.644 0.413 0.192 0.030 0.458 0.299 0.578 0.274 0.291 0.034 0.000 0.701 
238 0.563 0.649 0.670 0.629 0.639 0.694 0.702 0.688 0.696 0.685 0.639 0.418 0.193 0.031 0.459 0.305 0.577 0.272 0.299 0.032 0.000 0.700 
239 0.562 0.650 0.663 0.629 0.644 0.695 0.697 0.690 0.686 0.683 0.637 0.416 0.194 0.038 0.454 0.308 0.578 0.273 0.301 0.036 0.001 0.698 
240 0.561 0.647 0.666 0.620 0.644 0.696 0.697 0.688 0.681 0.688 0.633 0.415 0.196 0.037 0.451 0.311 0.584 0.279 0.294 0.036 0.002 0.694 
241 0.562 0.648 0.670 0.611 0.639 0.699 0.694 0.687 0.684 0.687 0.630 0.408 0.197 0.038 0.448 0.308 0.583 0.278 0.292 0.039 0.002 0.695 
242 0.565 0.649 0.669 0.608 0.646 0.694 0.695 0.688 0.681 0.680 0.634 0.406 0.193 0.036 0.447 0.309 0.582 0.281 0.290 0.040 0.002 0.693 
243 0.562 0.645 0.668 0.608 0.659 0.687 0.698 0.685 0.682 0.681 0.635 0.408 0.193 0.036 0.447 0.308 0.572 0.286 0.286 0.040 0.002 0.692 
244 0.570 0.644 0.665 0.615 0.657 0.688 0.693 0.682 0.683 0.676 0.637 0.410 0.195 0.035 0.441 0.313 0.571 0.285 0.285 0.039 0.002 0.692 
245 0.575 0.643 0.670 0.614 0.649 0.687 0.691 0.686 0.684 0.681 0.637 0.406 0.193 0.036 0.433 0.322 0.567 0.284 0.284 0.038 0.002 0.693 
246 0.574 0.644 0.668 0.615 0.644 0.692 0.692 0.684 0.690 0.687 0.641 0.407 0.192 0.036 0.431 0.325 0.568 0.285 0.294 0.039 0.002 0.693 
247 0.574 0.643 0.675 0.624 0.646 0.694 0.690 0.687 0.689 0.687 0.640 0.415 0.191 0.035 0.434 0.316 0.564 0.281 0.289 0.041 0.002 0.694 
248 0.576 0.638 0.678 0.625 0.647 0.694 0.692 0.686 0.687 0.688 0.647 0.417 0.184 0.034 0.431 0.319 0.562 0.275 0.288 0.044 0.002 0.694 
249 0.576 0.636 0.682 0.633 0.647 0.698 0.691 0.686 0.691 0.688 0.653 0.413 0.189 0.032 0.431 0.327 0.562 0.275 0.290 0.045 0.002 0.693 
250 0.579 0.637 0.680 0.638 0.651 0.697 0.693 0.684 0.695 0.684 0.655 0.412 0.188 0.029 0.432 0.329 0.556 0.285 0.292 0.047 0.002 0.694 
251 0.579 0.637 0.675 0.637 0.648 0.690 0.694 0.680 0.698 0.684 0.639 0.412 0.187 0.030 0.430 0.328 0.552 0.282 0.288 0.048 0.001 0.691 
252 0.579 0.635 0.675 0.641 0.649 0.688 0.690 0.684 0.693 0.684 0.638 0.411 0.191 0.032 0.442 0.332 0.555 0.281 0.302 0.049 0.001 0.690 
253 0.587 0.636 0.678 0.642 0.654 0.683 0.686 0.681 0.692 0.684 0.636 0.413 0.192 0.031 0.438 0.324 0.559 0.286 0.299 0.047 0.001 0.690 
254 0.587 0.631 0.673 0.651 0.654 0.687 0.686 0.679 0.687 0.680 0.633 0.410 0.198 0.030 0.436 0.327 0.569 0.288 0.294 0.047 0.001 0.691 
255 0.587 0.636 0.670 0.658 0.659 0.686 0.688 0.682 0.689 0.680 0.633 0.413 0.194 0.032 0.441 0.332 0.580 0.284 0.283 0.044 0.002 0.691 
256 0.585 0.641 0.671 0.667 0.657 0.683 0.695 0.685 0.685 0.675 0.629 0.415 0.195 0.042 0.429 0.334 0.581 0.285 0.283 0.045 0.002 0.690 
257 0.582 0.647 0.668 0.658 0.657 0.687 0.693 0.692 0.683 0.683 0.626 0.415 0.200 0.039 0.428 0.334 0.577 0.281 0.284 0.040 0.002 0.692 
258 0.576 0.649 0.667 0.650 0.653 0.688 0.695 0.691 0.685 0.678 0.625 0.414 0.207 0.037 0.428 0.328 0.582 0.280 0.275 0.045 0.002 0.695 
259 0.578 0.648 0.671 0.645 0.650 0.689 0.695 0.689 0.690 0.679 0.626 0.412 0.210 0.032 0.428 0.333 0.581 0.282 0.273 0.045 0.003 0.694 
260 0.576 0.646 0.668 0.654 0.654 0.684 0.697 0.688 0.686 0.675 0.624 0.413 0.216 0.033 0.436 0.334 0.583 0.285 0.275 0.045 0.004 0.693 
261 0.580 0.648 0.670 0.655 0.659 0.683 0.701 0.687 0.689 0.674 0.622 0.429 0.223 0.035 0.437 0.337 0.589 0.292 0.281 0.050 0.003 0.695 
262 0.580 0.650 0.672 0.645 0.657 0.684 0.699 0.688 0.689 0.675 0.624 0.434 0.225 0.036 0.439 0.340 0.586 0.295 0.278 0.051 0.003 0.699 
263 0.579 0.654 0.674 0.647 0.647 0.687 0.703 0.689 0.690 0.679 0.632 0.438 0.230 0.037 0.445 0.338 0.588 0.293 0.281 0.053 0.003 0.699 
264 0.582 0.648 0.679 0.646 0.653 0.686 0.702 0.688 0.692 0.677 0.634 0.450 0.229 0.034 0.447 0.345 0.591 0.298 0.283 0.054 0.003 0.701 
265 0.582 0.643 0.682 0.647 0.657 0.689 0.707 0.691 0.690 0.677 0.636 0.452 0.230 0.036 0.449 0.343 0.583 0.300 0.279 0.052 0.003 0.702 
266 0.580 0.635 0.683 0.654 0.656 0.690 0.699 0.690 0.690 0.672 0.640 0.444 0.227 0.035 0.450 0.340 0.580 0.302 0.282 0.053 0.003 0.700 
267 0.576 0.631 0.683 0.649 0.658 0.689 0.697 0.690 0.690 0.674 0.635 0.450 0.223 0.035 0.456 0.344 0.580 0.300 0.287 0.052 0.003 0.699 
268 0.576 0.633 0.678 0.651 0.661 0.687 0.696 0.692 0.689 0.678 0.640 0.448 0.223 0.037 0.452 0.342 0.579 0.301 0.282 0.051 0.003 0.697 
269 0.579 0.633 0.675 0.653 0.657 0.685 0.698 0.693 0.686 0.677 0.639 0.446 0.222 0.035 0.452 0.342 0.587 0.303 0.278 0.049 0.003 0.696 
270 0.576 0.634 0.670 0.647 0.662 0.686 0.689 0.694 0.688 0.684 0.640 0.445 0.222 0.033 0.451 0.340 0.588 0.304 0.281 0.052 0.003 0.694 
271 0.574 0.639 0.669 0.650 0.662 0.686 0.686 0.691 0.687 0.684 0.641 0.439 0.223 0.034 0.452 0.341 0.592 0.304 0.285 0.053 0.003 0.692 
272 0.572 0.639 0.668 0.648 0.661 0.687 0.687 0.689 0.684 0.684 0.642 0.441 0.227 0.033 0.452 0.339 0.592 0.305 0.299 0.054 0.003 0.691 
273 0.578 0.638 0.667 0.649 0.651 0.682 0.690 0.691 0.681 0.681 0.639 0.445 0.229 0.037 0.445 0.341 0.597 0.304 0.312 0.056 0.003 0.690 
274 0.582 0.639 0.669 0.639 0.658 0.682 0.695 0.686 0.685 0.685 0.644 0.450 0.233 0.047 0.446 0.342 0.593 0.298 0.322 0.056 0.004 0.690 
275 0.581 0.640 0.674 0.640 0.658 0.687 0.699 0.687 0.680 0.683 0.644 0.450 0.234 0.058 0.439 0.343 0.590 0.301 0.308 0.060 0.004 0.691 
276 0.587 0.642 0.677 0.644 0.661 0.684 0.700 0.687 0.680 0.685 0.642 0.449 0.232 0.060 0.440 0.348 0.588 0.295 0.309 0.055 0.004 0.694 
277 0.591 0.640 0.681 0.642 0.665 0.688 0.705 0.688 0.682 0.684 0.643 0.451 0.240 0.056 0.443 0.350 0.589 0.293 0.298 0.054 0.004 0.695 
278 0.593 0.639 0.679 0.644 0.663 0.685 0.702 0.689 0.684 0.693 0.639 0.456 0.236 0.059 0.447 0.349 0.584 0.292 0.294 0.053 0.005 0.697 
279 0.598 0.642 0.678 0.644 0.667 0.684 0.700 0.688 0.689 0.684 0.638 0.460 0.234 0.060 0.446 0.346 0.586 0.289 0.294 0.052 0.005 0.696 
280 0.590 0.643 0.674 0.650 0.667 0.689 0.699 0.690 0.691 0.679 0.635 0.461 0.229 0.059 0.446 0.357 0.581 0.296 0.291 0.056 0.005 0.696 
281 0.589 0.640 0.674 0.660 0.661 0.689 0.694 0.691 0.689 0.680 0.625 0.457 0.228 0.061 0.445 0.364 0.579 0.295 0.296 0.052 0.005 0.693 
282 0.592 0.635 0.675 0.663 0.658 0.690 0.693 0.688 0.695 0.674 0.630 0.453 0.219 0.063 0.450 0.365 0.584 0.294 0.293 0.052 0.005 0.693 
283 0.588 0.639 0.676 0.660 0.659 0.691 0.694 0.685 0.693 0.680 0.631 0.447 0.216 0.064 0.455 0.361 0.583 0.296 0.298 0.057 0.005 0.693 
284 0.588 0.641 0.677 0.662 0.656 0.691 0.692 0.681 0.686 0.675 0.624 0.453 0.213 0.065 0.446 0.364 0.577 0.293 0.285 0.060 0.004 0.694 
285 0.587 0.643 0.675 0.675 0.660 0.692 0.690 0.680 0.686 0.673 0.627 0.448 0.224 0.065 0.442 0.370 0.578 0.290 0.284 0.057 0.004 0.694 
286 0.591 0.645 0.675 0.669 0.658 0.690 0.693 0.680 0.688 0.671 0.629 0.452 0.223 0.069 0.447 0.364 0.585 0.287 0.296 0.061 0.004 0.693 
287 0.590 0.648 0.675 0.674 0.664 0.688 0.694 0.679 0.688 0.673 0.636 0.451 0.224 0.072 0.445 0.363 0.587 0.296 0.294 0.061 0.004 0.694 
288 0.591 0.649 0.675 0.675 0.662 0.689 0.693 0.683 0.684 0.678 0.634 0.451 0.227 0.066 0.451 0.364 0.584 0.300 0.289 0.064 0.004 0.697 
289 0.596 0.655 0.671 0.677 0.661 0.695 0.695 0.688 0.683 0.678 0.631 0.456 0.231 0.072 0.446 0.365 0.577 0.295 0.294 0.059 0.006 0.699 
290 0.600 0.653 0.668 0.676 0.668 0.692 0.698 0.690 0.686 0.681 0.636 0.454 0.229 0.068 0.446 0.363 0.576 0.296 0.298 0.057 0.007 0.700 
291 0.600 0.656 0.673 0.674 0.671 0.690 0.694 0.687 0.688 0.685 0.643 0.457 0.229 0.067 0.455 0.360 0.566 0.296 0.303 0.056 0.007 0.702 
292 0.607 0.659 0.674 0.679 0.672 0.687 0.699 0.690 0.686 0.686 0.642 0.452 0.230 0.060 0.458 0.368 0.564 0.296 0.301 0.068 0.007 0.702 
293 0.607 0.651 0.675 0.684 0.669 0.688 0.697 0.689 0.687 0.684 0.642 0.457 0.227 0.063 0.459 0.373 0.566 0.298 0.305 0.070 0.007 0.698 
294 0.609 0.647 0.678 0.671 0.681 0.686 0.696 0.687 0.683 0.682 0.640 0.458 0.227 0.062 0.459 0.377 0.568 0.304 0.302 0.067 0.008 0.697 
295 0.608 0.644 0.675 0.670 0.687 0.691 0.695 0.690 0.683 0.680 0.643 0.458 0.239 0.057 0.460 0.383 0.570 0.301 0.308 0.071 0.008 0.693 
296 0.604 0.643 0.674 0.665 0.687 0.688 0.695 0.689 0.684 0.680 0.642 0.460 0.235 0.053 0.458 0.383 0.560 0.302 0.307 0.070 0.008 0.691 
297 0.608 0.638 0.673 0.661 0.677 0.688 0.693 0.691 0.686 0.678 0.638 0.455 0.241 0.048 0.454 0.389 0.564 0.307 0.304 0.071 0.008 0.692 
298 0.612 0.638 0.673 0.655 0.668 0.685 0.697 0.688 0.690 0.676 0.638 0.464 0.244 0.044 0.449 0.387 0.564 0.307 0.304 0.069 0.008 0.690 
299 0.611 0.636 0.673 0.656 0.672 0.684 0.698 0.692 0.686 0.677 0.636 0.463 0.244 0.051 0.452 0.383 0.559 0.311 0.302 0.070 0.007 0.690 
300 0.603 0.635 0.675 0.658 0.665 0.686 0.700 0.689 0.689 0.678 0.634 0.463 0.252 0.053 0.460 0.389 0.555 0.306 0.312 0.069 0.007 0.692 
301 0.603 0.639 0.676 0.658 0.665 0.688 0.701 0.687 0.695 0.682 0.634 0.459 0.254 0.051 0.468 0.391 0.559 0.318 0.312 0.070 0.009 0.693 
302 0.605 0.643 0.680 0.666 0.670 0.684 0.703 0.690 0.697 0.681 0.640 0.458 0.249 0.054 0.471 0.388 0.564 0.315 0.313 0.074 0.008 0.696 
303 0.603 0.652 0.677 0.675 0.669 0.688 0.700 0.690 0.697 0.678 0.639 0.459 0.253 0.065 0.469 0.393 0.568 0.314 0.326 0.073 0.009 0.698 
304 0.599 0.655 0.679 0.675 0.676 0.688 0.702 0.687 0.693 0.679 0.643 0.460 0.254 0.066 0.473 0.393 0.566 0.312 0.328 0.074 0.009 0.701 
305 0.597 0.656 0.678 0.671 0.677 0.688 0.702 0.686 0.688 0.676 0.643 0.459 0.260 0.061 0.472 0.391 0.565 0.312 0.327 0.069 0.009 0.699 
306 0.598 0.658 0.676 0.662 0.678 0.688 0.699 0.688 0.691 0.673 0.642 0.458 0.265 0.058 0.470 0.390 0.572 0.314 0.318 0.072 0.009 0.696 
307 0.596 0.657 0.676 0.661 0.682 0.685 0.701 0.689 0.693 0.676 0.639 0.463 0.262 0.056 0.473 0.394 0.576 0.313 0.324 0.075 0.009 0.697 
308 0.596 0.656 0.679 0.667 0.681 0.685 0.696 0.691 0.693 0.679 0.635 0.462 0.260 0.057 0.477 0.393 0.576 0.313 0.319 0.077 0.010 0.695 
309 0.602 0.652 0.679 0.672 0.683 0.685 0.695 0.689 0.693 0.678 0.626 0.471 0.264 0.057 0.477 0.394 0.566 0.308 0.328 0.082 0.010 0.693 
310 0.609 0.654 0.676 0.681 0.685 0.684 0.695 0.689 0.694 0.683 0.625 0.473 0.266 0.065 0.474 0.392 0.571 0.300 0.336 0.081 0.009 0.693 
311 0.615 0.654 0.677 0.680 0.684 0.688 0.698 0.691 0.696 0.682 0.618 0.473 0.272 0.071 0.474 0.392 0.567 0.303 0.333 0.082 0.010 0.693 
312 0.616 0.651 0.677 0.689 0.684 0.690 0.697 0.690 0.698 0.681 0.617 0.468 0.264 0.085 0.470 0.396 0.565 0.313 0.348 0.088 0.010 0.694 
313 0.610 0.650 0.680 0.686 0.679 0.691 0.695 0.688 0.696 0.682 0.615 0.473 0.267 0.091 0.476 0.393 0.568 0.314 0.342 0.089 0.010 0.694 
314 0.609 0.654 0.683 0.682 0.679 0.698 0.695 0.692 0.694 0.686 0.621 0.464 0.270 0.092 0.476 0.392 0.562 0.316 0.344 0.087 0.010 0.696 
315 0.612 0.651 0.683 0.676 0.679 0.696 0.699 0.692 0.695 0.691 0.626 0.465 0.272 0.097 0.476 0.393 0.565 0.318 0.347 0.089 0.010 0.698 
316 0.615 0.649 0.683 0.679 0.672 0.700 0.696 0.696 0.695 0.690 0.629 0.464 0.266 0.102 0.469 0.392 0.567 0.316 0.346 0.086 0.012 0.698 
317 0.612 0.650 0.689 0.679 0.670 0.702 0.698 0.697 0.694 0.686 0.636 0.463 0.265 0.098 0.466 0.392 0.562 0.317 0.347 0.082 0.012 0.700 
318 0.610 0.648 0.691 0.677 0.669 0.697 0.702 0.695 0.694 0.691 0.641 0.464 0.268 0.099 0.463 0.394 0.559 0.319 0.351 0.080 0.012 0.699 
319 0.610 0.647 0.686 0.679 0.677 0.694 0.698 0.700 0.694 0.686 0.639 0.469 0.270 0.092 0.462 0.388 0.564 0.321 0.350 0.081 0.011 0.697 
320 0.612 0.648 0.686 0.684 0.668 0.692 0.697 0.691 0.694 0.677 0.636 0.474 0.271 0.097 0.465 0.391 0.574 0.320 0.356 0.078 0.012 0.696 
321 0.609 0.652 0.686 0.687 0.669 0.688 0.696 0.689 0.696 0.679 0.630 0.476 0.271 0.095 0.461 0.387 0.574 0.320 0.359 0.076 0.011 0.694 
322 0.617 0.647 0.687 0.687 0.671 0.685 0.692 0.690 0.691 0.680 0.637 0.476 0.273 0.093 0.461 0.394 0.569 0.321 0.352 0.076 0.012 0.692 
323 0.622 0.652 0.690 0.685 0.675 0.684 0.691 0.688 0.689 0.682 0.633 0.478 0.274 0.093 0.469 0.401 0.570 0.319 0.342 0.078 0.011 0.693 
324 0.624 0.652 0.687 0.695 0.678 0.685 0.692 0.691 0.691 0.681 0.631 0.479 0.266 0.091 0.470 0.402 0.571 0.315 0.340 0.078 0.012 0.692 
325 0.627 0.651 0.687 0.692 0.673 0.684 0.691 0.686 0.692 0.683 0.635 0.479 0.262 0.084 0.471 0.400 0.568 0.316 0.344 0.075 0.014 0.692 
326 0.627 0.653 0.689 0.683 0.675 0.684 0.690 0.682 0.690 0.687 0.636 0.478 0.264 0.085 0.470 0.401 0.572 0.323 0.349 0.074 0.015 0.692 
327 0.624 0.649 0.689 0.677 0.680 0.683 0.689 0.687 0.685 0.685 0.639 0.486 0.266 0.087 0.470 0.403 0.565 0.316 0.368 0.074 0.014 0.692 
328 0.628 0.645 0.692 0.671 0.686 0.685 0.689 0.696 0.687 0.687 0.646 0.486 0.271 0.090 0.467 0.402 0.566 0.320 0.358 0.072 0.015 0.693 
329 0.628 0.648 0.686 0.670 0.689 0.687 0.696 0.696 0.692 0.688 0.646 0.487 0.269 0.099 0.467 0.400 0.558 0.322 0.363 0.067 0.015 0.697 
330 0.626 0.650 0.684 0.677 0.695 0.688 0.698 0.695 0.689 0.688 0.649 0.489 0.267 0.108 0.465 0.394 0.565 0.323 0.363 0.065 0.017 0.696 
331 0.623 0.655 0.682 0.667 0.699 0.689 0.696 0.692 0.690 0.689 0.649 0.489 0.270 0.112 0.467 0.395 0.563 0.324 0.365 0.067 0.016 0.697 
332 0.618 0.656 0.682 0.671 0.701 0.688 0.693 0.688 0.695 0.691 0.651 0.487 0.274 0.114 0.464 0.396 0.564 0.325 0.364 0.068 0.017 0.699 
333 0.612 0.651 0.681 0.669 0.696 0.689 0.690 0.687 0.689 0.690 0.652 0.494 0.278 0.121 0.466 0.395 0.562 0.326 0.362 0.077 0.017 0.698 
334 0.604 0.656 0.678 0.677 0.692 0.686 0.688 0.684 0.689 0.690 0.653 0.492 0.282 0.121 0.467 0.399 0.556 0.333 0.371 0.076 0.017 0.695 
335 0.598 0.654 0.681 0.683 0.681 0.685 0.691 0.683 0.687 0.690 0.650 0.495 0.284 0.125 0.463 0.401 0.555 0.332 0.379 0.071 0.018 0.694 
336 0.598 0.658 0.685 0.685 0.683 0.686 0.686 0.682 0.683 0.690 0.648 0.494 0.284 0.123 0.461 0.402 0.558 0.344 0.379 0.075 0.018 0.693 
337 0.600 0.659 0.687 0.685 0.678 0.687 0.689 0.683 0.685 0.683 0.647 0.494 0.283 0.130 0.459 0.401 0.558 0.343 0.376 0.077 0.019 0.693 
338 0.604 0.654 0.683 0.694 0.681 0.691 0.696 0.684 0.682 0.677 0.650 0.492 0.286 0.129 0.461 0.408 0.564 0.337 0.374 0.073 0.019 0.692 
339 0.600 0.653 0.686 0.688 0.673 0.696 0.692 0.684 0.686 0.672 0.654 0.489 0.292 0.133 0.457 0.409 0.561 0.335 0.370 0.074 0.020 0.696 
340 0.598 0.656 0.685 0.681 0.671 0.696 0.694 0.686 0.688 0.672 0.654 0.487 0.293 0.136 0.457 0.405 0.566 0.334 0.368 0.074 0.019 0.697 
341 0.597 0.653 0.685 0.683 0.675 0.690 0.696 0.690 0.687 0.672 0.655 0.487 0.291 0.138 0.461 0.403 0.568 0.327 0.364 0.073 0.017 0.696 
342 0.602 0.663 0.688 0.677 0.671 0.693 0.700 0.690 0.689 0.677 0.661 0.488 0.293 0.133 0.467 0.398 0.565 0.329 0.357 0.074 0.017 0.696 
343 0.602 0.664 0.690 0.685 0.681 0.689 0.700 0.692 0.693 0.679 0.655 0.494 0.295 0.133 0.469 0.403 0.567 0.335 0.358 0.075 0.018 0.698 
344 0.603 0.671 0.695 0.686 0.680 0.689 0.700 0.694 0.695 0.688 0.654 0.491 0.297 0.135 0.467 0.406 0.559 0.331 0.368 0.083 0.018 0.699 
345 0.603 0.671 0.701 0.687 0.680 0.687 0.702 0.694 0.695 0.689 0.659 0.493 0.298 0.137 0.465 0.408 0.558 0.329 0.358 0.087 0.018 0.701 
346 0.604 0.672 0.697 0.686 0.682 0.690 0.702 0.694 0.694 0.690 0.661 0.491 0.295 0.136 0.469 0.408 0.554 0.333 0.352 0.087 0.019 0.701 
347 0.611 0.668 0.692 0.679 0.688 0.689 0.701 0.692 0.696 0.691 0.658 0.497 0.301 0.139 0.471 0.417 0.558 0.326 0.359 0.082 0.020 0.700 
348 0.613 0.659 0.687 0.675 0.693 0.688 0.697 0.693 0.700 0.690 0.656 0.501 0.306 0.145 0.466 0.413 0.556 0.329 0.354 0.095 0.019 0.699 
349 0.609 0.655 0.685 0.670 0.697 0.687 0.692 0.691 0.697 0.689 0.650 0.509 0.305 0.145 0.460 0.416 0.546 0.337 0.366 0.093 0.019 0.699 
350 0.608 0.652 0.684 0.655 0.698 0.687 0.693 0.688 0.693 0.681 0.649 0.505 0.305 0.155 0.458 0.414 0.548 0.350 0.370 0.096 0.018 0.697 
351 0.605 0.646 0.680 0.662 0.697 0.686 0.689 0.684 0.692 0.682 0.644 0.505 0.308 0.157 0.459 0.423 0.549 0.347 0.371 0.095 0.019 0.694 
352 0.604 0.652 0.681 0.663 0.694 0.688 0.685 0.683 0.689 0.680 0.645 0.508 0.302 0.158 0.459 0.425 0.547 0.347 0.376 0.093 0.019 0.695 
353 0.606 0.653 0.681 0.659 0.690 0.689 0.683 0.683 0.690 0.681 0.647 0.510 0.303 0.158 0.461 0.420 0.551 0.350 0.380 0.094 0.020 0.695 
354 0.609 0.658 0.686 0.667 0.686 0.689 0.689 0.685 0.689 0.687 0.648 0.508 0.303 0.163 0.464 0.423 0.546 0.350 0.397 0.100 0.020 0.695 
355 0.607 0.660 0.688 0.662 0.685 0.692 0.688 0.681 0.686 0.687 0.648 0.504 0.307 0.164 0.460 0.424 0.536 0.358 0.390 0.100 0.021 0.694 
356 0.607 0.662 0.686 0.670 0.682 0.695 0.688 0.683 0.686 0.691 0.652 0.503 0.307 0.162 0.467 0.420 0.535 0.365 0.399 0.093 0.021 0.696 
357 0.604 0.669 0.688 0.674 0.683 0.699 0.692 0.683 0.688 0.692 0.652 0.505 0.307 0.159 0.469 0.418 0.538 0.363 0.395 0.092 0.021 0.697 
358 0.612 0.667 0.689 0.675 0.685 0.705 0.692 0.688 0.688 0.695 0.651 0.503 0.310 0.160 0.469 0.417 0.543 0.369 0.388 0.092 0.021 0.699 
359 0.615 0.662 0.685 0.680 0.684 0.702 0.693 0.687 0.695 0.692 0.650 0.502 0.310 0.167 0.469 0.423 0.542 0.369 0.387 0.087 0.020 0.701 
360 0.620 0.659 0.685 0.682 0.681 0.698 0.695 0.685 0.692 0.692 0.651 0.505 0.305 0.172 0.464 0.426 0.548 0.368 0.397 0.088 0.023 0.701 
361 0.618 0.659 0.685 0.681 0.685 0.696 0.693 0.679 0.689 0.688 0.649 0.501 0.302 0.171 0.471 0.431 0.559 0.368 0.407 0.088 0.022 0.699 
362 0.618 0.656 0.687 0.679 0.685 0.690 0.696 0.678 0.687 0.686 0.646 0.500 0.304 0.170 0.471 0.432 0.561 0.365 0.406 0.095 0.023 0.695 
363 0.629 0.652 0.686 0.676 0.687 0.687 0.698 0.681 0.686 0.687 0.646 0.505 0.308 0.170 0.465 0.437 0.564 0.364 0.404 0.094 0.023 0.694 
364 0.624 0.653 0.686 0.668 0.686 0.686 0.698 0.684 0.693 0.685 0.642 0.509 0.305 0.175 0.468 0.440 0.568 0.365 0.394 0.097 0.024 0.694 
365 0.626 0.650 0.684 0.663 0.682 0.685 0.698 0.690 0.693 0.687 0.638 0.510 0.305 0.176 0.468 0.435 0.568 0.365 0.381 0.097 0.023 0.692 
366 0.624 0.657 0.687 0.663 0.682 0.689 0.697 0.691 0.690 0.686 0.640 0.508 0.304 0.181 0.464 0.432 0.575 0.358 0.380 0.100 0.024 0.692 
367 0.626 0.660 0.690 0.661 0.688 0.690 0.698 0.689 0.688 0.685 0.640 0.511 0.310 0.188 0.463 0.427 0.572 0.353 0.382 0.100 0.025 0.692 
368 0.627 0.665 0.686 0.661 0.687 0.694 0.696 0.690 0.691 0.683 0.641 0.506 0.313 0.182 0.462 0.432 0.570 0.351 0.385 0.105 0.024 0.693 
369 0.623 0.666 0.682 0.665 0.692 0.696 0.697 0.688 0.692 0.689 0.639 0.509 0.320 0.183 0.457 0.431 0.574 0.350 0.383 0.112 0.025 0.695 
370 0.626 0.665 0.685 0.663 0.688 0.698 0.694 0.693 0.694 0.689 0.646 0.514 0.321 0.184 0.460 0.437 0.578 0.353 0.396 0.120 0.025 0.698 
371 0.632 0.667 0.682 0.659 0.685 0.697 0.699 0.693 0.697 0.694 0.647 0.515 0.321 0.178 0.468 0.436 0.576 0.363 0.416 0.116 0.025 0.698 
372 0.631 0.664 0.686 0.672 0.687 0.695 0.699 0.691 0.702 0.692 0.645 0.514 0.323 0.178 0.463 0.447 0.570 0.373 0.415 0.114 0.026 0.698 
373 0.633 0.665 0.688 0.668 0.691 0.690 0.701 0.691 0.698 0.694 0.647 0.515 0.318 0.175 0.465 0.448 0.562 0.369 0.419 0.113 0.028 0.699 
374 0.626 0.660 0.687 0.666 0.692 0.688 0.701 0.692 0.698 0.695 0.646 0.522 0.324 0.175 0.466 0.453 0.560 0.370 0.432 0.114 0.027 0.698 
375 0.626 0.659 0.685 0.676 0.694 0.691 0.698 0.688 0.694 0.694 0.648 0.524 0.319 0.177 0.464 0.457 0.553 0.374 0.425 0.116 0.026 0.696 
376 0.627 0.661 0.684 0.693 0.697 0.693 0.697 0.686 0.693 0.694 0.646 0.523 0.321 0.180 0.460 0.455 0.552 0.379 0.429 0.112 0.027 0.694 
377 0.622 0.656 0.683 0.700 0.697 0.694 0.695 0.687 0.692 0.690 0.648 0.524 0.319 0.176 0.459 0.449 0.545 0.376 0.429 0.108 0.027 0.693 
378 0.617 0.657 0.685 0.692 0.697 0.692 0.696 0.688 0.690 0.688 0.649 0.521 0.321 0.173 0.457 0.441 0.551 0.378 0.429 0.102 0.026 0.693 
379 0.620 0.652 0.683 0.702 0.695 0.695 0.695 0.689 0.690 0.683 0.644 0.521 0.320 0.168 0.458 0.443 0.555 0.382 0.417 0.103 0.027 0.694 
380 0.624 0.656 0.680 0.692 0.693 0.698 0.690 0.690 0.688 0.683 0.643 0.520 0.319 0.172 0.464 0.448 0.560 0.383 0.403 0.109 0.026 0.694 
381 0.621 0.663 0.684 0.689 0.692 0.697 0.692 0.692 0.686 0.685 0.634 0.522 0.317 0.171 0.467 0.447 0.557 0.377 0.403 0.113 0.027 0.694 
382 0.627 0.658 0.686 0.683 0.691 0.696 0.689 0.692 0.685 0.693 0.639 0.520 0.314 0.172 0.465 0.443 0.554 0.382 0.412 0.114 0.029 0.693 
383 0.625 0.656 0.685 0.684 0.685 0.696 0.691 0.689 0.685 0.689 0.638 0.521 0.311 0.164 0.459 0.448 0.556 0.376 0.408 0.116 0.029 0.693 
384 0.621 0.665 0.689 0.673 0.683 0.703 0.694 0.692 0.687 0.693 0.640 0.520 0.311 0.163 0.463 0.452 0.555 0.372 0.410 0.113 0.026 0.693 
385 0.628 0.664 0.688 0.681 0.680 0.705 0.695 0.696 0.688 0.693 0.643 0.523 0.314 0.163 0.463 0.453 0.563 0.372 0.413 0.116 0.025 0.696 
386 0.629 0.663 0.691 0.675 0.678 0.705 0.698 0.697 0.694 0.693 0.645 0.520 0.316 0.163 0.464 0.455 0.560 0.372 0.418 0.113 0.025 0.696 
387 0.625 0.659 0.697 0.677 0.678 0.705 0.693 0.695 0.697 0.694 0.642 0.521 0.319 0.163 0.462 0.452 0.558 0.374 0.420 0.119 0.026 0.699 
388 0.629 0.656 0.698 0.671 0.680 0.706 0.693 0.696 0.700 0.691 0.642 0.517 0.322 0.172 0.461 0.459 0.552 0.372 0.420 0.127 0.026 0.699 
389 0.621 0.663 0.694 0.673 0.680 0.705 0.695 0.697 0.694 0.689 0.641 0.519 0.324 0.169 0.463 0.451 0.551 0.376 0.404 0.129 0.027 0.700 
390 0.625 0.659 0.687 0.675 0.688 0.704 0.693 0.694 0.696 0.684 0.637 0.513 0.330 0.168 0.461 0.450 0.552 0.394 0.410 0.132 0.027 0.697 
391 0.626 0.656 0.682 0.675 0.688 0.699 0.692 0.692 0.694 0.684 0.642 0.518 0.328 0.174 0.453 0.451 0.546 0.392 0.407 0.128 0.029 0.694 
392 0.634 0.657 0.685 0.669 0.684 0.697 0.688 0.689 0.692 0.684 0.640 0.519 0.326 0.175 0.454 0.451 0.546 0.386 0.415 0.128 0.031 0.692 
393 0.634 0.658 0.683 0.668 0.682 0.697 0.690 0.690 0.690 0.682 0.637 0.518 0.327 0.173 0.459 0.449 0.544 0.378 0.414 0.129 0.031 0.691 
394 0.639 0.660 0.682 0.670 0.683 0.700 0.692 0.689 0.689 0.686 0.638 0.519 0.327 0.172 0.466 0.456 0.537 0.373 0.411 0.123 0.033 0.689 
395 0.640 0.658 0.684 0.668 0.681 0.697 0.694 0.688 0.692 0.682 0.636 0.517 0.336 0.172 0.460 0.453 0.541 0.371 0.409 0.124 0.033 0.689 
396 0.646 0.659 0.686 0.672 0.680 0.694 0.697 0.688 0.696 0.678 0.635 0.514 0.334 0.175 0.463 0.449 0.546 0.363 0.416 0.122 0.032 0.691 
397 0.639 0.667 0.688 0.672 0.681 0.694 0.700 0.690 0.697 0.676 0.637 0.516 0.332 0.180 0.469 0.447 0.559 0.369 0.419 0.120 0.031 0.692 
398 0.638 0.665 0.692 0.661 0.689 0.696 0.701 0.694 0.700 0.675 0.635 0.516 0.334 0.185 0.466 0.440 0.566 0.378 0.415 0.127 0.031 0.693 
399 0.643 0.667 0.688 0.668 0.693 0.698 0.701 0.697 0.704 0.677 0.636 0.510 0.326 0.190 0.465 0.442 0.566 0.386 0.418 0.121 0.031 0.695 
400 0.649 0.671 0.687 0.664 0.694 0.697 0.702 0.699 0.705 0.685 0.637 0.507 0.325 0.193 0.465 0.436 0.562 0.395 0.416 0.124 0.032 0.698 
401 0.652 0.665 0.688 0.659 0.694 0.698 0.704 0.697 0.711 0.684 0.641 0.510 0.332 0.200 0.458 0.436 0.562 0.401 0.419 0.129 0.032 0.700 
402 0.642 0.669 0.686 0.664 0.692 0.693 0.705 0.700 0.706 0.683 0.646 0.516 0.327 0.209 0.455 0.441 0.560 0.399 0.418 0.128 0.033 0.703 
403 0.640 0.671 0.689 0.661 0.688 0.698 0.708 0.694 0.702 0.687 0.646 0.521 0.331 0.209 0.457 0.444 0.562 0.403 0.411 0.127 0.033 0.703 
404 0.639 0.667 0.690 0.662 0.685 0.697 0.701 0.690 0.696 0.689 0.643 0.516 0.332 0.207 0.455 0.439 0.555 0.408 0.409 0.127 0.033 0.701 
405 0.636 0.670 0.686 0.669 0.682 0.695 0.697 0.689 0.699 0.685 0.647 0.522 0.328 0.205 0.455 0.438 0.556 0.399 0.411 0.122 0.034 0.697 
406 0.631 0.671 0.684 0.674 0.685 0.695 0.694 0.686 0.699 0.685 0.641 0.521 0.325 0.201 0.451 0.440 0.559 0.407 0.405 0.125 0.034 0.695 
407 0.630 0.670 0.685 0.669 0.685 0.695 0.689 0.689 0.694 0.681 0.641 0.519 0.330 0.196 0.449 0.443 0.555 0.409 0.410 0.121 0.034 0.695 
408 0.634 0.667 0.684 0.674 0.692 0.697 0.688 0.691 0.693 0.676 0.640 0.520 0.322 0.194 0.454 0.434 0.559 0.411 0.396 0.127 0.034 0.692 
409 0.636 0.659 0.684 0.668 0.688 0.700 0.689 0.688 0.695 0.681 0.634 0.521 0.314 0.191 0.455 0.433 0.558 0.406 0.396 0.127 0.034 0.692 
410 0.639 0.663 0.682 0.669 0.695 0.699 0.688 0.689 0.694 0.681 0.633 0.528 0.315 0.191 0.452 0.430 0.551 0.404 0.406 0.130 0.035 0.691 
411 0.643 0.661 0.682 0.682 0.698 0.703 0.689 0.691 0.693 0.683 0.642 0.533 0.318 0.200 0.458 0.425 0.546 0.404 0.413 0.133 0.034 0.691 
412 0.641 0.665 0.686 0.697 0.697 0.705 0.690 0.691 0.693 0.686 0.642 0.532 0.321 0.204 0.458 0.427 0.545 0.406 0.416 0.134 0.034 0.692 
413 0.646 0.663 0.686 0.703 0.696 0.708 0.692 0.689 0.692 0.685 0.647 0.533 0.323 0.199 0.459 0.424 0.542 0.408 0.429 0.148 0.035 0.695 
414 0.642 0.662 0.690 0.691 0.699 0.706 0.695 0.687 0.696 0.693 0.648 0.534 0.325 0.196 0.462 0.433 0.559 0.404 0.437 0.144 0.034 0.695 
415 0.639 0.663 0.692 0.689 0.701 0.705 0.696 0.690 0.700 0.691 0.653 0.536 0.322 0.198 0.461 0.437 0.557 0.403 0.435 0.145 0.034 0.698 
416 0.639 0.664 0.694 0.691 0.711 0.701 0.695 0.687 0.701 0.685 0.658 0.534 0.320 0.191 0.466 0.435 0.562 0.397 0.434 0.149 0.032 0.698 
417 0.638 0.661 0.691 0.700 0.703 0.698 0.693 0.690 0.695 0.689 0.655 0.530 0.325 0.196 0.471 0.440 0.563 0.397 0.436 0.146 0.030 0.697 
418 0.650 0.664 0.692 0.693 0.703 0.693 0.694 0.693 0.699 0.690 0.652 0.530 0.328 0.203 0.463 0.435 0.564 0.398 0.441 0.149 0.031 0.694 
419 0.646 0.670 0.691 0.687 0.706 0.689 0.697 0.690 0.698 0.688 0.653 0.522 0.328 0.197 0.464 0.437 0.571 0.402 0.442 0.150 0.031 0.693 
420 0.642 0.672 0.691 0.691 0.704 0.691 0.695 0.687 0.701 0.682 0.653 0.526 0.329 0.201 0.463 0.431 0.574 0.392 0.437 0.147 0.031 0.692 
421 0.647 0.673 0.690 0.698 0.693 0.690 0.697 0.688 0.699 0.679 0.651 0.525 0.333 0.197 0.465 0.422 0.573 0.387 0.436 0.147 0.032 0.692 
422 0.641 0.666 0.687 0.692 0.684 0.693 0.697 0.686 0.701 0.682 0.653 0.524 0.335 0.198 0.467 0.427 0.576 0.386 0.425 0.142 0.034 0.692 
423 0.639 0.666 0.683 0.692 0.678 0.693 0.691 0.688 0.703 0.684 0.651 0.525 0.330 0.203 0.465 0.427 0.567 0.392 0.420 0.138 0.034 0.693 
424 0.633 0.667 0.684 0.688 0.677 0.695 0.689 0.689 0.708 0.682 0.651 0.526 0.327 0.199 0.463 0.423 0.574 0.393 0.409 0.141 0.035 0.692 
425 0.627 0.670 0.683 0.684 0.673 0.697 0.690 0.690 0.707 0.681 0.648 0.525 0.325 0.199 0.462 0.424 0.570 0.400 0.395 0.148 0.035 0.693 
426 0.629 0.668 0.685 0.682 0.669 0.697 0.689 0.686 0.703 0.675 0.645 0.521 0.327 0.201 0.465 0.424 0.572 0.399 0.401 0.146 0.036 0.695 
427 0.638 0.671 0.689 0.683 0.675 0.696 0.691 0.685 0.706 0.680 0.649 0.519 0.332 0.202 0.467 0.424 0.576 0.402 0.394 0.149 0.035 0.696 
428 0.632 0.670 0.690 0.691 0.676 0.697 0.698 0.692 0.708 0.679 0.650 0.522 0.339 0.203 0.465 0.418 0.583 0.400 0.386 0.161 0.037 0.698 
429 0.640 0.672 0.689 0.697 0.682 0.696 0.697 0.693 0.706 0.676 0.648 0.526 0.338 0.206 0.468 0.417 0.587 0.397 0.380 0.164 0.036 0.701 
430 0.644 0.668 0.689 0.685 0.685 0.699 0.701 0.693 0.702 0.677 0.647 0.527 0.329 0.207 0.466 0.424 0.580 0.391 0.371 0.162 0.037 0.702 
431 0.639 0.663 0.692 0.683 0.685 0.699 0.699 0.696 0.698 0.682 0.649 0.531 0.331 0.205 0.468 0.419 0.575 0.394 0.376 0.165 0.039 0.705 
432 0.638 0.657 0.688 0.687 0.684 0.699 0.698 0.694 0.696 0.681 0.647 0.529 0.328 0.200 0.470 0.418 0.580 0.402 0.382 0.171 0.041 0.702 
433 0.646 0.656 0.687 0.691 0.683 0.698 0.697 0.695 0.700 0.680 0.649 0.527 0.331 0.201 0.468 0.416 0.577 0.401 0.379 0.167 0.041 0.697 
434 0.640 0.659 0.686 0.685 0.684 0.696 0.692 0.696 0.694 0.683 0.645 0.534 0.329 0.199 0.466 0.412 0.577 0.399 0.379 0.164 0.040 0.697 
435 0.646 0.652 0.684 0.675 0.684 0.694 0.690 0.693 0.694 0.686 0.647 0.535 0.326 0.201 0.461 0.415 0.565 0.401 0.383 0.165 0.040 0.697 
436 0.648 0.655 0.679 0.676 0.679 0.696 0.691 0.689 0.695 0.689 0.644 0.532 0.321 0.203 0.467 0.416 0.563 0.393 0.398 0.166 0.040 0.696 
437 0.642 0.661 0.681 0.663 0.680 0.697 0.697 0.688 0.695 0.689 0.644 0.530 0.322 0.209 0.466 0.418 0.562 0.400 0.403 0.166 0.040 0.694 
438 0.642 0.661 0.682 0.677 0.678 0.698 0.698 0.688 0.698 0.686 0.639 0.527 0.315 0.207 0.469 0.415 0.561 0.411 0.409 0.168 0.041 0.694 
439 0.640 0.658 0.684 0.673 0.675 0.698 0.700 0.690 0.693 0.687 0.637 0.530 0.318 0.202 0.469 0.415 0.560 0.419 0.409 0.170 0.042 0.691 
440 0.636 0.658 0.688 0.667 0.676 0.696 0.703 0.695 0.700 0.687 0.640 0.532 0.318 0.198 0.471 0.419 0.558 0.424 0.408 0.173 0.040 0.692 
441 0.633 0.653 0.689 0.678 0.673 0.697 0.703 0.693 0.705 0.686 0.641 0.535 0.325 0.199 0.473 0.420 0.567 0.414 0.409 0.170 0.040 0.694 
442 0.644 0.664 0.689 0.680 0.673 0.698 0.699 0.694 0.706 0.685 0.640 0.542 0.324 0.197 0.476 0.418 0.574 0.415 0.403 0.165 0.040 0.694 
443 0.637 0.664 0.691 0.680 0.679 0.697 0.695 0.690 0.706 0.681 0.644 0.543 0.322 0.199 0.477 0.413 0.572 0.410 0.400 0.161 0.041 0.696 
444 0.644 0.668 0.690 0.685 0.687 0.698 0.695 0.695 0.704 0.686 0.647 0.540 0.321 0.200 0.470 0.415 0.572 0.411 0.383 0.163 0.039 0.697 
445 0.638 0.670 0.687 0.677 0.689 0.698 0.695 0.689 0.702 0.687 0.649 0.540 0.321 0.212 0.474 0.408 0.564 0.415 0.383 0.159 0.039 0.694 
446 0.636 0.673 0.688 0.672 0.692 0.691 0.695 0.688 0.702 0.688 0.653 0.539 0.323 0.208 0.473 0.411 0.568 0.415 0.380 0.153 0.038 0.693 
447 0.635 0.674 0.686 0.678 0.690 0.688 0.695 0.687 0.699 0.686 0.650 0.531 0.327 0.209 0.469 0.410 0.562 0.414 0.376 0.157 0.039 0.693 
448 0.640 0.672 0.686 0.666 0.692 0.687 0.692 0.686 0.693 0.686 0.649 0.527 0.323 0.203 0.472 0.408 0.564 0.409 0.376 0.152 0.040 0.693 
449 0.643 0.671 0.685 0.668 0.689 0.692 0.694 0.690 0.694 0.684 0.652 0.523 0.324 0.200 0.471 0.409 0.574 0.413 0.383 0.154 0.038 0.693 
450 0.646 0.670 0.686 0.675 0.684 0.692 0.698 0.693 0.695 0.682 0.649 0.521 0.321 0.204 0.475 0.417 0.573 0.417 0.385 0.153 0.038 0.694 
451 0.643 0.670 0.690 0.679 0.684 0.695 0.700 0.688 0.695 0.679 0.645 0.525 0.326 0.206 0.479 0.411 0.578 0.420 0.398 0.153 0.039 0.695 
452 0.648 0.668 0.691 0.676 0.685 0.697 0.699 0.686 0.695 0.680 0.645 0.526 0.322 0.206 0.483 0.406 0.573 0.422 0.402 0.155 0.040 0.694 
453 0.649 0.670 0.696 0.674 0.682 0.698 0.700 0.686 0.693 0.681 0.645 0.528 0.325 0.209 0.482 0.407 0.576 0.418 0.401 0.157 0.040 0.696 
454 0.648 0.670 0.696 0.677 0.684 0.700 0.700 0.692 0.696 0.685 0.645 0.526 0.326 0.215 0.479 0.407 0.574 0.410 0.411 0.158 0.039 0.698 
455 0.646 0.673 0.696 0.687 0.680 0.701 0.702 0.692 0.698 0.686 0.646 0.521 0.329 0.209 0.478 0.405 0.570 0.419 0.405 0.163 0.039 0.699 
456 0.650 0.672 0.697 0.675 0.677 0.696 0.700 0.690 0.701 0.691 0.646 0.518 0.334 0.216 0.481 0.402 0.576 0.412 0.394 0.166 0.041 0.700 
457 0.651 0.674 0.692 0.687 0.675 0.699 0.700 0.694 0.702 0.688 0.650 0.522 0.339 0.219 0.483 0.399 0.576 0.413 0.393 0.168 0.040 0.699 
458 0.655 0.675 0.694 0.692 0.681 0.699 0.696 0.694 0.698 0.689 0.651 0.526 0.340 0.221 0.484 0.401 0.580 0.412 0.390 0.166 0.041 0.697 
459 0.657 0.669 0.693 0.689 0.680 0.693 0.698 0.690 0.698 0.685 0.646 0.527 0.342 0.220 0.485 0.401 0.586 0.413 0.398 0.163 0.041 0.695 
460 0.661 0.671 0.690 0.679 0.684 0.694 0.697 0.689 0.700 0.683 0.645 0.529 0.341 0.225 0.495 0.397 0.579 0.416 0.402 0.164 0.041 0.693 
461 0.655 0.672 0.693 0.678 0.682 0.698 0.693 0.692 0.692 0.688 0.645 0.525 0.346 0.227 0.503 0.391 0.587 0.424 0.402 0.163 0.038 0.691 
462 0.656 0.672 0.691 0.670 0.684 0.699 0.694 0.688 0.694 0.689 0.643 0.521 0.344 0.223 0.511 0.400 0.589 0.420 0.400 0.160 0.041 0.691 
463 0.646 0.671 0.690 0.674 0.686 0.696 0.692 0.687 0.692 0.688 0.644 0.524 0.341 0.226 0.511 0.398 0.586 0.431 0.402 0.157 0.041 0.692 
464 0.650 0.668 0.684 0.682 0.683 0.699 0.693 0.685 0.693 0.688 0.641 0.518 0.340 0.226 0.510 0.397 0.582 0.435 0.402 0.167 0.040 0.691 
465 0.646 0.668 0.683 0.665 0.682 0.698 0.692 0.687 0.697 0.686 0.640 0.517 0.343 0.224 0.510 0.400 0.578 0.440 0.396 0.166 0.040 0.690 
466 0.647 0.664 0.684 0.666 0.682 0.702 0.691 0.690 0.696 0.684 0.646 0.523 0.344 0.231 0.507 0.402 0.575 0.439 0.404 0.166 0.040 0.691 
467 0.643 0.665 0.683 0.670 0.682 0.701 0.697 0.688 0.697 0.678 0.651 0.519 0.344 0.229 0.504 0.406 0.573 0.436 0.403 0.167 0.042 0.691 
468 0.639 0.663 0.690 0.679 0.687 0.702 0.695 0.689 0.698 0.681 0.655 0.524 0.343 0.227 0.503 0.411 0.583 0.436 0.399 0.165 0.041 0.696 
469 0.632 0.665 0.697 0.675 0.690 0.701 0.695 0.690 0.699 0.681 0.658 0.525 0.340 0.235 0.497 0.406 0.583 0.440 0.397 0.167 0.042 0.699 
470 0.633 0.662 0.699 0.674 0.684 0.698 0.695 0.691 0.701 0.684 0.662 0.524 0.341 0.232 0.492 0.403 0.591 0.440 0.394 0.163 0.047 0.700 
471 0.635 0.663 0.704 0.670 0.686 0.698 0.695 0.690 0.702 0.683 0.657 0.527 0.345 0.236 0.489 0.402 0.592 0.435 0.389 0.165 0.048 0.703 
472 0.637 0.661 0.705 0.672 0.686 0.699 0.693 0.689 0.702 0.684 0.656 0.523 0.356 0.236 0.492 0.397 0.591 0.436 0.395 0.165 0.047 0.702 
473 0.629 0.661 0.700 0.669 0.689 0.698 0.691 0.690 0.697 0.681 0.656 0.524 0.362 0.239 0.492 0.392 0.598 0.433 0.394 0.160 0.049 0.697 
474 0.627 0.669 0.699 0.687 0.687 0.697 0.688 0.685 0.697 0.686 0.654 0.522 0.360 0.230 0.489 0.398 0.603 0.439 0.402 0.159 0.051 0.697 
475 0.635 0.665 0.698 0.692 0.683 0.692 0.688 0.681 0.696 0.684 0.655 0.521 0.359 0.227 0.491 0.395 0.596 0.438 0.406 0.162 0.052 0.695 
476 0.647 0.659 0.697 0.707 0.680 0.688 0.689 0.684 0.695 0.685 0.654 0.525 0.361 0.230 0.491 0.397 0.593 0.442 0.397 0.167 0.053 0.692 
477 0.648 0.665 0.691 0.704 0.683 0.690 0.687 0.684 0.695 0.681 0.653 0.523 0.358 0.235 0.492 0.396 0.597 0.444 0.388 0.171 0.055 0.693 
478 0.648 0.663 0.691 0.696 0.687 0.694 0.689 0.685 0.696 0.684 0.653 0.526 0.359 0.233 0.489 0.384 0.596 0.442 0.392 0.175 0.056 0.692 
479 0.651 0.666 0.691 0.686 0.685 0.693 0.690 0.691 0.694 0.684 0.656 0.525 0.361 0.239 0.492 0.383 0.595 0.445 0.395 0.170 0.059 0.691 
480 0.650 0.667 0.694 0.683 0.684 0.695 0.690 0.693 0.699 0.691 0.656 0.524 0.365 0.239 0.496 0.383 0.596 0.449 0.387 0.170 0.059 0.693 
481 0.654 0.670 0.698 0.682 0.685 0.698 0.696 0.697 0.700 0.688 0.653 0.522 0.365 0.246 0.493 0.382 0.602 0.451 0.392 0.174 0.058 0.696 
482 0.651 0.674 0.697 0.681 0.686 0.698 0.695 0.699 0.702 0.692 0.654 0.516 0.370 0.250 0.494 0.380 0.601 0.456 0.396 0.177 0.061 0.697 
483 0.648 0.681 0.696 0.683 0.691 0.700 0.697 0.698 0.702 0.695 0.657 0.512 0.375 0.258 0.496 0.381 0.606 0.450 0.391 0.178 0.062 0.698 
484 0.651 0.681 0.699 0.674 0.690 0.699 0.703 0.700 0.702 0.696 0.650 0.509 0.376 0.252 0.507 0.377 0.594 0.450 0.406 0.183 0.060 0.700 
485 0.652 0.679 0.697 0.670 0.687 0.695 0.698 0.698 0.700 0.694 0.646 0.514 0.377 0.246 0.501 0.379 0.593 0.460 0.413 0.178 0.060 0.701 
486 0.657 0.677 0.700 0.672 0.686 0.695 0.700 0.691 0.699 0.689 0.646 0.514 0.367 0.245 0.508 0.379 0.588 0.464 0.422 0.174 0.060 0.697 
487 0.655 0.674 0.698 0.678 0.689 0.686 0.701 0.691 0.702 0.688 0.644 0.516 0.370 0.252 0.510 0.386 0.582 0.464 0.421 0.175 0.061 0.695 
488 0.653 0.671 0.695 0.678 0.687 0.686 0.704 0.692 0.701 0.685 0.642 0.510 0.370 0.257 0.505 0.390 0.586 0.457 0.417 0.172 0.064 0.694 
489 0.648 0.667 0.697 0.680 0.688 0.688 0.700 0.688 0.701 0.683 0.642 0.513 0.369 0.244 0.503 0.396 0.587 0.450 0.419 0.171 0.065 0.693 
490 0.646 0.662 0.695 0.678 0.693 0.694 0.700 0.687 0.699 0.679 0.642 0.515 0.363 0.248 0.492 0.397 0.596 0.447 0.416 0.173 0.065 0.695 
491 0.643 0.665 0.696 0.681 0.696 0.696 0.698 0.689 0.697 0.682 0.641 0.518 0.369 0.247 0.488 0.403 0.594 0.449 0.410 0.172 0.064 0.696 
492 0.636 0.668 0.695 0.684 0.692 0.697 0.697 0.689 0.700 0.682 0.637 0.518 0.369 0.251 0.489 0.399 0.590 0.446 0.415 0.173 0.063 0.694 
493 0.635 0.667 0.690 0.691 0.696 0.697 0.695 0.690 0.695 0.687 0.633 0.520 0.369 0.247 0.489 0.403 0.603 0.449 0.416 0.171 0.064 0.696 
494 0.637 0.668 0.691 0.691 0.690 0.701 0.694 0.693 0.696 0.685 0.638 0.517 0.366 0.244 0.494 0.411 0.594 0.444 0.418 0.171 0.062 0.697 
495 0.644 0.670 0.695 0.695 0.691 0.702 0.691 0.694 0.695 0.692 0.642 0.521 0.365 0.241 0.495 0.405 0.596 0.442 0.431 0.170 0.062 0.698 
496 0.644 0.675 0.693 0.709 0.693 0.699 0.685 0.698 0.694 0.692 0.643 0.524 0.357 0.240 0.495 0.401 0.596 0.443 0.431 0.169 0.062 0.701 
497 0.646 0.674 0.689 0.709 0.685 0.700 0.681 0.700 0.694 0.687 0.646 0.517 0.358 0.255 0.502 0.396 0.587 0.441 0.442 0.170 0.062 0.700 
498 0.646 0.671 0.686 0.705 0.684 0.700 0.685 0.703 0.697 0.688 0.650 0.520 0.354 0.250 0.502 0.402 0.588 0.441 0.442 0.165 0.064 0.701 
499 0.656 0.670 0.684 0.707 0.682 0.697 0.684 0.699 0.692 0.688 0.649 0.524 0.357 0.250 0.503 0.402 0.581 0.443 0.438 0.164 0.063 0.699 