0 0 1 0 0 0 0 0 0 0 14 0 0 0 32 0 0 0 9 0 1 1 0 58
1 0 0 10 0 0 0 0 0 15 13 0 0 1 0 0 0 0 17 0 0 2 0 58
2 0 0 0 0 0 0 0 0 0 0 0 0 0 0 0 0 0 19 0 0 1 0 20
3 0 0 0 12 0 0 0 0 1 0 0 0 0 2 0 0 0 2 0 0 8 0 25
4 0 0 0 0 0 0 0 0 0 0 0 0 0 31 0 0 0 1 0 0 2 0 34
5 0 0 0 0 0 0 0 1 0 0 0 0 38 8 0 0 0 3 0 0 1 0 51
6 0 0 0 0 0 0 0 0 0 1 0 0 0 0 0 0 0 7 0 0 0 0 8
7 0 0 0 0 0 0 1 0 0 0 0 0 1 1 0 0 0 1 0 0 22 0 26
8 1 0 0 0 0 0 1 0 0 0 0 0 0 0 0 0 0 49 0 0 1 0 52
9 0 0 0 0 0 0 0 0 0 29 0 1 18 1 0 0 0 0 11 0 33 0 93
10 0 0 0 0 0 0 0 0 0 1 1 0 0 1 0 0 0 2 0 0 2 0 7
11 0 1 0 0 0 0 0 0 0 1 0 0 0 15 0 0 0 24 0 0 26 0 67
12 0 0 0 0 0 0 0 1 0 0 0 0 1 0 0 0 0 31 0 0 27 0 60
13 0 0 0 0 0 0 0 1 0 0 0 0 0 0 0 0 0 0 0 0 2 0 3
14 7 0 0 0 0 0 0 0 0 0 20 0 0 0 0 0 0 0 0 0 17 0 44
15 0 10 0 0 0 0 0 0 0 0 0 0 32 0 0 0 0 0 5 0 31 0 78
16 0 7 0 0 0 0 0 0 0 0 0 0 0 47 0 0 0 1 0 0 17 0 72
17 0 12 0 0 0 0 0 0 0 0 0 19 0 0 0 0 0 9 0 0 0 0 40
18 1 2 0 0 0 0 1 0 0 17 0 1 52 0 0 0 1 0 0 0 3 0 78
19 0 0 0 0 0 0 0 0 0 0 1 0 4 0 0 0 6 2 0 0 0 0 13
20 0 0 0 0 0 0 0 0 0 1 1 0 0 1 0 0 0 0 0 0 21 0 24
21 1 0 0 0 0 0 0 0 0 0 0 0 0 6 0 0 0 0 0 0 0 0 7
22 0 1 0 0 0 0 0 0 0 1 0 0 0 1 0 0 0 0 0 0 4 0 7
23 0 1 0 0 0 0 0 0 0 0 0 0 21 0 15 0 0 0 0 0 22 0 59
24 0 31 0 0 0 0 0 0 0 0 0 0 0 6 0 4 0 0 0 0 13 0 54
25 1 0 0 0 0 0 0 0 0 0 52 16 0 0 0 0 0 0 27 0 8 0 104
26 0 0 0 0 0 0 0 0 0 0 13 0 0 7 0 0 0 15 0 0 1 0 36
27 0 0 0 0 0 0 0 0 0 0 32 1 0 0 0 0 1 0 0 0 60 0 94
28 0 0 0 0 0 0 0 0 0 0 0 21 21 17 0 0 1 24 10 0 1 0 95
29 14 0 0 0 0 1 1 0 0 0 0 1 4 0 0 0 0 14 0 0 41 0 76
30 0 0 0 0 0 0 18 0 0 0 0 0 21 0 0 0 8 0 0 0 27 0 74
31 0 0 0 0 0 0 1 0 0 0 20 0 34 13 0 0 0 0 0 0 19 0 87
32 24 10 0 0 0 3 0 0 0 0 0 16 83 1 0 0 0 0 0 1 28 0 166
33 20 0 0 0 0 0 0 0 0 0 21 0 0 15 0 0 1 11 0 0 1 0 69
34 0 0 0 0 0 0 0 0 0 1 17 28 0 38 0 0 0 0 0 0 22 0 106
35 26 1 0 0 0 19 0 0 0 1 0 0 0 0 0 0 0 14 0 0 29 0 90
36 1 22 0 0 0 0 1 0 0 1 1 0 0 18 0 0 0 0 7 0 2 0 53
37 0 2 0 0 0 0 0 0 0 21 3 0 50 0 0 0 0 0 0 0 35 0 111
38 0 7 0 0 0 0 0 0 0 1 0 1 24 0 0 0 22 0 0 0 40 0 95
39 0 22 0 0 0 0 0 0 0 0 0 0 13 15 0 0 0 0 0 0 21 0 71
40 18 28 0 0 0 1 0 0 0 2 0 0 26 13 0 0 12 0 1 0 98 0 199
41 47 0 0 0 0 0 0 0 0 25 0 0 0 10 0 0 0 0 0 0 60 0 142
42 0 1 0 0 0 0 1 0 0 21 0 0 23 1 0 0 1 0 1 0 29 0 78
43 0 1 0 0 0 26 0 0 0 0 1 0 0 0 0 0 1 1 15 0 19 0 64
44 0 2 0 0 0 0 0 0 0 1 0 0 0 43 0 0 34 1 0 0 2 0 83
45 11 7 0 0 0 0 0 0 11 0 0 0 0 12 0 1 19 1 0 0 10 0 72
46 0 18 0 0 0 0 0 0 0 0 0 0 11 17 0 0 1 15 0 0 0 0 62
47 0 0 0 0 0 0 17 0 21 42 0 0 21 16 0 0 0 0 0 0 0 0 117
48 0 1 0 0 0 26 3 5 0 0 0 0 9 0 0 0 0 15 0 0 1 0 60
49 0 8 0 0 0 1 53 0 0 27 0 0 10 0 0 0 0 14 0 2 20 0 135
50 0 10 0 0 0 13 7 0 0 37 0 0 1 2 0 0 60 0 0 0 19 0 149
51 0 14 0 0 0 22 81 0 0 16 0 0 1 15 0 0 0 0 19 1 1 0 170
52 0 0 0 0 0 1 10 0 0 2 0 0 77 0 0 0 0 0 0 0 27 0 117
53 21 0 0 0 0 27 0 0 0 49 16 28 0 0 0 0 0 0 0 0 81 0 222
54 17 0 0 0 0 0 0 0 1 10 0 0 62 5 0 0 0 1 0 0 29 0 125
55 0 44 0 0 0 2 0 0 51 1 1 1 0 0 0 0 0 0 0 31 1 0 132
56 0 25 0 0 0 0 18 0 30 0 0 0 0 30 0 0 0 0 0 0 26 0 129
57 1 2 0 0 0 0 14 0 0 0 2 38 0 0 0 0 0 1 0 0 0 0 58
58 0 0 0 0 0 18 0 0 15 17 0 0 2 6 0 0 0 0 0 0 0 0 58
59 0 0 0 0 0 11 49 0 0 1 1 0 13 17 0 0 1 0 1 22 43 0 159
60 0 7 0 0 0 10 2 5 20 14 0 0 0 0 0 0 1 14 0 0 31 0 104
61 0 0 0 0 11 0 85 0 0 0 0 0 12 1 0 0 1 11 0 0 19 0 140
62 1 0 0 1 41 72 22 0 1 36 0 1 0 0 0 0 2 0 0 4 29 0 210
63 0 1 0 0 0 1 31 10 3 14 13 1 0 0 0 0 11 0 0 4 12 0 101
64 0 0 0 25 0 0 14 1 20 10 0 0 0 0 0 0 31 2 0 0 0 0 103
65 0 2 1 0 0 2 3 0 0 26 1 0 0 0 0 0 0 1 0 0 1 0 37
66 1 0 0 0 0 1 11 0 0 4 0 0 0 0 0 0 16 0 1 0 12 0 46
67 0 1 0 0 0 13 9 0 14 30 0 1 9 0 0 0 1 0 0 19 0 0 97
68 1 10 0 0 0 35 11 0 2 24 1 0 0 1 0 0 0 0 0 0 10 0 95
69 1 3 0 0 0 29 5 0 1 0 0 0 7 1 0 0 0 0 0 0 11 0 58
70 0 16 0 0 0 39 30 0 2 4 7 0 28 0 0 0 0 1 8 0 0 0 135
71 66 0 0 0 5 10 0 1 1 27 0 0 10 18 0 0 0 12 17 0 14 0 181
72 60 0 0 0 0 7 22 0 0 37 0 6 14 39 0 0 0 16 0 0 16 0 217
73 1 2 0 0 0 46 50 0 0 2 0 0 22 0 0 0 0 26 0 0 20 0 169
74 0 22 0 0 0 16 0 0 22 16 41 1 16 56 0 0 0 0 0 0 16 0 206
75 0 0 0 0 1 11 0 0 1 1 47 0 19 0 0 0 1 0 0 0 22 0 103
76 0 62 0 0 0 0 9 0 0 40 0 42 46 1 0 0 28 0 0 2 20 0 250
77 1 0 0 0 0 0 24 0 1 1 25 0 18 0 0 0 0 0 0 0 1 0 71
78 0 0 0 0 1 0 36 0 6 3 0 0 1 0 0 17 0 0 0 0 0 0 64
79 0 0 0 0 0 4 12 0 2 34 0 0 1 0 0 0 0 0 0 1 21 0 75
80 1 0 6 0 0 16 6 0 0 33 0 0 12 0 0 0 0 33 0 0 73 0 180
81 0 1 0 0 0 43 1 1 0 1 28 0 0 0 0 0 0 0 0 8 33 0 116
82 0 18 0 1 0 0 28 0 46 2 0 20 0 0 0 0 0 1 0 22 16 0 154
83 0 0 0 1 0 1 13 1 12 8 2 0 0 0 0 0 1 0 0 0 31 0 70
84 0 1 0 0 0 0 3 0 0 46 0 0 0 0 0 0 0 0 0 0 6 0 56
85 51 0 0 0 0 1 3 1 0 8 6 0 0 0 0 0 0 0 0 2 95 0 167
86 0 0 0 0 1 14 23 0 0 11 26 0 0 0 0 0 0 1 0 0 0 0 76
87 0 1 0 0 0 1 5 1 1 28 0 0 15 0 0 0 0 18 0 3 0 0 73
88 1 29 0 0 0 41 1 19 12 3 0 0 0 0 0 0 0 20 0 0 12 0 138
89 0 51 60 30 0 10 0 0 3 2 0 0 0 0 0 0 0 76 14 0 1 0 247
90 1 0 2 0 0 13 16 0 0 2 2 21 0 0 0 0 34 0 0 2 0 0 93
91 0 0 7 0 23 45 64 0 0 25 2 0 0 4 1 0 82 0 1 0 0 0 254
92 42 0 0 5 21 0 10 16 19 18 1 0 0 0 0 0 11 11 0 17 0 0 171
93 0 0 0 0 0 0 13 11 0 26 7 49 24 1 0 0 0 0 1 1 0 0 133
94 1 0 1 0 0 17 35 43 11 11 7 0 20 1 1 0 19 0 0 1 66 0 234
95 24 0 0 0 0 1 29 74 1 0 37 0 2 0 1 0 19 0 1 0 1 0 190
96 0 0 4 0 0 0 19 13 11 7 1 0 13 0 0 0 0 2 0 0 46 0 116
97 16 13 0 0 0 0 1 55 34 13 6 0 2 0 0 0 0 0 0 0 38 0 178
98 3 0 0 0 23 2 9 51 26 30 52 2 0 0 28 0 0 0 0 0 0 0 226
99 0 10 1 0 0 20 15 53 20 3 0 0 0 10 13 0 0 3 0 0 15 0 163
100 0 0 0 0 0 0 2 1 2 31 15 0 17 1 0 0 0 0 0 2 14 0 85
101 0 37 0 0 0 0 73 1 8 1 9 0 0 24 0 0 0 0 0 0 1 0 154
102 1 54 1 18 0 0 4 0 9 20 0 13 0 1 1 0 0 0 1 0 1 0 124
103 0 3 26 0 0 16 24 0 0 21 0 0 11 14 1 1 0 0 34 0 1 0 152
104 0 42 9 0 0 14 29 47 2 41 0 0 0 0 0 0 0 0 0 0 2 0 186
105 26 46 24 0 0 17 20 55 3 27 0 0 0 0 0 0 1 0 0 15 2 0 236
106 0 26 52 0 36 0 22 7 2 30 0 0 0 0 1 0 0 1 0 0 1 0 178
107 0 0 51 0 24 28 1 22 24 36 0 0 0 45 0 0 37 0 0 0 49 0 317
108 0 0 43 8 4 12 23 53 32 7 0 0 2 1 0 0 11 1 0 0 0 0 197
109 17 0 8 0 0 16 2 50 24 0 16 1 1 0 0 0 13 0 0 0 18 0 166
110 0 0 41 1 0 31 53 19 1 1 0 0 17 0 1 0 0 0 0 1 2 0 168
111 0 7 18 0 0 25 29 0 1 11 37 0 31 0 0 0 0 0 12 0 38 0 209
112 28 0 1 0 0 16 16 35 7 5 29 0 1 0 0 0 0 0 0 0 0 0 138
113 0 0 56 0 33 21 20 2 18 12 2 0 0 0 1 0 0 0 0 1 17 0 183
114 0 0 21 0 0 27 1 0 0 0 0 0 34 0 0 0 0 0 0 0 4 0 87
115 0 45 1 0 1 15 35 1 1 0 0 0 0 20 0 0 1 0 14 15 69 0 218
116 1 10 2 15 0 1 20 0 6 2 51 0 8 0 13 0 0 0 1 0 26 0 156
117 0 15 0 0 0 0 34 50 13 50 2 0 0 24 0 0 0 0 0 1 17 0 206
118 1 4 0 0 21 10 23 0 14 5 32 12 0 34 1 0 0 46 0 1 5 0 209
119 11 3 0 0 1 1 19 10 22 1 13 13 0 0 18 0 19 9 0 0 21 0 161
120 0 24 0 0 2 22 47 33 13 5 20 28 1 0 35 0 12 0 0 3 53 0 298
121 2 54 24 0 0 2 0 20 1 43 7 27 10 0 0 0 0 0 0 3 1 0 194
122 25 26 2 1 14 4 11 70 24 21 3 0 0 0 0 0 0 0 0 0 21 0 222
123 0 10 30 0 1 0 37 23 7 12 4 8 4 0 0 0 1 0 0 0 17 0 154
124 0 0 41 0 0 19 45 24 9 3 41 0 1 0 33 0 0 0 0 1 2 0 219
125 17 0 0 1 34 4 61 17 0 30 1 0 1 0 0 0 52 0 0 1 42 0 261
126 41 0 14 1 37 11 30 27 13 48 47 0 0 0 0 0 0 5 0 0 0 0 274
127 0 23 4 0 1 14 2 13 10 5 70 23 11 0 1 0 0 2 14 10 46 0 249
128 1 0 25 28 0 1 49 1 1 20 13 1 11 0 0 0 11 2 1 0 0 0 165
129 16 6 28 0 0 64 1 0 30 27 16 0 18 0 0 0 19 42 0 0 30 0 297
130 12 68 2 0 1 2 25 0 13 4 3 1 0 0 24 0 47 1 0 0 12 0 215
131 0 50 7 3 1 19 30 15 1 0 1 0 0 25 12 0 0 10 0 0 0 0 174
132 0 0 4 0 0 18 1 0 28 41 9 0 29 0 1 0 3 0 0 0 1 0 135
133 1 10 23 6 0 6 1 28 13 54 46 0 1 46 0 0 10 1 0 0 1 0 247
134 0 11 14 4 1 34 2 7 1 20 41 21 1 0 0 0 22 0 0 0 41 0 220
135 0 0 14 52 0 5 2 0 1 11 53 39 1 0 51 0 1 0 0 1 36 0 267
136 0 22 16 0 1 23 4 19 2 44 1 50 0 0 19 0 0 0 0 0 28 0 229
137 1 0 0 14 0 7 13 28 6 11 5 9 2 0 25 0 40 14 0 0 18 0 193
138 0 1 13 12 1 0 22 49 23 11 0 1 32 0 0 0 10 24 0 0 10 0 209
139 42 0 0 3 108 11 5 1 34 33 9 1 1 0 1 0 0 65 25 1 0 0 340
140 0 0 1 66 72 4 10 14 3 21 0 11 28 0 0 0 0 1 0 0 0 0 231
141 0 0 61 52 50 0 21 28 1 12 47 0 7 0 0 0 1 0 0 0 0 0 280
142 1 3 2 2 49 25 36 3 13 13 31 0 17 0 0 0 7 0 4 16 25 0 247
143 0 9 30 0 27 24 31 48 15 18 27 0 0 0 28 0 0 0 1 1 22 0 281
144 0 58 35 2 23 2 60 1 47 32 3 0 0 0 0 0 28 0 0 0 3 0 294
145 1 33 3 54 0 13 2 0 1 1 76 0 0 0 2 0 1 0 0 34 39 0 260
146 40 0 18 34 0 24 30 2 2 2 23 0 2 0 0 0 0 0 15 0 17 0 209
147 36 0 60 12 1 6 12 1 36 3 15 1 0 0 48 0 0 0 0 0 63 0 294
148 2 1 50 20 0 14 2 0 17 3 0 3 0 0 26 0 0 2 0 0 13 0 153
149 0 1 19 20 0 20 19 0 0 5 1 0 0 0 0 0 0 18 1 0 1 0 105
150 1 28 23 1 20 10 7 14 10 37 2 30 0 0 1 0 5 1 6 0 5 0 201
151 1 4 2 14 57 23 37 33 8 19 0 69 0 41 0 0 0 1 0 0 22 0 331
152 1 2 2 27 25 40 49 2 38 27 0 24 0 0 0 0 0 6 0 0 1 0 244
153 0 22 9 0 48 1 35 2 7 4 2 12 0 0 0 0 0 2 0 11 7 0 162
154 0 42 18 0 55 32 2 16 2 16 60 0 14 0 1 0 0 1 0 0 0 0 259
155 0 21 2 3 1 2 16 1 0 64 9 1 1 0 0 0 0 7 0 0 1 0 129
156 30 29 25 24 0 52 41 19 31 24 34 0 3 0 28 0 0 11 0 0 1 0 352
157 2 43 49 18 11 14 7 79 8 2 22 11 1 0 0 0 0 2 0 1 16 0 286
158 2 20 0 12 0 19 16 1 3 17 22 1 12 0 1 0 0 9 0 0 27 0 162
159 17 1 11 0 0 25 8 23 13 9 2 0 0 0 1 0 0 27 11 0 0 0 148
160 15 77 4 0 36 0 20 7 18 44 41 7 0 0 11 0 16 2 8 0 20 0 326
161 0 16 38 0 1 31 20 0 20 38 15 12 0 0 21 0 6 0 14 0 0 0 232
162 0 8 61 14 1 12 13 34 10 45 7 1 0 0 37 0 24 0 0 0 0 0 267
163 0 19 10 24 32 1 8 39 0 1 36 8 1 0 3 0 6 0 0 0 13 0 201
164 1 0 1 37 2 37 19 47 20 36 47 12 0 0 127 0 8 18 0 0 54 0 466
165 30 0 21 16 57 13 6 1 23 22 19 20 1 0 1 0 12 0 0 0 150 0 392
166 1 1 16 33 92 13 1 0 1 15 30 50 0 14 29 0 22 0 0 16 94 0 428
167 1 17 43 2 60 2 11 1 18 19 1 60 0 0 42 0 8 0 0 0 0 0 285
168 0 6 21 0 43 22 5 4 27 3 7 0 6 0 45 0 0 0 0 1 1 0 191
169 81 52 22 40 23 5 5 1 25 4 19 0 6 0 0 0 0 0 0 0 0 0 283
170 94 130 13 26 21 13 4 96 1 13 63 0 27 0 0 0 12 0 0 0 2 0 515
171 0 26 3 1 43 16 75 10 38 22 38 1 1 0 1 0 2 0 0 1 50 0 328
172 0 2 3 18 17 7 44 0 0 11 0 0 53 0 34 0 1 0 25 0 1 0 216
173 0 2 18 39 5 0 12 34 1 65 10 16 0 32 3 0 10 0 2 13 1 0 263
174 0 17 0 54 26 16 38 48 9 76 15 59 0 0 0 0 9 1 0 2 1 0 371
175 0 15 31 12 50 52 3 59 23 0 14 5 0 0 95 0 2 8 0 0 2 0 371
176 22 27 6 11 11 32 0 15 16 0 1 17 35 0 0 0 17 9 1 0 0 0 220
177 25 1 3 14 60 10 22 24 0 0 4 39 1 0 15 0 7 9 0 3 0 0 237
178 12 34 17 0 38 52 5 0 12 0 34 25 0 0 0 0 5 16 26 0 1 0 277
179 0 68 0 17 59 32 22 9 5 20 17 51 0 1 44 0 6 17 2 0 0 0 370
180 0 2 9 12 2 3 1 21 4 2 18 36 1 0 35 0 10 0 0 0 0 0 156
181 0 48 48 31 35 16 13 32 1 2 21 1 0 1 32 0 0 0 0 16 39 0 336
182 35 11 12 0 1 30 0 44 14 68 14 48 25 36 8 0 21 0 0 0 84 0 451
183 4 0 18 27 0 55 25 10 11 19 10 0 5 20 1 0 0 0 0 0 73 0 278
184 1 0 0 19 0 3 22 0 27 1 0 0 9 0 14 0 0 0 0 0 18 0 114
185 11 11 1 30 0 0 27 25 22 0 39 0 0 0 10 0 14 20 0 2 38 0 250
186 10 1 1 1 15 33 29 26 2 2 71 2 11 0 2 0 0 3 0 0 2 0 211
187 19 17 26 21 12 3 1 16 31 5 21 0 15 0 50 0 0 0 0 0 22 0 259
188 0 38 65 0 0 26 4 37 29 30 10 0 39 0 33 6 0 2 0 0 1 0 320
189 20 53 8 2 0 3 14 10 19 24 25 0 2 0 0 0 16 24 0 2 1 0 223
190 15 38 11 2 8 6 5 35 25 43 12 0 3 0 1 0 0 13 1 0 36 0 254
191 1 27 5 2 0 36 36 56 20 7 2 0 31 0 33 0 7 2 0 0 1 0 266
192 39 36 1 18 15 13 17 0 15 36 20 35 0 0 10 0 8 0 9 0 0 0 272
193 1 34 32 4 15 31 6 46 34 6 46 19 0 0 1 0 0 0 16 0 1 0 292
194 0 29 17 48 33 8 33 36 4 50 13 47 18 0 4 0 8 0 6 1 1 0 356
195 0 31 26 1 1 1 20 32 37 0 1 19 0 0 0 0 21 0 4 0 0 0 194
196 0 17 2 8 1 24 27 23 29 25 1 61 0 0 24 0 2 0 0 0 0 0 244
197 0 32 16 15 50 1 2 68 4 3 2 24 0 0 34 0 12 22 15 0 0 0 300
198 0 0 44 1 8 41 2 3 28 16 9 17 0 1 24 0 0 1 0 0 30 0 225
199 0 0 16 0 46 7 2 60 18 5 2 48 44 0 22 7 0 17 9 0 48 0 351
200 0 2 0 19 14 44 47 46 16 3 10 56 20 0 30 0 14 1 0 0 85 0 407
201 2 0 42 2 25 71 10 68 14 2 0 10 61 0 13 0 0 0 0 0 23 0 343
202 61 0 0 67 2 2 15 17 1 30 46 41 23 0 19 0 0 21 10 14 22 0 391
203 1 0 19 27 47 6 7 8 11 23 13 16 40 0 51 0 0 1 12 13 1 0 296
204 2 0 22 16 8 15 36 49 69 2 35 29 22 14 15 1 30 35 0 0 1 0 401
205 50 1 16 55 54 33 12 19 30 76 25 21 0 27 1 0 0 0 0 0 29 0 449
206 4 39 23 3 30 49 39 53 1 13 1 7 1 8 21 20 1 0 0 0 29 0 342
207 58 70 18 7 27 1 12 58 16 23 15 10 8 1 57 0 17 0 0 0 1 0 399
208 0 1 1 37 1 14 11 21 52 0 18 17 2 2 1 0 0 0 6 0 0 0 184
209 0 39 11 8 20 33 69 80 17 0 17 27 40 17 2 0 0 0 11 0 18 0 409
210 44 43 36 9 53 47 54 7 16 19 3 8 30 2 1 0 1 12 3 31 1 0 420
211 0 24 1 2 57 54 37 0 20 1 43 0 0 32 1 0 8 5 7 0 0 0 292
212 25 50 2 47 30 52 17 0 5 0 3 0 1 19 2 0 0 0 0 0 24 0 277
213 1 0 22 25 64 25 19 0 3 64 23 0 29 1 18 0 56 23 0 0 23 0 396
214 0 15 2 11 47 8 51 4 3 37 11 0 0 0 31 0 17 6 0 0 1 0 244
215 15 24 20 26 2 16 14 27 13 19 57 0 2 0 52 0 0 1 1 0 0 0 289
216 15 26 27 5 57 2 2 78 21 15 2 0 0 0 25 0 0 7 0 0 0 0 282
217 1 4 21 4 2 16 35 71 52 33 27 12 1 25 4 0 0 12 0 1 1 0 322
218 17 19 84 8 36 21 40 32 31 6 0 7 49 23 3 0 0 73 0 0 33 0 482
219 91 90 1 35 39 54 19 13 13 12 22 21 1 12 38 0 0 0 9 0 75 0 545
220 78 53 17 21 25 24 25 6 16 26 15 22 13 0 26 0 0 0 0 59 6 0 432
221 34 39 11 17 11 24 42 26 17 13 6 20 19 1 27 0 23 0 0 0 25 0 355
222 0 2 64 28 47 24 16 24 43 3 1 4 0 0 9 0 0 0 1 1 1 0 268
223 2 51 25 4 0 18 28 38 7 7 22 2 45 0 1 0 10 29 0 0 0 0 289
224 0 25 31 1 0 50 13 7 5 9 1 14 0 0 2 1 0 0 2 0 14 0 175
225 2 36 7 0 24 23 18 52 8 3 29 2 40 0 15 4 0 0 0 0 32 0 295
226 20 50 25 8 6 38 24 1 22 1 2 4 14 0 30 1 0 19 0 0 1 0 266
227 17 36 1 0 15 6 21 1 12 37 45 10 5 7 34 6 34 29 1 0 0 0 317
228 0 58 27 0 37 42 80 2 11 1 43 14 11 2 24 18 0 0 0 1 0 0 371
229 49 6 17 1 60 24 68 17 26 24 25 3 2 0 6 0 1 14 1 0 6 0 350
230 1 104 10 1 41 30 20 73 2 0 14 33 0 0 0 0 0 0 0 1 17 0 347
231 12 3 1 8 3 33 5 90 103 8 3 46 0 10 2 0 0 0 1 1 9 0 338
232 3 5 37 15 14 30 19 13 40 26 0 16 1 13 31 17 2 9 33 12 2 0 338
233 0 5 16 3 44 28 14 29 25 28 14 69 0 18 1 0 15 27 1 0 13 0 350
234 41 30 29 41 32 15 29 66 27 2 5 25 1 43 0 0 0 15 1 0 1 0 403
235 27 43 22 2 13 24 13 100 32 10 10 17 2 1 2 0 11 0 1 0 39 0 369
236 26 5 37 22 1 29 9 30 17 32 2 14 20 0 1 1 1 6 16 0 9 0 278
237 3 20 18 40 24 12 26 68 2 36 67 31 21 0 5 0 1 0 0 0 0 0 374
238 1 37 10 76 50 31 65 11 70 14 16 24 19 1 21 0 0 0 0 0 24 0 470
239 2 20 3 4 47 3 29 0 13 16 1 17 6 0 22 34 1 0 0 0 88 0 306
240 13 34 1 50 34 58 25 31 5 11 2 1 3 1 3 1 31 0 11 0 93 0 408
241 46 8 23 12 7 14 1 41 31 22 1 0 32 0 66 0 1 0 12 0 2 0 319
242 17 60 9 34 32 49 25 3 15 31 10 1 25 7 37 0 1 0 20 0 29 0 405
243 27 69 7 43 29 11 33 28 10 50 32 0 0 19 6 0 10 10 11 1 14 0 410
244 1 10 4 33 1 17 4 28 19 0 20 1 5 0 49 0 28 15 0 0 11 0 246
245 1 68 38 15 11 63 17 91 34 0 11 52 35 1 95 0 9 0 1 5 7 0 554
246 1 32 44 19 0 3 38 33 13 0 2 10 1 0 19 0 0 16 0 0 1 0 232
247 13 41 10 28 6 2 27 36 69 1 0 104 0 0 3 0 14 52 9 0 0 0 415
248 1 59 32 36 1 5 4 9 4 4 17 20 35 1 1 0 26 21 6 0 11 0 293
249 21 31 1 32 37 68 33 36 41 24 1 56 0 0 1 0 0 17 1 0 1 0 401
250 0 9 47 16 51 2 13 6 22 35 44 68 8 18 27 0 0 0 1 1 19 0 387
251 1 43 10 32 19 37 16 6 22 23 19 0 3 47 15 0 0 0 1 7 0 0 301
252 16 0 8 22 55 40 67 43 48 34 5 1 3 0 5 1 1 0 0 0 34 0 383
253 16 10 19 1 21 14 18 61 26 15 2 0 48 23 17 1 0 0 15 0 1 0 308
254 1 2 4 5 10 8 23 56 9 15 10 11 0 0 87 50 0 13 2 1 0 0 307
255 0 7 15 31 0 18 24 28 1 16 30 0 0 1 55 1 13 0 15 0 143 0 398
256 29 0 9 38 2 20 13 98 25 2 39 9 0 0 23 0 27 1 1 0 50 0 386
257 39 1 23 11 42 11 12 20 12 29 4 0 1 26 52 0 13 0 39 0 68 0 403
258 55 83 18 4 74 45 28 16 19 15 11 1 1 1 11 0 35 0 0 0 17 0 434
259 0 28 10 42 50 7 32 15 7 11 1 2 0 0 14 0 14 9 0 17 0 0 259
260 19 2 19 18 21 46 31 25 10 12 6 104 0 0 2 0 0 31 0 10 0 0 356
261 37 2 28 8 33 4 2 54 10 25 35 2 0 0 13 0 0 0 5 0 14 0 272
262 61 28 57 6 26 38 32 0 21 27 60 29 3 0 16 0 1 17 14 1 1 0 438
263 2 3 1 33 24 24 54 0 29 3 1 26 27 0 2 0 1 50 2 0 10 0 292
264 3 33 20 38 38 74 44 0 14 8 12 1 50 0 0 0 0 47 0 1 7 0 390
265 83 22 3 25 29 3 39 0 8 3 4 9 23 17 2 18 0 0 0 22 0 0 310
266 24 18 24 24 4 32 18 47 32 31 7 40 1 1 43 0 19 0 12 1 21 0 399
267 0 27 2 18 7 17 26 41 12 13 0 12 13 0 48 1 20 0 2 0 5 0 264
268 24 18 13 33 37 24 13 4 43 1 10 11 0 0 0 0 0 1 1 0 2 0 235
269 0 15 40 24 8 1 27 24 13 1 20 1 36 0 0 0 4 8 12 0 19 0 253
270 0 26 20 5 4 32 69 53 36 46 2 4 0 17 2 1 0 0 1 0 16 0 334
271 1 42 11 39 1 36 112 21 23 3 26 0 3 18 1 1 29 30 45 4 19 0 465
272 0 45 33 5 18 54 14 22 31 2 32 31 2 1 4 2 11 12 0 0 4 0 323
273 2 1 30 8 3 3 6 8 11 0 18 40 0 17 39 0 1 5 0 0 105 0 297
274 88 23 21 20 21 17 1 49 2 13 7 27 49 13 0 38 11 0 15 28 35 0 478
275 29 13 15 0 5 15 3 57 33 0 1 57 5 1 13 0 18 7 0 0 11 0 283
276 62 69 60 14 88 53 25 55 16 15 34 40 0 55 3 16 12 28 2 4 1 0 652
277 36 18 8 52 21 14 13 33 32 1 9 22 3 17 21 9 0 23 0 2 1 0 335
278 30 4 1 49 28 13 17 42 34 1 23 41 39 0 23 0 1 2 0 1 0 0 349
279 0 2 6 2 30 20 31 3 55 31 42 2 1 9 15 28 1 0 18 0 1 0 297
280 23 17 13 29 31 5 88 54 0 1 3 15 1 25 8 0 25 21 11 0 0 0 370
281 0 54 8 34 38 89 29 3 27 31 15 0 17 1 33 1 0 1 0 0 41 0 422
282 26 28 35 2 75 11 11 40 32 37 18 6 1 0 13 0 0 0 1 0 1 0 337
283 10 33 34 42 59 13 34 57 2 19 3 13 13 1 35 1 0 0 0 0 42 0 411
284 2 27 57 4 1 2 62 83 36 0 13 24 33 1 39 0 0 70 18 13 35 0 520
285 80 19 3 13 2 55 44 9 1 20 1 0 31 2 2 0 8 24 1 0 0 0 315
286 40 26 2 53 10 6 44 84 14 81 16 1 0 23 20 7 13 20 38 0 13 0 511
287 10 14 22 43 49 26 42 14 77 50 27 1 29 21 6 0 0 0 0 0 1 0 432
288 88 40 36 39 50 23 21 38 10 18 0 1 0 2 0 0 0 22 18 0 30 0 436
289 43 27 16 21 13 10 20 20 10 0 15 25 0 31 14 1 30 16 1 0 23 0 336
290 1 13 24 38 14 3 45 31 4 0 6 2 0 0 4 0 15 7 0 0 23 0 230
291 17 28 1 0 5 30 37 36 1 0 2 5 18 2 35 0 1 0 23 0 2 0 243
292 0 41 0 26 24 17 16 70 23 0 1 0 8 37 2 0 13 0 16 2 1 0 297
293 48 65 1 16 70 14 47 31 1 0 0 2 3 0 41 0 0 1 0 0 1 0 341
294 0 0 11 14 33 18 31 73 18 0 32 1 19 0 17 1 0 12 1 1 0 0 282
295 2 52 45 0 31 16 30 37 1 4 0 37 33 0 6 0 0 0 16 31 0 0 341
296 2 11 20 7 79 12 18 23 50 0 15 117 2 1 21 0 0 22 0 0 22 0 422
297 27 5 40 0 18 15 8 111 17 0 41 30 36 0 17 10 0 0 0 0 11 0 386
298 0 8 40 18 0 2 20 51 49 0 3 2 15 15 67 0 2 1 0 0 79 0 372
299 45 66 1 5 1 17 34 36 48 0 9 13 1 44 18 34 13 0 0 0 42 0 427
300 33 29 3 3 12 5 7 81 15 0 1 5 42 16 17 0 3 0 1 0 50 0 323
301 20 3 19 11 1 3 54 25 8 0 12 0 29 1 71 0 13 0 0 0 38 0 308
302 64 36 12 1 1 21 30 18 40 0 21 1 33 18 22 0 0 1 19 1 8 0 347
303 33 74 16 30 11 39 16 15 1 23 13 1 25 0 36 0 1 0 2 0 43 0 379
304 30 40 6 3 1 23 28 25 10 32 31 1 13 54 0 0 0 0 0 0 31 0 328
305 64 23 2 12 14 17 35 2 28 1 0 29 51 11 16 0 1 0 19 44 3 0 372
306 48 36 0 2 14 7 81 2 62 30 23 1 0 24 31 0 1 7 2 23 2 0 396
307 0 50 49 18 5 29 38 6 20 13 1 1 1 14 12 1 0 0 15 1 13 0 287
308 49 22 12 20 25 37 4 71 13 2 39 60 1 7 27 1 0 1 22 11 0 0 424
309 21 46 38 11 35 24 59 52 16 36 0 0 0 0 2 2 1 47 19 1 25 0 435
310 1 14 38 59 28 12 45 25 19 26 31 20 17 0 24 1 0 20 0 2 35 0 417
311 0 61 24 12 3 17 16 55 54 17 2 1 25 0 19 11 13 20 0 0 18 0 368
312 0 14 18 2 11 1 69 37 19 33 29 36 21 2 1 38 2 0 12 7 9 0 361
313 6 32 15 2 80 2 32 19 21 13 10 4 17 0 5 9 14 0 1 0 0 0 282
314 0 23 29 3 17 9 41 57 21 1 17 1 12 0 0 1 11 11 21 0 21 0 296
315 155 45 2 1 10 3 50 3 15 44 0 0 8 0 25 0 0 10 1 1 15 0 388
316 50 29 0 3 52 7 69 94 20 2 1 0 1 5 8 0 5 9 0 17 52 0 424
317 38 1 26 14 77 1 85 0 39 37 1 0 0 9 0 1 15 18 3 0 68 0 433
318 28 36 10 9 42 23 26 0 42 0 2 0 0 18 2 0 4 0 0 18 1 0 261
319 0 34 35 20 39 2 34 42 13 0 0 0 16 1 39 0 18 6 8 2 78 0 387
320 2 35 3 15 13 8 42 36 42 0 7 1 0 2 3 0 3 20 21 33 33 0 319
321 0 67 0 16 13 5 97 34 28 30 35 17 21 0 28 0 12 19 15 36 30 0 503
322 0 16 28 12 49 9 18 47 4 0 39 26 37 0 2 0 21 0 0 0 26 0 334
323 0 45 32 57 7 37 50 11 94 0 9 65 0 1 2 0 19 10 1 2 31 0 473
324 0 77 2 49 0 3 46 49 7 0 22 46 0 36 2 0 14 0 57 0 28 0 438
325 1 1 21 2 11 2 6 36 46 23 2 1 2 0 77 0 2 1 0 11 0 0 245
326 37 48 14 11 0 31 9 63 55 0 24 8 18 0 4 0 0 0 0 1 43 0 366
327 55 44 62 14 0 13 19 6 19 3 22 0 13 1 22 8 0 0 31 1 0 0 333
328 74 39 24 18 27 40 20 78 33 4 1 0 2 0 40 0 0 18 2 1 0 0 421
329 4 21 28 29 37 26 37 36 2 15 2 0 1 1 0 0 1 1 16 0 0 0 257
330 70 50 8 17 3 34 39 38 11 39 17 0 24 0 14 6 1 0 1 15 35 0 422
331 63 8 15 29 24 44 48 18 19 19 2 16 23 0 0 1 2 1 0 0 2 0 334
332 10 35 5 1 23 48 15 70 1 27 7 10 4 9 4 10 16 52 2 0 1 0 350
333 38 24 0 20 40 2 5 24 30 56 1 13 30 14 0 1 7 0 14 25 2 0 346
334 0 30 18 80 19 33 41 13 18 22 0 53 31 0 15 24 0 0 0 12 35 0 444
335 1 0 10 7 57 29 17 67 38 4 9 0 3 0 0 6 29 0 0 0 0 0 277
336 1 18 2 0 30 19 23 1 21 18 18 43 5 0 0 1 1 20 0 25 0 0 246
337 12 11 2 0 33 47 25 91 4 4 39 19 3 33 22 0 6 20 22 44 19 0 456
338 0 53 1 0 25 20 32 51 18 34 38 5 8 34 0 1 3 46 23 8 0 0 400
339 12 52 26 48 38 37 3 18 11 3 2 28 0 25 0 33 2 0 16 11 1 0 366
340 29 2 5 12 33 14 38 64 48 40 3 32 1 0 32 0 64 1 17 0 0 0 435
341 37 21 23 8 22 56 28 21 5 41 2 80 1 0 1 0 2 0 1 26 90 0 465
342 0 32 52 0 12 31 67 34 3 10 0 16 1 25 24 0 1 0 11 0 43 0 362
343 29 22 4 2 22 22 32 23 27 26 37 1 28 0 76 0 0 0 0 21 73 0 445
344 0 52 36 1 6 27 37 19 1 3 0 36 15 15 2 0 15 0 8 11 47 0 331
345 87 17 14 17 64 68 3 114 14 68 0 17 31 18 12 0 1 0 6 1 9 0 561
346 36 49 29 0 12 46 46 32 13 1 46 0 29 9 15 0 29 0 9 8 0 0 409
347 41 3 29 21 16 4 23 51 1 25 5 0 1 20 38 1 17 0 1 25 13 0 335
348 72 74 9 12 0 1 37 34 58 1 25 37 17 0 0 0 20 1 2 2 56 0 458
349 13 29 3 52 15 29 37 54 10 0 3 0 8 0 0 0 30 13 0 6 0 0 302
350 1 55 14 52 8 27 8 50 13 0 0 1 64 24 1 14 22 1 9 32 1 0 397
351 15 18 17 63 2 48 51 39 31 0 19 23 1 0 11 0 0 13 17 0 0 0 368
352 1 23 4 44 37 28 44 50 50 20 1 0 27 0 10 0 0 11 0 4 0 0 354
353 0 7 66 25 67 5 12 55 5 15 39 3 5 19 50 1 0 2 3 0 1 0 380
354 0 40 22 8 11 65 50 33 2 1 9 23 4 48 0 4 11 32 0 3 0 0 366
355 26 3 45 40 29 31 21 53 71 1 10 1 0 6 1 0 0 0 8 0 1 0 347
356 32 26 1 14 69 2 33 20 30 18 6 18 29 33 22 1 24 0 0 32 1 0 411
357 85 17 29 9 47 17 81 40 46 17 14 39 0 39 12 14 0 0 0 0 58 0 564
358 2 15 0 1 22 3 23 55 8 24 24 38 41 46 19 1 0 1 0 0 0 0 323
359 65 3 10 2 20 13 49 45 6 29 11 29 49 0 32 9 1 0 0 0 2 0 375
360 22 47 41 17 114 54 19 43 39 48 22 43 31 27 2 0 0 0 23 0 43 0 635
361 11 16 4 22 0 18 23 52 57 45 2 0 3 15 33 17 0 0 0 0 30 0 348
362 51 26 13 26 17 2 1 4 22 14 1 0 18 0 46 1 0 10 0 0 13 0 265
363 11 19 0 47 2 20 64 98 54 30 2 1 7 0 10 0 0 0 0 0 72 0 437
364 4 35 22 8 0 17 31 2 63 19 2 0 1 0 0 0 0 0 27 1 1 0 233
365 8 77 7 1 81 98 94 8 30 29 0 21 8 0 17 0 0 4 0 0 11 0 494
366 67 17 20 24 36 12 82 58 0 1 0 2 0 16 0 1 0 37 0 12 1 0 386
367 27 0 16 7 24 22 53 59 39 0 11 14 1 0 0 0 0 2 0 17 0 0 292
368 46 27 3 27 68 1 55 56 56 0 1 0 16 10 18 0 2 12 18 0 50 0 466
369 6 66 23 5 2 38 90 14 39 0 1 0 2 0 0 0 125 0 0 0 0 0 411
370 17 47 13 35 11 32 47 4 30 0 33 0 16 0 0 0 13 1 1 2 10 0 312
371 18 38 8 0 9 52 47 3 29 33 0 0 20 7 0 0 4 0 21 1 6 0 296
372 87 59 32 1 17 46 28 46 36 17 7 20 25 13 0 0 0 1 0 30 11 0 476
373 21 15 29 45 48 40 90 19 1 49 14 7 73 1 17 0 22 0 0 0 0 0 491
374 39 91 21 12 16 1 26 113 32 20 22 9 5 58 7 0 1 16 2 1 36 0 528
375 43 15 45 49 20 30 31 38 2 5 26 35 20 0 4 24 1 17 9 0 8 0 422
376 1 42 24 0 0 52 18 64 7 22 8 9 1 12 31 1 14 0 17 1 25 0 349
377 0 53 11 34 0 36 36 50 20 6 39 41 18 0 4 1 13 20 11 0 23 0 416
378 29 21 8 14 20 25 1 23 36 0 12 0 1 1 40 15 55 17 0 0 51 0 369
379 1 19 43 1 1 27 29 3 44 0 2 13 14 0 28 1 35 0 0 0 58 0 319
380 0 9 0 9 47 66 33 50 1 44 23 33 0 62 24 25 15 18 0 0 85 0 544
381 1 3 32 1 4 17 73 23 2 60 2 40 16 0 51 0 26 8 1 1 0 0 361
382 1 8 13 27 27 27 23 10 15 0 24 40 0 3 20 0 0 16 10 0 6 0 270
383 8 22 41 0 26 21 45 58 44 53 45 0 9 0 31 0 1 85 1 0 2 0 492
384 52 25 13 17 33 9 30 38 11 11 28 0 48 0 17 14 0 13 4 0 0 0 363
385 3 20 51 36 48 42 26 39 1 12 34 0 36 0 21 0 61 4 22 0 0 0 456
386 3 21 96 8 42 21 83 27 23 57 49 0 26 0 22 17 1 3 1 1 19 0 520
387 20 12 58 36 38 8 44 18 34 7 26 1 14 1 10 0 0 2 4 0 0 0 333
388 30 108 25 12 30 3 43 43 11 25 19 35 0 1 37 8 1 0 0 0 2 0 433
389 17 13 20 25 17 51 11 62 15 26 8 32 0 0 1 0 17 0 2 5 0 0 322
390 29 2 6 23 21 2 45 13 37 31 6 17 0 1 8 1 28 0 1 4 2 0 277
391 9 37 2 9 12 35 56 9 27 18 4 24 0 0 1 0 2 0 0 1 78 0 324
392 21 32 5 2 51 10 53 14 27 38 0 27 0 0 1 0 0 23 0 0 55 0 359
393 69 48 19 23 32 16 35 19 30 32 1 0 0 1 0 3 0 0 0 19 50 0 397
394 54 10 39 33 9 24 27 2 2 2 42 69 20 20 8 13 12 25 0 10 23 0 444
395 7 40 14 31 21 8 56 14 7 9 1 1 4 21 6 6 0 0 0 1 23 0 270
396 20 49 21 31 14 17 27 28 6 21 1 2 11 2 1 1 0 15 16 1 24 0 308
397 0 1 3 29 38 17 22 7 30 1 13 18 2 0 17 0 16 1 1 0 3 0 219
398 19 44 8 8 24 24 1 89 9 2 21 26 1 11 16 0 26 0 12 0 0 0 341
399 0 36 15 1 1 19 38 52 34 56 13 0 54 0 17 0 3 0 0 0 5 0 344
400 25 39 29 27 17 38 4 52 25 1 1 0 1 0 37 1 0 26 0 0 31 0 354
401 0 15 12 21 0 16 103 40 57 1 15 1 94 2 15 1 0 0 10 0 1 0 404
402 66 21 12 0 58 22 31 45 14 0 41 0 10 2 58 10 11 0 11 7 3 0 422
403 29 2 11 17 25 30 54 4 27 32 0 0 3 13 1 0 10 12 6 0 28 0 304
404 14 0 8 12 2 4 88 12 37 19 14 0 1 8 3 0 0 0 0 0 0 0 222
405 59 12 16 7 4 31 43 2 42 28 25 37 31 0 0 2 0 1 2 0 1 0 343
406 0 40 3 9 30 3 2 36 24 6 10 1 5 17 0 5 0 7 10 0 0 0 208
407 1 25 15 22 18 63 25 7 2 27 32 50 27 2 0 32 0 5 0 0 55 0 408
408 0 14 12 1 2 41 13 93 22 51 2 35 40 34 0 2 0 21 15 6 36 0 440
409 0 39 34 1 36 25 33 1 111 2 51 1 8 13 9 33 35 1 12 3 10 0 458
410 28 61 16 43 19 47 20 0 29 42 44 0 35 1 30 1 1 56 0 56 1 0 530
411 0 37 1 1 25 7 67 0 61 2 0 0 35 7 2 0 39 23 1 0 1 0 309
412 20 48 19 33 108 20 49 27 28 39 28 0 27 15 0 0 1 68 0 1 0 0 531
413 9 51 23 1 56 15 49 22 34 0 1 0 1 0 1 1 17 14 0 0 1 0 296
414 21 37 12 21 1 22 94 17 31 43 2 17 0 39 3 0 9 0 3 1 0 0 373
415 47 15 19 5 0 1 35 19 26 16 0 18 0 29 30 29 57 0 0 18 0 0 364
416 53 34 8 20 48 0 38 50 6 4 0 27 0 0 0 25 17 0 2 0 181 0 513
417 19 16 18 28 0 3 26 4 38 1 0 46 0 14 19 22 18 0 0 1 37 0 310
418 31 8 1 14 46 34 46 16 17 0 1 34 0 0 18 12 1 0 26 24 67 0 396
419 63 49 12 35 9 48 20 2 2 0 29 14 12 1 22 2 25 1 1 1 50 0 398
420 127 22 12 38 17 20 7 3 1 7 24 64 13 0 12 1 1 41 0 11 20 0 441
421 0 78 10 32 41 3 5 85 14 20 1 0 1 1 1 31 2 2 1 34 11 0 373
422 0 3 2 12 8 2 45 48 42 35 20 0 61 2 23 8 5 0 1 3 29 0 349
423 0 45 14 23 45 32 40 31 31 21 24 0 42 43 8 27 6 38 1 19 0 0 490
424 0 39 14 14 11 29 61 51 17 12 28 0 18 25 17 25 3 9 0 0 0 0 373
425 0 42 25 6 67 10 43 36 17 0 5 0 51 50 16 16 19 2 10 0 1 0 416
426 45 13 8 13 41 29 37 47 36 50 56 25 26 0 20 11 54 1 1 6 2 0 521
427 33 68 9 2 27 53 34 27 52 1 36 10 1 1 5 44 1 27 0 0 2 0 433
428 16 1 39 36 18 47 29 42 83 2 0 22 79 0 2 0 1 1 0 9 21 0 448
429 3 2 23 1 79 2 24 8 16 2 0 0 25 0 1 0 28 1 0 0 21 0 236
430 20 28 6 5 0 63 85 49 53 32 1 31 5 31 48 0 12 0 0 25 15 0 509
431 15 9 8 36 0 16 97 31 19 3 0 116 18 0 7 7 7 1 0 2 4 0 396
432 51 69 33 34 1 16 10 10 27 2 40 18 20 0 3 1 16 0 1 22 1 0 375
433 41 18 2 8 50 30 25 7 56 14 0 1 14 0 56 0 28 0 0 26 29 0 405
434 27 32 13 8 63 13 45 2 14 12 0 12 23 0 38 0 1 0 1 1 0 0 305
435 39 49 3 3 14 51 59 43 21 4 8 39 27 2 2 0 1 45 1 5 33 0 449
436 34 17 8 16 91 12 23 44 7 35 0 25 2 5 45 0 11 6 4 17 11 0 413
437 10 46 58 0 11 23 39 82 14 9 1 41 25 17 44 0 0 57 0 9 0 0 486
438 29 56 38 0 34 37 22 30 9 1 1 0 19 61 13 0 0 6 8 0 16 0 380
439 55 3 2 23 63 13 11 12 5 0 13 11 1 0 6 0 26 1 15 0 1 0 261
440 24 46 39 10 27 47 7 7 15 18 19 0 52 0 20 4 21 0 0 41 56 0 453
441 34 16 13 3 15 33 48 71 9 29 65 0 17 1 31 2 13 44 0 0 15 0 459
442 12 12 23 11 7 32 22 22 19 15 13 9 9 0 17 0 0 0 0 8 24 0 255
443 1 34 30 32 62 92 16 24 17 17 0 0 2 0 44 8 0 0 0 14 74 0 467
444 8 19 12 49 0 29 30 26 35 0 13 49 32 0 25 32 0 17 0 1 54 0 431
445 21 14 51 83 19 23 24 3 55 1 10 30 33 0 0 19 0 0 0 40 1 0 427
446 5 16 17 2 1 18 64 26 19 0 11 63 0 1 27 0 0 0 0 0 24 0 294
447 0 4 1 26 0 13 56 16 67 44 13 9 1 1 17 11 0 0 2 17 28 0 326
448 0 0 18 16 0 83 1 35 5 9 13 2 0 0 2 17 28 73 8 16 2 0 328
449 16 4 33 2 43 49 35 23 22 14 1 4 1 5 9 1 15 1 0 12 3 0 293
450 0 37 7 0 39 26 25 71 3 10 1 28 0 0 0 1 27 18 0 9 27 0 329
451 0 1 35 11 38 40 9 24 26 37 11 0 0 0 9 13 1 24 25 0 31 0 335
452 1 130 19 39 43 29 26 28 3 19 17 0 0 0 11 0 51 1 0 21 0 0 438
453 25 34 25 52 36 23 66 38 17 13 15 95 25 0 3 0 22 0 13 0 0 0 502
454 1 36 3 15 14 11 11 59 8 2 2 21 4 1 11 0 9 0 0 7 1 0 216
455 1 7 6 27 1 38 4 38 29 80 8 0 0 1 26 3 22 0 1 1 28 0 321
456 15 9 49 5 39 13 40 43 8 27 3 0 0 26 17 0 29 1 0 24 0 0 348
457 25 0 22 35 60 40 20 50 33 14 8 9 11 12 41 5 0 0 0 2 67 0 454
458 50 2 4 27 1 36 64 8 49 26 1 0 79 2 0 20 0 1 30 1 130 0 531
459 15 4 36 19 33 53 28 10 55 2 30 24 24 1 0 0 0 0 7 15 2 0 358
460 56 26 60 0 40 3 24 0 37 8 20 42 4 2 0 7 0 0 12 2 1 0 344
461 0 24 35 32 37 58 46 14 50 14 11 64 59 0 6 0 1 0 1 2 1 0 455
462 0 47 1 13 23 36 11 13 33 19 0 3 32 0 2 20 0 141 0 0 28 0 422
463 0 31 42 12 48 14 94 63 20 40 1 1 8 21 3 2 1 6 11 7 0 0 425
464 0 24 4 0 10 45 58 8 14 20 8 18 17 0 30 1 17 22 0 39 20 0 355
465 2 9 27 30 114 18 42 41 30 17 0 15 32 0 3 5 4 22 0 5 2 0 418
466 0 11 42 20 2 19 52 1 15 30 28 17 84 0 37 0 10 2 1 0 0 0 371
467 0 0 1 13 1 12 84 36 36 29 26 28 1 19 11 0 10 0 0 30 2 0 339
468 0 0 13 3 0 16 17 27 1 51 15 12 0 28 3 0 29 1 1 6 40 0 263
469 0 16 39 10 2 1 29 53 9 28 13 11 82 8 27 22 0 0 1 1 9 0 361
470 43 0 56 36 0 6 20 39 2 29 10 0 39 53 2 1 11 0 9 11 14 0 381
471 5 14 30 19 43 23 59 42 3 3 9 1 17 0 1 1 1 0 0 0 0 0 271
472 28 26 84 44 29 16 31 53 15 27 60 11 2 0 0 25 0 0 0 52 2 0 505
473 37 33 3 62 42 58 63 42 14 5 2 1 21 0 1 0 33 31 30 0 50 0 528
474 1 13 51 20 36 43 3 38 0 2 0 0 41 0 31 1 0 1 0 26 18 0 325
475 0 2 1 10 33 31 18 17 30 12 9 55 10 1 40 15 1 29 0 16 28 0 358
476 21 11 1 12 26 14 49 32 35 17 1 27 1 9 43 26 0 37 1 4 9 0 376
477 1 56 34 6 12 34 25 51 12 11 30 21 0 10 5 0 0 2 9 0 22 0 341
478 0 80 35 49 4 43 76 52 1 0 2 14 0 14 0 0 7 28 10 20 33 0 468
479 0 31 10 13 1 75 39 48 13 20 10 23 36 30 0 9 0 9 30 9 41 0 447
480 37 39 31 36 78 4 40 45 2 91 12 30 32 7 0 29 1 27 0 2 37 0 580
481 54 12 31 18 48 27 25 38 21 7 15 1 26 0 0 35 0 62 1 26 1 0 448
482 29 33 68 2 2 22 50 27 2 3 12 15 44 41 26 0 21 27 0 23 21 0 468
483 29 22 26 38 2 59 55 15 32 2 6 4 36 0 32 0 1 2 0 2 0 0 363
484 95 45 61 2 1 50 79 20 41 44 56 1 51 0 0 12 3 31 0 1 0 0 593
485 33 27 1 11 19 18 35 85 0 58 19 32 26 0 13 0 1 36 0 1 1 0 416
486 0 53 39 34 13 74 35 56 11 18 17 4 38 33 31 0 8 55 1 12 20 0 552
487 0 13 38 21 40 4 38 17 7 1 2 2 0 0 27 1 7 9 0 0 1 0 228
488 1 34 20 40 19 25 36 18 28 1 2 5 5 0 25 0 0 0 86 0 27 0 372
489 1 15 40 90 52 2 27 77 20 10 0 1 1 0 3 0 2 0 1 0 0 0 342
490 2 50 4 46 38 28 101 68 40 0 20 61 0 0 18 0 2 0 12 0 0 0 490
491 0 11 1 4 44 31 22 34 28 2 16 4 2 0 21 17 0 0 1 0 1 0 239
492 1 6 11 46 59 35 34 64 2 0 22 1 0 45 46 3 0 7 7 0 46 0 435
493 24 36 13 30 26 39 65 28 67 0 1 0 31 26 2 2 16 68 2 0 0 0 476
494 1 19 17 23 0 16 59 51 43 23 2 12 100 0 2 0 16 17 2 21 16 0 440
495 73 45 42 57 17 27 55 95 6 0 5 1 0 23 3 10 13 37 20 22 10 0 561
496 74 10 22 23 31 26 31 62 91 41 21 0 25 59 29 19 12 0 8 14 0 0 598
497 60 51 48 8 8 30 57 27 23 32 0 15 25 2 4 26 33 1 4 0 87 0 541
498 58 14 0 18 40 8 30 2 21 43 24 67 1 31 10 7 2 29 1 21 20 0 447
499 0 20 29 38 44 12 53 51 27 12 21 41 13 0 16 20 1 4 0 1 72 0 