0 386 452 56 86 187 34 34 457 167 254 377 388 686 496 36 205 221 618 117 200 2229 5114 
1 385 473 49 84 183 40 46 469 160 265 391 390 681 497 39 178 226 596 163 203 2233 5034 
2 382 484 46 83 189 163 49 431 166 284 408 399 685 488 40 179 265 567 184 208 2246 4862 
3 376 512 61 73 192 272 54 474 171 289 407 404 706 497 41 153 282 542 209 226 2249 4607 
4 387 503 60 74 189 273 79 479 182 331 422 408 766 454 38 150 291 534 217 224 2247 4608 
5 395 508 72 73 188 284 95 492 182 339 430 399 738 472 37 153 302 521 218 223 2254 4658 
6 402 511 75 75 188 292 102 492 180 379 436 399 744 476 38 157 306 508 228 230 2280 4669 
7 405 516 71 74 191 310 110 500 177 394 427 412 758 459 38 163 313 504 230 250 2276 4707 
8 412 517 69 74 194 316 106 502 183 400 435 418 772 446 35 169 343 449 262 262 2265 4755 
9 420 515 67 71 190 320 108 493 212 385 436 412 759 453 36 185 362 442 241 305 2247 4845 
10 416 529 74 72 188 323 105 500 214 392 467 423 770 444 37 183 325 474 234 319 2262 4861 
11 418 526 77 75 192 330 160 503 208 399 490 429 787 440 38 183 355 452 238 352 2254 4872 
12 423 536 82 77 200 380 171 505 213 397 503 430 788 442 36 179 366 424 258 381 2236 4863 
13 437 538 81 77 199 385 179 510 218 395 516 429 775 455 38 142 371 424 258 430 2264 4890 
14 443 548 77 79 198 391 201 513 219 422 509 429 788 453 36 139 369 424 251 456 2264 4916 
15 462 537 77 80 205 387 209 517 222 431 518 429 753 495 37 137 377 442 229 508 2247 5002 
16 469 537 82 81 204 400 215 522 229 451 521 426 808 449 38 136 383 439 225 526 2253 5040 
17 487 535 83 85 201 398 218 518 221 475 531 419 832 432 38 134 407 435 236 537 2277 5066 
18 482 539 90 81 200 396 218 531 220 474 549 426 788 474 37 137 407 421 235 554 2300 5094 
19 483 548 90 78 200 406 256 544 219 489 550 429 790 488 41 143 409 417 238 554 2304 5090 
20 487 550 89 80 202 416 263 561 219 496 552 429 801 493 39 146 416 414 242 579 2301 5169 
21 482 555 92 82 202 481 267 560 226 514 552 435 826 486 39 148 426 410 243 583 2307 5157 
22 491 559 91 81 195 499 284 567 225 514 549 432 829 483 40 153 429 402 245 589 2309 5173 
23 498 552 90 82 198 528 289 480 224 541 571 467 822 469 26 132 508 413 246 635 2295 5193 
24 507 535 133 83 201 538 291 479 222 554 577 485 833 459 23 129 531 414 258 653 2303 5222 
25 491 531 137 80 203 592 290 482 223 612 523 488 855 445 22 156 517 449 231 671 2321 5257 
26 491 535 145 81 203 642 291 490 225 622 511 494 879 426 22 159 543 448 214 683 2304 5276 
27 500 543 139 80 202 664 357 504 225 644 491 512 891 423 22 160 555 437 212 753 2247 5332 
28 510 553 170 79 201 732 418 523 226 698 509 506 904 431 22 171 560 405 226 769 2255 5050 
29 513 556 174 87 205 746 446 532 225 723 563 506 896 446 21 167 574 387 239 821 2246 5027 
30 519 563 217 88 208 808 458 538 222 767 573 512 873 473 21 162 578 394 239 869 2255 4922 
31 532 564 225 92 206 846 467 545 225 805 583 523 851 493 21 174 595 402 245 877 2261 4832 
32 528 609 226 90 206 859 474 547 219 851 598 546 786 529 21 170 598 406 248 866 2253 4729 
33 502 637 233 91 213 853 534 554 216 861 594 577 814 503 18 167 612 392 251 818 2310 4744 
34 500 651 227 89 215 838 543 569 215 890 591 546 882 466 19 153 632 385 263 822 2310 4783 
35 477 683 234 85 236 822 550 580 218 904 602 557 882 467 20 151 645 380 262 837 2329 4823 
36 513 645 246 83 236 804 562 595 218 932 600 548 908 443 22 153 642 394 248 846 2342 4906 
37 520 640 253 83 246 810 596 609 237 940 625 541 853 502 22 147 623 416 248 803 2419 4967 
38 517 642 264 85 243 803 606 606 234 994 623 562 824 517 25 142 647 425 246 802 2388 5038 
39 552 609 265 84 249 797 653 612 231 979 636 578 804 519 26 144 632 442 229 783 2345 5112 
40 563 593 265 86 253 794 675 641 234 954 639 581 767 532 27 130 619 443 248 864 2211 5162 
41 513 634 272 85 253 780 707 637 261 926 656 583 783 515 36 123 623 436 249 904 2107 5223 
42 519 629 283 84 256 799 753 641 293 907 656 591 768 546 36 126 631 455 233 907 2121 5141 
43 521 624 281 91 286 766 809 610 367 967 626 587 769 537 63 140 650 463 216 878 2141 5013 
44 531 612 283 97 292 789 872 649 375 990 641 578 826 484 69 138 625 461 218 863 2182 4893 
45 522 616 314 93 298 853 933 678 377 1092 717 588 853 466 74 140 610 463 221 854 2201 4604 
46 523 604 325 100 299 867 972 678 374 1115 734 582 867 450 72 144 615 439 229 826 2220 4624 
47 537 594 324 110 303 874 992 687 415 1124 750 582 868 446 73 148 607 434 227 804 2258 4666 
48 536 595 322 110 336 870 992 679 430 1143 754 594 861 446 70 147 625 422 228 813 2271 4751 
49 540 585 333 115 313 919 974 687 452 1105 776 603 844 451 72 151 616 404 245 819 2280 4800 
50 563 570 340 116 326 863 981 742 479 1059 800 612 856 448 73 153 546 405 256 788 2326 4907 
51 567 551 363 116 357 890 892 795 497 1024 822 621 888 432 73 175 568 408 231 731 2391 4979 
52 580 558 356 115 370 914 870 816 495 1008 835 670 801 457 72 173 569 417 221 777 2343 5050 
53 562 588 358 122 394 902 866 830 541 970 815 658 813 470 103 173 571 422 213 858 2239 5079 
54 546 614 355 128 385 924 896 845 548 969 824 713 733 496 107 180 579 424 219 894 2183 5117 
55 564 573 378 135 402 898 936 852 483 1025 836 711 733 494 101 198 613 434 237 847 2160 5189 
56 602 533 358 133 412 960 926 853 451 1048 853 722 769 472 103 190 622 440 252 854 2116 5268 
57 622 530 371 133 409 976 991 866 453 1101 859 695 817 472 106 193 626 439 250 817 2148 5124 
58 648 534 380 129 424 959 1044 879 471 1148 873 701 834 451 112 192 630 448 237 806 2168 5019 
59 648 539 399 131 426 1037 996 902 484 1170 893 720 842 433 113 208 652 465 235 819 2163 4938 
60 658 542 405 132 440 1018 1026 920 491 1174 922 726 842 441 118 208 654 434 221 849 2141 4834 
61 657 546 412 147 431 1047 1008 1007 498 1266 940 740 846 460 117 206 715 419 228 867 2141 4609 
62 665 554 418 197 465 980 1025 1047 538 1215 961 753 842 472 113 211 674 442 237 851 2182 4639 
63 666 574 416 205 482 994 1009 1043 551 1227 990 761 855 481 114 211 664 444 249 847 2178 4667 
64 665 583 417 182 503 987 989 1097 530 1218 1003 769 865 481 110 223 641 444 251 841 2194 4761 
65 663 566 424 182 512 976 990 1104 540 1195 1014 790 862 478 115 221 640 437 261 810 2226 4838 
66 667 552 429 186 516 986 960 1141 543 1185 1054 809 878 483 121 226 634 437 254 809 2241 4902 
67 684 554 439 190 540 977 974 1186 532 1144 1096 810 872 492 121 239 628 420 238 768 2273 4921 
68 690 544 481 192 555 937 944 1221 520 1119 1142 803 884 488 121 247 615 433 236 774 2275 5013 
69 690 535 503 194 565 891 949 1223 516 1108 1169 820 896 506 124 245 576 472 234 787 2292 5077 
70 684 518 548 189 594 843 914 1259 515 1103 1180 841 876 512 125 256 580 481 232 769 2357 5165 
71 633 590 574 190 601 817 898 1283 554 1073 1234 852 883 495 126 277 587 468 216 782 2346 5270 
72 575 647 585 196 608 797 889 1401 598 1081 1247 865 907 452 144 279 609 445 214 803 2334 5038 
73 575 646 611 191 666 791 838 1502 607 1088 1210 888 869 435 160 282 634 416 216 811 2351 4918 
74 597 648 695 188 706 787 862 1512 614 1110 1169 897 910 384 164 263 617 421 239 852 2342 4772 
75 590 651 716 185 725 748 964 1547 648 1152 1120 937 884 374 166 256 621 425 247 895 2333 4571 
76 595 579 785 187 735 755 991 1588 674 1099 1127 945 864 391 177 254 608 436 245 909 2339 4631 
77 578 584 811 192 752 768 975 1605 684 1128 1091 942 840 391 218 255 638 443 245 881 2356 4678 
78 585 589 822 200 762 809 937 1645 671 1129 1054 938 839 403 249 242 663 450 251 894 2395 4745 
79 595 598 834 208 779 851 912 1673 716 1097 1058 947 827 411 271 243 672 458 249 887 2350 4825 
80 605 618 866 213 784 849 941 1696 708 1056 1107 967 782 412 297 240 713 439 257 925 2251 4843 
81 608 625 889 217 833 814 943 1720 700 1103 1098 965 783 418 298 245 706 476 228 931 2231 4924 
82 618 609 926 216 848 807 917 1705 686 1138 1087 945 794 422 367 271 706 495 231 860 2242 4977 
83 614 624 927 214 875 804 900 1743 671 1160 1095 918 792 434 395 273 661 550 227 881 2219 5072 
84 628 630 947 215 906 813 904 1744 672 1111 1146 906 800 450 402 278 671 563 230 896 2178 5160 
85 578 689 1001 217 907 800 884 1747 675 1086 1175 916 818 454 418 283 648 594 229 978 2070 5208 
86 579 679 1010 214 930 795 846 1824 682 1093 1187 934 819 458 423 282 663 591 229 960 2117 5068 
87 579 666 1027 218 948 800 881 1853 677 1087 1237 969 810 472 438 289 654 559 246 951 2138 5018 
88 588 639 1122 216 972 780 908 1875 702 1104 1269 963 817 472 467 289 688 529 257 972 2166 4916 
89 642 646 1135 190 1001 780 953 1897 712 1082 1293 968 833 480 474 286 777 452 262 898 2252 4854 
90 653 735 1180 187 1020 765 997 1986 712 1137 1282 927 871 491 502 295 785 456 257 876 2279 4656 
91 648 745 1157 223 1041 741 908 2135 693 1139 1317 933 882 497 526 301 693 481 259 867 2333 4712 
92 617 805 1199 222 1036 728 917 2112 667 1148 1353 925 893 498 554 323 687 471 271 835 2361 4732 
93 615 823 1213 227 1059 747 902 2089 665 1120 1306 895 909 513 622 323 682 473 269 832 2388 4818 
94 605 863 1236 230 1092 767 918 2021 662 1131 1283 904 846 521 726 326 669 470 274 866 2325 4871 
95 585 925 1239 238 1107 775 960 1980 691 1158 1236 900 829 502 743 322 663 478 257 848 2281 4911 
96 594 938 1245 243 1128 783 945 1942 672 1168 1264 914 814 508 757 326 691 479 257 888 2207 4958 
97 607 940 1253 251 1142 784 984 1837 654 1190 1271 921 781 517 794 335 727 484 252 926 2136 5057 
98 590 968 1287 277 1108 780 1035 1763 658 1248 1213 926 791 501 783 339 765 492 248 901 2154 5119 
99 601 935 1295 285 1151 749 1093 1673 635 1245 1212 946 809 473 786 339 781 494 272 921 2149 5203 
100 609 930 1319 294 1178 751 1091 1696 616 1198 1205 988 805 466 809 342 788 502 278 923 2174 5346 
101 620 890 1385 294 1178 820 1030 1796 596 1202 1200 1003 836 440 808 344 796 497 270 913 2202 5266 
102 647 844 1542 281 1201 857 1038 1847 603 1201 1221 926 844 445 914 341 801 487 266 920 2218 5139 
103 655 870 1513 278 1212 958 1021 1893 607 1201 1298 939 855 439 923 337 842 485 230 910 2224 4949 
104 696 833 1520 290 1255 928 1029 1912 674 1143 1303 916 857 434 944 332 869 492 232 900 2214 4841 
105 697 816 1528 293 1294 933 1076 1929 716 1111 1326 919 868 441 946 347 864 504 228 862 2258 4701 
106 723 826 1457 363 1277 971 1060 1878 738 1086 1345 945 886 441 948 356 876 502 225 868 2274 4755 
107 733 838 1412 437 1261 964 1094 1921 733 1047 1376 946 913 402 967 366 824 515 227 904 2242 4848 
108 738 844 1368 481 1291 981 1157 1856 712 1058 1400 950 903 396 990 362 840 525 223 856 2291 4900 
109 731 866 1346 509 1321 1013 1193 1786 692 1074 1389 965 895 397 1019 358 845 536 228 860 2296 5004 
110 730 898 1311 560 1385 986 1169 1742 670 1062 1423 972 865 431 1047 365 873 536 228 859 2316 5085 
111 736 914 1298 599 1433 996 1133 1762 682 1077 1401 1022 816 431 1057 380 875 564 224 870 2299 5175 
112 710 956 1306 619 1467 992 1151 1733 670 1105 1413 1024 801 432 1058 385 888 564 223 857 2292 5161 
113 717 1000 1286 669 1483 945 1124 1702 667 1126 1428 1023 796 435 1079 395 886 551 224 845 2326 5222 
114 718 1038 1237 697 1576 956 1106 1735 665 1117 1448 1077 759 439 1091 399 889 558 226 816 2400 5142 
115 741 993 1307 713 1577 1014 1074 1854 665 1140 1456 1084 789 421 1107 418 894 558 231 879 2310 4995 
116 745 982 1329 705 1611 1070 1108 1911 657 1179 1367 1115 784 431 1119 415 897 582 222 866 2275 4820 
117 760 973 1361 718 1636 1095 1148 1928 687 1130 1442 1099 804 406 1128 411 936 569 226 882 2244 4690 
118 759 973 1382 753 1653 1138 1111 1979 698 1163 1421 1078 859 375 1146 420 993 520 229 873 2235 4758 
119 760 982 1404 771 1685 1153 1096 2026 685 1190 1404 1062 871 377 1153 420 987 517 241 889 2172 4818 
120 758 951 1455 788 1706 1125 1081 2024 682 1211 1423 1080 861 376 1126 433 956 566 239 939 2102 4877 
121 810 894 1419 826 1727 1110 1057 2007 666 1161 1473 1029 884 370 1130 434 961 567 236 932 2127 4955 
122 820 884 1386 850 1737 1121 1118 1934 663 1153 1478 1040 899 369 1149 437 937 578 238 933 2121 5014 
123 844 891 1334 893 1750 1185 1130 1844 649 1139 1465 1055 932 369 1167 434 962 578 244 946 2114 5050 
124 845 945 1287 886 1775 1186 1109 1807 638 1149 1480 1090 902 371 1129 432 937 641 245 913 2136 5151 
125 828 982 1335 892 1719 1261 1093 1837 699 1131 1484 1107 884 375 1146 428 880 666 251 950 2080 5096 
126 787 1043 1382 920 1706 1272 1064 1756 705 1093 1451 1155 876 377 1188 429 968 664 253 922 2106 5188 
127 815 1008 1438 944 1713 1265 1078 1731 689 1167 1383 1160 875 378 1218 450 1012 676 256 951 2076 5258 
128 831 1013 1438 932 1749 1318 1042 1802 704 1190 1386 1197 868 378 1253 450 999 654 261 927 2109 5136 
129 819 1018 1384 957 1814 1276 1105 1874 716 1204 1383 1246 828 387 1279 462 994 613 261 944 2086 5033 
130 862 970 1404 989 1840 1300 1066 1964 709 1217 1398 1304 819 389 1273 470 921 606 257 930 2122 4973 
131 874 913 1558 963 1854 1353 1041 1998 721 1199 1410 1314 839 371 1297 478 932 590 258 915 2174 4771 
132 891 911 1544 954 1881 1374 1044 2044 718 1189 1402 1362 824 368 1311 477 931 586 260 876 2219 4743 
133 877 913 1542 947 1917 1346 1038 2001 727 1185 1375 1400 889 329 1363 474 916 602 264 859 2272 4858 
134 869 903 1528 938 1966 1305 1066 1986 747 1263 1340 1347 908 329 1396 485 880 634 272 882 2251 4892 
135 883 936 1588 896 2006 1332 1059 2002 745 1283 1282 1319 940 329 1391 482 865 650 277 907 2211 4913 
136 902 924 1579 920 2079 1289 1090 1970 780 1233 1349 1265 990 325 1386 481 871 661 272 900 2247 4967 
137 911 931 1594 906 2117 1274 1134 1971 802 1235 1383 1300 1004 319 1372 487 866 643 275 906 2264 5004 
138 923 940 1534 893 2187 1268 1158 1932 780 1249 1400 1358 970 328 1392 485 859 630 281 883 2280 5035 
139 881 988 1554 980 2083 1265 1169 1925 749 1263 1448 1392 976 332 1414 526 897 548 291 837 2334 5101 
140 892 1005 1698 922 1976 1323 1205 1899 740 1237 1511 1360 908 358 1512 535 893 558 291 824 2372 5115 
141 900 1071 1728 902 1907 1370 1210 1851 728 1234 1452 1383 895 370 1581 527 903 565 294 798 2428 5121 
142 918 1092 1774 895 1862 1321 1200 1873 721 1234 1408 1434 866 363 1611 530 892 585 298 799 2353 5191 
143 934 1103 1720 940 1882 1317 1245 1774 716 1256 1396 1489 870 361 1634 531 853 621 298 786 2326 5270 
144 941 1078 1735 978 1901 1358 1187 1890 686 1257 1404 1503 878 367 1675 542 796 643 288 765 2333 5333 
145 977 1092 1701 934 1996 1342 1195 1954 668 1269 1306 1557 886 378 1707 542 803 661 323 766 2267 5366 
146 933 1178 1731 912 2019 1350 1161 2018 668 1291 1289 1598 886 373 1746 548 846 671 295 802 2236 5219 
147 886 1247 1671 951 2090 1362 1157 2082 637 1297 1331 1668 888 380 1727 553 842 700 329 856 2170 5099 
148 875 1288 1624 973 2143 1364 1142 2142 622 1317 1364 1697 889 395 1736 561 842 701 339 877 2126 4994 
149 886 1332 1625 949 2252 1360 1134 2181 637 1330 1373 1681 877 403 1773 572 882 671 332 899 2118 4784 
150 897 1313 1649 922 2215 1361 1125 2187 655 1288 1448 1618 886 406 1781 569 905 659 326 891 2125 4835 
151 919 1305 1671 963 2163 1381 1110 2164 640 1268 1537 1504 949 373 1851 573 911 650 317 883 2127 4923 
152 918 1290 1713 959 2163 1322 1067 2191 626 1240 1594 1449 951 369 1878 576 917 640 314 861 2176 4947 
153 956 1287 1697 957 2064 1418 1023 2163 621 1231 1634 1373 975 376 1957 568 963 637 323 840 2186 5019 
154 962 1254 1761 985 2015 1430 1018 2096 667 1240 1521 1393 953 394 2033 572 1023 660 304 804 2220 5004 
155 984 1234 1763 966 1908 1507 997 2085 697 1177 1561 1409 936 403 2060 583 1047 641 308 786 2223 5076 
156 979 1238 1791 944 1914 1475 966 2109 677 1190 1551 1472 909 409 2064 590 1038 660 329 780 2265 5099 
157 1036 1229 1745 958 1964 1472 1003 2005 711 1188 1530 1510 887 409 2124 572 1044 658 355 808 2266 5197 
158 1053 1189 1763 966 1979 1466 995 2010 700 1172 1535 1538 861 414 2166 579 1060 654 353 853 2272 5290 
159 1066 1215 1785 987 2038 1406 1047 2001 706 1164 1525 1566 863 416 2202 571 1108 629 344 854 2268 5153 
160 1106 1169 1820 1023 2063 1445 1021 2031 720 1138 1512 1601 885 424 2213 582 1091 612 336 891 2285 5055 
161 1110 1185 1798 1065 2083 1495 1006 2001 732 1109 1523 1650 916 426 2242 610 1045 630 351 875 2299 4949 
162 1118 1234 1737 1080 2169 1480 996 1976 779 1093 1548 1654 926 424 2252 623 1031 644 358 854 2343 4895 
163 1126 1284 1783 1082 2217 1493 1058 1963 780 1124 1502 1707 944 430 2219 614 1019 644 379 788 2411 4662 
164 1123 1292 1829 1045 2225 1463 1074 1854 768 1123 1521 1854 967 432 2074 611 1111 625 386 801 2352 4716 
165 1121 1340 1866 1068 2175 1469 1072 1974 749 1109 1531 1803 1006 440 2071 612 1102 612 398 925 2160 4808 
166 1123 1387 1878 1069 2090 1507 1066 2036 742 1094 1571 1717 1061 433 2060 615 1051 623 433 994 2044 4866 
167 1153 1414 1879 1144 2036 1536 1060 2100 759 1079 1641 1641 1109 437 1998 611 1014 637 429 989 2081 4910 
168 1172 1435 1867 1191 2023 1526 1065 2157 722 1120 1639 1729 1159 437 1926 588 1009 652 440 988 2109 4923 
169 1101 1481 1875 1179 2044 1537 1058 2095 709 1147 1623 1753 1163 446 1954 600 1034 660 434 969 2140 4959 
170 1099 1439 1897 1166 2074 1531 1150 2030 706 1129 1532 1871 1154 446 2004 607 1008 670 418 954 2169 5025 
171 1124 1430 1950 1164 2052 1540 1082 2029 679 1164 1500 1913 1158 445 2047 622 1040 689 411 990 2144 5041 
172 1136 1411 1946 1146 2035 1539 1018 2025 693 1142 1489 2033 1115 464 2053 645 1022 703 374 975 2158 5096 
173 1138 1399 1899 1128 2064 1590 1035 1992 716 1078 1493 2017 1149 445 2075 643 1022 699 370 965 2207 5186 
174 1163 1379 1903 1068 2096 1633 992 1995 806 1017 1498 1929 1188 441 2182 657 1028 687 363 943 2227 5277 
175 1183 1384 1921 1089 2026 1654 1006 1951 865 1073 1513 1928 1197 444 2085 654 1016 681 353 939 2259 5217 
176 1213 1378 1947 1088 2041 1705 1014 2032 905 1088 1501 1896 1230 467 2057 665 999 675 349 912 2311 5094 
177 1218 1373 1944 1083 1940 1797 998 2098 943 1126 1491 1856 1295 473 2020 669 977 666 348 890 2341 4967 
178 1254 1368 1951 1097 1939 1777 999 2178 936 1183 1453 1824 1339 472 2048 695 975 656 316 884 2354 4835 
179 1264 1307 2010 1113 1883 1772 1010 2287 959 1183 1555 1754 1369 490 1980 704 990 657 319 878 2373 4708 
180 1281 1293 1987 1095 1890 1814 1005 2267 971 1191 1620 1743 1396 496 1921 706 953 676 347 861 2413 4772 
181 1302 1234 2023 1126 1915 1809 1044 2246 997 1190 1635 1736 1356 497 1880 712 949 687 368 863 2351 4826 
182 1260 1283 1983 1135 1979 1806 1097 2202 997 1155 1712 1663 1355 465 1869 723 943 683 382 920 2224 4897 
183 1247 1319 2004 1095 2054 1792 1075 2189 999 1171 1729 1636 1332 436 1883 727 899 719 396 924 2201 4969 
184 1239 1341 1993 1087 2060 1803 1081 2217 986 1208 1749 1680 1363 436 1790 736 926 743 397 906 2154 4973 
185 1230 1351 1975 1045 2101 1803 1061 2241 1021 1218 1685 1748 1348 434 1799 733 934 723 429 913 2093 5011 
186 1228 1336 1989 1060 2120 1750 1001 2219 1043 1280 1619 1796 1334 436 1812 746 963 718 411 904 2115 5124 
187 1187 1359 1992 1055 2144 1778 1009 2257 1026 1288 1651 1860 1342 440 1745 724 976 697 409 913 2111 5149 
188 1202 1331 1911 1074 2223 1724 1020 2242 1060 1258 1655 1914 1315 454 1713 657 1001 706 443 921 2136 5208 
189 1217 1291 1912 1083 2257 1767 1033 2302 1081 1245 1636 1933 1299 465 1738 664 1016 675 443 908 2190 5075 
190 1242 1260 1912 1085 2254 1803 1049 2313 1111 1215 1624 1981 1323 472 1750 668 1080 667 443 927 2172 4874 
191 1279 1216 1957 1083 2293 1838 1070 2306 1110 1218 1634 2103 1311 468 1688 641 1082 669 485 904 2173 4705 
192 1254 1205 2002 1071 2296 1830 1064 2347 1133 1189 1688 2067 1272 477 1717 638 1073 679 473 884 2190 4709 
193 1296 1198 1992 1074 2270 1897 1094 2343 1152 1206 1636 2047 1249 467 1753 662 1079 686 476 837 2237 4742 
194 1302 1178 2046 1055 2214 1930 1101 2357 1186 1174 1646 2015 1281 500 1791 687 1075 682 460 802 2297 4806 
195 1323 1168 2027 1044 2251 1955 1075 2382 1209 1179 1651 1991 1307 512 1831 706 1057 707 453 801 2325 4846 
196 1341 1135 2012 1053 2310 1921 1063 2409 1199 1159 1638 1959 1384 520 1820 721 1058 727 448 778 2354 4924 
197 1359 1080 2042 1105 2292 1940 1119 2380 1204 1141 1622 1967 1408 533 1797 745 1038 702 428 779 2400 4989 
198 1373 1077 2036 1147 2288 1900 1134 2365 1170 1131 1622 1955 1470 533 1742 754 1014 697 418 809 2361 5023 
199 1393 1127 2055 1177 2218 1917 1160 2308 1195 1139 1616 1937 1442 539 1764 748 1058 685 428 849 2291 5010 
200 1410 1134 2043 1183 2252 1906 1161 2307 1182 1138 1611 1904 1476 556 1727 756 1057 673 414 937 2199 5069 
201 1429 1205 2004 1217 2286 1899 1205 2213 1200 1125 1622 1881 1443 569 1716 753 1090 673 423 949 2147 5084 
202 1349 1277 2001 1169 2357 1962 1218 2213 1245 1088 1598 1848 1442 573 1728 773 1133 645 397 927 2114 5108 
203 1324 1351 2034 1154 2345 1921 1246 2217 1279 1087 1594 1871 1420 612 1656 793 1109 680 410 882 2135 5172 
204 1304 1364 2019 1167 2364 1942 1223 2251 1231 1153 1551 1815 1379 602 1712 725 1036 675 518 857 2140 5214 
205 1247 1443 2000 1149 2336 1981 1214 2229 1258 1070 1548 1813 1389 564 1750 700 1040 711 518 879 2149 5279 
206 1246 1442 2004 1157 2318 1982 1276 2268 1349 1032 1566 1798 1381 545 1763 648 1070 718 535 865 2178 5049 
207 1240 1436 1975 1196 2311 2029 1330 2208 1377 1051 1573 1780 1400 555 1692 647 1045 732 530 831 2209 4944 
208 1268 1418 1968 1154 2327 2071 1334 2171 1318 1110 1585 1785 1370 553 1728 661 1042 733 513 825 2217 4949 
209 1322 1365 1953 1136 2383 2069 1380 2108 1320 1185 1583 1735 1335 586 1781 664 1028 733 493 829 2216 4834 
210 1323 1389 1981 1201 2266 2144 1339 2186 1320 1171 1615 1667 1292 615 1850 697 1038 756 502 767 2262 4707 
211 1360 1364 2066 1207 2181 2154 1296 2249 1287 1209 1569 1753 1359 582 1860 688 1010 761 484 774 2301 4768 
212 1347 1378 2164 1148 2194 2143 1325 2304 1255 1242 1528 1770 1396 549 1901 709 999 762 492 796 2298 4820 
213 1367 1388 2159 1183 2170 2154 1312 2388 1255 1191 1565 1812 1384 581 1868 727 946 739 515 834 2292 4878 
214 1387 1379 2186 1178 2087 2171 1254 2398 1296 1167 1585 1862 1419 605 1811 748 937 744 513 836 2322 4927 
215 1399 1376 2177 1153 2105 2214 1209 2340 1332 1177 1541 1860 1432 623 1785 759 957 739 509 837 2323 4986 
216 1427 1361 2191 1184 2021 2260 1226 2273 1387 1177 1490 1895 1462 626 1796 769 985 719 499 848 2349 5063 
217 1450 1359 2155 1195 2030 2291 1261 2218 1393 1153 1441 1892 1497 598 1828 771 1031 734 478 861 2393 5127 
218 1437 1412 2071 1209 2035 2276 1272 2211 1370 1147 1430 1972 1477 564 1815 754 1046 661 551 897 2326 5198 
219 1375 1414 2195 1176 2013 2211 1287 2185 1364 1153 1418 1983 1480 547 1786 740 1082 656 563 985 2206 5254 
220 1316 1478 2145 1166 2025 2257 1316 2216 1351 1131 1415 1983 1502 538 1779 797 1097 655 555 864 2181 5060 
221 1285 1497 2119 1149 2039 2288 1324 2304 1343 1106 1425 1946 1485 571 1757 752 1089 667 581 858 2112 4901 
222 1300 1550 2086 1119 2009 2274 1336 2262 1332 1127 1467 1917 1476 576 1773 755 1091 683 604 838 2150 4808 
223 1328 1519 2088 1125 2070 2227 1416 2271 1316 1128 1456 1878 1428 608 1774 749 1116 673 595 824 2184 4756 
224 1356 1528 2054 1112 2154 2220 1445 2262 1298 1139 1467 1870 1393 614 1821 735 1119 713 600 839 2205 4745 
225 1402 1531 2011 1159 2190 2260 1492 2218 1306 1146 1450 1901 1392 623 1770 724 1114 735 568 890 2155 4684 
226 1436 1515 2013 1183 2233 2239 1510 2282 1309 1144 1489 1921 1375 638 1752 722 1053 723 612 899 2166 4513 
227 1445 1509 2011 1202 2238 2263 1511 2389 1314 1093 1468 1964 1382 628 1717 698 1028 696 614 926 2185 4514 
228 1481 1472 2012 1229 2277 2297 1471 2443 1269 1084 1392 2008 1351 621 1777 680 991 690 638 916 2227 4536 
229 1442 1510 2031 1285 2201 2318 1417 2465 1259 1112 1383 2010 1322 625 1813 668 1017 691 640 914 2252 4617 
230 1491 1425 2030 1291 2219 2333 1402 2378 1328 1104 1354 1980 1375 644 1838 628 1040 696 660 900 2267 4663 
231 1473 1433 2033 1284 2214 2320 1468 2350 1293 1126 1396 1945 1397 633 1864 636 1104 696 664 887 2286 4696 
232 1474 1444 2000 1276 2213 2311 1457 2394 1290 1103 1449 1929 1440 622 1840 622 1138 692 660 877 2306 4724 
233 1485 1465 2017 1337 2182 2272 1526 2412 1297 1096 1515 1886 1491 597 1881 639 1111 660 689 838 2352 4757 
234 1447 1458 1976 1334 2161 2320 1516 2349 1337 1092 1518 1837 1519 554 1940 640 1084 675 690 787 2375 4809 
235 1457 1475 1907 1351 2172 2326 1568 2299 1346 1086 1497 1838 1500 548 1987 649 1051 674 693 829 2346 4826 
236 1419 1502 1884 1371 2149 2324 1574 2293 1368 1068 1497 1810 1449 566 2047 665 1032 651 684 839 2350 4872 
237 1399 1542 1933 1341 2150 2327 1587 2195 1416 1096 1460 1798 1411 568 2037 683 988 681 733 852 2359 4904 
238 1416 1506 1988 1302 2184 2310 1529 2317 1335 1077 1514 1771 1375 588 2055 699 992 693 745 873 2377 4969 
239 1421 1476 2005 1357 2101 2348 1482 2414 1326 1049 1548 1730 1387 600 2044 674 1028 699 731 948 2251 4918 
240 1421 1483 2078 1314 2116 2284 1472 2442 1354 1030 1541 1740 1372 614 2052 715 1005 708 707 994 2165 4985 
241 1355 1504 2079 1285 2065 2287 1487 2422 1319 1010 1570 1832 1328 652 1991 718 1013 726 692 963 2150 5040 
242 1347 1463 2067 1280 2105 2244 1497 2442 1333 989 1583 1918 1307 644 1917 727 1024 752 673 999 2112 5093 
243 1338 1414 2182 1274 2045 2263 1493 2403 1384 976 1536 1984 1298 642 1892 737 1029 750 654 989 2129 5164 
244 1357 1397 2228 1255 2059 2280 1534 2370 1398 1019 1521 2079 1293 650 1835 736 1012 753 664 963 2175 5197 
245 1390 1342 2260 1242 2119 2208 1588 2295 1402 1071 1549 2056 1331 692 1769 728 979 785 635 946 2176 5265 
246 1402 1329 2258 1253 2185 2237 1615 2329 1398 1081 1557 2036 1366 703 1725 747 965 794 660 929 2222 5084 
247 1448 1304 2335 1243 2186 2235 1666 2347 1322 1125 1611 1928 1385 710 1744 764 962 743 645 922 2242 4975 
248 1510 1254 2342 1223 2278 2205 1683 2395 1332 1158 1605 1893 1374 754 1791 780 914 707 650 934 2245 4863 
249 1514 1251 2465 1194 2258 2201 1673 2376 1356 1212 1650 1814 1407 733 1842 797 939 685 652 911 2284 4708 
250 1545 1254 2491 1237 2191 2239 1669 2407 1357 1178 1659 1759 1497 704 1863 748 956 696 691 912 2311 4795 
251 1598 1213 2514 1218 2165 2212 1701 2423 1329 1170 1641 1767 1459 670 1925 741 970 696 698 890 2330 4789 
252 1602 1261 2537 1232 2116 2244 1657 2464 1278 1123 1645 1758 1414 696 1990 733 1000 697 678 869 2367 4871 
253 1619 1282 2549 1255 2106 2234 1700 2437 1258 1128 1635 1792 1334 730 1986 731 1029 712 646 853 2390 4931 
254 1631 1312 2521 1252 2131 2235 1761 2437 1274 1123 1727 1760 1289 736 2026 680 1101 703 645 832 2439 4963 
255 1675 1318 2535 1213 2188 2241 1778 2429 1279 1099 1746 1832 1299 741 1988 695 1077 720 651 974 2266 5018 
256 1624 1372 2495 1187 2305 2229 1839 2304 1290 1125 1712 1920 1308 735 1950 718 1052 759 652 1002 2217 5122 
257 1587 1442 2471 1233 2361 2246 1855 2276 1274 1095 1723 1996 1349 719 1882 734 1084 779 596 1046 2124 5157 
258 1566 1407 2504 1298 2302 2231 1841 2291 1252 1114 1693 2028 1371 720 1841 745 1047 784 593 1040 2100 5211 
259 1573 1380 2562 1287 2289 2241 1847 2331 1247 1097 1701 2079 1401 723 1825 738 1024 799 603 1006 2099 5041 
260 1568 1391 2525 1285 2310 2290 1854 2275 1260 1089 1759 1919 1437 725 1868 751 1029 762 633 974 2128 4942 
261 1517 1431 2494 1301 2241 2339 1890 2246 1323 1067 1713 1929 1488 735 1823 765 1012 770 615 980 2141 4822 
262 1462 1509 2475 1346 2265 2365 1881 2309 1366 1032 1684 1936 1513 747 1788 768 1026 749 620 958 2147 4684 
263 1449 1509 2532 1310 2244 2387 1877 2363 1337 1053 1714 1906 1429 761 1823 787 1074 714 595 959 2156 4714 
264 1512 1487 2549 1317 2203 2438 1846 2452 1310 1061 1698 1976 1386 757 1804 807 1071 682 634 951 2162 4721 
265 1438 1538 2494 1309 2184 2400 1839 2542 1310 1057 1674 1958 1426 749 1762 808 1040 683 663 905 2220 4813 
266 1404 1550 2475 1286 2232 2363 1805 2520 1328 1067 1685 1941 1400 755 1744 824 991 721 657 911 2221 4863 
267 1433 1521 2453 1255 2301 2342 1842 2512 1330 1047 1736 1946 1413 754 1644 860 985 729 654 899 2273 4931 
268 1442 1526 2497 1228 2329 2292 1826 2543 1287 1067 1725 1937 1381 768 1693 867 975 751 645 876 2316 4979 
269 1479 1504 2420 1228 2296 2313 1801 2553 1296 1071 1697 1954 1316 791 1782 877 979 759 630 872 2357 5070 
270 1524 1481 2454 1239 2287 2333 1718 2585 1352 1011 1680 1942 1326 761 1800 883 975 789 638 865 2373 5090 
271 1587 1452 2415 1222 2350 2324 1625 2650 1371 1021 1647 1935 1340 735 1853 916 1004 772 623 866 2401 5131 
272 1637 1446 2437 1239 2368 2258 1621 2641 1339 1030 1610 1946 1357 739 1905 933 1000 774 603 855 2374 5202 
273 1635 1433 2373 1251 2337 2299 1600 2638 1329 1041 1626 1927 1378 715 1918 943 1006 776 594 934 2242 5312 
274 1557 1531 2385 1251 2349 2298 1646 2616 1373 1028 1598 1926 1371 740 1987 888 1015 778 623 943 2172 5210 
275 1528 1545 2317 1278 2360 2343 1664 2659 1386 1015 1588 1878 1439 742 1932 899 1010 781 615 933 2133 5115 
276 1527 1608 2360 1273 2304 2280 1707 2637 1496 1020 1556 1859 1550 687 1914 882 1041 757 603 917 2144 4975 
277 1487 1610 2366 1225 2343 2241 1794 2651 1452 1037 1560 1876 1562 661 1891 868 1031 786 585 921 2157 4935 
278 1437 1648 2398 1163 2375 2275 1854 2665 1417 1050 1562 1874 1566 703 1875 822 995 786 655 877 2231 4816 
279 1476 1639 2340 1184 2348 2266 1860 2717 1400 1079 1517 1789 1546 702 1910 818 1014 801 643 867 2231 4759 
280 1475 1653 2306 1185 2334 2321 1848 2737 1395 1102 1499 1747 1531 681 1951 832 947 818 679 846 2232 4617 
281 1539 1614 2372 1153 2371 2236 1833 2779 1377 1108 1528 1761 1515 713 1922 809 979 834 672 863 2212 4727 
282 1563 1630 2349 1224 2316 2227 1870 2719 1342 1085 1560 1810 1499 718 1912 795 1007 847 665 865 2243 4762 
283 1578 1609 2336 1250 2335 2214 1923 2663 1362 1073 1538 1836 1483 746 1873 763 1016 857 675 890 2201 4847 
284 1605 1629 2288 1283 2307 2254 1885 2615 1370 1105 1572 1842 1452 755 1869 747 1134 790 649 827 2229 4900 
285 1512 1692 2347 1283 2319 2206 1890 2699 1377 1066 1536 1884 1384 786 1863 750 1112 778 652 800 2234 4957 
286 1482 1688 2358 1233 2324 2201 1944 2631 1467 994 1569 1934 1427 773 1833 783 1104 752 628 825 2239 5006 
287 1479 1681 2411 1222 2307 2183 1902 2704 1426 954 1566 1921 1441 789 1864 789 1080 746 638 829 2278 5095 
288 1395 1740 2432 1251 2303 2145 1920 2662 1412 940 1585 1929 1466 790 1903 800 1106 711 621 891 2260 5188 
289 1390 1731 2407 1234 2282 2121 1987 2701 1427 938 1544 1886 1571 731 1928 827 1067 699 629 908 2251 5118 
290 1424 1718 2396 1215 2273 2144 1952 2731 1451 936 1547 1859 1597 726 1915 853 1002 686 654 955 2258 5007 
291 1460 1707 2409 1221 2284 2140 2010 2688 1464 952 1535 1914 1613 697 1860 893 988 701 620 922 2293 4858 
292 1522 1678 2374 1208 2328 2108 2077 2688 1476 964 1539 1861 1694 656 1896 908 957 723 626 931 2318 4726 
293 1555 1664 2390 1211 2251 2145 2081 2647 1483 968 1560 1872 1645 654 1871 903 979 739 615 897 2339 4765 
294 1555 1657 2428 1206 2237 2165 2089 2627 1530 1005 1551 1898 1622 661 1844 894 1009 739 610 858 2382 4810 
295 1607 1633 2399 1246 2228 2140 2092 2580 1553 1013 1527 1844 1635 707 1849 905 1044 745 624 815 2418 4875 
296 1645 1607 2406 1278 2155 2140 2095 2609 1509 1058 1568 1724 1683 722 1819 899 1055 724 638 858 2373 4974 
297 1644 1645 2318 1278 2118 2150 2172 2522 1575 1064 1539 1699 1638 776 1872 869 1091 735 640 864 2374 5056 
298 1677 1661 2262 1317 2156 2140 2215 2518 1512 1086 1498 1733 1658 750 1802 854 1098 726 651 956 2270 5118 
299 1650 1642 2264 1308 2175 2154 2231 2470 1485 1137 1485 1687 1680 704 1857 790 1105 727 647 996 2224 5179 
300 1611 1653 2253 1313 2224 2164 2258 2382 1487 1150 1480 1705 1595 729 1907 751 1090 744 666 1017 2192 5266 
301 1587 1689 2219 1310 2274 2231 2271 2364 1487 1172 1455 1791 1545 747 1831 772 1060 752 658 1037 2144 5212 
302 1521 1720 2225 1341 2337 2200 2249 2460 1512 1193 1419 1871 1518 746 1792 808 1062 752 636 1013 2192 5033 
303 1535 1691 2266 1323 2365 2141 2275 2483 1533 1170 1435 1926 1508 771 1724 820 1037 774 654 1043 2207 4938 
304 1530 1710 2176 1327 2481 2125 2292 2507 1646 1170 1416 1913 1524 720 1708 840 1021 784 641 1074 2185 4847 
305 1458 1758 2178 1310 2501 2160 2249 2472 1624 1201 1360 1912 1446 701 1786 856 1041 797 677 1034 2218 4771 
306 1429 1762 2158 1296 2461 2261 2174 2533 1560 1198 1355 1908 1514 670 1756 873 1029 821 693 980 2277 4666 
307 1493 1700 2144 1328 2449 2232 2142 2581 1540 1185 1381 1886 1538 640 1763 855 1064 817 673 987 2281 4660 
308 1474 1710 2198 1293 2444 2191 2171 2511 1552 1200 1400 1843 1577 638 1737 871 1080 805 666 956 2302 4729 
309 1501 1684 2159 1340 2479 2132 2146 2507 1578 1177 1424 1792 1636 643 1715 867 1143 742 694 945 2307 4781 
310 1546 1708 2131 1312 2479 2140 2124 2501 1582 1126 1420 1776 1593 663 1707 843 1174 743 688 976 2314 4865 
311 1615 1638 2084 1322 2509 2134 2125 2475 1572 1104 1423 1796 1581 691 1630 852 1170 746 675 981 2320 4913 
312 1646 1638 2037 1316 2516 2137 2097 2515 1586 1081 1392 1784 1568 702 1640 799 1221 756 665 954 2353 4968 
313 1654 1642 2131 1327 2435 2114 2092 2520 1568 1084 1397 1783 1547 702 1647 774 1211 768 665 920 2396 5043 
314 1700 1633 2149 1320 2431 2024 2108 2452 1625 1106 1324 1805 1518 721 1711 724 1192 824 667 914 2388 5124 
315 1556 1752 2178 1327 2388 2054 2074 2457 1636 1072 1316 1839 1522 724 1758 734 1209 795 651 906 2407 5192 
316 1505 1759 2237 1307 2351 2087 2055 2404 1669 1073 1287 1865 1555 711 1789 743 1198 792 659 907 2414 5299 
317 1456 1818 2248 1308 2322 2075 2001 2575 1703 1043 1278 1889 1590 693 1813 762 1161 806 676 966 2376 5198 
318 1410 1804 2310 1279 2250 2148 1963 2792 1652 1022 1266 1904 1620 655 1843 753 1150 806 700 938 2420 5083 
319 1472 1776 2211 1310 2253 2235 1916 2873 1701 1042 1306 1949 1624 650 1795 770 1123 807 700 1020 2336 4944 
320 1525 1757 2249 1268 2230 2239 1929 2947 1671 1052 1301 1910 1668 632 1791 777 1106 795 745 987 2291 4794 
321 1607 1672 2232 1243 2195 2330 1878 3048 1662 1063 1299 1925 1655 621 1758 801 1115 761 754 990 2261 4665 
322 1657 1659 2203 1266 2116 2374 1889 3033 1712 1093 1248 1874 1619 666 1790 811 1103 750 762 1021 2213 4717 
323 1678 1632 2231 1232 2175 2382 1881 3098 1615 1146 1259 1793 1633 657 1792 826 1112 716 757 1047 2164 4744 
324 1682 1537 2341 1166 2263 2419 1829 3048 1625 1191 1234 1736 1643 625 1820 889 1172 726 689 1071 2136 4812 
325 1707 1566 2322 1170 2283 2426 1794 3040 1609 1191 1310 1693 1622 639 1730 922 1203 746 696 1050 2122 4916 
326 1723 1553 2265 1169 2422 2377 1827 3002 1554 1236 1293 1730 1591 667 1724 933 1238 757 676 1118 2112 4971 
327 1690 1601 2201 1172 2464 2362 1824 3036 1517 1264 1257 1774 1587 673 1668 976 1267 765 642 1110 2165 5049 
328 1633 1664 2220 1161 2434 2335 1820 2949 1520 1291 1268 1805 1577 695 1618 934 1299 748 637 1130 2180 5099 
329 1640 1669 2198 1171 2371 2329 1828 2903 1521 1275 1277 1832 1573 704 1609 924 1323 772 605 1128 2203 5184 
330 1568 1685 2251 1165 2355 2331 1882 2844 1534 1228 1266 1826 1568 740 1631 935 1390 769 606 1132 2190 5239 
331 1493 1737 2359 1136 2332 2360 1887 2883 1534 1235 1266 1846 1535 768 1668 934 1350 792 603 1095 2230 5004 
332 1509 1713 2409 1187 2299 2431 1964 2815 1555 1211 1263 1851 1518 770 1726 926 1352 732 640 1052 2272 4854 
333 1482 1712 2442 1210 2262 2413 1997 2857 1583 1162 1263 1880 1479 768 1770 910 1319 738 688 1007 2302 4757 
334 1536 1691 2448 1146 2345 2467 1984 2930 1585 1134 1293 1856 1461 786 1806 877 1343 751 694 1043 2285 4571 
335 1549 1696 2467 1132 2323 2441 1984 2883 1603 1165 1278 1865 1428 806 1838 874 1319 738 694 1019 2300 4627 
336 1587 1667 2468 1162 2283 2493 1987 2895 1611 1144 1298 1809 1409 825 1874 874 1324 727 691 988 2337 4627 
337 1591 1666 2429 1154 2296 2501 2012 2840 1667 1174 1289 1768 1394 799 1901 912 1318 714 715 950 2345 4670 
338 1642 1615 2447 1152 2260 2553 2001 2789 1703 1130 1301 1774 1401 752 1936 920 1364 674 692 911 2389 4684 
339 1690 1580 2477 1144 2275 2545 2052 2735 1692 1148 1296 1737 1479 719 2008 855 1388 682 686 892 2414 4696 
340 1680 1604 2522 1124 2224 2556 2059 2761 1700 1109 1338 1686 1527 723 1961 939 1317 675 681 878 2451 4749 
341 1679 1624 2524 1148 2239 2543 2042 2710 1720 1056 1400 1609 1634 727 1904 974 1286 709 671 915 2340 4800 
342 1733 1601 2438 1199 2232 2568 2007 2667 1739 1053 1399 1581 1702 701 1870 992 1254 728 671 948 2276 4863 
343 1757 1608 2444 1202 2187 2625 1999 2642 1717 1062 1423 1640 1675 703 1761 997 1247 783 672 1016 2202 4922 
344 1797 1585 2412 1203 2153 2641 1964 2656 1710 1052 1448 1596 1656 696 1763 1022 1248 793 682 1051 2133 4980 
345 1716 1660 2476 1214 2123 2545 2078 2549 1785 963 1450 1568 1644 720 1741 1029 1245 856 639 1057 2166 5040 
346 1664 1642 2511 1257 2193 2546 2047 2508 1775 1021 1384 1603 1588 740 1746 1081 1222 871 635 1045 2210 5174 
347 1617 1658 2489 1249 2207 2544 2055 2505 1811 1014 1393 1656 1609 753 1691 1091 1221 892 650 1011 2227 5210 
348 1546 1615 2467 1242 2245 2557 2046 2545 1751 1032 1338 1668 1602 785 1745 1117 1209 883 657 997 2230 5313 
349 1548 1586 2520 1219 2296 2505 2054 2602 1760 1055 1346 1673 1601 803 1802 1159 1183 858 659 993 2270 5188 
350 1574 1538 2635 1188 2363 2493 2066 2625 1822 1073 1356 1748 1492 799 1863 1171 1153 848 685 938 2293 4993 
351 1593 1555 2721 1127 2397 2463 2069 2648 1830 1081 1352 1734 1473 792 1878 1210 1147 839 678 928 2300 4836 
352 1653 1549 2822 1063 2340 2463 2111 2632 1780 1133 1350 1728 1430 791 1953 1194 1134 832 672 911 2311 4675 
353 1679 1560 2740 1119 2353 2402 2183 2579 1791 1166 1370 1725 1458 777 1874 1197 1136 816 671 906 2340 4697 
354 1723 1528 2789 1108 2335 2364 2202 2568 1784 1190 1367 1692 1560 718 1851 1141 1147 775 707 899 2368 4833 
355 1755 1574 2719 1109 2298 2322 2276 2586 1730 1213 1354 1692 1605 717 1863 1151 1133 808 695 886 2380 4890 
356 1753 1577 2766 1162 2231 2351 2274 2664 1708 1217 1361 1694 1642 696 1836 1149 1106 820 716 840 2393 4923 
357 1683 1634 2702 1208 2198 2415 2197 2692 1651 1220 1408 1642 1687 652 1870 1133 1147 828 716 882 2387 4992 
358 1676 1607 2667 1203 2183 2443 2201 2674 1685 1215 1408 1624 1650 619 1877 1117 1151 833 688 890 2405 5031 
359 1627 1672 2666 1218 2165 2454 2164 2614 1751 1190 1359 1633 1627 654 1829 1109 1156 853 683 883 2380 5088 
360 1649 1663 2719 1293 2059 2434 2166 2589 1803 1163 1358 1588 1660 644 1829 1096 1147 906 659 892 2335 5191 
361 1643 1651 2705 1250 2124 2433 2137 2572 1811 1144 1367 1633 1637 637 1817 1055 1197 934 663 927 2289 5271 
362 1612 1678 2596 1223 2190 2496 2256 2515 1797 1118 1439 1653 1564 655 1785 1026 1253 932 659 941 2215 5122 
363 1636 1673 2634 1180 2272 2534 2286 2488 1834 1073 1449 1682 1539 667 1793 1025 1289 942 636 1023 2121 4929 
364 1656 1648 2672 1158 2322 2641 2310 2531 1805 1056 1489 1659 1585 679 1793 1045 1309 937 602 978 2163 4698 
365 1700 1563 2716 1248 2235 2672 2255 2562 1783 1022 1496 1674 1597 687 1741 1045 1319 962 608 956 2179 4557 
366 1645 1631 2667 1226 2216 2652 2244 2546 1799 1033 1482 1689 1618 691 1749 1064 1345 917 607 934 2211 4640 
367 1626 1670 2689 1223 2162 2693 2270 2468 1735 1093 1488 1674 1575 702 1802 1071 1389 883 609 900 2230 4705 
368 1611 1672 2723 1238 2122 2694 2295 2449 1669 1124 1468 1727 1569 710 1802 1080 1453 856 567 966 2223 4798 
369 1627 1602 2724 1236 2111 2708 2205 2673 1630 1142 1467 1750 1561 719 1846 1115 1336 871 560 945 2293 4794 
370 1614 1564 2753 1215 2117 2688 2164 2808 1589 1190 1423 1815 1516 732 1896 1149 1316 877 563 922 2324 4839 
371 1629 1546 2705 1219 2170 2682 2113 2839 1580 1145 1403 1836 1486 707 1965 1174 1312 889 538 915 2321 4922 
372 1584 1588 2714 1204 2173 2626 2093 2839 1559 1140 1427 1778 1458 691 2012 1192 1323 919 566 878 2332 4995 
373 1573 1608 2683 1227 2148 2665 2038 2894 1572 1090 1457 1791 1354 713 2034 1192 1285 932 554 865 2336 5070 
374 1526 1557 2698 1252 2134 2739 2122 2808 1558 1090 1438 1784 1415 661 2038 1208 1259 930 562 872 2315 5090 
375 1459 1580 2662 1255 2131 2786 2119 2751 1558 1088 1410 1762 1422 667 2026 1191 1284 913 559 873 2332 5179 
376 1529 1553 2630 1249 2218 2719 2139 2657 1541 1085 1404 1719 1390 674 2022 1186 1313 910 544 884 2356 5252 
377 1576 1516 2603 1214 2314 2760 2172 2646 1552 1136 1400 1687 1382 680 2009 1141 1335 910 552 888 2410 5267 
378 1566 1533 2594 1217 2342 2735 2160 2645 1533 1179 1381 1699 1427 693 1935 1094 1309 910 571 910 2342 5342 
379 1601 1533 2530 1226 2364 2750 2179 2747 1495 1243 1410 1715 1462 721 1922 1096 1249 917 554 953 2243 5088 
380 1631 1511 2600 1248 2294 2703 2271 2719 1530 1190 1387 1671 1569 656 1967 1053 1229 914 547 1019 2123 4948 
381 1674 1542 2501 1262 2339 2746 2312 2708 1551 1143 1445 1663 1655 648 1941 1085 1188 913 544 1015 2139 4838 
382 1696 1529 2517 1238 2338 2757 2291 2732 1538 1160 1462 1613 1679 635 1934 1111 1220 917 541 1007 2166 4709 
383 1680 1514 2475 1296 2318 2765 2295 2667 1550 1145 1418 1697 1686 596 1908 1087 1342 826 533 1032 2180 4786 
384 1623 1520 2523 1305 2285 2732 2356 2653 1543 1158 1422 1803 1596 605 1888 1110 1388 811 508 1019 2220 4811 
385 1619 1496 2562 1333 2263 2731 2378 2636 1564 1158 1408 1868 1548 635 1835 1149 1337 831 473 1037 2250 4886 
386 1639 1501 2514 1416 2216 2735 2312 2658 1599 1140 1404 1946 1505 665 1829 1150 1340 806 455 1055 2254 4885 
387 1615 1557 2440 1417 2198 2750 2274 2680 1610 1164 1378 1979 1465 694 1791 1159 1323 819 445 1013 2344 4968 
388 1603 1485 2489 1455 2157 2762 2248 2607 1639 1141 1384 1966 1498 706 1768 1164 1311 855 441 1002 2373 5072 
389 1590 1500 2463 1456 2173 2692 2332 2523 1639 1130 1385 1925 1579 705 1723 1190 1324 858 472 1001 2375 5088 
390 1586 1525 2447 1449 2178 2647 2328 2623 1622 1110 1349 1898 1624 708 1758 1206 1305 879 463 972 2417 5148 
391 1599 1490 2465 1423 2213 2583 2307 2627 1604 1112 1363 1786 1676 716 1816 1186 1303 885 459 1027 2324 5237 
392 1582 1512 2480 1473 2168 2640 2299 2629 1620 1072 1322 1729 1720 737 1855 1181 1292 872 472 1062 2273 5035 
393 1529 1553 2531 1418 2111 2681 2272 2641 1609 1054 1329 1699 1768 726 1872 1149 1334 898 504 1053 2240 4983 
394 1459 1630 2532 1373 2176 2694 2219 2651 1600 1041 1311 1666 1749 703 1945 1086 1381 872 505 1063 2259 4902 
395 1484 1661 2503 1362 2223 2702 2171 2695 1600 1096 1293 1673 1767 688 1964 1086 1386 877 496 1085 2211 4775 
396 1505 1667 2535 1347 2261 2661 2202 2716 1583 1084 1323 1666 1738 677 1996 1069 1429 871 482 1066 2182 4640 
397 1518 1652 2513 1327 2297 2696 2185 2748 1545 1110 1335 1634 1730 677 1982 1029 1397 880 488 1033 2221 4634 
398 1547 1632 2533 1321 2354 2653 2275 2618 1546 1130 1313 1632 1716 688 1944 1132 1361 896 473 998 2260 4699 
399 1575 1599 2529 1336 2392 2655 2298 2612 1583 1076 1327 1696 1681 715 1895 1141 1332 930 488 917 2352 4736 
400 1620 1583 2512 1350 2445 2552 2381 2589 1603 1087 1364 1733 1688 731 1817 1142 1307 910 524 928 2368 4751 
401 1678 1581 2508 1331 2483 2582 2316 2609 1575 1131 1361 1781 1595 787 1783 1158 1319 921 522 921 2380 4760 
402 1610 1613 2524 1404 2388 2577 2286 2546 1584 1158 1349 1888 1607 786 1715 1187 1343 940 476 926 2414 4809 
403 1546 1626 2519 1404 2349 2563 2288 2539 1564 1157 1347 1882 1682 771 1652 1208 1301 953 515 992 2406 4882 
404 1516 1643 2472 1398 2345 2586 2239 2516 1530 1149 1337 1946 1682 737 1685 1218 1371 976 503 1007 2441 4949 
405 1452 1714 2440 1406 2385 2585 2179 2592 1517 1160 1311 1888 1663 728 1713 1198 1385 975 520 1024 2459 5016 
406 1472 1677 2459 1415 2348 2567 2165 2539 1504 1177 1291 1852 1670 709 1756 1177 1421 955 510 1040 2475 5104 
407 1474 1683 2568 1414 2365 2476 2146 2545 1516 1193 1265 1760 1653 727 1886 1134 1460 949 502 1116 2437 5146 
408 1488 1668 2592 1406 2320 2472 2162 2470 1570 1119 1296 1695 1680 723 1914 1138 1495 928 502 1141 2411 5183 
409 1497 1654 2599 1391 2265 2409 2197 2655 1454 1155 1283 1726 1676 710 1874 1102 1510 915 486 1166 2394 5219 
410 1546 1601 2658 1340 2337 2357 2165 2731 1440 1139 1264 1830 1628 704 1826 1163 1528 854 541 1092 2427 5291 
411 1602 1551 2696 1343 2311 2384 2155 2918 1382 1122 1255 1903 1600 692 1842 1177 1495 836 560 1066 2470 5167 
412 1638 1513 2752 1362 2308 2362 2170 2917 1420 1091 1231 1891 1570 694 1890 1190 1495 751 646 1063 2471 5036 
413 1691 1452 2780 1385 2224 2320 2239 2909 1368 1104 1203 1889 1524 703 1933 1219 1500 766 648 1048 2516 4876 
414 1692 1407 2823 1364 2210 2374 2193 3019 1335 1056 1210 1904 1592 656 1958 1224 1488 796 650 1041 2544 4726 
415 1649 1455 2753 1344 2278 2408 2185 3042 1337 1044 1201 1950 1668 623 1975 1212 1446 813 684 1005 2578 4800 
416 1609 1479 2775 1376 2280 2433 2171 3048 1355 1066 1234 1900 1700 644 2004 1207 1384 850 689 1170 2393 4883 
417 1594 1473 2773 1349 2332 2489 2147 3062 1313 1096 1284 1838 1778 642 1962 1204 1426 862 683 1187 2321 4927 
418 1567 1495 2801 1332 2369 2494 2118 3046 1298 1110 1328 1749 1852 657 1947 1211 1468 887 622 1196 2278 4931 
419 1490 1496 2810 1281 2478 2442 2115 3068 1284 1125 1303 1774 1871 670 1924 1208 1403 909 635 1297 2197 5017 
420 1376 1578 2808 1247 2490 2429 2073 3021 1277 1160 1283 1620 1861 691 2006 1193 1428 857 633 1313 2192 5113 
421 1444 1519 2834 1228 2469 2391 2107 2916 1354 1176 1269 1629 1838 708 2054 1170 1433 883 594 1306 2177 5211 
422 1469 1485 2816 1211 2473 2476 2025 2803 1374 1194 1239 1689 1743 737 2093 1167 1466 884 560 1316 2145 5294 
423 1507 1429 2930 1193 2411 2605 2059 2753 1382 1226 1212 1771 1774 682 2033 1132 1479 845 532 1321 2172 5077 
424 1524 1360 2956 1195 2425 2570 2083 2798 1413 1230 1192 1846 1779 645 2001 1107 1439 837 548 1333 2175 4989 
425 1586 1295 2926 1221 2368 2711 2073 2821 1427 1257 1176 1953 1773 594 1976 1090 1407 840 537 1328 2206 4899 
426 1543 1335 2941 1234 2311 2741 2112 2839 1493 1210 1121 1971 1753 598 2025 1054 1316 882 580 1289 2248 4773 
427 1511 1323 3038 1224 2268 2744 2124 2843 1453 1321 1118 1931 1753 596 2031 1005 1353 879 578 1283 2265 4697 
428 1483 1379 3051 1203 2292 2709 2153 2894 1386 1367 1142 1988 1709 604 2014 1026 1362 886 530 1298 2316 4565 
429 1460 1399 3052 1240 2197 2714 2146 2882 1373 1367 1150 1989 1677 625 2014 1067 1346 908 530 1294 2296 4649 
430 1471 1407 3080 1223 2246 2716 2098 2896 1343 1358 1159 1979 1755 601 1986 1086 1357 930 547 1277 2313 4711 
431 1479 1391 3020 1193 2332 2703 2067 2904 1361 1420 1181 1864 1828 607 1956 1086 1351 936 550 1269 2352 4743 
432 1477 1381 2925 1186 2493 2679 2077 2934 1341 1449 1165 1893 1789 630 1980 1115 1318 961 559 1236 2350 4793 
433 1457 1403 2909 1184 2503 2676 2072 2978 1274 1463 1188 1912 1746 654 1982 1152 1271 1007 575 1226 2345 4857 
434 1483 1421 2929 1188 2438 2689 2038 2959 1269 1451 1208 1933 1757 662 1908 1157 1266 1026 575 1217 2364 4939 
435 1472 1403 3005 1161 2448 2661 2119 2903 1228 1484 1232 1916 1723 660 1906 1174 1274 977 598 1234 2349 4958 
436 1433 1419 3007 1208 2385 2646 2191 2819 1256 1438 1291 1833 1742 646 1886 1188 1258 970 570 1191 2404 4987 
437 1458 1376 3007 1286 2353 2662 2216 2783 1299 1416 1310 1793 1735 656 1816 1202 1308 903 617 1126 2459 5060 
438 1459 1368 3004 1347 2291 2701 2205 2706 1308 1397 1275 1841 1770 608 1838 1214 1366 924 609 1130 2483 5102 
439 1392 1405 2955 1380 2224 2732 2204 2712 1310 1405 1229 1864 1785 611 1810 1240 1370 934 578 1134 2529 5133 
440 1361 1400 2981 1382 2241 2690 2222 2716 1330 1387 1217 1924 1678 629 1892 1224 1379 953 611 1145 2472 5215 
441 1327 1436 2931 1374 2205 2759 2252 2630 1374 1355 1171 2007 1648 644 1845 1228 1379 897 644 1146 2405 5299 
442 1322 1485 2951 1386 2195 2744 2253 2607 1353 1344 1174 2026 1631 659 1834 1221 1407 896 639 1151 2361 5186 
443 1351 1448 2977 1427 2180 2707 2295 2603 1332 1352 1217 2084 1617 670 1815 1195 1431 912 639 1177 2300 5072 
444 1341 1424 2980 1404 2286 2700 2381 2573 1323 1372 1255 2026 1640 686 1808 1135 1454 906 652 1243 2242 4922 
445 1321 1455 3020 1346 2299 2700 2368 2636 1272 1404 1262 2049 1620 702 1858 1093 1489 942 661 1166 2299 4789 
446 1288 1441 2976 1334 2367 2698 2339 2665 1251 1425 1315 1986 1619 707 1857 1086 1510 959 668 1160 2316 4816 
447 1310 1452 2960 1301 2452 2664 2285 2716 1244 1411 1305 1943 1634 723 1849 1074 1514 952 695 1175 2317 4887 
448 1331 1447 2907 1301 2559 2613 2273 2724 1245 1397 1303 1903 1678 727 1849 1063 1545 866 722 1151 2350 4950 
449 1340 1476 2852 1343 2548 2592 2262 2666 1197 1405 1297 1854 1701 727 1858 1064 1570 857 748 1154 2357 4994 
450 1369 1446 2925 1369 2497 2533 2305 2614 1216 1413 1290 1752 1769 749 1862 1099 1519 837 784 1159 2364 5061 
451 1386 1443 2919 1395 2463 2483 2280 2578 1224 1358 1288 1777 1784 757 1841 1074 1498 830 791 1193 2364 5176 
452 1502 1326 2967 1383 2468 2472 2267 2592 1244 1363 1270 1818 1837 760 1801 1096 1383 879 801 1155 2390 5229 
453 1498 1307 3074 1399 2457 2550 2281 2570 1256 1365 1286 1771 1861 797 1808 1130 1404 885 776 1165 2413 5030 
454 1536 1251 3082 1394 2411 2588 2358 2562 1255 1358 1266 1809 1901 793 1821 1157 1382 905 788 1158 2436 4906 
455 1570 1274 3096 1371 2405 2557 2426 2479 1295 1316 1268 1889 1942 774 1775 1180 1346 934 797 1171 2426 4825 
456 1543 1335 3113 1394 2366 2538 2557 2513 1291 1307 1287 1923 2017 735 1715 1190 1396 956 825 1126 2459 4619 
457 1495 1378 3130 1420 2369 2471 2628 2475 1296 1293 1323 1969 2019 704 1651 1184 1418 974 820 1157 2404 4583 
458 1433 1467 3134 1392 2386 2471 2577 2512 1272 1304 1345 2048 1901 687 1720 1216 1434 990 802 1269 2245 4597 
459 1386 1493 3136 1381 2420 2387 2596 2617 1221 1347 1299 2058 1879 701 1774 1238 1442 1005 820 1235 2197 4598 
460 1330 1517 3075 1422 2355 2407 2622 2722 1173 1343 1293 1963 1905 694 1867 1249 1484 1028 778 1225 2224 4639 
461 1359 1500 3159 1427 2302 2353 2599 2810 1143 1370 1308 1922 1817 730 1933 1273 1486 1097 715 1207 2274 4672 
462 1409 1439 3186 1441 2312 2315 2587 2909 1153 1371 1283 1920 1786 762 1941 1212 1535 949 824 1221 2273 4727 
463 1457 1404 3146 1463 2289 2315 2590 2873 1123 1342 1301 1924 1786 768 1943 1202 1537 939 833 1217 2294 4786 
464 1494 1394 3176 1490 2263 2243 2558 2937 1136 1336 1302 1931 1764 779 1893 1202 1523 916 824 1194 2293 4824 
465 1521 1396 3164 1548 2171 2283 2540 2929 1115 1317 1305 1917 1756 801 1879 1170 1519 934 813 1159 2304 4835 
466 1549 1442 3087 1525 2262 2301 2465 2961 1095 1296 1336 1923 1649 875 1829 1190 1483 951 819 1138 2341 4879 
467 1574 1479 3082 1516 2314 2322 2421 2983 1089 1271 1338 1889 1662 854 1822 1254 1461 978 815 1104 2362 4990 
468 1587 1536 3067 1497 2364 2323 2470 2985 1128 1224 1332 1902 1683 832 1794 1301 1450 987 810 1123 2349 5041 
469 1606 1560 3057 1530 2425 2336 2502 2925 1140 1223 1354 2021 1603 825 1811 1266 1428 1032 807 1127 2360 5027 
470 1537 1623 2962 1547 2433 2391 2559 2916 1160 1169 1361 2057 1592 801 1856 1255 1415 1050 789 1092 2417 5033 
471 1497 1589 2883 1571 2400 2422 2514 2920 1199 1165 1340 2122 1551 821 1885 1264 1412 1090 769 1095 2470 5059 
472 1473 1644 2839 1586 2317 2483 2461 2867 1239 1203 1277 2113 1514 837 1979 1206 1391 1129 765 1038 2485 5161 
473 1442 1650 2887 1524 2355 2465 2462 2867 1252 1213 1270 2159 1493 859 2036 1200 1445 1092 762 1064 2426 5171 
474 1484 1648 2887 1551 2354 2440 2527 2818 1262 1196 1269 2198 1482 909 1918 1294 1403 1153 744 1032 2383 5199 
475 1525 1650 2910 1569 2347 2422 2521 2873 1253 1172 1301 2147 1574 896 1848 1260 1452 1120 767 1008 2387 5255 
476 1535 1666 2931 1584 2310 2446 2491 2855 1236 1141 1354 2109 1651 896 1765 1209 1466 1114 753 1011 2370 5259 
477 1590 1612 2898 1618 2248 2477 2539 2851 1270 1129 1288 2085 1697 881 1773 1205 1417 1152 752 1028 2330 5322 
478 1675 1557 2853 1615 2283 2482 2507 2800 1296 1148 1278 2005 1760 847 1848 1128 1347 1202 833 1044 2285 5401 
479 1715 1539 2872 1595 2330 2437 2580 2764 1302 1148 1282 1982 1731 830 1910 1119 1334 1198 899 1063 2238 5229 
480 1697 1538 2912 1582 2250 2419 2646 2782 1386 1067 1300 1975 1724 812 1965 1084 1346 1173 905 1073 2236 5062 
481 1633 1587 2946 1599 2220 2448 2694 2818 1388 1077 1282 1996 1707 803 2007 1019 1299 1124 1028 1062 2263 4863 
482 1635 1588 2875 1674 2196 2493 2704 2803 1418 1104 1315 2031 1688 755 2027 1041 1271 1098 1048 1055 2271 4742 
483 1628 1616 2852 1657 2276 2407 2691 2834 1450 1106 1297 2048 1617 789 2008 1078 1277 1089 1066 1032 2286 4722 
484 1579 1704 2775 1710 2384 2371 2616 2859 1450 1090 1250 2088 1549 834 2091 1075 1317 1045 1063 1028 2313 4777 
485 1534 1780 2760 1716 2429 2366 2614 2802 1538 1051 1309 2072 1497 853 2104 1099 1333 1035 1077 1021 2350 4818 
486 1580 1730 2746 1704 2577 2246 2569 2797 1570 1050 1325 2040 1527 873 2050 1110 1324 972 1123 967 2378 4892 
487 1596 1734 2724 1737 2555 2230 2539 2802 1559 1074 1345 1966 1546 898 2058 1134 1293 940 1102 972 2390 4980 
488 1636 1689 2685 1754 2562 2203 2534 2787 1542 1101 1346 1990 1561 906 2003 1180 1340 965 1018 1027 2385 5035 
489 1660 1681 2709 1748 2477 2198 2541 2800 1581 1119 1294 1942 1620 924 2004 1239 1322 997 1026 1038 2390 5106 
490 1680 1632 2757 1700 2486 2205 2550 2791 1530 1166 1277 1871 1678 927 1975 1332 1328 1020 1009 1061 2417 5149 
491 1690 1607 2773 1660 2467 2193 2563 2806 1519 1174 1271 1912 1692 951 1942 1297 1296 1085 999 1063 2416 5211 
492 1705 1605 2798 1659 2426 2205 2525 2767 1564 1201 1275 1940 1767 912 1877 1285 1295 1079 990 1137 2395 5298 
493 1707 1600 2847 1642 2427 2224 2561 2807 1527 1211 1264 1985 1752 896 1837 1271 1296 996 992 1117 2451 5197 
494 1750 1558 2795 1618 2469 2246 2559 2835 1528 1219 1224 2046 1687 963 1802 1278 1291 989 992 1121 2460 5059 
495 1718 1596 2797 1580 2470 2262 2571 2754 1603 1257 1216 2078 1689 944 1832 1274 1330 941 973 1142 2456 4907 
496 1650 1679 2782 1597 2463 2222 2631 2790 1569 1271 1232 2161 1665 870 1823 1243 1284 985 949 1130 2521 4801 
497 1592 1727 2762 1601 2447 2191 2683 2846 1599 1215 1254 2118 1628 875 1882 1234 1225 1051 938 1213 2436 4571 
498 1522 1744 2747 1574 2487 2256 2664 2831 1579 1206 1207 2016 1702 828 1963 1219 1253 1053 953 1221 2383 4616 
499 1567 1721 2719 1566 2447 2306 2659 2810 1568 1192 1210 1937 1753 845 1983 1196 1230 1083 964 1282 2268 4661 