0 0.000 0.015 0.036 0.000 0.000 0.706 0.000 0.083 0.018 0.039 0.003 0.000 0.000 0.000 0.000 0.000 0.000 0.000 0.000 0.000 0.000 0.717 
1 0.000 0.023 0.041 0.000 0.000 0.600 0.217 0.087 0.075 0.060 0.008 0.000 0.000 0.000 0.000 0.000 0.000 0.000 0.000 0.000 0.000 0.711 
2 0.000 0.023 0.065 0.000 0.000 0.785 0.224 0.065 0.078 0.074 0.029 0.000 0.000 0.000 0.000 0.000 0.049 0.000 0.000 0.000 0.000 0.706 
3 0.000 0.059 0.082 0.000 0.000 0.724 0.204 0.137 0.099 0.076 0.034 0.000 0.000 0.000 0.000 0.000 0.050 0.000 0.000 0.000 0.000 0.711 
4 0.000 0.060 0.083 0.000 0.000 0.667 0.380 0.134 0.143 0.148 0.055 0.000 0.000 0.000 0.000 0.000 0.048 0.000 0.000 0.000 0.000 0.710 
5 0.000 0.059 0.153 0.000 0.000 0.623 0.411 0.130 0.143 0.150 0.053 0.000 0.000 0.000 0.000 0.000 0.046 0.000 0.000 0.000 0.000 0.707 
6 0.000 0.059 0.147 0.000 0.000 0.610 0.382 0.138 0.128 0.235 0.053 0.000 0.000 0.000 0.000 0.000 0.046 0.000 0.000 0.000 0.000 0.712 
7 0.000 0.056 0.141 0.000 0.000 0.571 0.364 0.136 0.130 0.228 0.052 0.000 0.000 0.000 0.000 0.000 0.045 0.000 0.000 0.000 0.000 0.710 
8 0.000 0.058 0.145 0.000 0.000 0.560 0.358 0.135 0.131 0.230 0.048 0.000 0.000 0.000 0.000 0.000 0.041 0.000 0.000 0.000 0.000 0.713 
9 0.000 0.060 0.149 0.000 0.000 0.578 0.380 0.118 0.137 0.221 0.053 0.000 0.000 0.000 0.000 0.000 0.066 0.000 0.000 0.000 0.000 0.708 
10 0.000 0.060 0.149 0.000 0.000 0.598 0.371 0.112 0.140 0.217 0.113 0.000 0.000 0.000 0.000 0.000 0.077 0.000 0.000 0.000 0.000 0.704 
11 0.000 0.057 0.143 0.000 0.000 0.615 0.544 0.109 0.139 0.216 0.112 0.000 0.000 0.000 0.000 0.000 0.076 0.000 0.000 0.000 0.000 0.703 
12 0.000 0.052 0.146 0.000 0.000 0.632 0.515 0.105 0.136 0.214 0.115 0.000 0.000 0.000 0.000 0.000 0.079 0.000 0.000 0.000 0.000 0.706 
13 0.000 0.052 0.160 0.000 0.000 0.631 0.486 0.104 0.133 0.220 0.114 0.000 0.000 0.000 0.000 0.000 0.078 0.000 0.000 0.000 0.000 0.707 
14 0.000 0.051 0.156 0.000 0.000 0.647 0.488 0.101 0.137 0.254 0.083 0.000 0.000 0.000 0.000 0.000 0.081 0.000 0.000 0.000 0.000 0.713 
15 0.000 0.052 0.156 0.000 0.000 0.664 0.478 0.103 0.135 0.253 0.085 0.000 0.000 0.000 0.000 0.000 0.077 0.000 0.000 0.000 0.000 0.713 
16 0.000 0.048 0.134 0.000 0.000 0.677 0.488 0.105 0.122 0.244 0.081 0.000 0.000 0.000 0.000 0.000 0.073 0.000 0.000 0.000 0.000 0.718 
17 0.004 0.043 0.145 0.000 0.000 0.688 0.505 0.104 0.140 0.259 0.081 0.000 0.000 0.000 0.000 0.000 0.066 0.000 0.000 0.000 0.000 0.720 
18 0.004 0.046 0.133 0.000 0.000 0.697 0.514 0.109 0.145 0.264 0.082 0.000 0.000 0.000 0.000 0.000 0.061 0.000 0.000 0.000 0.000 0.725 
19 0.004 0.047 0.122 0.000 0.000 0.722 0.559 0.108 0.151 0.260 0.084 0.000 0.000 0.000 0.000 0.000 0.059 0.000 0.000 0.000 0.000 0.725 
20 0.004 0.051 0.135 0.000 0.000 0.721 0.559 0.105 0.151 0.252 0.089 0.000 0.000 0.000 0.000 0.000 0.055 0.000 0.000 0.000 0.000 0.723 
21 0.004 0.049 0.130 0.000 0.000 0.761 0.551 0.109 0.150 0.249 0.091 0.000 0.000 0.000 0.000 0.000 0.054 0.000 0.000 0.000 0.000 0.719 
22 0.004 0.048 0.110 0.000 0.000 0.747 0.570 0.111 0.151 0.243 0.091 0.000 0.000 0.000 0.000 0.000 0.054 0.000 0.000 0.000 0.000 0.724 
23 0.006 0.049 0.133 0.000 0.000 0.771 0.567 0.115 0.147 0.268 0.088 0.000 0.000 0.000 0.000 0.000 0.067 0.000 0.000 0.000 0.000 0.718 
24 0.006 0.047 0.165 0.000 0.000 0.755 0.584 0.117 0.140 0.273 0.085 0.000 0.000 0.000 0.000 0.000 0.066 0.000 0.000 0.000 0.000 0.715 
25 0.006 0.043 0.161 0.000 0.000 0.743 0.593 0.114 0.135 0.255 0.090 0.000 0.000 0.000 0.000 0.000 0.066 0.000 0.000 0.000 0.000 0.711 
26 0.006 0.037 0.152 0.000 0.000 0.732 0.584 0.120 0.129 0.252 0.092 0.000 0.000 0.000 0.000 0.000 0.064 0.000 0.000 0.000 0.000 0.712 
27 0.006 0.037 0.137 0.000 0.000 0.721 0.655 0.115 0.129 0.252 0.086 0.006 0.000 0.000 0.000 0.000 0.063 0.000 0.000 0.000 0.000 0.706 
28 0.006 0.040 0.288 0.000 0.000 0.720 0.656 0.153 0.128 0.314 0.108 0.006 0.000 0.000 0.000 0.000 0.064 0.000 0.000 0.000 0.000 0.702 
29 0.006 0.034 0.299 0.000 0.000 0.694 0.614 0.154 0.133 0.308 0.160 0.008 0.000 0.000 0.000 0.000 0.063 0.000 0.000 0.000 0.000 0.696 
30 0.006 0.034 0.364 0.000 0.000 0.689 0.611 0.147 0.135 0.329 0.157 0.008 0.000 0.000 0.000 0.000 0.057 0.000 0.000 0.000 0.000 0.695 
31 0.006 0.037 0.351 0.000 0.000 0.690 0.610 0.143 0.142 0.323 0.178 0.008 0.000 0.000 0.000 0.000 0.059 0.000 0.000 0.000 0.000 0.698 
32 0.006 0.051 0.341 0.000 0.010 0.686 0.612 0.139 0.142 0.338 0.194 0.007 0.000 0.000 0.000 0.000 0.059 0.000 0.000 0.000 0.000 0.700 
33 0.004 0.046 0.335 0.000 0.009 0.678 0.620 0.134 0.125 0.334 0.207 0.009 0.000 0.000 0.000 0.000 0.056 0.000 0.000 0.000 0.000 0.691 
34 0.002 0.048 0.326 0.000 0.005 0.678 0.604 0.127 0.130 0.348 0.201 0.009 0.000 0.000 0.000 0.000 0.057 0.000 0.000 0.000 0.000 0.698 
35 0.002 0.045 0.325 0.000 0.064 0.670 0.600 0.124 0.128 0.334 0.219 0.009 0.000 0.000 0.000 0.000 0.053 0.000 0.000 0.000 0.000 0.697 
36 0.006 0.042 0.321 0.000 0.064 0.674 0.630 0.123 0.119 0.333 0.217 0.009 0.000 0.000 0.000 0.000 0.055 0.000 0.000 0.000 0.000 0.697 
37 0.006 0.039 0.324 0.000 0.053 0.670 0.644 0.123 0.135 0.328 0.243 0.009 0.000 0.000 0.000 0.000 0.058 0.000 0.000 0.000 0.000 0.694 
38 0.008 0.039 0.322 0.000 0.049 0.677 0.635 0.124 0.141 0.343 0.242 0.011 0.000 0.000 0.000 0.000 0.060 0.000 0.000 0.000 0.000 0.687 
39 0.009 0.038 0.317 0.000 0.056 0.679 0.642 0.119 0.134 0.353 0.230 0.010 0.000 0.000 0.000 0.000 0.065 0.000 0.000 0.000 0.000 0.682 
40 0.009 0.039 0.328 0.000 0.055 0.694 0.627 0.115 0.137 0.364 0.225 0.010 0.000 0.000 0.000 0.000 0.065 0.000 0.000 0.000 0.000 0.687 
41 0.010 0.038 0.305 0.000 0.055 0.696 0.628 0.121 0.169 0.383 0.226 0.012 0.000 0.000 0.111 0.000 0.061 0.000 0.000 0.000 0.000 0.682 
42 0.010 0.040 0.297 0.000 0.055 0.703 0.628 0.128 0.191 0.388 0.229 0.010 0.000 0.000 0.111 0.000 0.059 0.000 0.000 0.000 0.000 0.682 
43 0.010 0.037 0.295 0.000 0.140 0.684 0.638 0.125 0.297 0.407 0.224 0.010 0.000 0.000 0.238 0.000 0.065 0.000 0.000 0.000 0.000 0.681 
44 0.009 0.038 0.314 0.000 0.151 0.710 0.644 0.120 0.304 0.413 0.228 0.007 0.000 0.000 0.217 0.000 0.070 0.000 0.000 0.000 0.000 0.689 
45 0.010 0.041 0.334 0.000 0.144 0.700 0.648 0.124 0.273 0.437 0.290 0.007 0.000 0.000 0.216 0.000 0.064 0.000 0.000 0.000 0.000 0.694 
46 0.011 0.040 0.320 0.000 0.144 0.679 0.667 0.122 0.270 0.442 0.277 0.007 0.000 0.000 0.208 0.000 0.062 0.000 0.000 0.000 0.000 0.700 
47 0.013 0.039 0.321 0.000 0.139 0.688 0.659 0.127 0.342 0.419 0.273 0.005 0.000 0.000 0.219 0.000 0.059 0.000 0.000 0.000 0.000 0.700 
48 0.013 0.034 0.332 0.000 0.193 0.692 0.661 0.128 0.340 0.415 0.267 0.007 0.000 0.000 0.214 0.000 0.061 0.000 0.000 0.000 0.000 0.695 
49 0.013 0.032 0.330 0.000 0.204 0.679 0.665 0.127 0.341 0.407 0.263 0.007 0.000 0.000 0.222 0.000 0.060 0.000 0.000 0.000 0.000 0.695 
50 0.012 0.033 0.332 0.000 0.233 0.666 0.675 0.120 0.334 0.404 0.260 0.007 0.000 0.000 0.205 0.000 0.060 0.000 0.000 0.000 0.000 0.696 
51 0.011 0.036 0.309 0.000 0.266 0.670 0.657 0.150 0.332 0.404 0.262 0.006 0.000 0.000 0.205 0.000 0.058 0.000 0.000 0.000 0.000 0.696 
52 0.009 0.034 0.306 0.000 0.268 0.670 0.652 0.148 0.347 0.408 0.253 0.007 0.000 0.000 0.222 0.000 0.058 0.000 0.000 0.000 0.000 0.693 
53 0.009 0.032 0.304 0.000 0.292 0.663 0.654 0.149 0.338 0.412 0.229 0.006 0.001 0.000 0.398 0.000 0.058 0.000 0.000 0.000 0.000 0.694 
54 0.009 0.028 0.296 0.000 0.301 0.646 0.663 0.150 0.327 0.407 0.239 0.008 0.001 0.000 0.364 0.000 0.057 0.000 0.000 0.000 0.000 0.693 
55 0.007 0.028 0.283 0.000 0.294 0.641 0.661 0.155 0.317 0.417 0.238 0.008 0.001 0.000 0.386 0.000 0.062 0.000 0.000 0.000 0.000 0.696 
56 0.008 0.028 0.274 0.000 0.286 0.645 0.657 0.163 0.304 0.425 0.243 0.008 0.001 0.000 0.398 0.000 0.064 0.000 0.000 0.000 0.000 0.696 
57 0.008 0.030 0.321 0.000 0.271 0.628 0.671 0.164 0.307 0.434 0.232 0.007 0.002 0.000 0.396 0.000 0.064 0.000 0.000 0.000 0.000 0.698 
58 0.008 0.032 0.318 0.000 0.283 0.631 0.681 0.168 0.344 0.453 0.236 0.007 0.002 0.000 0.393 0.000 0.065 0.000 0.000 0.000 0.000 0.693 
59 0.009 0.032 0.333 0.000 0.268 0.644 0.666 0.177 0.349 0.450 0.240 0.007 0.002 0.000 0.389 0.000 0.066 0.000 0.000 0.000 0.000 0.695 
60 0.011 0.028 0.336 0.000 0.275 0.655 0.660 0.183 0.373 0.443 0.245 0.007 0.002 0.000 0.373 0.000 0.061 0.000 0.000 0.000 0.000 0.696 
61 0.011 0.027 0.325 0.027 0.258 0.669 0.649 0.285 0.367 0.457 0.240 0.007 0.002 0.000 0.359 0.000 0.064 0.000 0.000 0.000 0.000 0.691 
62 0.009 0.027 0.328 0.041 0.357 0.649 0.653 0.282 0.394 0.443 0.236 0.007 0.002 0.000 0.363 0.000 0.062 0.007 0.000 0.000 0.000 0.692 
63 0.009 0.026 0.341 0.039 0.355 0.659 0.657 0.275 0.388 0.430 0.242 0.007 0.002 0.000 0.351 0.000 0.065 0.007 0.000 0.000 0.000 0.690 
64 0.009 0.026 0.341 0.027 0.344 0.677 0.639 0.266 0.383 0.433 0.245 0.008 0.002 0.000 0.345 0.000 0.061 0.007 0.000 0.000 0.000 0.687 
65 0.011 0.030 0.335 0.027 0.346 0.670 0.638 0.264 0.391 0.423 0.249 0.006 0.002 0.000 0.339 0.000 0.059 0.007 0.000 0.000 0.000 0.690 
66 0.013 0.031 0.331 0.022 0.345 0.665 0.645 0.258 0.387 0.419 0.269 0.006 0.002 0.000 0.314 0.000 0.060 0.009 0.000 0.000 0.000 0.686 
67 0.013 0.029 0.344 0.021 0.359 0.666 0.668 0.272 0.385 0.418 0.278 0.006 0.002 0.000 0.322 0.000 0.064 0.007 0.000 0.000 0.000 0.683 
68 0.012 0.026 0.380 0.021 0.351 0.672 0.666 0.270 0.383 0.415 0.282 0.006 0.002 0.000 0.331 0.000 0.060 0.009 0.000 0.000 0.000 0.688 
69 0.012 0.026 0.388 0.021 0.366 0.681 0.671 0.275 0.384 0.407 0.276 0.006 0.002 0.000 0.323 0.000 0.061 0.008 0.000 0.000 0.000 0.689 
70 0.013 0.029 0.383 0.016 0.387 0.684 0.658 0.290 0.408 0.407 0.277 0.006 0.002 0.000 0.336 0.000 0.066 0.008 0.000 0.000 0.000 0.688 
71 0.013 0.027 0.397 0.016 0.369 0.692 0.657 0.281 0.412 0.395 0.265 0.006 0.002 0.000 0.317 0.000 0.065 0.009 0.000 0.000 0.000 0.687 
72 0.007 0.036 0.403 0.015 0.368 0.694 0.663 0.330 0.436 0.398 0.265 0.006 0.002 0.000 0.278 0.000 0.064 0.009 0.000 0.000 0.000 0.691 
73 0.010 0.037 0.399 0.016 0.395 0.697 0.661 0.334 0.418 0.406 0.261 0.006 0.002 0.000 0.281 0.000 0.060 0.010 0.000 0.000 0.000 0.694 
74 0.012 0.063 0.449 0.016 0.387 0.684 0.657 0.332 0.425 0.416 0.258 0.006 0.002 0.000 0.274 0.000 0.075 0.017 0.004 0.000 0.000 0.693 
75 0.012 0.061 0.430 0.016 0.392 0.691 0.669 0.339 0.449 0.425 0.264 0.005 0.001 0.000 0.265 0.000 0.072 0.019 0.004 0.000 0.000 0.694 
76 0.012 0.059 0.400 0.016 0.389 0.691 0.656 0.336 0.441 0.425 0.258 0.005 0.001 0.000 0.282 0.000 0.079 0.021 0.004 0.000 0.000 0.697 
77 0.012 0.058 0.393 0.016 0.384 0.681 0.654 0.332 0.449 0.429 0.252 0.010 0.001 0.000 0.225 0.000 0.091 0.020 0.004 0.000 0.000 0.698 
78 0.010 0.056 0.381 0.015 0.388 0.671 0.642 0.337 0.447 0.430 0.249 0.010 0.001 0.000 0.237 0.000 0.092 0.022 0.004 0.000 0.000 0.699 
79 0.010 0.055 0.385 0.014 0.379 0.662 0.660 0.328 0.439 0.424 0.250 0.008 0.001 0.000 0.236 0.000 0.089 0.022 0.004 0.000 0.000 0.696 
80 0.010 0.070 0.386 0.047 0.379 0.660 0.671 0.329 0.431 0.408 0.266 0.010 0.001 0.000 0.219 0.000 0.083 0.023 0.004 0.000 0.000 0.695 
81 0.015 0.070 0.386 0.046 0.407 0.657 0.666 0.328 0.430 0.397 0.262 0.010 0.001 0.000 0.218 0.000 0.082 0.023 0.000 0.000 0.000 0.696 
82 0.015 0.049 0.392 0.042 0.403 0.678 0.658 0.333 0.443 0.402 0.261 0.012 0.001 0.000 0.223 0.000 0.095 0.024 0.000 0.000 0.000 0.693 
83 0.015 0.048 0.388 0.042 0.395 0.677 0.649 0.336 0.443 0.395 0.261 0.012 0.001 0.000 0.208 0.000 0.094 0.033 0.000 0.000 0.000 0.688 
84 0.013 0.048 0.409 0.042 0.393 0.669 0.642 0.341 0.446 0.392 0.265 0.012 0.001 0.000 0.211 0.000 0.094 0.032 0.000 0.000 0.000 0.683 
85 0.012 0.045 0.418 0.041 0.402 0.664 0.653 0.339 0.433 0.402 0.277 0.013 0.001 0.000 0.215 0.000 0.097 0.030 0.000 0.000 0.000 0.681 
86 0.012 0.046 0.416 0.047 0.398 0.669 0.642 0.346 0.446 0.412 0.276 0.017 0.001 0.000 0.220 0.000 0.092 0.030 0.000 0.000 0.000 0.690 
87 0.014 0.048 0.419 0.046 0.401 0.674 0.645 0.345 0.439 0.421 0.279 0.018 0.001 0.000 0.215 0.000 0.095 0.029 0.012 0.000 0.000 0.689 
88 0.015 0.042 0.430 0.042 0.396 0.667 0.645 0.343 0.447 0.420 0.277 0.015 0.001 0.000 0.208 0.000 0.094 0.028 0.012 0.000 0.000 0.698 
89 0.019 0.088 0.405 0.042 0.389 0.649 0.641 0.344 0.452 0.421 0.278 0.013 0.001 0.000 0.209 0.010 0.090 0.022 0.000 0.000 0.000 0.703 
90 0.018 0.152 0.402 0.043 0.390 0.642 0.645 0.361 0.458 0.438 0.276 0.014 0.001 0.000 0.207 0.010 0.087 0.024 0.000 0.000 0.000 0.701 
91 0.020 0.149 0.408 0.117 0.414 0.629 0.649 0.361 0.440 0.428 0.276 0.014 0.001 0.000 0.192 0.010 0.076 0.029 0.000 0.000 0.000 0.704 
92 0.016 0.144 0.417 0.104 0.407 0.640 0.644 0.359 0.423 0.439 0.292 0.015 0.001 0.000 0.199 0.009 0.084 0.030 0.000 0.000 0.000 0.698 
93 0.016 0.142 0.412 0.097 0.410 0.644 0.645 0.359 0.435 0.435 0.299 0.015 0.002 0.000 0.212 0.012 0.081 0.032 0.000 0.000 0.000 0.694 
94 0.017 0.138 0.413 0.096 0.414 0.641 0.647 0.351 0.434 0.422 0.296 0.014 0.001 0.000 0.207 0.012 0.096 0.034 0.000 0.000 0.000 0.697 
95 0.017 0.126 0.421 0.097 0.414 0.661 0.630 0.340 0.431 0.424 0.292 0.016 0.001 0.000 0.201 0.009 0.092 0.033 0.000 0.000 0.000 0.701 
96 0.019 0.127 0.426 0.099 0.410 0.669 0.632 0.328 0.426 0.425 0.299 0.015 0.001 0.000 0.201 0.009 0.113 0.035 0.000 0.000 0.000 0.700 
97 0.020 0.123 0.435 0.100 0.417 0.671 0.629 0.332 0.407 0.423 0.292 0.014 0.000 0.000 0.212 0.009 0.125 0.035 0.000 0.000 0.000 0.700 
98 0.020 0.120 0.434 0.126 0.418 0.665 0.603 0.326 0.421 0.410 0.291 0.014 0.000 0.000 0.207 0.009 0.133 0.035 0.000 0.000 0.000 0.700 
99 0.022 0.121 0.434 0.130 0.428 0.652 0.597 0.323 0.425 0.402 0.290 0.016 0.000 0.000 0.206 0.012 0.134 0.034 0.018 0.000 0.000 0.698 
100 0.020 0.115 0.428 0.136 0.424 0.640 0.597 0.318 0.414 0.396 0.296 0.016 0.000 0.000 0.208 0.009 0.133 0.034 0.018 0.000 0.000 0.691 
101 0.018 0.100 0.422 0.136 0.419 0.621 0.595 0.330 0.424 0.403 0.297 0.016 0.000 0.000 0.205 0.009 0.132 0.030 0.019 0.000 0.000 0.691 
102 0.014 0.105 0.418 0.132 0.413 0.628 0.592 0.330 0.420 0.408 0.290 0.018 0.000 0.000 0.194 0.006 0.130 0.031 0.019 0.000 0.000 0.691 
103 0.015 0.111 0.418 0.129 0.401 0.654 0.591 0.324 0.438 0.408 0.317 0.020 0.000 0.000 0.192 0.006 0.124 0.029 0.022 0.000 0.000 0.691 
104 0.019 0.106 0.416 0.152 0.405 0.645 0.597 0.326 0.441 0.409 0.317 0.021 0.000 0.000 0.194 0.003 0.129 0.028 0.022 0.000 0.000 0.701 
105 0.026 0.118 0.408 0.150 0.406 0.632 0.597 0.339 0.434 0.420 0.314 0.021 0.000 0.000 0.191 0.003 0.124 0.032 0.022 0.000 0.000 0.695 
106 0.029 0.134 0.392 0.215 0.397 0.630 0.583 0.335 0.440 0.415 0.317 0.020 0.000 0.000 0.197 0.003 0.131 0.034 0.022 0.000 0.000 0.702 
107 0.029 0.138 0.387 0.275 0.390 0.617 0.593 0.331 0.438 0.402 0.329 0.020 0.000 0.000 0.198 0.003 0.127 0.035 0.026 0.000 0.000 0.704 
108 0.028 0.137 0.382 0.306 0.395 0.627 0.589 0.316 0.423 0.412 0.328 0.020 0.000 0.000 0.199 0.000 0.148 0.032 0.027 0.000 0.000 0.697 
109 0.022 0.135 0.386 0.301 0.401 0.607 0.580 0.318 0.413 0.416 0.335 0.020 0.000 0.000 0.195 0.000 0.155 0.032 0.026 0.000 0.000 0.696 
110 0.021 0.139 0.383 0.302 0.417 0.604 0.577 0.313 0.424 0.411 0.326 0.022 0.000 0.000 0.190 0.000 0.168 0.032 0.022 0.000 0.000 0.697 
111 0.020 0.144 0.396 0.289 0.418 0.595 0.575 0.315 0.428 0.407 0.329 0.023 0.000 0.000 0.190 0.000 0.167 0.037 0.022 0.000 0.000 0.694 
112 0.020 0.137 0.415 0.278 0.421 0.593 0.573 0.317 0.430 0.398 0.335 0.022 0.000 0.000 0.184 0.000 0.166 0.037 0.036 0.000 0.000 0.689 
113 0.017 0.142 0.416 0.288 0.429 0.600 0.577 0.329 0.411 0.400 0.338 0.023 0.000 0.000 0.180 0.000 0.166 0.036 0.036 0.000 0.000 0.691 
114 0.017 0.145 0.416 0.296 0.422 0.620 0.582 0.330 0.412 0.400 0.336 0.023 0.000 0.000 0.182 0.000 0.164 0.034 0.040 0.000 0.000 0.696 
115 0.034 0.122 0.432 0.292 0.415 0.628 0.574 0.340 0.402 0.411 0.332 0.025 0.000 0.000 0.177 0.000 0.162 0.036 0.039 0.000 0.000 0.696 
116 0.032 0.117 0.430 0.298 0.412 0.640 0.581 0.342 0.391 0.416 0.328 0.025 0.000 0.000 0.181 0.000 0.162 0.036 0.036 0.000 0.000 0.701 
117 0.032 0.127 0.441 0.297 0.405 0.637 0.594 0.338 0.406 0.394 0.347 0.023 0.000 0.000 0.176 0.000 0.160 0.037 0.035 0.000 0.000 0.703 
118 0.034 0.126 0.433 0.311 0.399 0.629 0.584 0.336 0.398 0.405 0.346 0.022 0.001 0.000 0.177 0.000 0.150 0.042 0.035 0.000 0.000 0.703 
119 0.034 0.121 0.434 0.306 0.393 0.627 0.581 0.342 0.391 0.405 0.340 0.024 0.001 0.000 0.173 0.000 0.145 0.043 0.029 0.000 0.000 0.701 
120 0.033 0.124 0.434 0.302 0.393 0.612 0.571 0.345 0.383 0.405 0.331 0.032 0.001 0.000 0.179 0.000 0.143 0.053 0.021 0.000 0.000 0.695 
121 0.044 0.119 0.425 0.310 0.391 0.611 0.588 0.343 0.395 0.402 0.335 0.034 0.002 0.000 0.182 0.000 0.144 0.051 0.021 0.000 0.000 0.697 
122 0.049 0.118 0.431 0.309 0.398 0.592 0.588 0.335 0.401 0.404 0.330 0.035 0.002 0.000 0.181 0.000 0.147 0.050 0.021 0.000 0.000 0.697 
123 0.047 0.139 0.430 0.315 0.386 0.592 0.589 0.337 0.399 0.401 0.332 0.034 0.005 0.000 0.185 0.000 0.162 0.054 0.020 0.000 0.000 0.695 
124 0.051 0.148 0.436 0.308 0.390 0.599 0.579 0.347 0.406 0.413 0.316 0.044 0.004 0.000 0.182 0.000 0.172 0.058 0.020 0.000 0.000 0.693 
125 0.046 0.150 0.431 0.317 0.386 0.587 0.570 0.347 0.432 0.429 0.329 0.046 0.005 0.000 0.189 0.000 0.168 0.063 0.020 0.000 0.000 0.697 
126 0.043 0.144 0.425 0.314 0.390 0.582 0.569 0.347 0.420 0.421 0.324 0.064 0.005 0.000 0.205 0.000 0.171 0.062 0.024 0.000 0.000 0.697 
127 0.056 0.137 0.427 0.317 0.398 0.579 0.556 0.353 0.422 0.416 0.326 0.066 0.007 0.000 0.210 0.002 0.168 0.062 0.020 0.000 0.000 0.696 
128 0.053 0.141 0.429 0.310 0.407 0.579 0.555 0.364 0.420 0.419 0.335 0.062 0.007 0.000 0.216 0.002 0.165 0.057 0.023 0.000 0.000 0.692 
129 0.056 0.143 0.422 0.312 0.413 0.579 0.556 0.361 0.432 0.411 0.343 0.063 0.005 0.000 0.223 0.002 0.158 0.064 0.023 0.000 0.000 0.689 
130 0.063 0.135 0.420 0.308 0.418 0.585 0.549 0.358 0.440 0.417 0.350 0.068 0.005 0.000 0.222 0.002 0.151 0.059 0.023 0.000 0.000 0.696 
131 0.062 0.136 0.443 0.312 0.416 0.597 0.540 0.362 0.434 0.428 0.348 0.068 0.005 0.000 0.217 0.002 0.145 0.058 0.023 0.000 0.000 0.700 
132 0.062 0.135 0.441 0.309 0.422 0.586 0.542 0.358 0.444 0.426 0.355 0.065 0.004 0.000 0.216 0.002 0.139 0.058 0.023 0.000 0.000 0.701 
133 0.065 0.137 0.433 0.310 0.423 0.581 0.540 0.363 0.477 0.417 0.351 0.066 0.003 0.000 0.213 0.002 0.140 0.058 0.027 0.000 0.000 0.698 
134 0.066 0.147 0.416 0.313 0.421 0.590 0.547 0.364 0.477 0.436 0.340 0.059 0.004 0.000 0.216 0.002 0.143 0.058 0.026 0.000 0.000 0.699 
135 0.061 0.153 0.412 0.305 0.421 0.601 0.549 0.361 0.472 0.440 0.337 0.075 0.010 0.000 0.201 0.002 0.143 0.057 0.025 0.000 0.000 0.697 
136 0.058 0.152 0.404 0.300 0.417 0.591 0.559 0.365 0.465 0.428 0.349 0.074 0.009 0.000 0.198 0.002 0.148 0.057 0.026 0.000 0.000 0.699 
137 0.056 0.151 0.407 0.295 0.418 0.577 0.549 0.362 0.464 0.428 0.346 0.078 0.012 0.000 0.194 0.002 0.141 0.065 0.025 0.000 0.000 0.699 
138 0.057 0.152 0.412 0.300 0.415 0.589 0.555 0.358 0.437 0.424 0.370 0.074 0.010 0.000 0.200 0.002 0.147 0.056 0.025 0.000 0.000 0.700 
139 0.053 0.148 0.423 0.322 0.407 0.594 0.533 0.363 0.446 0.420 0.360 0.073 0.010 0.000 0.198 0.006 0.139 0.055 0.021 0.000 0.000 0.698 
140 0.052 0.145 0.415 0.312 0.399 0.597 0.523 0.367 0.451 0.427 0.351 0.065 0.011 0.000 0.192 0.007 0.133 0.052 0.021 0.000 0.000 0.705 
141 0.048 0.163 0.416 0.314 0.404 0.599 0.517 0.359 0.451 0.429 0.337 0.074 0.011 0.000 0.197 0.008 0.140 0.053 0.020 0.000 0.000 0.710 
142 0.050 0.159 0.422 0.308 0.402 0.599 0.530 0.364 0.467 0.414 0.340 0.079 0.012 0.000 0.193 0.008 0.141 0.058 0.020 0.000 0.000 0.711 
143 0.049 0.168 0.422 0.307 0.413 0.592 0.526 0.362 0.466 0.419 0.340 0.087 0.011 0.000 0.189 0.008 0.144 0.063 0.023 0.000 0.000 0.708 
144 0.050 0.179 0.403 0.303 0.409 0.592 0.510 0.371 0.456 0.422 0.342 0.086 0.014 0.000 0.190 0.007 0.137 0.061 0.024 0.000 0.000 0.709 
145 0.054 0.199 0.399 0.289 0.409 0.595 0.513 0.376 0.470 0.427 0.332 0.097 0.012 0.000 0.190 0.007 0.136 0.065 0.022 0.000 0.000 0.703 
146 0.054 0.211 0.408 0.287 0.415 0.601 0.521 0.372 0.470 0.433 0.338 0.104 0.012 0.000 0.188 0.007 0.143 0.066 0.014 0.000 0.000 0.703 
147 0.055 0.209 0.406 0.301 0.419 0.620 0.532 0.376 0.449 0.427 0.335 0.104 0.012 0.000 0.193 0.007 0.156 0.061 0.030 0.000 0.000 0.708 
148 0.059 0.215 0.401 0.302 0.421 0.610 0.532 0.369 0.447 0.438 0.350 0.105 0.012 0.000 0.194 0.009 0.156 0.056 0.032 0.000 0.000 0.716 
149 0.055 0.213 0.404 0.300 0.425 0.616 0.541 0.385 0.455 0.446 0.363 0.106 0.013 0.000 0.195 0.010 0.177 0.054 0.033 0.000 0.000 0.718 
150 0.055 0.219 0.412 0.308 0.419 0.622 0.542 0.384 0.472 0.443 0.365 0.105 0.011 0.000 0.195 0.011 0.176 0.050 0.034 0.000 0.000 0.716 
151 0.053 0.213 0.421 0.318 0.416 0.612 0.564 0.374 0.470 0.453 0.361 0.102 0.012 0.000 0.196 0.010 0.175 0.052 0.032 0.000 0.000 0.710 
152 0.054 0.216 0.419 0.325 0.424 0.617 0.569 0.374 0.471 0.456 0.360 0.095 0.012 0.000 0.193 0.010 0.174 0.061 0.038 0.000 0.000 0.709 
153 0.066 0.210 0.427 0.334 0.419 0.612 0.558 0.379 0.459 0.457 0.357 0.087 0.011 0.000 0.191 0.009 0.181 0.061 0.037 0.000 0.000 0.711 
154 0.070 0.200 0.430 0.343 0.420 0.601 0.553 0.381 0.489 0.454 0.355 0.094 0.012 0.000 0.196 0.007 0.189 0.058 0.043 0.000 0.000 0.707 
155 0.076 0.202 0.431 0.355 0.420 0.596 0.555 0.383 0.495 0.447 0.366 0.094 0.012 0.000 0.192 0.009 0.181 0.056 0.039 0.000 0.000 0.701 
156 0.085 0.187 0.440 0.365 0.430 0.587 0.547 0.385 0.495 0.439 0.372 0.101 0.010 0.000 0.188 0.008 0.188 0.064 0.049 0.000 0.000 0.699 
157 0.094 0.193 0.440 0.370 0.430 0.571 0.554 0.376 0.482 0.442 0.369 0.101 0.010 0.000 0.192 0.009 0.192 0.059 0.045 0.000 0.000 0.700 
158 0.092 0.196 0.440 0.360 0.431 0.566 0.546 0.382 0.479 0.447 0.362 0.112 0.012 0.000 0.191 0.009 0.185 0.064 0.048 0.000 0.000 0.695 
159 0.089 0.198 0.443 0.362 0.436 0.553 0.558 0.377 0.483 0.449 0.365 0.110 0.013 0.000 0.194 0.009 0.179 0.068 0.049 0.000 0.000 0.695 
160 0.103 0.204 0.441 0.351 0.434 0.559 0.568 0.382 0.479 0.438 0.367 0.121 0.015 0.000 0.192 0.009 0.169 0.067 0.045 0.000 0.000 0.694 
161 0.105 0.211 0.444 0.352 0.439 0.557 0.569 0.388 0.473 0.440 0.370 0.116 0.022 0.000 0.190 0.010 0.163 0.070 0.085 0.000 0.000 0.693 
162 0.107 0.234 0.428 0.353 0.434 0.562 0.573 0.383 0.462 0.435 0.360 0.112 0.023 0.000 0.189 0.010 0.162 0.065 0.073 0.000 0.000 0.695 
163 0.104 0.258 0.432 0.358 0.423 0.554 0.586 0.392 0.468 0.435 0.363 0.120 0.024 0.000 0.189 0.010 0.161 0.067 0.069 0.000 0.000 0.691 
164 0.101 0.252 0.428 0.359 0.433 0.568 0.575 0.392 0.467 0.428 0.373 0.128 0.027 0.000 0.189 0.010 0.166 0.072 0.070 0.000 0.000 0.692 
165 0.090 0.261 0.428 0.356 0.429 0.565 0.570 0.391 0.470 0.424 0.376 0.129 0.031 0.000 0.190 0.010 0.166 0.074 0.068 0.000 0.000 0.683 
166 0.089 0.260 0.435 0.369 0.420 0.562 0.568 0.385 0.478 0.421 0.360 0.131 0.034 0.000 0.186 0.010 0.180 0.071 0.069 0.000 0.000 0.682 
167 0.095 0.253 0.439 0.381 0.418 0.559 0.566 0.388 0.480 0.421 0.356 0.129 0.033 0.000 0.183 0.010 0.181 0.072 0.070 0.000 0.000 0.683 
168 0.090 0.244 0.442 0.381 0.415 0.556 0.555 0.387 0.468 0.443 0.355 0.132 0.041 0.000 0.175 0.010 0.184 0.074 0.059 0.000 0.000 0.687 
169 0.083 0.243 0.441 0.381 0.418 0.550 0.550 0.386 0.456 0.453 0.358 0.131 0.040 0.000 0.172 0.012 0.195 0.073 0.069 0.000 0.000 0.682 
170 0.101 0.238 0.440 0.384 0.415 0.553 0.540 0.386 0.460 0.454 0.352 0.142 0.039 0.000 0.174 0.012 0.201 0.075 0.065 0.000 0.000 0.684 
171 0.101 0.236 0.439 0.380 0.414 0.563 0.543 0.398 0.451 0.455 0.354 0.141 0.040 0.000 0.167 0.010 0.198 0.074 0.058 0.000 0.000 0.692 
172 0.104 0.235 0.448 0.384 0.412 0.571 0.551 0.408 0.486 0.447 0.357 0.139 0.040 0.000 0.165 0.011 0.200 0.071 0.061 0.000 0.000 0.697 
173 0.106 0.237 0.429 0.379 0.416 0.575 0.561 0.399 0.500 0.438 0.356 0.142 0.038 0.000 0.168 0.012 0.205 0.067 0.057 0.000 0.000 0.696 
174 0.110 0.233 0.434 0.380 0.424 0.563 0.556 0.396 0.512 0.431 0.355 0.142 0.046 0.000 0.165 0.015 0.195 0.070 0.052 0.000 0.000 0.699 
175 0.113 0.236 0.434 0.390 0.421 0.560 0.575 0.403 0.511 0.434 0.364 0.141 0.048 0.000 0.156 0.015 0.192 0.076 0.054 0.000 0.000 0.695 
176 0.111 0.231 0.439 0.383 0.418 0.560 0.562 0.401 0.526 0.434 0.368 0.138 0.056 0.000 0.155 0.015 0.184 0.077 0.054 0.000 0.000 0.695 
177 0.108 0.228 0.443 0.389 0.420 0.561 0.564 0.407 0.531 0.430 0.364 0.141 0.067 0.000 0.157 0.015 0.178 0.075 0.057 0.000 0.000 0.697 
178 0.110 0.234 0.445 0.394 0.414 0.562 0.565 0.414 0.515 0.428 0.358 0.143 0.067 0.000 0.156 0.016 0.173 0.081 0.057 0.000 0.000 0.697 
179 0.110 0.235 0.440 0.403 0.415 0.553 0.566 0.418 0.510 0.429 0.352 0.137 0.069 0.000 0.149 0.016 0.168 0.078 0.060 0.000 0.000 0.698 
180 0.114 0.237 0.436 0.405 0.426 0.550 0.566 0.420 0.495 0.436 0.335 0.133 0.069 0.000 0.148 0.016 0.158 0.080 0.089 0.000 0.000 0.697 
181 0.113 0.236 0.431 0.402 0.423 0.548 0.559 0.417 0.496 0.437 0.332 0.133 0.067 0.000 0.139 0.017 0.157 0.083 0.084 0.000 0.000 0.695 
182 0.117 0.231 0.432 0.395 0.422 0.548 0.550 0.412 0.489 0.447 0.332 0.125 0.069 0.002 0.139 0.017 0.166 0.085 0.089 0.000 0.000 0.695 
183 0.122 0.232 0.429 0.396 0.435 0.551 0.543 0.415 0.488 0.447 0.326 0.129 0.065 0.002 0.143 0.015 0.169 0.083 0.086 0.000 0.000 0.688 
184 0.128 0.232 0.435 0.385 0.438 0.544 0.549 0.415 0.478 0.463 0.324 0.129 0.070 0.005 0.144 0.015 0.184 0.081 0.081 0.000 0.000 0.684 
185 0.125 0.218 0.438 0.380 0.439 0.545 0.540 0.414 0.483 0.455 0.320 0.138 0.068 0.005 0.151 0.015 0.179 0.079 0.082 0.000 0.000 0.685 
186 0.124 0.223 0.440 0.381 0.443 0.557 0.552 0.421 0.477 0.444 0.313 0.140 0.072 0.005 0.141 0.015 0.174 0.082 0.088 0.000 0.000 0.685 
187 0.125 0.217 0.438 0.383 0.440 0.567 0.561 0.423 0.467 0.443 0.316 0.150 0.069 0.005 0.138 0.017 0.179 0.086 0.083 0.000 0.000 0.687 
188 0.121 0.222 0.437 0.394 0.452 0.570 0.552 0.424 0.456 0.443 0.315 0.154 0.071 0.011 0.137 0.017 0.176 0.084 0.070 0.000 0.000 0.686 
189 0.120 0.222 0.437 0.392 0.454 0.575 0.546 0.433 0.452 0.435 0.315 0.154 0.075 0.011 0.138 0.017 0.176 0.077 0.072 0.000 0.000 0.689 
190 0.122 0.218 0.443 0.394 0.455 0.584 0.562 0.441 0.477 0.441 0.321 0.152 0.072 0.013 0.141 0.018 0.186 0.076 0.072 0.000 0.000 0.687 
191 0.125 0.218 0.443 0.398 0.445 0.589 0.569 0.437 0.484 0.442 0.318 0.155 0.067 0.011 0.140 0.020 0.197 0.084 0.074 0.000 0.000 0.696 
192 0.128 0.213 0.442 0.397 0.451 0.577 0.556 0.437 0.503 0.443 0.318 0.158 0.069 0.008 0.137 0.019 0.191 0.075 0.072 0.000 0.000 0.695 
193 0.132 0.209 0.433 0.408 0.445 0.571 0.544 0.429 0.498 0.438 0.319 0.157 0.068 0.009 0.135 0.017 0.191 0.079 0.071 0.000 0.000 0.691 
194 0.131 0.201 0.433 0.400 0.443 0.562 0.531 0.436 0.497 0.425 0.326 0.151 0.077 0.012 0.136 0.017 0.201 0.078 0.076 0.000 0.000 0.688 
195 0.132 0.199 0.424 0.405 0.440 0.559 0.524 0.438 0.492 0.426 0.328 0.145 0.081 0.012 0.129 0.017 0.204 0.074 0.073 0.000 0.000 0.688 
196 0.133 0.195 0.421 0.408 0.439 0.561 0.522 0.434 0.504 0.420 0.328 0.142 0.082 0.013 0.134 0.017 0.211 0.073 0.076 0.000 0.000 0.689 
197 0.134 0.195 0.410 0.418 0.432 0.559 0.533 0.434 0.487 0.436 0.329 0.147 0.077 0.015 0.131 0.024 0.208 0.070 0.065 0.000 0.000 0.691 
198 0.135 0.197 0.412 0.413 0.431 0.559 0.539 0.441 0.486 0.445 0.331 0.149 0.077 0.015 0.131 0.025 0.206 0.073 0.077 0.000 0.000 0.692 
199 0.134 0.217 0.409 0.421 0.435 0.548 0.547 0.449 0.484 0.441 0.332 0.147 0.071 0.015 0.135 0.024 0.189 0.073 0.082 0.000 0.000 0.696 
200 0.136 0.226 0.414 0.411 0.450 0.540 0.545 0.460 0.483 0.441 0.327 0.148 0.068 0.022 0.133 0.024 0.189 0.077 0.082 0.000 0.000 0.698 
201 0.132 0.236 0.422 0.408 0.454 0.551 0.556 0.445 0.502 0.446 0.332 0.146 0.071 0.026 0.131 0.024 0.195 0.079 0.085 0.000 0.000 0.700 
202 0.128 0.230 0.432 0.405 0.459 0.552 0.544 0.437 0.515 0.450 0.330 0.145 0.076 0.026 0.134 0.023 0.192 0.076 0.088 0.000 0.000 0.697 
203 0.128 0.232 0.433 0.407 0.449 0.550 0.533 0.443 0.502 0.448 0.324 0.142 0.083 0.025 0.130 0.020 0.195 0.078 0.102 0.000 0.000 0.696 
204 0.130 0.235 0.437 0.403 0.438 0.551 0.524 0.437 0.491 0.461 0.309 0.137 0.082 0.025 0.139 0.019 0.197 0.079 0.097 0.000 0.000 0.704 
205 0.125 0.227 0.456 0.410 0.429 0.557 0.521 0.436 0.487 0.446 0.313 0.137 0.084 0.025 0.140 0.021 0.198 0.087 0.093 0.001 0.000 0.700 
206 0.128 0.227 0.464 0.411 0.422 0.560 0.534 0.449 0.487 0.461 0.299 0.133 0.085 0.024 0.144 0.020 0.193 0.089 0.093 0.001 0.000 0.696 
207 0.130 0.222 0.464 0.413 0.417 0.564 0.532 0.447 0.495 0.457 0.296 0.133 0.086 0.027 0.139 0.020 0.190 0.085 0.089 0.001 0.000 0.695 
208 0.126 0.225 0.463 0.413 0.421 0.559 0.530 0.445 0.486 0.468 0.282 0.133 0.082 0.027 0.136 0.020 0.187 0.085 0.094 0.001 0.000 0.696 
209 0.129 0.232 0.463 0.430 0.422 0.560 0.540 0.449 0.495 0.458 0.278 0.136 0.083 0.034 0.138 0.020 0.184 0.083 0.089 0.001 0.000 0.701 
210 0.130 0.230 0.470 0.427 0.420 0.568 0.543 0.446 0.517 0.457 0.282 0.140 0.082 0.036 0.137 0.020 0.182 0.079 0.100 0.001 0.000 0.709 
211 0.135 0.229 0.481 0.435 0.414 0.563 0.537 0.446 0.508 0.457 0.277 0.147 0.083 0.033 0.140 0.020 0.178 0.081 0.107 0.001 0.000 0.708 
212 0.128 0.239 0.470 0.435 0.414 0.550 0.532 0.444 0.504 0.452 0.284 0.149 0.077 0.035 0.140 0.021 0.178 0.084 0.114 0.001 0.000 0.706 
213 0.131 0.244 0.459 0.429 0.419 0.561 0.530 0.439 0.510 0.445 0.294 0.151 0.079 0.034 0.140 0.021 0.167 0.081 0.117 0.005 0.000 0.705 
214 0.134 0.248 0.457 0.431 0.425 0.572 0.529 0.446 0.519 0.431 0.293 0.146 0.081 0.031 0.138 0.020 0.181 0.083 0.121 0.005 0.000 0.699 
215 0.136 0.244 0.454 0.422 0.433 0.566 0.534 0.449 0.507 0.423 0.301 0.144 0.080 0.034 0.136 0.021 0.181 0.083 0.120 0.005 0.000 0.702 
216 0.137 0.248 0.444 0.425 0.432 0.561 0.546 0.449 0.515 0.420 0.313 0.137 0.079 0.030 0.136 0.020 0.181 0.082 0.116 0.005 0.000 0.700 
217 0.141 0.238 0.446 0.431 0.435 0.554 0.536 0.450 0.503 0.427 0.307 0.144 0.077 0.027 0.149 0.017 0.184 0.083 0.113 0.005 0.000 0.695 
218 0.136 0.246 0.432 0.428 0.439 0.554 0.542 0.450 0.488 0.431 0.306 0.141 0.084 0.027 0.145 0.015 0.187 0.079 0.105 0.004 0.000 0.695 
219 0.137 0.243 0.433 0.433 0.445 0.561 0.550 0.449 0.474 0.437 0.312 0.144 0.086 0.027 0.137 0.014 0.193 0.079 0.114 0.004 0.000 0.695 
220 0.139 0.258 0.432 0.436 0.442 0.559 0.562 0.462 0.477 0.426 0.318 0.143 0.091 0.028 0.132 0.013 0.197 0.081 0.121 0.006 0.000 0.692 
221 0.141 0.261 0.438 0.436 0.445 0.553 0.568 0.464 0.489 0.424 0.318 0.145 0.092 0.032 0.133 0.011 0.197 0.082 0.120 0.007 0.000 0.692 
222 0.141 0.277 0.447 0.433 0.444 0.561 0.563 0.470 0.495 0.430 0.314 0.143 0.091 0.033 0.136 0.009 0.197 0.081 0.126 0.007 0.000 0.698 
223 0.140 0.275 0.442 0.433 0.443 0.561 0.564 0.471 0.497 0.441 0.315 0.142 0.090 0.041 0.135 0.011 0.193 0.074 0.118 0.007 0.000 0.693 
224 0.137 0.274 0.441 0.443 0.443 0.558 0.563 0.464 0.505 0.435 0.317 0.147 0.086 0.042 0.136 0.012 0.199 0.076 0.115 0.007 0.000 0.691 
225 0.138 0.268 0.440 0.437 0.442 0.570 0.558 0.472 0.515 0.438 0.308 0.147 0.089 0.040 0.134 0.012 0.192 0.072 0.116 0.007 0.000 0.685 
226 0.146 0.279 0.440 0.430 0.440 0.569 0.554 0.464 0.526 0.434 0.305 0.147 0.089 0.038 0.139 0.011 0.189 0.069 0.126 0.007 0.000 0.685 
227 0.145 0.272 0.450 0.423 0.443 0.569 0.544 0.455 0.531 0.426 0.311 0.151 0.088 0.038 0.143 0.011 0.193 0.065 0.122 0.008 0.000 0.684 
228 0.145 0.270 0.455 0.433 0.444 0.572 0.535 0.454 0.533 0.415 0.311 0.155 0.085 0.035 0.145 0.010 0.190 0.071 0.130 0.009 0.000 0.684 
229 0.146 0.263 0.454 0.438 0.441 0.570 0.529 0.456 0.531 0.416 0.308 0.150 0.084 0.037 0.149 0.012 0.206 0.069 0.122 0.008 0.000 0.687 
230 0.150 0.262 0.447 0.439 0.436 0.559 0.541 0.462 0.524 0.405 0.312 0.151 0.086 0.037 0.150 0.013 0.202 0.069 0.114 0.008 0.000 0.693 
231 0.151 0.255 0.452 0.436 0.437 0.547 0.535 0.468 0.508 0.416 0.301 0.151 0.082 0.038 0.153 0.013 0.198 0.065 0.113 0.007 0.000 0.698 
232 0.151 0.267 0.443 0.440 0.441 0.545 0.531 0.467 0.502 0.413 0.291 0.147 0.083 0.039 0.156 0.011 0.194 0.064 0.112 0.007 0.000 0.701 
233 0.148 0.265 0.440 0.438 0.441 0.552 0.543 0.463 0.508 0.411 0.293 0.146 0.081 0.040 0.155 0.011 0.197 0.062 0.110 0.008 0.000 0.700 
234 0.149 0.263 0.434 0.438 0.441 0.552 0.552 0.462 0.503 0.409 0.290 0.146 0.080 0.043 0.158 0.011 0.188 0.076 0.107 0.010 0.000 0.702 
235 0.149 0.268 0.424 0.427 0.448 0.549 0.548 0.467 0.493 0.411 0.285 0.141 0.078 0.044 0.163 0.009 0.193 0.076 0.097 0.010 0.000 0.703 
236 0.147 0.272 0.420 0.422 0.460 0.553 0.549 0.464 0.496 0.410 0.283 0.145 0.079 0.039 0.158 0.011 0.189 0.078 0.095 0.010 0.000 0.702 
237 0.148 0.278 0.412 0.426 0.461 0.555 0.550 0.463 0.499 0.408 0.279 0.140 0.082 0.042 0.159 0.010 0.189 0.082 0.095 0.011 0.000 0.701 
238 0.153 0.276 0.426 0.428 0.452 0.551 0.542 0.470 0.503 0.404 0.271 0.142 0.076 0.048 0.156 0.010 0.188 0.082 0.098 0.011 0.000 0.702 
239 0.158 0.277 0.432 0.427 0.454 0.552 0.543 0.467 0.505 0.412 0.271 0.145 0.085 0.047 0.150 0.009 0.180 0.084 0.100 0.011 0.000 0.708 
240 0.157 0.272 0.437 0.424 0.456 0.558 0.539 0.459 0.501 0.415 0.282 0.148 0.082 0.042 0.149 0.022 0.166 0.081 0.103 0.010 0.000 0.711 
241 0.151 0.275 0.444 0.427 0.456 0.553 0.547 0.466 0.494 0.413 0.284 0.147 0.078 0.049 0.147 0.022 0.167 0.087 0.101 0.010 0.000 0.708 
242 0.154 0.262 0.450 0.427 0.463 0.553 0.542 0.473 0.489 0.410 0.275 0.148 0.074 0.051 0.141 0.022 0.166 0.084 0.095 0.011 0.000 0.701 
243 0.152 0.257 0.463 0.417 0.457 0.555 0.547 0.474 0.488 0.407 0.273 0.150 0.074 0.053 0.145 0.022 0.167 0.083 0.092 0.010 0.000 0.700 
244 0.150 0.256 0.458 0.413 0.450 0.560 0.562 0.475 0.483 0.405 0.270 0.152 0.079 0.052 0.141 0.023 0.166 0.074 0.090 0.010 0.000 0.696 
245 0.153 0.244 0.463 0.424 0.450 0.555 0.558 0.470 0.485 0.410 0.274 0.155 0.078 0.062 0.136 0.023 0.180 0.075 0.090 0.010 0.000 0.695 
246 0.156 0.244 0.463 0.423 0.451 0.560 0.562 0.473 0.483 0.415 0.268 0.157 0.077 0.060 0.140 0.024 0.187 0.072 0.083 0.010 0.000 0.695 
247 0.169 0.237 0.466 0.411 0.460 0.564 0.562 0.467 0.480 0.428 0.256 0.156 0.073 0.063 0.147 0.024 0.183 0.082 0.078 0.011 0.000 0.697 
248 0.179 0.230 0.455 0.415 0.454 0.564 0.559 0.461 0.477 0.419 0.265 0.151 0.074 0.065 0.147 0.024 0.178 0.083 0.082 0.011 0.000 0.699 
249 0.180 0.225 0.455 0.405 0.459 0.569 0.576 0.464 0.478 0.432 0.254 0.148 0.078 0.068 0.145 0.024 0.173 0.088 0.084 0.011 0.000 0.696 
250 0.179 0.239 0.442 0.406 0.460 0.565 0.560 0.462 0.467 0.426 0.245 0.155 0.081 0.067 0.147 0.025 0.166 0.089 0.081 0.012 0.000 0.698 
251 0.184 0.237 0.444 0.406 0.468 0.578 0.553 0.461 0.476 0.422 0.243 0.156 0.084 0.072 0.145 0.026 0.174 0.096 0.080 0.013 0.000 0.700 
252 0.180 0.238 0.449 0.405 0.473 0.574 0.547 0.472 0.477 0.414 0.241 0.154 0.087 0.073 0.149 0.025 0.187 0.093 0.084 0.012 0.000 0.694 
253 0.180 0.239 0.445 0.410 0.472 0.572 0.549 0.466 0.486 0.405 0.237 0.151 0.085 0.073 0.146 0.025 0.182 0.088 0.087 0.008 0.001 0.691 
254 0.179 0.239 0.442 0.410 0.468 0.574 0.537 0.462 0.482 0.408 0.229 0.149 0.080 0.071 0.149 0.024 0.184 0.088 0.085 0.010 0.001 0.689 
255 0.174 0.239 0.445 0.412 0.461 0.567 0.536 0.461 0.490 0.396 0.223 0.151 0.079 0.067 0.154 0.027 0.178 0.087 0.086 0.006 0.002 0.692 
256 0.177 0.241 0.444 0.408 0.463 0.559 0.537 0.449 0.488 0.399 0.227 0.152 0.080 0.067 0.149 0.032 0.188 0.097 0.083 0.006 0.001 0.688 
257 0.170 0.234 0.444 0.403 0.462 0.557 0.546 0.453 0.506 0.395 0.240 0.154 0.078 0.068 0.150 0.038 0.183 0.094 0.084 0.006 0.000 0.685 
258 0.166 0.229 0.448 0.420 0.459 0.549 0.538 0.458 0.510 0.400 0.243 0.154 0.080 0.072 0.149 0.042 0.170 0.092 0.086 0.006 0.000 0.684 
259 0.165 0.236 0.448 0.420 0.454 0.552 0.545 0.459 0.515 0.397 0.239 0.152 0.082 0.076 0.151 0.043 0.180 0.091 0.085 0.005 0.000 0.689 
260 0.165 0.236 0.453 0.422 0.461 0.555 0.531 0.467 0.517 0.398 0.235 0.148 0.083 0.073 0.147 0.044 0.179 0.089 0.088 0.005 0.000 0.695 
261 0.163 0.239 0.465 0.419 0.454 0.564 0.537 0.476 0.518 0.399 0.236 0.150 0.079 0.076 0.145 0.041 0.187 0.091 0.085 0.004 0.001 0.696 
262 0.158 0.240 0.467 0.418 0.454 0.565 0.549 0.476 0.506 0.404 0.240 0.158 0.079 0.076 0.151 0.040 0.186 0.089 0.082 0.004 0.001 0.695 
263 0.159 0.241 0.476 0.413 0.455 0.579 0.539 0.473 0.497 0.421 0.232 0.163 0.079 0.075 0.154 0.043 0.183 0.085 0.082 0.004 0.001 0.694 
264 0.162 0.239 0.482 0.428 0.457 0.578 0.532 0.473 0.487 0.419 0.238 0.160 0.075 0.075 0.152 0.040 0.182 0.087 0.090 0.004 0.001 0.700 
265 0.163 0.236 0.482 0.422 0.465 0.573 0.536 0.480 0.476 0.424 0.237 0.160 0.079 0.073 0.147 0.040 0.182 0.089 0.095 0.006 0.001 0.697 
266 0.163 0.237 0.478 0.414 0.474 0.569 0.534 0.481 0.471 0.419 0.237 0.165 0.081 0.070 0.146 0.039 0.177 0.094 0.090 0.007 0.001 0.702 
267 0.163 0.233 0.479 0.416 0.465 0.570 0.536 0.477 0.477 0.413 0.238 0.162 0.081 0.069 0.141 0.047 0.177 0.088 0.080 0.006 0.001 0.700 
268 0.161 0.233 0.482 0.424 0.465 0.567 0.545 0.480 0.471 0.410 0.234 0.155 0.083 0.070 0.144 0.048 0.178 0.088 0.074 0.006 0.001 0.699 
269 0.165 0.233 0.484 0.426 0.461 0.566 0.544 0.479 0.471 0.407 0.234 0.150 0.081 0.070 0.149 0.044 0.184 0.090 0.076 0.006 0.001 0.698 
270 0.167 0.224 0.482 0.419 0.463 0.562 0.548 0.488 0.491 0.391 0.239 0.148 0.082 0.070 0.148 0.043 0.186 0.090 0.074 0.006 0.000 0.694 
271 0.168 0.219 0.483 0.405 0.469 0.562 0.564 0.498 0.484 0.402 0.235 0.146 0.084 0.065 0.149 0.050 0.185 0.082 0.088 0.006 0.000 0.691 
272 0.174 0.219 0.482 0.410 0.471 0.562 0.570 0.497 0.485 0.415 0.234 0.145 0.085 0.065 0.151 0.054 0.189 0.092 0.073 0.006 0.000 0.689 
273 0.174 0.226 0.481 0.420 0.470 0.552 0.576 0.491 0.482 0.414 0.227 0.149 0.085 0.069 0.156 0.050 0.190 0.098 0.074 0.006 0.000 0.684 
274 0.174 0.225 0.486 0.424 0.476 0.555 0.584 0.489 0.476 0.404 0.232 0.147 0.085 0.064 0.153 0.047 0.179 0.098 0.071 0.007 0.000 0.685 
275 0.175 0.222 0.486 0.431 0.476 0.563 0.584 0.485 0.475 0.411 0.225 0.141 0.094 0.061 0.151 0.047 0.183 0.097 0.072 0.006 0.000 0.684 
276 0.177 0.238 0.500 0.435 0.466 0.570 0.580 0.477 0.502 0.406 0.220 0.142 0.090 0.064 0.152 0.044 0.183 0.096 0.075 0.007 0.000 0.682 
277 0.176 0.236 0.498 0.437 0.470 0.573 0.571 0.484 0.503 0.415 0.221 0.140 0.091 0.064 0.154 0.044 0.179 0.095 0.079 0.007 0.000 0.681 
278 0.179 0.227 0.502 0.425 0.468 0.577 0.561 0.486 0.512 0.414 0.230 0.142 0.091 0.067 0.158 0.035 0.177 0.097 0.098 0.006 0.001 0.683 
279 0.174 0.225 0.502 0.418 0.476 0.574 0.558 0.485 0.507 0.408 0.229 0.141 0.087 0.066 0.154 0.035 0.178 0.096 0.089 0.007 0.001 0.684 
280 0.174 0.230 0.495 0.419 0.481 0.571 0.541 0.488 0.503 0.421 0.229 0.144 0.087 0.066 0.152 0.037 0.189 0.090 0.091 0.008 0.001 0.695 
281 0.174 0.229 0.497 0.408 0.480 0.571 0.541 0.486 0.496 0.406 0.228 0.144 0.092 0.069 0.146 0.033 0.198 0.090 0.092 0.008 0.002 0.694 
282 0.175 0.231 0.496 0.426 0.473 0.578 0.557 0.485 0.501 0.396 0.233 0.143 0.092 0.067 0.149 0.031 0.196 0.084 0.090 0.007 0.001 0.688 
283 0.174 0.227 0.495 0.426 0.472 0.582 0.554 0.483 0.514 0.395 0.235 0.140 0.092 0.070 0.152 0.031 0.195 0.090 0.081 0.006 0.001 0.689 
284 0.169 0.223 0.490 0.423 0.484 0.577 0.537 0.488 0.515 0.395 0.230 0.144 0.090 0.073 0.152 0.031 0.191 0.080 0.079 0.007 0.000 0.691 
285 0.165 0.220 0.499 0.424 0.498 0.570 0.535 0.488 0.510 0.398 0.228 0.144 0.093 0.069 0.153 0.033 0.188 0.087 0.081 0.007 0.000 0.688 
286 0.165 0.217 0.497 0.421 0.496 0.569 0.545 0.488 0.500 0.399 0.239 0.141 0.096 0.066 0.148 0.043 0.181 0.097 0.072 0.007 0.000 0.685 
287 0.166 0.220 0.484 0.421 0.494 0.574 0.546 0.497 0.482 0.401 0.247 0.138 0.101 0.063 0.146 0.042 0.183 0.095 0.080 0.007 0.000 0.685 
288 0.163 0.219 0.477 0.428 0.485 0.573 0.541 0.495 0.484 0.407 0.246 0.137 0.104 0.067 0.143 0.041 0.179 0.090 0.087 0.007 0.000 0.681 
289 0.163 0.222 0.476 0.431 0.486 0.570 0.543 0.508 0.488 0.412 0.243 0.137 0.105 0.071 0.145 0.046 0.185 0.089 0.083 0.007 0.001 0.679 
290 0.164 0.222 0.470 0.442 0.487 0.581 0.542 0.515 0.486 0.417 0.241 0.141 0.105 0.072 0.153 0.050 0.182 0.090 0.086 0.006 0.001 0.680 
291 0.169 0.219 0.466 0.455 0.486 0.579 0.555 0.505 0.495 0.413 0.235 0.141 0.106 0.069 0.151 0.052 0.190 0.093 0.085 0.007 0.001 0.685 
292 0.176 0.216 0.463 0.439 0.495 0.580 0.559 0.513 0.483 0.412 0.229 0.139 0.104 0.067 0.149 0.046 0.190 0.086 0.093 0.006 0.001 0.696 
293 0.181 0.207 0.467 0.439 0.487 0.579 0.558 0.511 0.490 0.418 0.229 0.135 0.110 0.064 0.143 0.048 0.196 0.084 0.089 0.007 0.001 0.696 
294 0.186 0.207 0.463 0.440 0.488 0.573 0.571 0.508 0.489 0.419 0.228 0.135 0.108 0.068 0.143 0.049 0.191 0.085 0.093 0.006 0.001 0.693 
295 0.187 0.208 0.463 0.447 0.478 0.570 0.566 0.504 0.489 0.421 0.228 0.133 0.110 0.068 0.140 0.048 0.196 0.085 0.093 0.006 0.001 0.695 
296 0.185 0.215 0.470 0.442 0.476 0.571 0.574 0.496 0.485 0.432 0.223 0.129 0.117 0.068 0.140 0.042 0.195 0.090 0.102 0.006 0.001 0.698 
297 0.181 0.216 0.471 0.444 0.481 0.564 0.581 0.481 0.502 0.424 0.218 0.128 0.113 0.064 0.142 0.040 0.191 0.095 0.097 0.007 0.001 0.691 
298 0.175 0.221 0.461 0.438 0.485 0.566 0.583 0.480 0.503 0.440 0.222 0.129 0.110 0.064 0.142 0.037 0.186 0.098 0.097 0.006 0.001 0.689 
299 0.181 0.222 0.460 0.449 0.489 0.562 0.577 0.490 0.496 0.452 0.224 0.133 0.111 0.060 0.138 0.037 0.184 0.099 0.096 0.007 0.001 0.689 
300 0.181 0.216 0.456 0.445 0.491 0.564 0.583 0.492 0.492 0.449 0.226 0.128 0.107 0.064 0.141 0.033 0.183 0.095 0.099 0.007 0.001 0.684 
301 0.179 0.207 0.459 0.446 0.492 0.570 0.581 0.497 0.491 0.447 0.226 0.132 0.108 0.064 0.136 0.031 0.182 0.097 0.100 0.006 0.001 0.683 
302 0.176 0.203 0.454 0.445 0.498 0.568 0.584 0.508 0.508 0.445 0.223 0.134 0.105 0.060 0.135 0.036 0.185 0.102 0.099 0.007 0.001 0.682 
303 0.179 0.208 0.458 0.444 0.495 0.572 0.585 0.512 0.512 0.438 0.220 0.133 0.099 0.061 0.137 0.037 0.184 0.097 0.101 0.005 0.001 0.683 
304 0.173 0.209 0.461 0.439 0.489 0.573 0.583 0.509 0.515 0.421 0.216 0.134 0.102 0.053 0.138 0.037 0.183 0.098 0.103 0.005 0.001 0.687 
305 0.170 0.206 0.462 0.447 0.482 0.574 0.581 0.512 0.507 0.427 0.215 0.129 0.104 0.056 0.142 0.040 0.213 0.099 0.096 0.005 0.001 0.696 
306 0.178 0.203 0.467 0.444 0.480 0.575 0.575 0.515 0.499 0.427 0.212 0.133 0.104 0.060 0.143 0.038 0.218 0.097 0.097 0.005 0.001 0.697 
307 0.177 0.201 0.469 0.446 0.484 0.580 0.569 0.525 0.502 0.424 0.227 0.133 0.104 0.061 0.138 0.039 0.222 0.095 0.098 0.005 0.001 0.695 
308 0.172 0.202 0.472 0.445 0.485 0.578 0.573 0.513 0.507 0.422 0.221 0.137 0.101 0.056 0.141 0.039 0.226 0.096 0.095 0.005 0.001 0.697 
309 0.177 0.204 0.455 0.459 0.482 0.581 0.568 0.514 0.520 0.411 0.230 0.134 0.103 0.058 0.136 0.036 0.212 0.090 0.098 0.004 0.001 0.694 
310 0.175 0.201 0.458 0.449 0.489 0.578 0.571 0.517 0.525 0.419 0.223 0.142 0.104 0.059 0.134 0.034 0.210 0.090 0.094 0.004 0.001 0.696 
311 0.182 0.202 0.462 0.450 0.491 0.576 0.574 0.516 0.541 0.418 0.222 0.143 0.109 0.061 0.129 0.035 0.208 0.101 0.095 0.004 0.001 0.699 
312 0.180 0.203 0.465 0.446 0.494 0.584 0.575 0.516 0.533 0.423 0.213 0.145 0.112 0.061 0.132 0.038 0.206 0.104 0.102 0.004 0.002 0.698 
313 0.183 0.202 0.459 0.443 0.487 0.583 0.579 0.515 0.529 0.411 0.208 0.148 0.112 0.061 0.125 0.037 0.211 0.104 0.099 0.004 0.002 0.695 
314 0.185 0.202 0.455 0.450 0.482 0.569 0.585 0.513 0.537 0.421 0.202 0.145 0.111 0.055 0.132 0.036 0.218 0.107 0.096 0.004 0.002 0.693 
315 0.174 0.204 0.454 0.449 0.484 0.572 0.579 0.528 0.526 0.434 0.205 0.141 0.115 0.055 0.130 0.035 0.222 0.113 0.095 0.004 0.002 0.693 
316 0.171 0.204 0.456 0.458 0.484 0.567 0.573 0.523 0.513 0.442 0.211 0.138 0.116 0.051 0.132 0.035 0.229 0.109 0.096 0.003 0.002 0.691 
317 0.166 0.216 0.453 0.455 0.486 0.573 0.580 0.527 0.511 0.425 0.210 0.139 0.114 0.052 0.130 0.037 0.230 0.112 0.098 0.005 0.002 0.695 
318 0.171 0.207 0.450 0.450 0.484 0.572 0.579 0.535 0.510 0.435 0.205 0.138 0.110 0.052 0.133 0.037 0.228 0.112 0.094 0.004 0.002 0.688 
319 0.170 0.206 0.439 0.442 0.491 0.568 0.583 0.540 0.510 0.436 0.206 0.140 0.107 0.051 0.129 0.043 0.224 0.107 0.100 0.004 0.002 0.690 
320 0.179 0.206 0.437 0.445 0.492 0.570 0.594 0.548 0.503 0.446 0.204 0.143 0.107 0.052 0.127 0.044 0.227 0.103 0.094 0.004 0.002 0.690 
321 0.182 0.196 0.445 0.447 0.486 0.578 0.589 0.545 0.498 0.448 0.212 0.140 0.108 0.056 0.125 0.047 0.237 0.100 0.082 0.003 0.002 0.691 
322 0.187 0.199 0.439 0.452 0.483 0.557 0.596 0.538 0.499 0.453 0.208 0.146 0.105 0.068 0.128 0.055 0.241 0.101 0.081 0.003 0.003 0.689 
323 0.190 0.196 0.451 0.449 0.486 0.570 0.593 0.538 0.489 0.457 0.208 0.141 0.107 0.065 0.124 0.054 0.247 0.106 0.078 0.004 0.002 0.680 
324 0.188 0.195 0.441 0.449 0.485 0.578 0.587 0.527 0.498 0.454 0.207 0.137 0.113 0.061 0.129 0.058 0.249 0.109 0.073 0.004 0.002 0.677 
325 0.186 0.204 0.441 0.438 0.490 0.581 0.591 0.518 0.505 0.453 0.212 0.139 0.110 0.063 0.127 0.053 0.265 0.106 0.078 0.004 0.002 0.678 
326 0.195 0.194 0.435 0.435 0.494 0.577 0.587 0.521 0.494 0.451 0.214 0.135 0.109 0.070 0.128 0.053 0.266 0.106 0.071 0.005 0.002 0.683 
327 0.192 0.204 0.431 0.436 0.497 0.578 0.579 0.520 0.508 0.438 0.213 0.135 0.108 0.067 0.126 0.053 0.260 0.110 0.067 0.005 0.002 0.680 
328 0.190 0.206 0.426 0.445 0.495 0.585 0.583 0.522 0.518 0.431 0.213 0.132 0.107 0.069 0.125 0.055 0.262 0.107 0.068 0.004 0.002 0.690 
329 0.190 0.212 0.436 0.429 0.496 0.584 0.578 0.517 0.524 0.429 0.216 0.130 0.107 0.075 0.129 0.054 0.265 0.108 0.069 0.004 0.003 0.686 
330 0.186 0.214 0.439 0.421 0.491 0.571 0.581 0.512 0.527 0.431 0.219 0.130 0.104 0.078 0.139 0.050 0.265 0.108 0.074 0.004 0.003 0.686 
331 0.178 0.217 0.463 0.425 0.489 0.564 0.583 0.523 0.527 0.428 0.221 0.131 0.102 0.077 0.139 0.047 0.264 0.116 0.083 0.006 0.003 0.680 
332 0.180 0.215 0.469 0.417 0.483 0.568 0.578 0.519 0.529 0.430 0.219 0.132 0.099 0.075 0.141 0.049 0.273 0.111 0.086 0.007 0.002 0.683 
333 0.183 0.213 0.462 0.414 0.480 0.570 0.577 0.523 0.525 0.425 0.218 0.134 0.097 0.073 0.142 0.052 0.265 0.110 0.096 0.008 0.002 0.689 
334 0.184 0.216 0.455 0.406 0.479 0.570 0.568 0.532 0.524 0.423 0.221 0.129 0.094 0.081 0.142 0.052 0.266 0.104 0.095 0.008 0.003 0.700 
335 0.183 0.222 0.453 0.407 0.482 0.571 0.573 0.528 0.525 0.438 0.220 0.127 0.092 0.083 0.145 0.054 0.262 0.104 0.099 0.006 0.003 0.699 
336 0.185 0.229 0.453 0.419 0.474 0.587 0.575 0.531 0.517 0.444 0.216 0.123 0.091 0.082 0.148 0.053 0.256 0.109 0.093 0.009 0.002 0.694 
337 0.189 0.223 0.451 0.442 0.467 0.574 0.571 0.529 0.521 0.440 0.212 0.126 0.090 0.079 0.148 0.056 0.254 0.105 0.101 0.008 0.003 0.697 
338 0.191 0.217 0.452 0.443 0.467 0.576 0.569 0.534 0.505 0.437 0.229 0.128 0.096 0.074 0.147 0.058 0.257 0.098 0.094 0.009 0.003 0.699 
339 0.189 0.217 0.456 0.443 0.458 0.576 0.571 0.537 0.499 0.422 0.225 0.126 0.101 0.078 0.141 0.058 0.254 0.100 0.092 0.009 0.002 0.707 
340 0.193 0.214 0.466 0.444 0.452 0.581 0.569 0.534 0.485 0.416 0.232 0.117 0.102 0.076 0.143 0.076 0.255 0.095 0.097 0.009 0.002 0.708 
341 0.198 0.211 0.472 0.439 0.460 0.572 0.573 0.532 0.483 0.410 0.236 0.112 0.108 0.076 0.138 0.076 0.261 0.116 0.091 0.008 0.003 0.706 
342 0.203 0.213 0.468 0.446 0.460 0.572 0.577 0.531 0.482 0.412 0.234 0.114 0.109 0.070 0.142 0.079 0.262 0.113 0.094 0.007 0.003 0.704 
343 0.199 0.211 0.464 0.437 0.465 0.568 0.579 0.531 0.486 0.413 0.223 0.121 0.106 0.068 0.137 0.078 0.250 0.129 0.095 0.007 0.003 0.706 
344 0.202 0.219 0.460 0.435 0.473 0.576 0.574 0.523 0.494 0.418 0.224 0.117 0.102 0.069 0.140 0.087 0.250 0.129 0.089 0.007 0.002 0.705 
345 0.205 0.220 0.468 0.428 0.483 0.573 0.589 0.514 0.500 0.403 0.221 0.114 0.106 0.068 0.145 0.082 0.248 0.124 0.088 0.007 0.002 0.703 
346 0.205 0.225 0.458 0.434 0.472 0.577 0.592 0.501 0.492 0.407 0.225 0.115 0.105 0.074 0.141 0.083 0.249 0.123 0.091 0.009 0.002 0.693 
347 0.202 0.226 0.456 0.439 0.473 0.568 0.587 0.497 0.500 0.407 0.228 0.117 0.106 0.074 0.144 0.083 0.249 0.119 0.088 0.008 0.002 0.693 
348 0.199 0.226 0.448 0.436 0.478 0.565 0.574 0.505 0.501 0.411 0.226 0.115 0.104 0.076 0.143 0.091 0.247 0.122 0.087 0.008 0.002 0.690 
349 0.201 0.218 0.446 0.428 0.472 0.567 0.578 0.505 0.499 0.414 0.228 0.114 0.102 0.076 0.143 0.089 0.238 0.115 0.093 0.009 0.002 0.692 
350 0.198 0.213 0.448 0.413 0.474 0.566 0.581 0.507 0.503 0.423 0.227 0.113 0.101 0.075 0.143 0.091 0.235 0.117 0.095 0.010 0.002 0.691 
351 0.199 0.214 0.460 0.398 0.486 0.563 0.573 0.517 0.497 0.428 0.226 0.115 0.106 0.074 0.135 0.102 0.231 0.112 0.096 0.009 0.002 0.693 
352 0.198 0.215 0.462 0.402 0.492 0.564 0.572 0.525 0.500 0.432 0.229 0.113 0.105 0.073 0.136 0.099 0.235 0.118 0.092 0.010 0.002 0.694 
353 0.200 0.221 0.458 0.422 0.490 0.569 0.566 0.525 0.505 0.443 0.226 0.117 0.110 0.068 0.132 0.101 0.241 0.125 0.092 0.010 0.001 0.692 
354 0.198 0.215 0.457 0.425 0.493 0.575 0.557 0.518 0.512 0.440 0.227 0.118 0.114 0.058 0.129 0.096 0.243 0.125 0.100 0.011 0.001 0.687 
355 0.194 0.212 0.457 0.417 0.497 0.576 0.554 0.520 0.500 0.439 0.230 0.116 0.110 0.056 0.135 0.095 0.241 0.136 0.102 0.011 0.001 0.687 
356 0.184 0.212 0.457 0.430 0.489 0.578 0.553 0.529 0.502 0.440 0.230 0.118 0.108 0.056 0.132 0.098 0.246 0.132 0.101 0.013 0.001 0.691 
357 0.175 0.215 0.463 0.429 0.484 0.581 0.552 0.530 0.514 0.437 0.228 0.110 0.111 0.049 0.133 0.097 0.241 0.135 0.102 0.014 0.001 0.694 
358 0.175 0.215 0.462 0.432 0.478 0.581 0.560 0.529 0.512 0.432 0.222 0.116 0.108 0.052 0.139 0.096 0.245 0.140 0.097 0.015 0.001 0.690 
359 0.171 0.214 0.467 0.431 0.472 0.579 0.570 0.533 0.511 0.436 0.230 0.115 0.107 0.058 0.142 0.096 0.241 0.144 0.095 0.015 0.001 0.696 
360 0.167 0.216 0.474 0.432 0.463 0.561 0.569 0.535 0.510 0.425 0.220 0.116 0.101 0.062 0.145 0.101 0.244 0.140 0.102 0.015 0.002 0.688 
361 0.170 0.219 0.472 0.432 0.463 0.563 0.566 0.526 0.517 0.426 0.221 0.119 0.101 0.055 0.149 0.097 0.249 0.143 0.100 0.012 0.002 0.693 
362 0.177 0.216 0.472 0.433 0.462 0.560 0.578 0.528 0.520 0.431 0.222 0.122 0.102 0.053 0.147 0.098 0.263 0.139 0.099 0.012 0.001 0.693 
363 0.177 0.211 0.479 0.422 0.465 0.566 0.591 0.523 0.519 0.430 0.227 0.119 0.101 0.052 0.147 0.096 0.264 0.140 0.097 0.012 0.001 0.691 
364 0.184 0.210 0.483 0.439 0.457 0.571 0.587 0.528 0.501 0.432 0.242 0.116 0.106 0.053 0.144 0.095 0.264 0.143 0.093 0.010 0.001 0.688 
365 0.186 0.206 0.476 0.441 0.460 0.589 0.576 0.536 0.501 0.427 0.243 0.115 0.109 0.057 0.148 0.092 0.267 0.137 0.099 0.010 0.001 0.693 
366 0.184 0.222 0.475 0.444 0.468 0.589 0.573 0.536 0.495 0.425 0.236 0.112 0.109 0.055 0.149 0.092 0.270 0.137 0.099 0.010 0.001 0.688 
367 0.177 0.219 0.480 0.452 0.456 0.589 0.569 0.523 0.499 0.431 0.239 0.113 0.105 0.057 0.153 0.091 0.271 0.147 0.097 0.010 0.001 0.696 
368 0.178 0.217 0.485 0.447 0.456 0.587 0.568 0.532 0.490 0.440 0.245 0.115 0.098 0.059 0.158 0.092 0.277 0.148 0.102 0.010 0.001 0.692 
369 0.181 0.230 0.489 0.449 0.460 0.574 0.574 0.524 0.502 0.453 0.242 0.121 0.097 0.060 0.158 0.106 0.265 0.147 0.100 0.008 0.001 0.696 
370 0.183 0.229 0.481 0.449 0.458 0.567 0.568 0.527 0.503 0.444 0.238 0.125 0.089 0.057 0.159 0.108 0.259 0.147 0.096 0.009 0.001 0.697 
371 0.182 0.233 0.477 0.449 0.466 0.562 0.568 0.527 0.504 0.451 0.244 0.123 0.091 0.059 0.159 0.108 0.260 0.145 0.097 0.010 0.001 0.696 
372 0.179 0.237 0.476 0.455 0.475 0.557 0.570 0.523 0.504 0.446 0.249 0.119 0.091 0.061 0.161 0.105 0.269 0.149 0.095 0.009 0.000 0.698 
373 0.175 0.233 0.474 0.455 0.477 0.550 0.556 0.534 0.504 0.446 0.264 0.120 0.086 0.072 0.158 0.102 0.261 0.149 0.096 0.009 0.000 0.698 
374 0.183 0.224 0.473 0.450 0.475 0.562 0.577 0.519 0.499 0.451 0.260 0.123 0.084 0.067 0.164 0.101 0.264 0.154 0.100 0.010 0.000 0.700 
375 0.184 0.232 0.463 0.457 0.480 0.571 0.581 0.519 0.497 0.464 0.252 0.125 0.086 0.064 0.164 0.095 0.270 0.151 0.104 0.010 0.000 0.703 
376 0.186 0.232 0.459 0.455 0.473 0.575 0.587 0.518 0.498 0.458 0.256 0.123 0.087 0.058 0.172 0.099 0.273 0.146 0.101 0.016 0.000 0.703 
377 0.184 0.229 0.464 0.449 0.475 0.584 0.589 0.526 0.497 0.447 0.250 0.119 0.099 0.056 0.167 0.092 0.264 0.138 0.109 0.015 0.001 0.701 
378 0.184 0.235 0.465 0.451 0.473 0.583 0.585 0.531 0.498 0.446 0.256 0.119 0.102 0.056 0.163 0.091 0.260 0.133 0.105 0.014 0.001 0.700 
379 0.187 0.237 0.479 0.447 0.473 0.591 0.587 0.540 0.490 0.452 0.273 0.121 0.101 0.057 0.162 0.092 0.263 0.129 0.103 0.015 0.001 0.694 
380 0.185 0.236 0.483 0.450 0.479 0.585 0.594 0.537 0.490 0.449 0.273 0.129 0.102 0.050 0.152 0.102 0.262 0.124 0.101 0.014 0.001 0.701 
381 0.183 0.242 0.479 0.448 0.490 0.583 0.594 0.544 0.486 0.441 0.287 0.127 0.106 0.049 0.146 0.109 0.266 0.124 0.099 0.014 0.001 0.696 
382 0.185 0.241 0.485 0.444 0.489 0.583 0.592 0.544 0.485 0.440 0.274 0.130 0.108 0.047 0.144 0.108 0.263 0.124 0.096 0.014 0.001 0.704 
383 0.188 0.236 0.486 0.441 0.484 0.586 0.580 0.532 0.476 0.436 0.283 0.136 0.111 0.049 0.146 0.105 0.276 0.113 0.101 0.019 0.001 0.702 
384 0.187 0.242 0.477 0.444 0.491 0.586 0.571 0.530 0.482 0.439 0.268 0.144 0.107 0.046 0.141 0.105 0.278 0.117 0.104 0.020 0.001 0.703 
385 0.183 0.247 0.466 0.445 0.489 0.581 0.577 0.527 0.480 0.427 0.266 0.148 0.107 0.052 0.138 0.105 0.273 0.126 0.106 0.021 0.001 0.704 
386 0.181 0.250 0.473 0.453 0.489 0.580 0.561 0.536 0.483 0.422 0.264 0.147 0.105 0.065 0.136 0.106 0.269 0.128 0.101 0.020 0.001 0.703 
387 0.179 0.253 0.465 0.460 0.485 0.572 0.563 0.536 0.482 0.414 0.263 0.140 0.106 0.062 0.138 0.104 0.270 0.129 0.097 0.021 0.001 0.698 
388 0.180 0.242 0.473 0.469 0.479 0.575 0.556 0.532 0.489 0.408 0.264 0.137 0.107 0.064 0.144 0.104 0.278 0.125 0.102 0.020 0.002 0.696 
389 0.177 0.242 0.473 0.466 0.485 0.577 0.570 0.525 0.483 0.405 0.273 0.130 0.115 0.061 0.146 0.104 0.285 0.125 0.114 0.017 0.002 0.693 
390 0.172 0.245 0.462 0.459 0.489 0.575 0.570 0.523 0.486 0.408 0.265 0.129 0.118 0.061 0.154 0.104 0.282 0.127 0.119 0.017 0.002 0.686 
391 0.175 0.233 0.465 0.465 0.484 0.580 0.576 0.526 0.484 0.413 0.268 0.125 0.119 0.057 0.155 0.103 0.289 0.132 0.111 0.017 0.003 0.683 
392 0.180 0.249 0.475 0.469 0.477 0.586 0.578 0.530 0.487 0.400 0.266 0.126 0.120 0.060 0.156 0.105 0.301 0.131 0.114 0.016 0.003 0.679 
393 0.172 0.249 0.469 0.468 0.485 0.584 0.584 0.528 0.482 0.407 0.276 0.129 0.117 0.061 0.157 0.104 0.299 0.130 0.123 0.015 0.003 0.680 
394 0.172 0.256 0.460 0.473 0.494 0.581 0.588 0.530 0.481 0.402 0.284 0.128 0.121 0.070 0.155 0.100 0.293 0.128 0.117 0.021 0.004 0.685 
395 0.179 0.252 0.463 0.464 0.491 0.588 0.589 0.529 0.482 0.432 0.283 0.125 0.120 0.068 0.152 0.099 0.291 0.129 0.131 0.019 0.004 0.689 
396 0.175 0.250 0.467 0.471 0.494 0.585 0.584 0.539 0.492 0.432 0.283 0.127 0.116 0.066 0.151 0.099 0.289 0.134 0.129 0.020 0.005 0.694 
397 0.175 0.246 0.470 0.460 0.498 0.581 0.583 0.545 0.487 0.427 0.274 0.122 0.118 0.065 0.153 0.107 0.294 0.140 0.125 0.020 0.005 0.691 
398 0.178 0.247 0.463 0.464 0.499 0.579 0.594 0.547 0.479 0.429 0.271 0.124 0.121 0.062 0.152 0.114 0.300 0.144 0.123 0.019 0.004 0.684 
399 0.177 0.248 0.459 0.459 0.502 0.575 0.595 0.550 0.483 0.416 0.274 0.131 0.113 0.066 0.149 0.112 0.295 0.143 0.121 0.015 0.008 0.678 
400 0.177 0.251 0.458 0.461 0.500 0.559 0.595 0.548 0.497 0.410 0.280 0.132 0.120 0.064 0.145 0.115 0.300 0.144 0.132 0.014 0.007 0.684 
401 0.172 0.256 0.460 0.461 0.499 0.560 0.582 0.543 0.498 0.424 0.274 0.136 0.117 0.071 0.148 0.112 0.300 0.141 0.121 0.020 0.007 0.689 
402 0.171 0.254 0.462 0.469 0.498 0.563 0.573 0.545 0.496 0.422 0.265 0.142 0.122 0.071 0.141 0.110 0.302 0.144 0.109 0.027 0.007 0.690 
403 0.169 0.261 0.470 0.455 0.503 0.565 0.568 0.540 0.489 0.420 0.263 0.139 0.127 0.070 0.143 0.108 0.299 0.147 0.130 0.026 0.008 0.692 
404 0.170 0.260 0.470 0.457 0.500 0.579 0.567 0.540 0.491 0.426 0.272 0.138 0.128 0.064 0.144 0.105 0.308 0.142 0.135 0.026 0.008 0.694 
405 0.172 0.256 0.472 0.452 0.497 0.570 0.566 0.539 0.495 0.418 0.279 0.138 0.123 0.063 0.140 0.104 0.313 0.143 0.137 0.026 0.008 0.697 
406 0.176 0.250 0.468 0.454 0.497 0.573 0.569 0.537 0.491 0.409 0.278 0.144 0.120 0.066 0.140 0.107 0.312 0.147 0.139 0.027 0.008 0.700 
407 0.178 0.252 0.474 0.450 0.497 0.570 0.579 0.535 0.499 0.404 0.279 0.139 0.117 0.063 0.143 0.108 0.305 0.143 0.145 0.023 0.008 0.703 
408 0.179 0.260 0.472 0.446 0.491 0.572 0.593 0.542 0.503 0.399 0.292 0.136 0.117 0.069 0.141 0.106 0.304 0.142 0.131 0.022 0.008 0.700 
409 0.175 0.265 0.470 0.461 0.496 0.565 0.586 0.545 0.483 0.408 0.286 0.140 0.114 0.063 0.140 0.108 0.293 0.131 0.144 0.023 0.009 0.703 
410 0.181 0.276 0.477 0.466 0.489 0.565 0.595 0.540 0.490 0.401 0.282 0.145 0.116 0.060 0.146 0.104 0.293 0.124 0.148 0.021 0.009 0.700 
411 0.185 0.277 0.468 0.462 0.494 0.566 0.595 0.541 0.482 0.410 0.281 0.143 0.117 0.056 0.147 0.104 0.287 0.128 0.155 0.024 0.009 0.704 
412 0.185 0.269 0.461 0.463 0.502 0.565 0.592 0.543 0.490 0.413 0.287 0.145 0.118 0.058 0.151 0.103 0.282 0.134 0.146 0.021 0.009 0.698 
413 0.182 0.266 0.460 0.461 0.494 0.569 0.602 0.550 0.501 0.430 0.282 0.139 0.123 0.055 0.152 0.108 0.293 0.128 0.148 0.021 0.009 0.698 
414 0.180 0.264 0.462 0.461 0.503 0.576 0.596 0.549 0.491 0.427 0.291 0.139 0.121 0.056 0.151 0.112 0.288 0.126 0.148 0.020 0.009 0.706 
415 0.181 0.264 0.460 0.460 0.500 0.570 0.596 0.541 0.479 0.434 0.300 0.139 0.123 0.051 0.149 0.106 0.286 0.128 0.142 0.022 0.008 0.706 
416 0.174 0.257 0.467 0.461 0.496 0.575 0.592 0.534 0.483 0.431 0.304 0.135 0.124 0.053 0.150 0.103 0.290 0.124 0.145 0.020 0.008 0.701 
417 0.169 0.258 0.469 0.463 0.494 0.570 0.585 0.526 0.487 0.434 0.297 0.131 0.132 0.051 0.145 0.102 0.299 0.126 0.138 0.019 0.009 0.700 
418 0.174 0.251 0.478 0.456 0.494 0.568 0.593 0.532 0.496 0.438 0.292 0.132 0.131 0.053 0.142 0.101 0.304 0.127 0.133 0.021 0.007 0.704 
419 0.172 0.235 0.476 0.468 0.497 0.564 0.589 0.533 0.503 0.443 0.286 0.140 0.130 0.052 0.142 0.101 0.308 0.123 0.143 0.023 0.007 0.702 
420 0.162 0.239 0.470 0.461 0.505 0.560 0.587 0.538 0.488 0.448 0.281 0.133 0.129 0.055 0.148 0.096 0.303 0.116 0.147 0.023 0.008 0.696 
421 0.168 0.234 0.467 0.463 0.502 0.561 0.589 0.533 0.497 0.435 0.280 0.135 0.127 0.051 0.151 0.100 0.301 0.126 0.148 0.021 0.008 0.691 
422 0.169 0.239 0.457 0.461 0.496 0.563 0.589 0.537 0.495 0.441 0.272 0.133 0.121 0.052 0.159 0.101 0.304 0.128 0.141 0.021 0.007 0.689 
423 0.167 0.243 0.460 0.456 0.499 0.576 0.594 0.543 0.486 0.456 0.265 0.136 0.123 0.045 0.154 0.102 0.298 0.117 0.148 0.026 0.006 0.683 
424 0.166 0.246 0.459 0.453 0.505 0.574 0.592 0.549 0.480 0.446 0.273 0.131 0.127 0.047 0.151 0.098 0.300 0.115 0.162 0.025 0.006 0.689 
425 0.165 0.244 0.458 0.451 0.510 0.571 0.615 0.547 0.470 0.430 0.279 0.130 0.124 0.051 0.152 0.091 0.294 0.130 0.155 0.026 0.006 0.687 
426 0.165 0.238 0.464 0.448 0.509 0.573 0.612 0.545 0.469 0.423 0.278 0.137 0.124 0.050 0.152 0.092 0.289 0.138 0.157 0.026 0.006 0.685 
427 0.163 0.240 0.467 0.455 0.508 0.569 0.616 0.543 0.467 0.414 0.259 0.136 0.117 0.050 0.152 0.089 0.282 0.146 0.161 0.027 0.006 0.683 
428 0.160 0.247 0.469 0.448 0.507 0.580 0.618 0.544 0.465 0.417 0.260 0.135 0.120 0.046 0.151 0.088 0.277 0.144 0.149 0.029 0.006 0.684 
429 0.166 0.249 0.472 0.447 0.503 0.580 0.601 0.547 0.457 0.413 0.266 0.132 0.120 0.050 0.146 0.095 0.283 0.156 0.145 0.031 0.006 0.680 
430 0.156 0.249 0.472 0.450 0.502 0.591 0.588 0.536 0.462 0.403 0.273 0.127 0.127 0.047 0.148 0.097 0.275 0.162 0.139 0.031 0.005 0.690 
431 0.157 0.249 0.464 0.445 0.496 0.586 0.582 0.543 0.453 0.418 0.273 0.121 0.134 0.046 0.150 0.098 0.271 0.167 0.140 0.033 0.005 0.692 
432 0.150 0.249 0.455 0.439 0.491 0.591 0.580 0.541 0.461 0.410 0.265 0.131 0.130 0.049 0.146 0.100 0.265 0.164 0.132 0.033 0.006 0.695 
433 0.147 0.253 0.456 0.448 0.486 0.588 0.579 0.534 0.469 0.414 0.263 0.134 0.130 0.044 0.143 0.095 0.263 0.161 0.129 0.032 0.006 0.696 
434 0.152 0.251 0.463 0.455 0.485 0.587 0.580 0.540 0.474 0.421 0.264 0.142 0.127 0.042 0.139 0.099 0.261 0.157 0.123 0.035 0.006 0.699 
435 0.147 0.252 0.465 0.466 0.487 0.585 0.597 0.537 0.480 0.423 0.267 0.142 0.130 0.047 0.143 0.100 0.278 0.155 0.137 0.032 0.006 0.703 
436 0.145 0.246 0.465 0.464 0.475 0.588 0.594 0.536 0.512 0.413 0.268 0.148 0.131 0.048 0.133 0.105 0.285 0.152 0.135 0.032 0.006 0.705 
437 0.147 0.233 0.465 0.461 0.479 0.590 0.586 0.534 0.507 0.420 0.263 0.151 0.130 0.056 0.129 0.109 0.285 0.161 0.130 0.034 0.006 0.705 
438 0.155 0.224 0.462 0.468 0.469 0.584 0.580 0.537 0.499 0.433 0.260 0.149 0.126 0.059 0.133 0.107 0.302 0.154 0.128 0.034 0.006 0.700 
439 0.143 0.232 0.458 0.464 0.478 0.581 0.576 0.537 0.497 0.441 0.267 0.143 0.125 0.057 0.136 0.107 0.299 0.157 0.123 0.034 0.006 0.707 
440 0.142 0.237 0.465 0.467 0.485 0.578 0.566 0.543 0.491 0.454 0.256 0.149 0.125 0.057 0.135 0.102 0.302 0.153 0.126 0.029 0.005 0.700 
441 0.142 0.228 0.467 0.469 0.490 0.584 0.562 0.540 0.480 0.447 0.245 0.150 0.130 0.064 0.138 0.100 0.299 0.147 0.135 0.029 0.005 0.702 
442 0.143 0.240 0.469 0.463 0.487 0.586 0.562 0.542 0.470 0.454 0.246 0.154 0.129 0.068 0.139 0.096 0.312 0.150 0.133 0.029 0.006 0.707 
443 0.141 0.241 0.474 0.471 0.497 0.580 0.575 0.536 0.463 0.471 0.256 0.157 0.129 0.070 0.139 0.093 0.312 0.148 0.128 0.027 0.007 0.706 
444 0.139 0.236 0.467 0.459 0.504 0.570 0.591 0.535 0.458 0.473 0.265 0.154 0.136 0.070 0.137 0.090 0.312 0.147 0.132 0.027 0.008 0.708 
445 0.143 0.237 0.473 0.456 0.508 0.573 0.601 0.538 0.440 0.479 0.267 0.150 0.142 0.071 0.134 0.092 0.318 0.143 0.127 0.025 0.007 0.708 
446 0.148 0.237 0.478 0.460 0.502 0.580 0.585 0.551 0.452 0.478 0.257 0.153 0.145 0.071 0.131 0.089 0.317 0.139 0.129 0.026 0.007 0.700 
447 0.150 0.233 0.486 0.458 0.501 0.582 0.575 0.555 0.459 0.471 0.255 0.151 0.147 0.068 0.133 0.087 0.320 0.141 0.127 0.027 0.007 0.702 
448 0.154 0.233 0.487 0.465 0.502 0.578 0.582 0.546 0.463 0.465 0.246 0.149 0.147 0.067 0.135 0.087 0.312 0.125 0.137 0.027 0.006 0.695 
449 0.154 0.241 0.481 0.470 0.504 0.574 0.580 0.547 0.462 0.461 0.250 0.150 0.149 0.070 0.138 0.094 0.313 0.125 0.138 0.024 0.006 0.694 
450 0.156 0.241 0.479 0.468 0.500 0.582 0.584 0.541 0.455 0.449 0.249 0.150 0.151 0.071 0.140 0.101 0.315 0.127 0.138 0.026 0.006 0.695 
451 0.157 0.245 0.478 0.470 0.504 0.593 0.590 0.542 0.468 0.451 0.245 0.151 0.154 0.067 0.142 0.105 0.321 0.130 0.140 0.027 0.005 0.693 
452 0.161 0.240 0.476 0.473 0.509 0.592 0.591 0.535 0.477 0.451 0.250 0.154 0.156 0.070 0.136 0.105 0.309 0.150 0.137 0.028 0.005 0.692 
453 0.159 0.241 0.481 0.472 0.499 0.591 0.598 0.530 0.491 0.445 0.246 0.151 0.161 0.075 0.140 0.106 0.317 0.148 0.135 0.030 0.005 0.687 
454 0.159 0.245 0.469 0.462 0.495 0.603 0.602 0.531 0.492 0.456 0.242 0.149 0.157 0.078 0.143 0.109 0.324 0.149 0.143 0.032 0.005 0.692 
455 0.159 0.249 0.467 0.462 0.495 0.592 0.603 0.534 0.497 0.457 0.245 0.150 0.153 0.076 0.144 0.117 0.324 0.158 0.148 0.031 0.004 0.702 
456 0.159 0.257 0.466 0.458 0.495 0.585 0.613 0.534 0.483 0.451 0.256 0.150 0.151 0.073 0.138 0.111 0.329 0.157 0.156 0.028 0.004 0.696 
457 0.165 0.261 0.463 0.464 0.501 0.580 0.614 0.542 0.492 0.450 0.256 0.148 0.147 0.070 0.136 0.111 0.324 0.158 0.146 0.026 0.003 0.697 
458 0.158 0.258 0.467 0.457 0.498 0.576 0.607 0.544 0.478 0.449 0.261 0.150 0.140 0.067 0.138 0.116 0.321 0.159 0.150 0.024 0.004 0.705 
459 0.157 0.265 0.467 0.463 0.493 0.570 0.603 0.550 0.477 0.458 0.261 0.155 0.139 0.071 0.138 0.116 0.317 0.160 0.144 0.027 0.004 0.704 
460 0.157 0.264 0.469 0.466 0.486 0.555 0.598 0.551 0.471 0.459 0.264 0.151 0.140 0.075 0.144 0.114 0.313 0.165 0.145 0.030 0.004 0.706 
461 0.160 0.266 0.474 0.462 0.493 0.546 0.596 0.558 0.476 0.461 0.258 0.156 0.132 0.078 0.145 0.115 0.321 0.168 0.148 0.028 0.004 0.709 
462 0.163 0.268 0.472 0.470 0.501 0.543 0.596 0.551 0.484 0.459 0.270 0.159 0.130 0.094 0.143 0.118 0.318 0.162 0.160 0.029 0.004 0.707 
463 0.165 0.272 0.475 0.476 0.498 0.550 0.594 0.562 0.489 0.446 0.278 0.154 0.129 0.089 0.144 0.119 0.319 0.157 0.157 0.028 0.004 0.708 
464 0.169 0.276 0.480 0.472 0.510 0.555 0.591 0.561 0.477 0.442 0.278 0.156 0.130 0.085 0.149 0.126 0.313 0.154 0.153 0.025 0.004 0.709 
465 0.167 0.289 0.483 0.477 0.501 0.558 0.582 0.569 0.477 0.434 0.280 0.155 0.128 0.089 0.151 0.125 0.307 0.161 0.155 0.026 0.004 0.703 
466 0.168 0.297 0.484 0.466 0.508 0.551 0.590 0.564 0.473 0.431 0.286 0.162 0.123 0.094 0.153 0.124 0.295 0.171 0.161 0.026 0.004 0.710 
467 0.165 0.289 0.485 0.462 0.500 0.562 0.582 0.560 0.476 0.441 0.279 0.165 0.123 0.096 0.154 0.119 0.303 0.170 0.160 0.024 0.003 0.706 
468 0.170 0.289 0.485 0.456 0.494 0.568 0.580 0.558 0.478 0.444 0.273 0.166 0.124 0.097 0.158 0.121 0.295 0.171 0.160 0.022 0.005 0.703 
469 0.167 0.299 0.481 0.461 0.498 0.578 0.577 0.557 0.475 0.452 0.273 0.171 0.117 0.099 0.159 0.115 0.295 0.182 0.166 0.022 0.005 0.700 
470 0.171 0.293 0.480 0.456 0.494 0.576 0.578 0.555 0.485 0.454 0.266 0.169 0.110 0.106 0.155 0.117 0.297 0.181 0.165 0.020 0.005 0.701 
471 0.172 0.289 0.482 0.456 0.495 0.569 0.577 0.555 0.490 0.464 0.260 0.166 0.112 0.107 0.157 0.118 0.299 0.180 0.169 0.023 0.005 0.700 
472 0.175 0.304 0.475 0.453 0.496 0.572 0.581 0.549 0.499 0.463 0.252 0.168 0.108 0.105 0.158 0.115 0.302 0.178 0.165 0.028 0.005 0.696 
473 0.180 0.304 0.473 0.452 0.497 0.575 0.574 0.546 0.494 0.476 0.259 0.171 0.109 0.106 0.154 0.115 0.303 0.173 0.155 0.028 0.005 0.700 
474 0.177 0.306 0.473 0.466 0.495 0.569 0.585 0.546 0.492 0.478 0.266 0.168 0.115 0.103 0.146 0.118 0.295 0.186 0.160 0.028 0.006 0.710 
475 0.175 0.311 0.470 0.466 0.509 0.568 0.590 0.559 0.475 0.471 0.257 0.165 0.121 0.100 0.144 0.120 0.295 0.180 0.153 0.033 0.005 0.710 
476 0.170 0.301 0.468 0.460 0.506 0.564 0.592 0.561 0.489 0.472 0.262 0.161 0.121 0.098 0.142 0.114 0.285 0.175 0.169 0.031 0.005 0.710 
477 0.179 0.288 0.463 0.460 0.503 0.570 0.591 0.561 0.482 0.469 0.260 0.171 0.121 0.102 0.152 0.110 0.284 0.188 0.170 0.035 0.005 0.709 
478 0.187 0.282 0.473 0.450 0.507 0.572 0.588 0.562 0.476 0.459 0.256 0.167 0.122 0.098 0.153 0.102 0.281 0.190 0.182 0.040 0.005 0.707 
479 0.187 0.281 0.479 0.451 0.507 0.578 0.588 0.560 0.482 0.456 0.250 0.170 0.120 0.099 0.154 0.105 0.277 0.188 0.188 0.039 0.006 0.705 
480 0.198 0.280 0.477 0.456 0.499 0.571 0.599 0.561 0.501 0.437 0.268 0.166 0.125 0.099 0.155 0.097 0.282 0.188 0.192 0.033 0.007 0.702 
481 0.195 0.285 0.477 0.453 0.496 0.575 0.603 0.559 0.499 0.438 0.274 0.170 0.122 0.101 0.158 0.097 0.277 0.181 0.187 0.030 0.007 0.699 
482 0.188 0.290 0.466 0.457 0.497 0.571 0.608 0.557 0.503 0.436 0.282 0.165 0.123 0.106 0.160 0.104 0.279 0.182 0.189 0.032 0.007 0.702 
483 0.187 0.292 0.469 0.454 0.499 0.563 0.614 0.560 0.501 0.439 0.289 0.167 0.116 0.105 0.164 0.110 0.280 0.175 0.184 0.032 0.007 0.698 
484 0.188 0.287 0.465 0.456 0.502 0.563 0.603 0.564 0.503 0.439 0.292 0.169 0.117 0.114 0.163 0.109 0.284 0.171 0.182 0.037 0.006 0.702 
485 0.193 0.296 0.462 0.454 0.500 0.570 0.598 0.551 0.510 0.439 0.292 0.166 0.117 0.113 0.159 0.106 0.281 0.171 0.177 0.037 0.006 0.705 
486 0.196 0.291 0.465 0.450 0.496 0.569 0.605 0.545 0.508 0.441 0.288 0.168 0.111 0.117 0.154 0.113 0.276 0.165 0.189 0.035 0.007 0.700 
487 0.191 0.291 0.461 0.457 0.495 0.574 0.608 0.553 0.511 0.439 0.290 0.165 0.110 0.115 0.154 0.111 0.273 0.172 0.189 0.033 0.007 0.700 
488 0.191 0.290 0.463 0.454 0.500 0.578 0.604 0.557 0.505 0.443 0.282 0.166 0.112 0.114 0.148 0.119 0.274 0.174 0.177 0.036 0.007 0.702 
489 0.198 0.285 0.464 0.455 0.507 0.588 0.601 0.556 0.502 0.441 0.281 0.162 0.112 0.113 0.153 0.124 0.272 0.175 0.169 0.036 0.007 0.703 
490 0.199 0.289 0.468 0.461 0.504 0.599 0.596 0.549 0.498 0.453 0.279 0.161 0.118 0.114 0.149 0.122 0.265 0.172 0.169 0.037 0.007 0.700 
491 0.199 0.293 0.463 0.473 0.508 0.608 0.592 0.552 0.493 0.450 0.271 0.165 0.120 0.113 0.152 0.120 0.258 0.176 0.166 0.037 0.007 0.692 
492 0.199 0.299 0.461 0.480 0.503 0.596 0.598 0.552 0.504 0.455 0.263 0.162 0.123 0.105 0.152 0.124 0.259 0.174 0.165 0.033 0.007 0.694 
493 0.197 0.299 0.464 0.470 0.505 0.583 0.605 0.561 0.509 0.470 0.263 0.160 0.122 0.104 0.148 0.119 0.258 0.172 0.171 0.032 0.008 0.688 
494 0.195 0.304 0.461 0.478 0.513 0.581 0.608 0.570 0.510 0.477 0.266 0.158 0.124 0.111 0.149 0.112 0.263 0.172 0.177 0.039 0.006 0.689 
495 0.192 0.308 0.457 0.482 0.508 0.576 0.618 0.574 0.518 0.468 0.269 0.160 0.120 0.114 0.151 0.114 0.265 0.166 0.170 0.040 0.006 0.689 
496 0.195 0.298 0.457 0.482 0.505 0.570 0.615 0.563 0.526 0.475 0.279 0.168 0.127 0.105 0.152 0.111 0.255 0.175 0.163 0.042 0.006 0.695 
497 0.191 0.306 0.458 0.490 0.508 0.571 0.613 0.564 0.552 0.466 0.288 0.168 0.126 0.107 0.151 0.109 0.260 0.182 0.154 0.044 0.006 0.694 
498 0.191 0.304 0.451 0.483 0.508 0.581 0.615 0.558 0.554 0.461 0.293 0.166 0.127 0.109 0.153 0.102 0.274 0.171 0.155 0.045 0.006 0.690 
499 0.190 0.304 0.451 0.481 0.516 0.585 0.617 0.547 0.559 0.465 0.291 0.162 0.131 0.110 0.156 0.105 0.283 0.166 0.166 0.041 0.006 0.690 