0 255 478 61 76 181 3 31 364 157 263 404 323 616 545 25 188 217 541 103 174 2232 504 
1 259 472 60 73 186 3 32 369 150 237 416 307 617 530 31 186 218 538 114 173 2253 487 
2 262 463 87 73 185 3 31 364 141 231 449 314 624 512 32 186 228 531 120 179 2243 457 
3 257 457 87 74 187 3 31 372 129 231 453 302 626 508 41 178 228 535 121 175 2272 453 
4 265 439 94 71 192 3 30 378 116 265 450 288 634 497 42 178 227 506 131 170 2310 467 
5 268 447 95 72 190 3 30 390 119 262 449 292 644 484 51 179 228 494 145 190 2310 469 
6 273 438 90 72 194 3 32 402 126 257 460 300 635 482 53 160 232 486 167 196 2309 474 
7 251 454 91 71 194 3 32 389 123 252 463 304 665 446 56 165 227 480 166 195 2341 482 
8 272 435 97 69 188 3 43 397 127 253 446 310 671 441 79 170 221 483 163 201 2359 486 
9 264 426 113 69 194 3 47 384 133 246 451 309 683 438 77 171 228 464 159 212 2380 488 
10 270 428 115 68 197 2 43 399 137 236 477 299 681 453 78 168 228 456 164 272 2287 496 
11 261 433 116 70 193 11 45 404 135 235 486 310 682 461 88 159 230 444 172 347 2157 492 
12 256 444 118 68 198 12 44 411 133 216 496 309 675 466 90 163 240 435 163 380 2098 494 
13 250 440 123 71 200 13 42 405 131 216 505 295 670 471 94 160 275 416 155 411 2080 497 
14 246 447 123 76 203 14 44 402 127 216 494 299 669 464 90 159 278 412 154 458 2064 495 
15 253 456 122 76 203 13 42 401 127 211 492 302 674 481 97 155 277 413 154 488 2044 504 
16 259 462 132 76 203 14 42 395 129 208 488 299 686 478 97 166 278 408 154 501 1998 517 
17 261 468 134 81 208 14 39 394 118 218 472 302 690 494 99 169 282 387 171 517 1997 522 
18 260 476 122 95 210 13 39 394 110 230 488 295 689 480 103 181 264 394 177 515 2026 508 
19 264 471 153 95 203 13 36 395 114 225 495 290 707 441 115 188 261 390 178 541 2019 490 
20 266 461 154 92 210 13 38 377 131 228 493 295 702 446 118 190 262 396 172 540 2024 494 
21 262 442 171 93 215 14 38 378 131 224 512 288 714 440 118 204 265 400 176 524 2030 503 
22 282 418 178 94 210 14 35 381 115 247 513 279 712 438 117 207 270 409 181 588 1983 508 
23 284 414 181 95 215 14 36 388 113 267 468 286 728 439 137 213 270 405 184 588 2004 524 
24 288 424 180 96 220 13 36 389 111 254 463 294 726 439 137 210 272 399 185 589 2018 537 
25 290 427 235 98 221 13 33 388 110 245 463 302 736 434 162 191 277 398 193 608 2041 494 
26 280 427 251 99 220 12 44 382 136 212 453 289 739 432 174 189 274 390 192 630 2050 478 
27 285 429 277 106 220 11 41 371 148 217 474 288 752 430 173 188 275 394 186 634 2071 423 
28 283 424 284 111 219 11 42 372 145 222 489 303 752 433 169 195 279 412 188 651 2084 426 
29 266 443 296 113 221 9 46 380 132 240 496 315 734 433 186 195 284 415 189 649 2103 429 
30 273 448 306 114 222 8 47 393 124 238 504 326 729 441 193 195 286 415 191 664 2125 429 
31 274 459 298 117 224 7 47 400 125 234 549 325 730 444 185 194 295 409 190 663 2147 404 
32 258 490 298 116 231 7 47 403 126 234 551 329 749 442 189 197 299 406 190 660 2153 399 
33 257 485 319 115 234 7 49 410 122 238 553 333 744 450 202 199 305 414 192 717 2114 397 
34 255 481 322 117 230 6 50 418 125 234 560 343 741 453 212 202 296 432 186 747 2134 405 
35 271 465 326 116 228 6 62 411 129 230 545 344 749 457 227 207 295 430 188 769 2121 407 
36 286 443 342 118 232 5 62 413 126 226 563 345 743 455 230 210 286 448 191 770 2150 415 
37 282 434 340 115 240 5 63 414 132 232 556 344 755 464 232 213 288 443 199 786 2155 422 
38 285 420 343 115 234 5 63 428 124 238 551 342 769 467 226 218 281 444 200 796 2169 431 
39 285 430 344 116 237 5 64 430 124 239 554 343 769 466 244 223 276 450 197 806 2166 436 
40 278 440 348 117 241 5 60 433 126 243 559 351 765 461 255 225 276 437 214 821 2166 443 
41 276 429 352 116 241 5 59 450 128 249 528 345 767 468 287 219 248 425 235 868 2143 447 
42 277 430 371 115 238 5 58 439 132 246 536 343 758 476 289 226 258 410 241 854 2145 442 
43 277 430 375 114 236 5 67 417 136 247 540 344 755 484 296 224 276 401 243 853 2151 459 
44 263 434 379 114 238 5 65 417 128 244 560 325 743 481 328 235 279 404 245 832 2186 465 
45 265 445 393 118 233 5 64 408 125 250 565 325 783 453 323 229 287 401 247 810 2202 471 
46 267 446 401 119 237 5 63 410 120 257 550 347 794 456 333 232 286 407 251 789 2240 482 
47 273 447 410 116 233 5 63 413 122 260 551 355 796 473 341 232 286 415 251 758 2299 497 
48 277 444 430 121 235 5 62 426 134 247 532 363 804 473 368 230 266 429 254 817 2265 495 
49 274 449 419 128 239 20 62 426 136 237 529 362 819 468 368 235 268 430 260 823 2291 515 
50 285 457 433 129 241 21 63 439 135 234 551 368 812 466 374 243 287 432 239 861 2323 492 
51 305 429 490 127 234 28 65 442 130 238 578 379 805 460 380 242 291 435 232 869 2352 436 
52 314 425 501 124 229 29 61 441 125 236 584 380 806 459 377 248 292 444 221 861 2361 424 
53 320 430 486 128 234 47 61 454 119 249 579 376 811 468 395 247 290 439 223 844 2376 414 
54 321 431 485 125 235 47 62 448 141 243 590 382 827 469 396 252 298 428 219 852 2389 418 
55 315 455 501 127 242 47 62 469 143 246 605 388 838 476 408 262 305 438 222 786 2396 420 
56 314 450 525 126 244 51 63 467 151 249 610 390 856 471 413 269 300 451 222 815 2306 425 
57 317 449 547 127 247 53 65 460 150 255 628 395 866 473 411 273 302 434 235 884 2248 431 
58 317 450 557 119 264 53 66 459 151 263 628 389 860 492 418 282 335 401 235 867 2184 437 
59 318 461 562 119 271 55 64 463 162 250 641 416 870 498 401 286 344 407 231 888 2119 442 
60 324 463 565 122 277 60 69 454 158 248 659 421 872 491 387 293 360 411 232 882 2151 449 
61 324 466 576 121 266 80 67 480 159 254 667 426 877 484 384 285 343 421 232 859 2204 457 
62 321 487 585 123 263 78 65 487 157 255 681 439 851 478 403 284 355 414 238 838 2231 471 
63 340 451 614 125 256 77 65 492 160 256 720 446 865 453 373 293 360 421 237 837 2228 473 
64 341 446 640 124 258 74 67 491 152 260 727 445 874 440 371 296 368 420 238 785 2294 476 
65 340 438 659 128 259 74 69 492 153 259 740 445 888 433 375 299 369 416 245 786 2321 481 
66 341 421 671 132 257 72 71 483 145 274 749 413 878 443 393 315 373 418 224 807 2365 496 
67 340 422 678 135 252 68 71 482 145 274 723 439 873 437 397 316 382 410 225 767 2390 515 
68 338 427 691 135 259 67 71 491 141 279 680 456 863 453 417 320 383 415 224 827 2320 535 
69 341 465 683 132 267 64 73 515 135 287 674 447 869 446 413 300 393 425 242 845 2272 532 
70 340 471 681 133 273 65 71 509 133 292 678 457 844 458 435 303 402 431 246 910 2197 512 
71 339 468 690 137 274 62 71 517 137 272 659 449 829 456 471 302 410 436 253 881 2189 506 
72 339 470 703 143 275 63 88 486 126 275 654 431 793 455 533 299 437 437 254 914 2131 501 
73 343 468 721 141 290 66 85 486 116 275 655 433 842 414 519 311 416 440 248 897 2149 508 
74 344 471 733 148 291 97 82 494 120 272 624 435 882 394 544 324 385 467 238 851 2186 485 
75 348 474 739 153 295 97 83 521 119 269 625 444 915 401 505 328 380 449 230 891 2190 492 
76 352 478 760 152 308 100 87 492 140 266 634 450 928 405 537 378 386 432 225 836 2193 502 
77 373 469 818 149 315 105 88 471 167 273 672 418 938 410 545 381 393 421 228 818 2220 457 
78 370 481 830 154 320 112 90 469 157 274 675 419 950 409 553 393 407 411 231 825 2186 462 
79 381 476 848 147 324 144 91 461 159 284 684 430 939 413 583 394 423 366 252 835 2178 426 
80 388 491 854 145 325 144 92 459 163 291 683 434 943 411 597 409 411 371 236 848 2164 425 
81 395 490 874 151 336 148 90 454 158 280 737 436 945 415 625 413 420 373 229 820 2209 387 
82 391 496 882 155 340 153 91 446 148 286 736 441 936 409 634 413 446 371 222 823 2215 384 
83 398 488 925 162 333 146 92 441 142 292 749 437 949 415 639 435 448 380 221 799 2219 391 
84 412 469 940 170 335 137 88 444 139 282 762 440 959 407 643 446 443 385 228 773 2254 395 
85 421 486 953 152 361 137 91 451 137 282 773 459 910 422 663 448 427 382 232 811 2249 401 
86 431 495 893 232 365 138 91 460 136 286 788 471 869 434 679 457 427 380 236 859 2214 406 
87 409 523 898 237 381 136 92 469 135 277 779 485 857 443 688 462 420 384 234 870 2238 418 
88 414 540 903 249 385 131 88 475 123 285 787 504 833 458 694 448 416 389 247 862 2261 411 
89 416 548 875 265 382 148 91 473 119 276 773 519 869 447 688 451 415 391 250 832 2299 421 
90 423 551 842 267 388 179 86 475 123 278 734 520 873 448 732 438 393 407 275 784 2344 424 
91 430 570 842 281 383 177 71 485 126 294 721 546 857 451 749 448 391 410 269 766 2379 434 
92 431 587 861 283 383 191 73 490 121 296 722 562 861 459 746 433 388 412 279 824 2296 442 
93 431 604 880 304 377 188 69 490 116 300 707 567 863 461 756 428 388 416 279 899 2204 458 
94 428 616 867 306 385 228 66 496 119 311 718 580 848 458 762 435 380 424 266 926 2119 461 
95 444 633 886 305 384 235 65 494 124 316 734 569 850 459 764 441 387 431 268 911 2108 471 
96 440 629 896 309 383 245 63 503 121 313 740 575 859 440 776 446 381 431 273 895 2111 474 
97 422 660 922 309 382 271 66 507 122 301 763 571 887 427 790 451 371 440 268 880 2149 459 
98 420 679 940 309 386 276 65 515 125 292 781 577 904 422 795 442 424 393 254 838 2204 466 
99 422 680 955 300 388 276 63 527 124 294 785 584 912 418 806 452 431 395 250 828 2209 476 
100 416 706 964 305 396 286 63 524 127 297 748 586 925 424 873 461 441 398 241 827 2243 478 
101 414 708 978 303 387 296 65 503 153 277 760 602 920 451 885 488 434 393 244 814 2253 491 
102 423 721 992 305 385 301 66 492 152 280 762 605 931 463 907 509 428 393 228 801 2284 501 
103 416 726 1018 300 389 307 65 480 151 279 804 596 913 469 920 511 424 397 227 795 2300 513 
104 423 728 1016 306 397 320 73 458 147 278 798 618 882 477 934 507 427 391 224 792 2325 515 
105 420 721 1022 304 395 340 75 470 150 280 882 633 856 468 849 510 407 396 234 801 2338 511 
106 428 713 1051 312 400 388 79 471 137 293 823 636 851 470 927 519 416 378 233 794 2382 474 
107 426 715 1072 316 408 403 82 474 126 306 814 641 813 486 957 527 413 377 234 815 2323 484 
108 444 714 1092 323 401 413 85 460 143 294 784 667 835 495 985 513 395 374 260 804 2305 492 
109 452 732 1115 326 389 451 81 436 151 283 784 661 876 479 1006 509 389 386 251 770 2274 470 
110 448 741 1135 339 389 468 83 440 154 283 751 666 893 454 1026 521 385 392 241 799 2223 469 
111 454 760 1174 341 383 475 78 443 154 283 722 667 891 444 1040 527 380 397 253 843 2166 455 
112 461 760 1200 345 386 480 81 493 119 290 704 683 912 426 1038 520 370 396 248 849 2131 448 
113 459 766 1206 354 400 490 86 492 120 285 694 675 923 429 1093 543 373 409 241 850 2158 456 
114 463 777 1231 354 399 494 89 495 124 291 661 667 943 443 1119 544 376 414 240 853 2191 458 
115 465 777 1239 359 400 489 91 506 121 289 661 676 927 449 1117 563 373 420 218 860 2174 472 
116 465 783 1243 363 397 517 89 512 118 288 680 682 920 446 1129 568 374 425 222 874 2177 485 
117 458 790 1269 379 401 531 90 512 118 238 716 707 895 465 1141 564 376 429 238 865 2191 495 
118 489 738 1273 381 408 565 91 514 115 240 703 713 867 460 1169 557 383 431 234 847 2216 497 
119 491 685 1384 392 404 547 93 519 119 244 662 763 851 462 1193 566 388 423 222 844 2226 481 
120 487 698 1475 346 407 550 96 535 116 239 686 785 837 472 1190 576 380 420 230 827 2248 487 
121 487 699 1415 408 405 546 93 534 119 235 688 821 827 482 1180 594 387 418 227 806 2278 496 
122 487 725 1341 419 416 572 94 532 135 221 721 827 835 485 1187 581 398 420 225 790 2317 498 
123 482 732 1335 427 412 617 92 537 133 224 728 854 855 484 1210 577 398 425 217 780 2336 489 
124 492 738 1309 475 427 607 105 504 111 249 715 876 879 492 1231 555 419 403 231 789 2346 500 
125 504 748 1325 486 432 619 108 495 141 226 721 877 895 495 1239 576 411 404 225 803 2384 514 
126 501 762 1306 530 442 629 105 482 138 220 762 888 914 467 1231 570 446 387 225 898 2241 516 
127 505 761 1288 546 440 670 104 468 132 228 761 894 934 475 1236 588 447 385 228 896 2197 509 
128 514 723 1284 583 426 702 102 482 131 326 634 924 916 472 1271 585 436 392 234 896 2128 503 
129 521 729 1260 583 462 720 97 499 127 321 650 950 910 469 1301 594 422 394 240 870 2143 453 
130 528 730 1294 596 458 722 98 493 136 322 650 968 903 464 1314 593 418 394 246 850 2150 461 
131 535 745 1328 615 458 743 111 490 130 325 684 968 924 426 1325 604 412 388 251 853 2157 443 
132 541 747 1386 590 456 725 109 509 127 321 689 981 891 430 1358 587 399 399 248 850 2174 451 
133 545 755 1405 606 458 720 112 504 126 316 692 1015 837 430 1400 599 384 396 242 856 2205 459 
134 578 747 1455 611 471 696 116 515 121 304 762 1015 849 438 1308 620 366 397 232 855 2215 466 
135 575 815 1396 656 474 677 119 512 119 294 834 1107 858 435 1157 615 375 406 237 838 2229 477 
136 572 806 1353 703 474 702 130 491 125 295 834 1172 869 433 1079 616 410 377 239 829 2245 486 
137 556 823 1336 680 535 697 131 491 124 300 825 1191 878 442 1077 629 415 386 237 806 2265 490 
138 558 844 1331 694 545 689 137 488 124 301 833 1217 884 441 1130 604 418 401 231 772 2328 505 
139 569 838 1327 723 555 680 144 486 129 308 842 1244 882 450 1154 631 425 406 232 792 2341 522 
140 567 861 1316 734 589 667 150 487 128 302 820 1292 895 450 1131 631 441 415 223 795 2367 518 
141 552 875 1312 737 603 678 156 484 130 301 827 1266 844 453 1205 641 429 413 219 809 2379 493 
142 549 890 1306 749 619 681 163 485 130 272 856 1213 884 459 1230 639 421 414 213 856 2287 492 
143 557 811 1314 771 664 689 165 493 132 268 858 1199 895 466 1247 629 435 393 218 929 2168 479 
144 566 823 1299 781 685 706 160 508 130 270 872 1211 901 472 1204 635 418 402 219 946 2127 458 
145 571 815 1314 776 691 660 163 519 117 273 842 1201 916 479 1207 664 422 407 225 898 2144 467 
146 580 796 1328 761 730 669 146 555 122 268 878 1156 993 460 1137 676 406 413 204 886 2165 470 
147 589 784 1364 789 775 589 147 546 123 281 893 1070 1040 458 1130 642 394 416 209 913 2160 487 
148 575 802 1354 795 803 551 149 547 126 288 883 1031 1108 450 1104 615 396 416 211 882 2174 502 
149 565 800 1292 835 853 561 142 516 151 289 908 1002 1080 446 1116 591 379 429 219 906 2170 525 
150 570 805 1297 855 886 580 144 517 151 296 924 985 1074 447 1113 570 414 430 217 903 2167 527 
151 572 812 1288 915 858 608 151 512 157 311 923 988 1047 488 1084 579 410 438 221 895 2178 518 
152 582 855 1214 942 877 616 147 519 147 317 914 1000 1044 491 1079 591 427 442 223 858 2208 516 
153 571 867 1183 979 919 625 135 509 144 326 883 1006 987 506 1132 592 437 445 231 867 2210 483 
154 577 883 1191 945 965 646 136 509 133 318 877 1000 984 498 1152 615 413 452 227 873 2199 477 
155 587 893 1233 885 1005 676 139 501 131 345 837 1019 975 502 1152 608 400 448 244 857 2236 435 
156 576 872 1271 839 1051 677 137 493 129 339 818 1059 978 488 1162 626 402 433 245 863 2226 439 
157 584 860 1286 823 995 727 154 481 125 337 797 1089 1028 443 1157 634 403 427 253 807 2292 446 
158 585 853 1324 845 1018 696 154 477 123 336 784 1106 1047 439 1180 650 400 423 237 783 2329 458 
159 572 866 1352 861 1016 739 158 466 119 331 748 1112 1051 429 1259 665 409 403 226 779 2373 469 
160 582 866 1358 871 1026 725 163 477 123 318 727 1118 1052 425 1239 669 392 415 230 791 2367 474 
161 588 864 1409 883 1017 702 171 473 119 319 762 1178 1076 422 1160 660 394 433 230 788 2378 479 
162 597 896 1369 891 1031 685 170 480 116 320 757 1206 1065 428 1178 651 394 450 236 890 2262 482 
163 604 884 1338 921 1048 689 165 484 117 325 729 1193 1064 428 1169 688 373 440 243 935 2196 492 
164 601 876 1372 930 1059 704 156 487 119 339 725 1185 1036 442 1190 647 383 413 244 991 2091 468 
165 641 850 1389 968 1077 665 155 479 119 340 734 1175 994 448 1201 632 411 395 246 991 2120 483 
166 683 797 1356 1000 1100 656 151 481 115 351 697 1136 994 459 1234 617 411 405 275 947 2174 502 
167 688 810 1359 951 1145 640 148 486 115 345 724 1100 1040 458 1170 608 413 410 246 928 2190 496 
168 700 814 1347 922 1216 642 152 488 112 355 728 1099 1045 464 1174 618 410 403 240 897 2224 495 
169 707 812 1340 908 1263 639 151 492 112 341 735 1048 1121 467 1178 640 417 405 246 846 2236 496 
170 716 871 1308 919 1304 637 152 495 113 354 732 1064 1115 481 1181 631 431 400 253 835 2268 476 
171 710 886 1387 812 1298 645 161 485 109 354 731 1094 1088 496 1170 628 461 405 250 847 2271 458 
172 700 889 1464 783 1252 637 160 480 104 364 748 1115 1068 504 1163 595 463 410 260 848 2268 434 
173 696 909 1471 813 1252 613 162 471 115 376 745 1107 1062 508 1157 586 451 409 269 885 2257 440 
174 700 935 1495 824 1245 595 161 480 114 371 697 1232 1069 463 1095 594 435 416 265 903 2233 443 
175 718 932 1529 809 1194 630 164 488 127 357 696 1181 1033 455 1188 599 432 428 260 879 2279 448 
176 717 936 1485 826 1204 665 160 487 130 355 705 1161 1023 443 1193 603 429 421 268 889 2288 452 
177 716 971 1486 838 1197 680 164 490 133 317 689 1185 1007 445 1195 632 420 437 254 871 2318 455 
178 720 973 1467 866 1189 695 163 499 135 310 712 1111 1008 451 1155 635 432 436 243 872 2326 477 
179 731 973 1485 863 1178 719 154 501 127 317 717 1120 1009 454 1145 660 388 465 251 851 2341 489 
180 735 990 1475 863 1193 717 151 502 131 324 734 1158 948 499 1088 672 393 445 246 844 2381 494 
181 746 1009 1477 891 1233 701 136 527 134 332 709 1211 964 500 1070 673 406 425 237 859 2308 501 
182 777 1017 1416 924 1280 696 137 527 131 330 684 1226 981 490 1085 671 425 394 238 889 2220 510 
183 784 1035 1416 931 1301 682 136 524 128 334 673 1205 997 465 1125 668 431 413 240 921 2164 517 
184 768 1059 1462 920 1331 659 133 536 132 344 692 1181 996 448 1157 639 441 413 246 972 2107 514 
185 769 1062 1500 923 1300 658 137 522 131 359 679 1184 996 434 1178 632 458 422 237 944 2165 518 
186 785 1008 1471 1015 1302 629 138 517 132 367 673 1148 1025 436 1205 633 433 427 225 943 2169 513 
187 820 965 1512 956 1336 620 143 498 140 363 682 1107 1077 419 1227 625 429 429 232 939 2200 519 
188 840 974 1461 906 1370 621 144 493 138 364 662 1099 1088 409 1244 614 428 431 237 932 2213 533 
189 849 970 1445 914 1391 593 146 491 137 369 655 1132 1086 425 1244 592 414 442 256 937 2233 492 
190 850 962 1354 948 1411 575 149 479 136 389 625 1141 1096 433 1253 606 408 434 235 929 2259 484 
191 838 989 1449 944 1337 585 146 464 132 389 666 1163 1110 444 1215 607 411 446 230 897 2291 446 
192 845 1005 1525 881 1335 573 138 472 127 389 679 1159 1149 451 1193 616 421 457 226 855 2330 462 
193 852 1009 1515 936 1264 613 141 473 124 385 710 1191 1161 466 1118 626 412 432 248 840 2355 477 
194 831 1050 1488 926 1220 679 142 487 118 368 747 1215 1127 490 1116 625 408 412 250 835 2366 490 
195 833 1070 1524 896 1296 623 146 499 116 351 757 1225 1096 511 1093 641 411 407 250 809 2371 495 
196 850 1086 1494 867 1357 622 145 525 121 359 759 1225 1076 518 1136 644 388 429 249 767 2388 492 
197 857 1091 1526 834 1391 595 145 518 157 326 762 1284 1018 519 1154 637 393 440 249 805 2317 496 
198 836 1138 1462 839 1493 593 143 513 163 324 806 1302 1002 532 1158 654 396 438 251 833 2290 490 
199 861 1126 1448 834 1566 576 144 510 170 325 834 1306 1005 526 1179 654 408 447 249 892 2188 505 
200 872 1128 1464 908 1498 582 155 501 165 305 855 1302 1025 529 1200 660 415 445 247 938 2102 502 
201 878 1101 1415 940 1508 578 157 490 200 282 831 1304 1011 539 1225 687 424 437 242 924 2122 482 
202 908 1033 1411 973 1483 630 146 479 197 311 836 1257 1030 532 1255 662 447 430 256 926 2144 442 
203 883 1076 1376 964 1496 606 145 492 173 320 821 1217 1046 527 1240 690 402 453 260 908 2175 452 
204 947 1020 1350 994 1469 612 132 481 194 354 763 1188 1103 505 1250 674 401 449 266 888 2211 453 
205 1014 961 1314 950 1509 597 131 484 192 363 764 1116 1160 481 1268 658 382 432 287 898 2226 480 
206 1050 924 1330 964 1469 594 128 469 188 356 811 1117 1112 479 1259 653 421 410 283 899 2247 483 
207 1016 957 1310 919 1495 588 131 489 184 360 817 1139 1088 478 1248 642 435 393 304 875 2281 500 
208 942 1034 1261 903 1556 581 130 487 193 366 825 1166 1068 478 1166 677 443 400 293 861 2328 502 
209 932 1065 1243 913 1541 588 135 496 197 357 831 1191 1010 480 1192 671 433 383 289 859 2321 511 
210 918 1092 1305 863 1563 567 131 474 211 362 830 1190 978 483 1220 655 430 387 279 825 2350 503 
211 900 1091 1382 864 1526 577 132 480 212 363 847 1194 980 497 1209 670 416 389 271 842 2364 483 
212 911 1097 1433 842 1502 591 130 484 200 392 869 1207 1022 502 1176 682 398 396 267 820 2379 456 
213 942 1074 1425 834 1505 572 131 480 198 389 871 1239 1041 500 1159 678 397 398 260 838 2288 458 
214 965 1093 1385 819 1474 605 129 485 197 393 891 1271 1029 508 1139 674 382 403 260 868 2212 470 
215 930 1135 1367 870 1452 598 150 465 196 402 883 1333 1019 522 1119 648 374 413 257 926 2136 481 
216 930 1168 1378 893 1402 594 153 478 192 412 892 1322 1023 523 1083 649 382 417 261 887 2149 483 
217 989 1111 1348 914 1395 598 152 482 192 419 886 1281 1047 528 1092 650 385 421 239 903 2166 507 
218 1022 1030 1400 909 1395 600 155 480 192 409 894 1259 1069 523 1098 680 399 416 237 889 2210 500 
219 1036 1034 1384 903 1400 599 156 478 189 410 982 1297 1033 522 1117 698 386 410 246 917 2200 423 
220 1048 1029 1346 893 1381 625 154 469 203 410 1024 1262 1033 521 1115 726 381 415 240 885 2210 426 
221 1080 981 1393 824 1404 635 150 472 205 425 1020 1213 1053 520 1157 699 384 412 236 881 2238 428 
222 1104 932 1448 854 1373 664 132 472 198 447 970 1243 1085 502 1181 666 411 425 217 856 2276 430 
223 1124 923 1455 874 1365 659 128 467 199 443 938 1302 1094 498 1189 653 414 426 223 821 2309 422 
224 1139 907 1502 889 1323 652 133 469 211 430 920 1332 1078 482 1210 657 440 407 230 794 2326 432 
225 1105 913 1485 940 1285 671 122 479 212 425 887 1337 1025 485 1293 668 436 422 230 770 2346 439 
226 1077 904 1538 930 1294 658 106 496 237 407 865 1367 1063 491 1232 644 450 407 231 791 2361 428 
227 1058 931 1563 904 1286 653 105 496 244 382 876 1393 1031 503 1238 620 467 403 238 774 2388 422 
228 1026 994 1557 916 1260 669 107 494 245 372 858 1421 1007 500 1258 638 444 394 250 808 2339 441 
229 967 1082 1567 866 1258 664 107 527 242 346 935 1478 966 501 1173 652 427 411 245 850 2294 445 
230 952 1090 1558 856 1271 640 108 535 244 348 940 1432 1029 445 1138 655 416 419 239 927 2189 459 
231 897 1125 1592 872 1269 648 110 564 233 359 903 1444 1052 423 1164 673 395 429 241 934 2151 464 
232 902 1113 1597 802 1291 638 111 571 226 357 886 1460 1046 428 1148 684 378 447 240 930 2121 480 
233 902 1150 1539 847 1279 649 113 560 216 367 846 1505 1042 426 1140 683 377 447 243 927 2117 489 
234 903 1030 1650 858 1302 610 157 493 233 349 863 1492 1068 429 1137 697 393 456 249 898 2128 511 
235 918 1005 1646 864 1290 600 150 483 229 346 854 1437 1107 431 1104 674 401 447 254 906 2148 534 
236 953 959 1644 902 1303 599 151 494 220 350 864 1400 1147 430 1097 691 408 459 242 883 2164 519 
237 956 945 1633 929 1282 591 145 494 224 360 924 1322 1114 442 1116 682 414 459 241 883 2190 518 
238 984 941 1554 917 1359 567 145 506 225 364 884 1384 1082 456 1121 675 420 449 247 859 2242 507 
239 1002 938 1527 898 1418 550 142 476 223 373 878 1410 1070 466 1143 667 464 438 235 841 2278 506 
240 1052 910 1462 924 1498 506 146 486 228 364 891 1427 1033 474 1173 666 442 427 242 821 2305 518 
241 1084 869 1392 940 1569 501 147 492 230 362 868 1436 1025 478 1201 661 418 430 251 804 2318 524 
242 973 919 1397 962 1560 518 143 508 227 373 811 1401 1037 478 1337 640 399 446 228 789 2339 522 
243 934 954 1442 919 1589 473 140 520 228 383 789 1396 1046 490 1339 647 416 442 227 783 2367 515 
244 930 977 1433 912 1579 468 139 533 226 385 798 1409 1080 491 1306 675 396 446 229 746 2383 509 
245 922 948 1424 912 1594 446 134 550 218 397 786 1423 1087 483 1304 711 387 418 234 784 2327 495 
246 922 923 1419 925 1586 455 137 548 219 396 776 1474 1120 462 1274 725 387 416 221 828 2245 493 
247 957 898 1441 922 1554 492 147 541 219 399 791 1514 1131 464 1230 716 381 393 229 877 2195 441 
248 977 914 1444 923 1524 529 155 533 216 414 796 1459 1142 465 1242 722 389 389 245 927 2131 447 
249 998 898 1442 918 1502 545 158 511 181 437 775 1438 1152 468 1234 769 402 387 248 913 2158 460 
250 1035 884 1428 927 1466 540 160 481 178 448 767 1413 1147 459 1217 774 421 392 247 876 2165 450 
251 1014 933 1424 917 1460 553 165 468 170 458 768 1381 1161 462 1237 755 428 400 253 831 2240 467 
252 993 975 1467 919 1417 539 146 494 170 448 715 1349 1134 471 1285 752 412 403 242 818 2278 454 
253 1007 977 1466 945 1378 536 142 493 168 445 737 1327 1158 484 1239 736 417 415 262 777 2274 461 
254 972 1024 1418 986 1386 484 146 513 133 460 716 1321 1122 493 1281 741 438 414 243 821 2274 466 
255 920 1102 1464 982 1401 439 139 537 132 450 673 1369 1150 453 1286 723 432 419 225 858 2282 471 
256 908 1106 1465 1003 1363 458 141 534 137 446 664 1394 1033 470 1336 723 431 408 240 866 2281 489 
257 858 1143 1515 945 1370 458 143 521 143 440 650 1417 1043 447 1334 721 413 401 237 861 2333 502 
258 860 1081 1528 933 1431 463 143 512 146 428 589 1478 1004 454 1338 725 404 405 246 860 2346 512 
259 871 1065 1429 952 1444 518 146 491 170 390 584 1577 1018 452 1238 733 396 412 247 886 2355 521 
260 873 1052 1432 929 1451 577 159 470 194 368 591 1593 1009 439 1245 704 361 437 262 892 2368 511 
261 888 1081 1384 917 1521 564 155 469 206 369 606 1578 1040 456 1237 704 369 433 246 913 2364 482 
262 879 1117 1345 896 1531 565 154 468 212 370 614 1607 1002 454 1225 678 385 436 236 879 2393 486 
263 891 1126 1347 903 1535 570 146 482 216 386 636 1615 1016 451 1215 661 385 444 240 921 2297 477 
264 897 1122 1319 901 1510 577 151 484 210 383 659 1595 1024 449 1200 683 385 444 238 928 2206 485 
265 915 1125 1312 876 1507 574 146 494 212 388 694 1563 1045 437 1213 688 384 453 231 960 2125 478 
266 932 1172 1263 856 1516 577 130 513 210 396 728 1511 1093 457 1233 718 376 447 219 934 2142 454 
267 947 1139 1297 896 1458 559 130 524 212 401 845 1443 1143 450 1161 732 386 429 221 901 2167 444 
268 977 1137 1268 923 1437 551 131 535 212 399 865 1447 1106 459 1208 702 382 423 229 865 2208 459 
269 984 1156 1214 934 1449 568 131 550 232 401 872 1422 1116 470 1164 708 377 418 240 812 2248 454 
270 1009 1161 1207 960 1444 544 132 528 241 408 872 1410 1109 474 1148 678 387 406 248 830 2259 451 
271 1035 1137 1233 955 1421 548 146 518 244 411 902 1394 1056 512 1129 648 373 398 249 845 2294 460 
272 1035 1114 1248 949 1387 552 144 501 240 417 897 1372 1039 512 1161 659 371 404 240 844 2265 465 
273 1055 1090 1264 892 1442 543 150 490 233 428 892 1350 1031 514 1208 650 361 410 242 824 2307 462 
274 1068 1093 1264 876 1481 553 161 460 269 399 821 1362 1001 516 1272 647 372 413 239 828 2316 465 
275 1096 1068 1279 881 1501 529 146 476 292 373 831 1348 1010 506 1287 637 370 414 246 819 2344 466 
276 1066 1087 1275 874 1513 523 143 487 287 369 839 1333 975 513 1314 649 364 420 261 811 2363 472 
277 1099 1061 1257 853 1540 505 139 485 244 417 826 1311 955 520 1344 664 371 410 243 788 2390 470 
278 1026 1120 1248 860 1570 505 142 484 240 426 798 1279 970 549 1385 672 373 414 240 893 2270 462 
279 1030 1136 1243 854 1554 517 141 489 254 422 792 1261 1022 526 1358 683 370 422 235 890 2235 473 
280 1023 1123 1285 884 1469 525 140 492 244 442 724 1242 1104 525 1389 693 391 408 225 904 2177 478 
281 992 1119 1288 914 1437 532 142 506 247 453 716 1230 1107 536 1373 698 390 407 228 913 2126 481 
282 982 1100 1252 927 1415 560 136 510 256 454 719 1209 1092 550 1355 722 392 414 232 927 2126 495 
283 1041 1060 1253 938 1426 580 129 504 253 459 676 1264 1075 511 1389 741 390 424 224 888 2178 500 
284 1089 1029 1237 960 1364 632 127 510 231 494 671 1292 1035 510 1407 711 388 427 231 870 2204 520 
285 1095 1059 1255 925 1388 590 129 505 224 501 672 1311 1042 509 1350 718 403 420 230 867 2218 456 
286 1082 1102 1264 922 1434 557 128 520 221 497 681 1323 1071 477 1335 715 411 430 234 861 2262 460 
287 1102 1088 1224 874 1457 656 132 511 215 481 694 1344 1110 431 1312 700 418 429 236 858 2264 455 
288 1080 1113 1218 860 1480 640 134 514 226 446 715 1376 1112 437 1303 658 409 422 254 853 2305 457 
289 1068 1113 1211 825 1536 643 129 529 230 446 716 1393 1134 438 1324 612 418 436 238 842 2302 448 
290 1072 1100 1205 816 1521 677 133 516 290 376 756 1431 1168 441 1223 614 417 432 231 842 2334 463 
291 1045 1092 1172 811 1561 728 138 482 264 386 787 1450 1173 439 1191 609 436 436 223 848 2329 476 
292 1003 1095 1115 799 1652 715 136 504 266 382 805 1406 1185 445 1201 612 403 438 227 838 2380 485 
293 1055 1036 1130 810 1584 767 134 498 262 394 811 1384 1198 457 1227 621 380 445 201 906 2286 477 
294 1069 1014 1182 842 1529 731 128 485 268 379 767 1413 1192 461 1265 638 378 446 205 939 2232 486 
295 1065 1002 1134 873 1549 737 145 493 221 386 776 1398 1220 464 1252 647 376 452 210 979 2158 488 
296 1099 986 1127 888 1537 777 167 456 193 353 809 1383 1220 485 1273 648 381 439 235 972 2163 498 
297 1104 985 1210 845 1498 775 172 461 185 356 810 1381 1251 485 1271 644 377 435 237 968 2101 506 
298 1117 954 1280 807 1484 785 175 459 185 350 805 1370 1224 485 1317 650 372 429 241 955 2108 512 
299 1105 979 1245 788 1454 783 188 455 187 352 801 1373 1188 474 1317 649 377 418 244 933 2128 513 
300 1124 955 1302 741 1451 794 177 467 185 362 784 1317 1151 491 1414 651 381 404 253 962 2096 488 
301 1134 989 1265 753 1459 805 178 475 187 364 794 1242 1131 484 1505 638 393 404 264 955 2120 498 
302 1101 1018 1203 834 1394 832 177 480 191 364 776 1260 1117 478 1486 644 417 397 267 943 2133 506 
303 1098 1037 1201 849 1395 850 177 489 196 368 756 1237 1116 479 1476 675 421 399 260 945 2148 507 
304 1022 1106 1218 870 1456 827 176 490 206 352 727 1282 1118 472 1469 682 427 398 254 929 2149 508 
305 1033 1045 1256 899 1466 826 178 495 205 346 711 1304 1125 480 1432 709 414 401 253 931 2146 533 
306 1059 1028 1251 891 1491 811 178 509 206 349 704 1343 1132 490 1403 717 403 412 245 931 2133 527 
307 1034 990 1339 824 1544 807 172 506 221 352 684 1376 1144 500 1394 721 407 419 245 919 2166 491 
308 1039 959 1386 840 1571 798 159 507 223 366 669 1436 1212 500 1315 673 395 426 240 919 2195 499 
309 1052 971 1385 843 1608 751 157 512 225 374 695 1359 1272 483 1319 653 384 424 257 914 2263 497 
310 1076 935 1411 834 1517 855 146 527 262 385 702 1342 1350 481 1297 621 370 429 260 906 2286 442 
311 1135 885 1375 866 1541 802 138 515 274 384 700 1344 1332 492 1302 634 374 426 262 913 2255 452 
312 1119 873 1432 862 1541 804 140 504 279 420 687 1291 1302 490 1355 631 365 445 256 904 2263 463 
313 993 1027 1425 809 1543 824 136 502 281 437 661 1268 1260 499 1373 657 372 450 238 891 2290 471 
314 973 1066 1432 836 1495 843 140 471 300 417 666 1282 1244 486 1373 653 388 443 250 881 2256 447 
315 965 1040 1428 867 1484 829 139 461 314 418 732 1252 1258 489 1307 658 398 436 246 860 2272 446 
316 993 1003 1476 863 1516 724 142 470 316 354 793 1256 1271 464 1276 682 409 418 234 874 2259 447 
317 1017 983 1449 846 1566 715 145 471 306 361 776 1270 1246 464 1246 689 433 412 224 854 2280 455 
318 1033 991 1474 826 1550 684 147 478 305 377 776 1294 1258 441 1225 686 424 411 231 847 2314 465 
319 1048 1010 1469 827 1469 728 151 485 279 398 751 1349 1186 450 1242 681 422 412 232 844 2317 471 
320 1065 1037 1497 835 1430 768 151 494 279 400 707 1410 1211 457 1211 692 412 406 235 850 2321 481 
321 1061 1043 1480 869 1423 767 151 498 274 403 712 1363 1234 455 1269 673 404 393 238 870 2323 479 
322 1083 1042 1422 883 1416 785 151 505 266 436 698 1319 1285 456 1293 675 394 398 245 851 2341 491 
323 1100 1015 1449 873 1421 753 147 481 247 420 678 1306 1280 467 1322 672 390 431 250 840 2382 504 
324 1125 986 1469 882 1460 733 144 481 248 426 681 1266 1290 487 1366 658 367 447 245 858 2292 510 
325 1151 962 1466 870 1545 698 144 476 270 384 670 1220 1298 492 1418 650 369 456 241 915 2230 521 
326 1151 913 1451 868 1588 685 155 472 261 406 649 1230 1318 474 1411 640 367 437 255 906 2214 525 
327 1092 1042 1414 855 1591 665 165 462 294 378 644 1203 1322 482 1385 618 373 431 245 921 2189 503 
328 1046 1106 1425 853 1556 649 161 473 296 397 634 1188 1320 489 1373 601 386 411 246 932 2133 505 
329 1033 1143 1435 833 1565 635 147 485 284 428 620 1200 1327 493 1347 633 392 411 235 933 2114 486 
330 1019 1137 1539 798 1540 630 148 498 285 436 588 1180 1340 489 1343 638 400 407 252 915 2133 496 
331 992 1180 1565 798 1525 607 151 514 310 443 596 1154 1304 502 1323 656 403 406 237 911 2154 441 
332 1026 1163 1573 788 1552 589 144 524 334 421 592 1169 1284 480 1313 669 402 400 237 901 2164 444 
333 1039 1212 1528 794 1539 619 140 492 354 420 584 1185 1221 514 1281 685 446 394 229 869 2222 440 
334 1102 1153 1544 801 1509 612 142 497 375 412 591 1185 1224 475 1300 685 442 388 227 834 2303 443 
335 1149 1126 1546 808 1501 598 117 517 372 445 541 1230 1231 462 1287 698 398 414 217 817 2315 444 
336 1185 1110 1537 837 1441 592 115 532 376 426 557 1225 1210 490 1228 676 388 417 245 818 2318 451 
337 1213 1079 1515 815 1445 600 117 545 387 429 628 1255 1158 445 1275 668 355 436 255 803 2349 451 
338 1141 1148 1481 794 1436 632 116 554 402 413 627 1272 1143 444 1291 675 349 444 260 794 2392 443 
339 1104 1199 1479 775 1423 628 118 554 400 416 646 1306 1146 442 1319 671 350 450 273 807 2335 448 
340 1081 1274 1428 791 1421 626 115 557 405 410 650 1312 1180 445 1336 646 373 418 273 858 2227 443 
341 1030 1390 1402 794 1463 597 117 542 415 400 638 1233 1211 453 1413 627 411 390 263 858 2171 449 
342 1011 1383 1416 776 1495 578 123 531 419 397 656 1172 1234 447 1423 628 415 386 232 905 2157 448 
343 1013 1388 1430 769 1534 575 121 532 414 393 652 1204 1274 447 1398 628 421 388 235 937 2102 449 
344 1025 1352 1440 787 1578 582 125 526 395 430 637 1240 1265 458 1357 631 421 392 238 918 2129 443 
345 1051 1281 1483 797 1505 650 124 536 352 464 624 1339 1152 518 1272 649 432 408 215 934 2124 455 
346 1091 1230 1475 878 1463 643 124 543 352 468 585 1392 1148 527 1251 667 434 414 224 912 2145 465 
347 1090 1222 1447 861 1532 631 125 561 333 483 563 1432 1173 542 1255 654 436 417 220 907 2158 469 
348 1088 1195 1418 850 1505 682 124 548 325 489 568 1427 1156 576 1215 650 446 422 197 900 2198 470 
349 1107 1166 1414 828 1503 710 126 583 293 506 561 1408 1191 586 1163 650 426 446 199 857 2259 479 
350 1150 1118 1464 826 1460 675 122 594 291 502 585 1361 1184 602 1178 650 414 466 196 848 2263 487 
351 1125 1150 1476 831 1497 669 122 620 370 433 538 1384 1180 624 1169 652 401 470 192 826 2263 501 
352 1101 1155 1495 823 1524 664 120 613 362 438 532 1381 1188 617 1167 673 389 455 196 780 2293 506 
353 1109 1156 1518 821 1531 685 121 628 351 446 538 1304 1331 563 1133 677 405 444 206 781 2316 505 
354 1103 1120 1551 823 1549 692 121 623 344 465 571 1276 1298 551 1119 695 420 439 211 813 2296 517 
355 1139 1086 1540 769 1639 708 119 624 400 430 584 1265 1277 554 1138 679 426 432 214 832 2306 496 
356 1137 1081 1552 730 1660 709 119 605 401 415 590 1202 1260 536 1191 648 448 424 208 871 2298 509 
357 1181 1043 1577 688 1644 737 118 589 397 432 580 1201 1226 519 1242 598 457 409 237 877 2332 519 
358 1211 1044 1582 694 1572 729 120 554 416 430 570 1230 1204 526 1263 602 461 411 242 853 2356 488 
359 1245 1065 1575 743 1539 713 120 548 403 452 583 1229 1175 526 1262 608 470 406 233 832 2383 479 
360 1259 1080 1578 780 1493 723 124 531 415 447 576 1281 1140 533 1256 614 491 402 234 872 2270 445 
361 1241 1124 1553 794 1493 731 118 550 401 446 609 1327 1132 526 1231 622 476 404 250 899 2198 459 
362 1221 1156 1520 777 1509 741 113 563 385 455 637 1345 1118 533 1214 626 464 412 257 909 2145 471 
363 1219 1170 1574 789 1472 712 115 599 361 456 591 1377 1118 539 1220 621 451 417 256 921 2116 482 
364 1161 1229 1525 762 1494 731 116 622 368 471 642 1318 1210 514 1179 606 459 428 236 897 2130 487 
365 1136 1162 1634 749 1469 733 116 639 356 472 632 1282 1233 514 1181 613 455 436 241 891 2142 489 
366 1132 1094 1635 750 1506 705 116 650 353 470 610 1248 1247 521 1227 612 438 437 247 859 2154 497 
367 1021 1235 1598 721 1544 711 109 698 372 452 613 1230 1226 510 1217 617 404 430 238 846 2154 501 
368 1054 1175 1594 727 1554 698 107 712 399 413 641 1204 1226 506 1174 630 409 423 225 822 2184 512 
369 1065 1218 1549 686 1561 750 111 731 379 423 678 1215 1205 526 1141 626 432 409 220 768 2245 512 
370 1047 1281 1523 725 1583 720 134 693 406 425 619 1206 1249 479 1218 629 435 403 218 771 2289 528 
371 1048 1275 1577 760 1490 748 136 723 394 422 622 1177 1200 517 1290 645 423 408 227 776 2310 532 
372 1063 1270 1589 788 1494 719 139 731 405 423 627 1205 1181 522 1245 653 424 411 220 778 2320 542 
373 1057 1289 1594 807 1405 754 142 743 391 453 606 1235 1168 529 1234 667 426 418 220 796 2322 525 
374 1052 1263 1586 793 1424 747 139 746 381 470 595 1260 1165 519 1222 678 422 415 216 824 2344 533 
375 1078 1224 1571 771 1433 748 137 750 362 492 648 1320 1109 501 1180 675 417 418 223 840 2383 520 
376 1107 1132 1578 743 1397 781 134 770 336 502 635 1366 1101 503 1152 682 421 419 226 893 2294 496 
377 1073 1146 1522 741 1422 800 134 798 336 472 735 1280 1103 507 1144 685 417 425 244 872 2272 487 
378 1091 1117 1492 728 1459 803 134 789 344 462 713 1252 1114 510 1156 693 433 420 243 931 2164 457 
379 1079 1113 1478 745 1444 827 134 795 346 456 724 1245 1157 516 1129 653 439 423 247 961 2105 461 
380 1117 1045 1510 698 1462 805 133 795 345 455 688 1213 1178 527 1130 638 436 428 248 993 2104 448 
381 1137 1009 1528 658 1479 829 131 782 358 445 681 1221 1211 530 1118 628 462 437 244 998 2101 468 
382 1177 946 1556 670 1511 776 132 791 356 451 646 1269 1236 522 1103 643 463 446 247 972 2136 481 
383 1184 943 1543 705 1464 783 133 804 349 453 648 1277 1240 529 1132 647 465 446 264 934 2132 489 
384 1195 965 1526 728 1427 779 129 809 310 499 617 1302 1253 518 1156 655 465 450 268 916 2153 491 
385 1196 977 1512 738 1355 833 130 802 304 510 605 1318 1245 506 1166 653 478 470 249 897 2184 507 
386 1184 1039 1497 725 1391 817 126 794 305 520 588 1354 1175 546 1167 658 492 458 250 849 2214 513 
387 1141 1094 1474 712 1441 814 122 795 304 537 589 1363 1146 554 1227 622 496 464 239 835 2231 525 
388 1163 1050 1519 675 1470 805 123 771 288 548 559 1378 1160 514 1266 631 534 438 234 826 2252 524 
389 1160 1058 1528 652 1538 799 126 793 274 555 562 1393 1181 518 1211 629 538 407 243 820 2289 517 
390 1114 1076 1578 604 1603 791 124 797 264 564 558 1402 1093 572 1193 630 578 366 249 812 2322 504 
391 1083 1091 1564 657 1588 768 122 807 249 584 531 1436 1065 574 1189 638 565 371 262 822 2322 494 
392 1110 1077 1545 709 1530 765 119 802 256 579 525 1416 1109 554 1183 662 579 371 266 814 2338 483 
393 1119 1064 1526 765 1480 788 117 812 284 584 545 1397 1121 540 1177 677 549 388 276 818 2359 465 
394 1167 1003 1578 774 1459 786 118 817 288 586 554 1346 1141 551 1187 692 548 380 277 799 2377 469 
395 1153 998 1626 788 1404 787 120 815 279 584 562 1338 1140 566 1167 686 551 389 285 782 2384 483 
396 1174 994 1603 789 1404 784 121 826 354 479 597 1325 1177 595 1069 739 545 396 295 769 2329 503 
397 1184 991 1639 774 1424 770 120 830 352 486 642 1290 1234 543 1084 699 525 398 301 833 2253 489 
398 1203 981 1630 713 1483 802 117 846 374 495 635 1293 1188 571 1100 667 518 418 288 885 2164 490 
399 1223 991 1630 690 1498 791 115 859 367 515 652 1253 1191 569 1114 621 494 426 310 956 2084 490 
400 1142 1045 1649 708 1474 793 123 876 366 525 650 1189 1208 555 1142 611 483 433 309 941 2113 504 
401 1064 1091 1655 699 1463 819 124 869 364 531 660 1189 1206 538 1166 616 500 441 306 924 2144 511 
402 1014 1115 1640 715 1441 842 126 869 353 546 664 1203 1218 522 1159 619 503 432 302 917 2165 510 
403 1065 1081 1601 796 1364 885 128 803 390 553 652 1235 1231 458 1153 642 530 425 287 877 2201 525 
404 1124 1043 1601 824 1374 898 130 791 390 557 649 1266 1234 460 1142 642 532 431 284 898 2217 540 
405 1140 1068 1553 825 1364 904 134 795 377 551 649 1261 1235 491 1163 653 547 432 280 827 2251 541 
406 1164 1038 1592 815 1357 876 136 804 376 558 652 1259 1202 517 1173 656 543 422 283 813 2296 538 
407 1164 1026 1615 821 1313 894 138 821 366 583 658 1268 1186 525 1170 666 536 428 287 801 2322 537 
408 1193 966 1633 791 1258 913 136 820 371 596 662 1273 1179 526 1204 665 533 464 258 808 2333 513 
409 1220 960 1629 734 1294 911 137 859 371 585 667 1298 1164 544 1239 667 523 484 257 756 2377 481 
410 1206 961 1644 738 1254 932 134 865 427 545 637 1343 1137 552 1248 652 522 451 270 799 2345 482 
411 1249 956 1620 727 1249 978 131 871 432 560 622 1339 1086 595 1235 652 534 441 272 826 2295 488 
412 1260 960 1645 729 1215 975 132 904 412 571 625 1316 1056 606 1249 672 543 429 268 866 2214 461 
413 1210 951 1692 737 1192 1022 131 910 422 585 587 1280 1036 592 1282 687 533 414 274 931 2122 466 
414 1190 960 1705 667 1245 981 129 943 415 595 598 1295 1009 584 1257 665 504 431 305 906 2162 481 
415 1172 995 1720 670 1237 985 126 965 390 587 606 1315 1064 546 1203 665 503 446 310 886 2199 485 
416 1157 1011 1768 715 1171 981 127 982 399 578 637 1235 1069 531 1207 683 512 457 268 867 2214 490 
417 1082 1048 1806 755 1197 955 129 993 409 556 633 1255 1061 541 1161 696 512 485 267 887 2202 489 
418 1084 1043 1824 767 1245 905 122 1017 407 562 625 1232 1128 498 1157 689 530 474 277 861 2232 502 
419 1120 1028 1780 789 1317 899 120 1035 408 571 602 1185 1145 501 1186 697 536 475 279 852 2256 499 
420 1145 1014 1709 790 1380 917 119 1007 413 573 581 1159 1145 493 1172 687 604 463 288 831 2266 497 
421 1188 996 1681 786 1382 902 117 961 432 573 677 1094 1108 522 1129 683 649 444 292 800 2280 515 
422 1167 994 1615 808 1406 960 115 900 427 572 689 1096 1097 531 1105 694 675 446 282 752 2326 533 
423 1189 978 1643 789 1421 949 120 871 435 603 674 1105 1043 560 1096 698 647 464 286 777 2337 501 
424 1227 882 1653 786 1440 958 118 875 431 621 640 1180 1041 561 1083 702 665 460 291 832 2303 508 
425 1223 873 1665 780 1481 916 124 892 435 675 586 1215 1001 599 1084 663 659 444 281 905 2294 476 
426 1144 935 1718 829 1473 817 130 904 427 673 585 1202 1002 569 1123 663 630 446 293 876 2331 478 
427 1117 949 1717 815 1452 792 130 913 443 681 571 1206 973 578 1131 670 637 431 299 867 2350 476 
428 1092 971 1698 770 1513 800 128 935 434 675 571 1233 964 584 1138 675 603 416 315 821 2391 496 
429 1075 959 1739 745 1512 784 132 956 468 631 603 1254 922 602 1160 707 606 416 296 845 2278 497 
430 1070 957 1666 804 1522 772 132 981 455 611 637 1264 923 570 1179 708 575 429 318 829 2245 499 
431 1094 928 1644 816 1554 759 134 1034 407 614 617 1319 884 579 1176 745 587 427 293 852 2159 502 
432 1110 935 1611 881 1520 738 132 1012 453 596 627 1291 913 555 1181 727 585 434 319 861 2100 505 
433 1131 921 1570 860 1553 756 128 1024 443 620 615 1255 916 551 1206 738 604 424 319 883 2106 518 
434 1168 905 1526 901 1480 789 127 1038 468 577 638 1240 926 566 1219 745 609 431 319 830 2167 535 
435 1174 875 1523 881 1533 770 124 1048 481 574 632 1211 936 555 1225 733 605 433 315 861 2169 529 
436 1122 903 1550 892 1482 783 124 1034 485 592 660 1212 930 554 1205 706 611 432 296 864 2196 505 
437 1138 884 1551 916 1397 778 125 1034 460 616 688 1182 962 541 1196 689 564 466 295 878 2227 476 
438 1147 906 1527 917 1435 767 126 1038 439 615 721 1185 1004 495 1192 680 566 476 296 881 2253 481 
439 1170 900 1596 910 1354 791 123 1011 476 585 771 1151 1014 496 1175 693 556 506 286 850 2270 491 
440 1215 895 1602 950 1342 779 106 1000 484 556 833 1080 1059 468 1168 683 598 498 304 840 2282 497 
441 1210 909 1588 938 1349 809 106 985 459 593 828 1084 1069 471 1128 646 603 499 308 856 2285 489 
442 1155 940 1578 963 1350 777 109 948 486 587 816 1105 1047 474 1117 619 639 495 304 826 2280 499 
443 1144 954 1585 958 1323 787 105 930 477 571 829 1098 1035 476 1102 628 617 501 330 835 2308 513 
444 1115 959 1601 1008 1282 772 109 885 498 572 790 1130 960 512 1139 643 596 507 328 863 2291 524 
445 1006 1016 1632 1011 1199 804 109 885 535 538 774 1160 926 508 1157 645 604 530 307 854 2320 520 
446 945 1062 1639 996 1190 811 113 822 581 545 741 1187 875 513 1191 645 636 534 309 839 2376 526 
447 913 1143 1606 982 1220 806 111 833 569 580 700 1200 895 509 1214 647 603 538 322 822 2419 527 
448 951 1128 1610 937 1262 787 111 879 542 579 666 1238 890 508 1238 646 589 550 322 816 2352 516 
449 956 1087 1609 977 1273 777 119 894 500 622 687 1233 902 509 1279 654 569 545 335 823 2302 528 
450 948 1110 1595 981 1327 760 122 901 506 615 698 1264 944 511 1207 686 553 560 332 860 2193 534 
451 945 1095 1578 1036 1343 749 118 909 504 625 739 1225 967 508 1194 698 510 596 319 908 2109 500 
452 978 1049 1576 1073 1393 720 118 915 521 595 747 1224 999 500 1177 703 509 588 329 869 2164 500 
453 989 1099 1587 1028 1408 720 120 912 505 565 785 1205 988 505 1144 696 502 566 353 849 2190 507 
454 1040 1053 1601 1000 1435 709 124 944 486 580 867 1152 958 542 1155 686 510 572 351 864 2183 471 
455 1073 1041 1583 986 1491 701 125 946 502 570 868 1070 952 571 1261 660 519 542 331 886 2186 471 
456 1099 1027 1580 1008 1448 698 125 959 503 576 873 1046 944 584 1278 660 526 535 324 887 2197 477 
457 1105 1038 1554 1059 1417 656 124 966 499 621 919 1046 895 568 1267 667 531 526 314 874 2260 488 
458 1120 1024 1569 1050 1404 639 125 984 506 637 924 998 908 572 1319 671 526 538 304 873 2311 495 
459 1153 1002 1561 1038 1378 673 131 1006 494 653 911 1055 883 545 1342 672 469 556 356 868 2344 489 
460 1178 988 1486 1043 1371 715 128 990 460 695 908 1075 931 508 1298 681 509 570 352 831 2375 482 
461 1256 944 1471 1098 1317 737 131 982 458 689 873 1106 920 504 1312 689 522 561 334 810 2400 473 
462 1224 969 1452 1050 1370 738 134 987 448 720 838 1111 957 510 1255 705 531 495 360 830 2307 463 
463 1194 962 1502 1065 1389 702 135 995 453 703 856 1106 965 509 1229 720 519 515 345 839 2225 474 
464 1170 981 1513 1043 1435 666 139 990 426 697 870 1097 998 520 1197 745 522 534 329 882 2169 476 
465 1104 1011 1471 1031 1505 673 139 1007 463 649 824 1112 1001 515 1236 778 494 546 334 899 2076 477 
466 1099 1054 1512 978 1524 690 135 1022 484 612 810 1139 1014 530 1158 811 495 579 331 889 2106 472 
467 1145 967 1496 981 1506 717 118 1041 489 591 840 1130 1007 537 1177 798 473 600 323 896 2111 475 
468 1128 947 1559 965 1426 721 123 1061 488 584 857 1170 1020 523 1176 794 471 591 315 884 2110 479 
469 1137 938 1559 959 1404 744 114 1072 448 600 842 1137 1059 501 1171 773 472 582 330 860 2113 491 
470 1085 977 1554 963 1393 725 114 1078 442 568 853 1125 1019 475 1230 764 456 566 355 877 2104 495 
471 1035 1026 1572 954 1375 737 119 1058 424 629 810 1135 987 481 1234 751 482 577 354 844 2144 505 
472 1077 941 1597 935 1398 752 122 1019 439 621 826 1076 1003 480 1267 711 521 535 383 838 2148 482 
473 1100 924 1579 927 1423 730 123 896 553 604 797 1107 977 480 1282 695 550 528 377 836 2144 494 
474 1089 915 1595 888 1412 762 130 875 546 611 812 1084 988 464 1272 695 602 507 385 825 2177 504 
475 1057 920 1594 885 1422 754 130 848 545 625 830 1065 995 454 1284 685 639 505 380 788 2206 513 
476 1038 916 1638 882 1358 760 127 877 566 617 836 1016 1034 467 1259 675 610 489 400 760 2248 502 
477 1001 937 1658 875 1348 749 123 890 589 587 825 1029 1024 470 1250 623 619 478 403 810 2254 510 
478 1009 869 1700 859 1389 729 125 932 556 582 825 1046 1005 473 1222 612 627 496 393 837 2254 511 
479 1012 889 1662 857 1436 729 123 948 558 575 885 1065 1000 477 1178 621 597 507 372 829 2293 519 
480 976 960 1583 830 1516 742 128 994 536 566 873 1110 978 483 1150 622 606 519 350 848 2328 524 
481 995 915 1626 857 1475 744 128 989 539 552 813 1203 944 512 1132 626 605 528 343 858 2351 530 
482 993 939 1653 838 1436 768 134 978 521 557 808 1258 962 515 1084 638 594 535 339 874 2360 543 
483 1023 931 1590 868 1442 791 137 980 535 552 826 1233 964 516 1107 667 573 540 339 857 2350 507 
484 1011 927 1560 899 1392 813 137 1001 528 554 820 1204 1005 523 1128 652 612 561 316 861 2371 510 
485 1025 930 1471 948 1337 873 146 1033 529 472 879 1180 1012 523 1195 667 605 569 303 814 2418 465 
486 1021 955 1463 933 1340 866 150 1033 514 481 896 1162 1030 526 1215 672 601 560 295 878 2316 440 
487 1037 947 1508 930 1286 867 149 1007 491 482 908 1108 1070 532 1248 671 619 571 294 884 2262 452 
488 1072 900 1543 910 1347 831 145 934 534 497 916 1096 1068 538 1264 671 661 563 279 893 2232 445 
489 1065 874 1536 903 1391 833 146 969 485 503 854 1147 1049 525 1286 686 678 540 263 916 2203 448 
490 1042 873 1580 875 1436 788 150 954 478 521 923 1152 1001 539 1226 668 673 530 266 970 2125 454 
491 1003 915 1629 830 1452 767 152 941 477 520 965 1163 999 519 1200 660 693 516 271 966 2153 465 
492 924 955 1643 824 1486 747 153 925 491 535 959 1197 995 529 1185 674 703 493 276 945 2174 475 
493 968 926 1636 816 1491 732 160 918 493 559 860 1237 990 507 1264 687 678 491 289 904 2228 495 
494 976 951 1678 791 1483 720 162 902 493 565 850 1256 1015 490 1223 701 638 486 318 913 2212 498 
495 1018 956 1610 796 1564 710 168 902 493 578 853 1246 1008 480 1237 723 627 487 315 912 2241 498 
496 1055 964 1566 797 1594 742 166 888 503 605 853 1240 993 487 1248 709 593 493 345 894 2259 475 
497 1072 1006 1531 811 1550 775 161 849 516 612 853 1237 983 488 1243 723 593 496 344 861 2294 468 
498 1106 1017 1466 817 1500 827 157 805 503 660 881 1238 982 483 1244 717 638 489 351 842 2337 488 
499 1126 1019 1448 861 1426 833 151 824 492 676 872 1262 949 496 1254 722 635 489 336 839 2380 494 