0 0.000 0.000 0.000 0.000 0.000 0.000 0.000 0.000 0.000 0.000 0.030 0.000 0.000 0.000 0.000 0.000 0.000 0.000 0.000 0.000 0.000 0.694 
1 0.000 0.000 0.000 0.000 0.000 0.000 0.000 0.000 0.000 0.000 0.029 0.000 0.000 0.000 0.000 0.000 0.000 0.000 0.000 0.000 0.000 0.708 
2 0.000 0.000 0.195 0.000 0.000 0.000 0.000 0.000 0.000 0.000 0.047 0.000 0.000 0.000 0.000 0.000 0.000 0.000 0.000 0.000 0.000 0.713 
3 0.000 0.000 0.195 0.000 0.000 0.000 0.000 0.000 0.000 0.000 0.044 0.000 0.000 0.000 0.000 0.000 0.000 0.000 0.000 0.000 0.000 0.724 
4 0.000 0.000 0.181 0.000 0.000 0.000 0.000 0.000 0.000 0.000 0.044 0.000 0.000 0.000 0.000 0.000 0.000 0.000 0.000 0.000 0.000 0.711 
5 0.000 0.000 0.179 0.000 0.000 0.000 0.000 0.000 0.000 0.000 0.047 0.000 0.000 0.000 0.000 0.000 0.000 0.000 0.000 0.000 0.000 0.721 
6 0.000 0.000 0.189 0.000 0.000 0.000 0.000 0.000 0.000 0.000 0.046 0.000 0.000 0.000 0.000 0.000 0.000 0.000 0.000 0.000 0.000 0.728 
7 0.000 0.000 0.209 0.000 0.000 0.000 0.000 0.000 0.000 0.000 0.048 0.000 0.000 0.000 0.000 0.000 0.000 0.000 0.000 0.000 0.000 0.726 
8 0.000 0.000 0.186 0.000 0.000 0.000 0.000 0.000 0.000 0.000 0.036 0.000 0.000 0.000 0.076 0.000 0.000 0.000 0.000 0.000 0.000 0.733 
9 0.000 0.000 0.168 0.000 0.000 0.000 0.000 0.000 0.000 0.000 0.033 0.000 0.000 0.000 0.078 0.000 0.000 0.000 0.000 0.000 0.000 0.738 
10 0.000 0.000 0.157 0.000 0.000 0.000 0.000 0.000 0.000 0.000 0.031 0.000 0.000 0.000 0.077 0.000 0.000 0.000 0.000 0.000 0.000 0.742 
11 0.000 0.000 0.155 0.000 0.000 0.000 0.000 0.000 0.000 0.000 0.033 0.000 0.000 0.000 0.068 0.000 0.000 0.000 0.000 0.000 0.000 0.746 
12 0.000 0.000 0.169 0.000 0.000 0.000 0.000 0.000 0.000 0.000 0.034 0.000 0.000 0.000 0.067 0.000 0.000 0.000 0.000 0.000 0.000 0.741 
13 0.000 0.000 0.163 0.000 0.000 0.000 0.000 0.000 0.000 0.000 0.032 0.000 0.000 0.000 0.053 0.000 0.000 0.000 0.000 0.000 0.000 0.728 
14 0.000 0.000 0.163 0.000 0.000 0.000 0.000 0.000 0.000 0.000 0.030 0.000 0.000 0.000 0.044 0.000 0.000 0.000 0.000 0.000 0.000 0.733 
15 0.000 0.000 0.164 0.000 0.000 0.000 0.000 0.000 0.000 0.000 0.037 0.000 0.000 0.000 0.041 0.000 0.000 0.000 0.000 0.000 0.000 0.736 
16 0.000 0.000 0.167 0.000 0.000 0.000 0.000 0.000 0.000 0.000 0.037 0.000 0.000 0.000 0.041 0.000 0.000 0.000 0.000 0.000 0.000 0.729 
17 0.000 0.000 0.164 0.000 0.000 0.000 0.000 0.000 0.000 0.000 0.042 0.000 0.000 0.000 0.040 0.000 0.000 0.000 0.000 0.000 0.000 0.718 
18 0.000 0.000 0.172 0.042 0.000 0.000 0.000 0.000 0.000 0.000 0.041 0.000 0.000 0.000 0.049 0.000 0.000 0.000 0.000 0.000 0.000 0.728 
19 0.000 0.000 0.307 0.042 0.000 0.000 0.000 0.000 0.000 0.000 0.040 0.000 0.000 0.000 0.043 0.000 0.000 0.000 0.000 0.000 0.000 0.708 
20 0.000 0.000 0.312 0.054 0.000 0.000 0.000 0.000 0.000 0.000 0.039 0.000 0.000 0.000 0.042 0.000 0.000 0.000 0.000 0.000 0.000 0.717 
21 0.000 0.000 0.281 0.043 0.000 0.000 0.000 0.000 0.000 0.000 0.037 0.000 0.000 0.000 0.042 0.000 0.000 0.000 0.000 0.000 0.000 0.702 
22 0.000 0.000 0.298 0.043 0.000 0.000 0.000 0.000 0.000 0.000 0.037 0.000 0.000 0.000 0.026 0.000 0.000 0.000 0.000 0.000 0.000 0.697 
23 0.000 0.000 0.293 0.042 0.000 0.000 0.000 0.000 0.000 0.000 0.034 0.000 0.000 0.000 0.022 0.000 0.000 0.000 0.000 0.000 0.000 0.698 
24 0.000 0.002 0.300 0.042 0.000 0.000 0.000 0.000 0.000 0.000 0.030 0.000 0.000 0.000 0.022 0.000 0.000 0.000 0.000 0.000 0.000 0.683 
25 0.000 0.002 0.391 0.041 0.000 0.000 0.000 0.000 0.000 0.000 0.030 0.000 0.000 0.000 0.025 0.000 0.000 0.000 0.000 0.000 0.000 0.676 
26 0.000 0.002 0.390 0.040 0.000 0.000 0.000 0.000 0.000 0.000 0.026 0.003 0.000 0.000 0.023 0.000 0.000 0.000 0.000 0.000 0.000 0.667 
27 0.000 0.002 0.426 0.038 0.000 0.000 0.000 0.000 0.000 0.000 0.072 0.003 0.000 0.000 0.017 0.000 0.000 0.000 0.000 0.000 0.000 0.641 
28 0.000 0.002 0.415 0.036 0.000 0.000 0.000 0.000 0.000 0.000 0.076 0.003 0.000 0.000 0.018 0.000 0.000 0.000 0.000 0.000 0.000 0.641 
29 0.000 0.002 0.422 0.035 0.000 0.000 0.000 0.000 0.000 0.000 0.069 0.003 0.000 0.000 0.016 0.000 0.000 0.000 0.000 0.000 0.000 0.667 
30 0.000 0.002 0.402 0.035 0.000 0.000 0.000 0.000 0.000 0.000 0.067 0.003 0.000 0.000 0.010 0.000 0.000 0.000 0.000 0.000 0.000 0.699 
31 0.000 0.002 0.416 0.034 0.000 0.000 0.000 0.000 0.000 0.000 0.109 0.003 0.000 0.000 0.005 0.000 0.000 0.000 0.000 0.000 0.000 0.705 
32 0.000 0.002 0.409 0.034 0.000 0.000 0.000 0.000 0.000 0.000 0.113 0.003 0.000 0.000 0.005 0.000 0.000 0.000 0.000 0.000 0.000 0.732 
33 0.000 0.000 0.398 0.043 0.000 0.000 0.000 0.000 0.000 0.000 0.108 0.003 0.000 0.000 0.010 0.000 0.000 0.000 0.000 0.000 0.000 0.736 
34 0.000 0.000 0.413 0.043 0.000 0.000 0.000 0.000 0.000 0.000 0.105 0.003 0.000 0.000 0.009 0.000 0.000 0.000 0.000 0.000 0.000 0.743 
35 0.000 0.000 0.402 0.043 0.000 0.000 0.000 0.000 0.000 0.000 0.088 0.003 0.000 0.000 0.062 0.000 0.000 0.000 0.000 0.000 0.000 0.754 
36 0.000 0.000 0.398 0.051 0.000 0.000 0.000 0.000 0.000 0.000 0.087 0.003 0.000 0.000 0.065 0.000 0.000 0.000 0.000 0.000 0.000 0.745 
37 0.000 0.000 0.403 0.052 0.000 0.000 0.000 0.000 0.000 0.000 0.090 0.003 0.000 0.000 0.065 0.000 0.000 0.000 0.000 0.000 0.000 0.723 
38 0.000 0.000 0.402 0.052 0.000 0.000 0.000 0.000 0.000 0.000 0.093 0.003 0.000 0.000 0.062 0.000 0.000 0.000 0.000 0.000 0.000 0.722 
39 0.000 0.000 0.413 0.043 0.000 0.000 0.000 0.000 0.000 0.000 0.096 0.003 0.000 0.000 0.057 0.000 0.000 0.000 0.000 0.000 0.000 0.700 
40 0.000 0.000 0.431 0.043 0.000 0.000 0.000 0.000 0.000 0.000 0.091 0.003 0.000 0.000 0.055 0.000 0.000 0.000 0.000 0.000 0.000 0.695 
41 0.000 0.000 0.420 0.034 0.000 0.000 0.000 0.000 0.000 0.000 0.081 0.003 0.000 0.000 0.073 0.000 0.000 0.000 0.000 0.000 0.000 0.702 
42 0.000 0.000 0.466 0.035 0.000 0.000 0.000 0.000 0.000 0.000 0.082 0.006 0.000 0.000 0.066 0.000 0.000 0.000 0.000 0.000 0.000 0.681 
43 0.000 0.000 0.456 0.035 0.000 0.000 0.000 0.000 0.000 0.000 0.083 0.006 0.000 0.000 0.064 0.000 0.000 0.000 0.000 0.000 0.000 0.671 
44 0.000 0.000 0.451 0.035 0.000 0.000 0.000 0.000 0.000 0.000 0.079 0.006 0.000 0.000 0.064 0.000 0.000 0.000 0.000 0.000 0.000 0.673 
45 0.000 0.000 0.455 0.025 0.000 0.000 0.000 0.000 0.000 0.000 0.076 0.006 0.000 0.000 0.065 0.000 0.000 0.000 0.000 0.000 0.000 0.667 
46 0.000 0.000 0.446 0.025 0.000 0.000 0.000 0.000 0.000 0.000 0.069 0.014 0.000 0.000 0.063 0.000 0.000 0.000 0.000 0.000 0.000 0.668 
47 0.000 0.000 0.441 0.026 0.000 0.000 0.000 0.000 0.000 0.000 0.065 0.014 0.000 0.000 0.059 0.000 0.000 0.000 0.000 0.000 0.000 0.662 
48 0.000 0.000 0.453 0.025 0.000 0.000 0.000 0.000 0.000 0.000 0.062 0.014 0.000 0.000 0.068 0.000 0.000 0.000 0.000 0.000 0.000 0.655 
49 0.000 0.000 0.449 0.023 0.000 0.550 0.000 0.000 0.000 0.000 0.059 0.014 0.000 0.000 0.065 0.000 0.000 0.000 0.000 0.000 0.000 0.643 
50 0.000 0.000 0.439 0.016 0.000 0.524 0.000 0.000 0.000 0.000 0.093 0.014 0.000 0.000 0.064 0.000 0.000 0.000 0.000 0.000 0.000 0.644 
51 0.000 0.000 0.453 0.008 0.000 0.393 0.000 0.000 0.000 0.000 0.123 0.013 0.000 0.000 0.058 0.000 0.000 0.000 0.000 0.000 0.000 0.622 
52 0.000 0.000 0.449 0.016 0.000 0.379 0.000 0.000 0.000 0.000 0.123 0.011 0.000 0.000 0.061 0.000 0.000 0.000 0.000 0.000 0.000 0.651 
53 0.000 0.000 0.453 0.016 0.000 0.426 0.000 0.000 0.000 0.008 0.121 0.011 0.000 0.000 0.063 0.000 0.000 0.000 0.000 0.000 0.000 0.686 
54 0.000 0.000 0.456 0.016 0.000 0.404 0.000 0.000 0.000 0.008 0.119 0.010 0.000 0.000 0.063 0.000 0.000 0.000 0.000 0.000 0.000 0.696 
55 0.000 0.000 0.441 0.024 0.000 0.383 0.000 0.000 0.000 0.008 0.119 0.010 0.000 0.000 0.061 0.000 0.000 0.000 0.000 0.000 0.000 0.719 
56 0.000 0.000 0.423 0.040 0.000 0.353 0.000 0.000 0.000 0.008 0.123 0.010 0.000 0.000 0.053 0.000 0.000 0.000 0.000 0.000 0.000 0.744 
57 0.000 0.000 0.422 0.055 0.000 0.321 0.000 0.000 0.000 0.008 0.119 0.008 0.000 0.000 0.056 0.000 0.000 0.000 0.000 0.000 0.000 0.740 
58 0.000 0.000 0.425 0.050 0.004 0.321 0.000 0.000 0.000 0.008 0.121 0.008 0.000 0.000 0.057 0.000 0.000 0.000 0.000 0.000 0.000 0.753 
59 0.000 0.000 0.431 0.050 0.004 0.327 0.000 0.000 0.000 0.008 0.114 0.010 0.000 0.000 0.057 0.000 0.000 0.000 0.000 0.000 0.000 0.735 
60 0.000 0.000 0.423 0.057 0.004 0.300 0.000 0.000 0.000 0.008 0.106 0.017 0.000 0.000 0.059 0.000 0.000 0.000 0.000 0.000 0.000 0.717 
61 0.000 0.000 0.417 0.058 0.004 0.225 0.000 0.000 0.000 0.008 0.106 0.014 0.000 0.000 0.062 0.000 0.000 0.000 0.000 0.000 0.000 0.711 
62 0.000 0.000 0.421 0.049 0.004 0.231 0.000 0.000 0.000 0.008 0.103 0.011 0.000 0.000 0.062 0.000 0.000 0.000 0.000 0.000 0.000 0.690 
63 0.000 0.000 0.422 0.056 0.004 0.221 0.000 0.000 0.000 0.012 0.107 0.016 0.000 0.000 0.064 0.000 0.000 0.000 0.000 0.000 0.000 0.698 
64 0.000 0.000 0.428 0.056 0.004 0.230 0.000 0.000 0.000 0.015 0.105 0.016 0.000 0.000 0.065 0.000 0.000 0.000 0.000 0.000 0.000 0.687 
65 0.000 0.000 0.425 0.047 0.004 0.230 0.000 0.000 0.000 0.015 0.105 0.018 0.000 0.000 0.072 0.000 0.000 0.000 0.000 0.000 0.000 0.690 
66 0.000 0.000 0.425 0.045 0.004 0.236 0.000 0.000 0.000 0.015 0.105 0.019 0.002 0.000 0.074 0.000 0.000 0.000 0.000 0.000 0.000 0.696 
67 0.000 0.000 0.422 0.052 0.004 0.250 0.000 0.000 0.000 0.015 0.107 0.027 0.002 0.000 0.078 0.000 0.000 0.000 0.000 0.000 0.000 0.682 
68 0.000 0.000 0.411 0.067 0.004 0.239 0.000 0.000 0.000 0.014 0.104 0.037 0.002 0.000 0.074 0.000 0.000 0.000 0.000 0.000 0.000 0.665 
69 0.000 0.032 0.403 0.068 0.004 0.250 0.000 0.000 0.000 0.014 0.105 0.036 0.003 0.000 0.080 0.000 0.000 0.000 0.000 0.000 0.000 0.660 
70 0.000 0.034 0.413 0.068 0.004 0.277 0.000 0.000 0.000 0.014 0.103 0.037 0.004 0.000 0.076 0.000 0.000 0.000 0.000 0.000 0.000 0.662 
71 0.000 0.032 0.401 0.058 0.004 0.306 0.000 0.000 0.000 0.018 0.100 0.038 0.004 0.000 0.079 0.000 0.000 0.000 0.000 0.000 0.000 0.662 
72 0.000 0.034 0.410 0.063 0.004 0.302 0.000 0.000 0.000 0.018 0.092 0.039 0.004 0.000 0.086 0.000 0.000 0.000 0.000 0.000 0.000 0.679 
73 0.000 0.032 0.409 0.071 0.003 0.288 0.000 0.000 0.000 0.018 0.098 0.044 0.004 0.000 0.079 0.000 0.000 0.000 0.000 0.000 0.000 0.687 
74 0.000 0.032 0.417 0.068 0.003 0.443 0.000 0.000 0.000 0.018 0.099 0.044 0.003 0.000 0.092 0.000 0.000 0.000 0.000 0.000 0.000 0.691 
75 0.000 0.032 0.422 0.065 0.003 0.474 0.000 0.000 0.000 0.019 0.101 0.041 0.009 0.000 0.083 0.000 0.000 0.000 0.000 0.000 0.000 0.681 
76 0.000 0.031 0.412 0.072 0.006 0.440 0.000 0.000 0.000 0.019 0.099 0.038 0.010 0.000 0.076 0.000 0.000 0.000 0.000 0.000 0.000 0.683 
77 0.000 0.034 0.439 0.074 0.006 0.438 0.000 0.000 0.000 0.048 0.091 0.033 0.011 0.000 0.075 0.000 0.000 0.000 0.000 0.000 0.000 0.654 
78 0.000 0.031 0.442 0.078 0.006 0.420 0.000 0.000 0.000 0.047 0.090 0.033 0.011 0.000 0.072 0.000 0.000 0.000 0.000 0.000 0.000 0.660 
79 0.000 0.038 0.441 0.075 0.006 0.472 0.000 0.000 0.000 0.042 0.094 0.037 0.011 0.000 0.067 0.000 0.000 0.000 0.000 0.000 0.000 0.660 
80 0.000 0.043 0.444 0.069 0.006 0.465 0.000 0.000 0.000 0.045 0.097 0.037 0.011 0.000 0.070 0.000 0.000 0.000 0.000 0.000 0.000 0.666 
81 0.000 0.043 0.441 0.066 0.006 0.453 0.000 0.000 0.000 0.046 0.126 0.034 0.011 0.000 0.067 0.000 0.000 0.000 0.000 0.000 0.000 0.674 
82 0.000 0.038 0.442 0.065 0.006 0.444 0.000 0.000 0.000 0.042 0.125 0.036 0.011 0.000 0.066 0.000 0.000 0.000 0.000 0.000 0.000 0.701 
83 0.000 0.037 0.443 0.068 0.006 0.432 0.000 0.000 0.000 0.041 0.121 0.037 0.009 0.000 0.074 0.000 0.000 0.000 0.000 0.000 0.000 0.708 
84 0.000 0.038 0.451 0.065 0.021 0.438 0.000 0.000 0.000 0.050 0.118 0.036 0.009 0.000 0.072 0.000 0.000 0.000 0.000 0.000 0.000 0.739 
85 0.000 0.035 0.447 0.066 0.022 0.445 0.000 0.000 0.000 0.057 0.114 0.037 0.008 0.000 0.071 0.000 0.000 0.000 0.000 0.000 0.000 0.753 
86 0.000 0.034 0.441 0.224 0.022 0.449 0.000 0.000 0.000 0.059 0.117 0.036 0.008 0.000 0.066 0.000 0.000 0.000 0.000 0.000 0.000 0.766 
87 0.000 0.034 0.445 0.219 0.021 0.426 0.000 0.000 0.000 0.054 0.117 0.037 0.008 0.000 0.065 0.000 0.000 0.000 0.000 0.000 0.000 0.756 
88 0.000 0.063 0.451 0.217 0.021 0.420 0.000 0.000 0.000 0.046 0.116 0.034 0.007 0.000 0.068 0.000 0.000 0.000 0.000 0.000 0.000 0.737 
89 0.000 0.060 0.442 0.234 0.024 0.453 0.000 0.000 0.000 0.047 0.123 0.033 0.008 0.000 0.071 0.000 0.000 0.000 0.000 0.000 0.000 0.724 
90 0.000 0.065 0.432 0.225 0.026 0.531 0.000 0.000 0.000 0.043 0.127 0.037 0.009 0.000 0.072 0.000 0.000 0.000 0.000 0.000 0.000 0.731 
91 0.000 0.075 0.444 0.224 0.026 0.514 0.000 0.000 0.000 0.041 0.128 0.035 0.009 0.000 0.073 0.000 0.000 0.000 0.000 0.000 0.000 0.710 
92 0.000 0.075 0.452 0.216 0.026 0.497 0.000 0.000 0.000 0.044 0.125 0.037 0.008 0.000 0.075 0.000 0.000 0.000 0.000 0.000 0.000 0.690 
93 0.000 0.076 0.450 0.207 0.021 0.489 0.000 0.000 0.000 0.050 0.129 0.032 0.008 0.000 0.073 0.000 0.000 0.000 0.000 0.000 0.000 0.668 
94 0.000 0.073 0.448 0.212 0.021 0.491 0.000 0.000 0.000 0.051 0.132 0.031 0.008 0.000 0.076 0.000 0.000 0.000 0.000 0.000 0.000 0.675 
95 0.000 0.073 0.450 0.213 0.021 0.481 0.000 0.000 0.000 0.044 0.128 0.030 0.008 0.000 0.075 0.000 0.000 0.000 0.000 0.000 0.000 0.675 
96 0.000 0.079 0.455 0.204 0.016 0.461 0.000 0.000 0.000 0.042 0.131 0.031 0.008 0.000 0.075 0.000 0.000 0.000 0.000 0.000 0.000 0.684 
97 0.000 0.074 0.447 0.201 0.013 0.506 0.000 0.000 0.000 0.040 0.127 0.032 0.008 0.000 0.078 0.000 0.000 0.000 0.000 0.000 0.000 0.656 
98 0.000 0.074 0.447 0.214 0.013 0.500 0.000 0.000 0.000 0.034 0.131 0.031 0.008 0.000 0.082 0.000 0.000 0.000 0.000 0.000 0.000 0.663 
99 0.000 0.076 0.448 0.237 0.013 0.500 0.000 0.000 0.000 0.034 0.126 0.033 0.008 0.000 0.081 0.000 0.000 0.000 0.000 0.000 0.000 0.679 
100 0.000 0.085 0.435 0.226 0.015 0.483 0.000 0.000 0.000 0.037 0.118 0.034 0.008 0.000 0.090 0.000 0.000 0.000 0.000 0.000 0.000 0.707 
101 0.000 0.086 0.434 0.221 0.016 0.483 0.000 0.000 0.007 0.032 0.122 0.035 0.007 0.000 0.089 0.000 0.000 0.000 0.000 0.000 0.000 0.709 
102 0.000 0.086 0.442 0.213 0.016 0.495 0.000 0.000 0.007 0.032 0.121 0.036 0.006 0.000 0.093 0.000 0.000 0.000 0.000 0.000 0.000 0.699 
103 0.000 0.084 0.429 0.220 0.018 0.492 0.000 0.000 0.007 0.032 0.117 0.035 0.005 0.000 0.087 0.000 0.000 0.000 0.000 0.000 0.000 0.674 
104 0.000 0.085 0.435 0.212 0.018 0.487 0.000 0.000 0.007 0.032 0.113 0.034 0.006 0.000 0.085 0.000 0.000 0.000 0.000 0.000 0.000 0.699 
105 0.000 0.086 0.426 0.211 0.018 0.500 0.000 0.000 0.007 0.029 0.115 0.033 0.005 0.000 0.071 0.000 0.000 0.000 0.000 0.000 0.000 0.695 
106 0.002 0.084 0.420 0.199 0.018 0.541 0.000 0.000 0.007 0.024 0.111 0.036 0.005 0.000 0.077 0.000 0.000 0.000 0.000 0.000 0.000 0.696 
107 0.002 0.083 0.422 0.215 0.017 0.533 0.000 0.000 0.008 0.020 0.115 0.033 0.006 0.000 0.070 0.000 0.000 0.000 0.000 0.000 0.000 0.692 
108 0.005 0.081 0.422 0.207 0.017 0.511 0.000 0.000 0.007 0.017 0.114 0.036 0.006 0.000 0.069 0.000 0.000 0.000 0.000 0.000 0.000 0.683 
109 0.004 0.081 0.422 0.209 0.018 0.517 0.000 0.000 0.007 0.018 0.110 0.035 0.007 0.000 0.068 0.000 0.000 0.000 0.000 0.000 0.000 0.668 
110 0.002 0.084 0.433 0.204 0.018 0.517 0.000 0.000 0.006 0.021 0.107 0.033 0.007 0.000 0.068 0.000 0.000 0.000 0.000 0.000 0.000 0.652 
111 0.002 0.084 0.422 0.214 0.021 0.522 0.000 0.000 0.006 0.018 0.102 0.033 0.006 0.000 0.073 0.000 0.000 0.000 0.000 0.000 0.000 0.653 
112 0.002 0.084 0.423 0.209 0.023 0.519 0.000 0.002 0.000 0.017 0.107 0.032 0.005 0.000 0.073 0.000 0.000 0.000 0.000 0.000 0.000 0.670 
113 0.002 0.084 0.434 0.212 0.022 0.516 0.000 0.000 0.000 0.018 0.101 0.033 0.007 0.000 0.075 0.000 0.000 0.000 0.000 0.000 0.000 0.675 
114 0.002 0.085 0.436 0.218 0.023 0.516 0.000 0.000 0.000 0.017 0.095 0.033 0.007 0.000 0.076 0.000 0.000 0.000 0.000 0.000 0.000 0.672 
115 0.002 0.081 0.447 0.217 0.022 0.521 0.000 0.000 0.000 0.014 0.097 0.034 0.008 0.000 0.082 0.000 0.000 0.000 0.000 0.000 0.000 0.661 
116 0.004 0.080 0.441 0.223 0.025 0.532 0.000 0.000 0.000 0.014 0.104 0.037 0.008 0.000 0.082 0.000 0.000 0.000 0.000 0.000 0.000 0.664 
117 0.004 0.084 0.439 0.219 0.025 0.522 0.000 0.000 0.000 0.008 0.108 0.038 0.008 0.000 0.078 0.000 0.000 0.000 0.000 0.000 0.000 0.685 
118 0.018 0.083 0.439 0.213 0.022 0.519 0.000 0.000 0.000 0.008 0.108 0.036 0.006 0.000 0.075 0.000 0.000 0.000 0.000 0.000 0.000 0.694 
119 0.016 0.082 0.435 0.209 0.017 0.527 0.000 0.000 0.000 0.008 0.112 0.042 0.006 0.000 0.074 0.000 0.000 0.000 0.000 0.000 0.000 0.682 
120 0.014 0.077 0.426 0.197 0.015 0.522 0.000 0.000 0.000 0.013 0.111 0.047 0.006 0.000 0.075 0.000 0.000 0.000 0.000 0.000 0.000 0.698 
121 0.014 0.079 0.416 0.267 0.015 0.527 0.000 0.000 0.000 0.013 0.112 0.051 0.006 0.000 0.075 0.000 0.000 0.000 0.000 0.000 0.000 0.700 
122 0.012 0.098 0.418 0.258 0.012 0.509 0.000 0.000 0.000 0.014 0.110 0.050 0.006 0.000 0.070 0.000 0.000 0.000 0.000 0.000 0.000 0.693 
123 0.012 0.094 0.422 0.248 0.012 0.517 0.000 0.000 0.000 0.013 0.111 0.049 0.006 0.000 0.067 0.000 0.000 0.000 0.000 0.000 0.000 0.675 
124 0.012 0.095 0.417 0.265 0.012 0.527 0.000 0.000 0.000 0.012 0.109 0.051 0.006 0.000 0.066 0.000 0.000 0.000 0.000 0.000 0.000 0.670 
125 0.012 0.096 0.420 0.261 0.012 0.519 0.000 0.000 0.000 0.013 0.107 0.047 0.006 0.000 0.065 0.000 0.000 0.000 0.000 0.000 0.000 0.663 
126 0.010 0.092 0.426 0.262 0.016 0.523 0.000 0.000 0.000 0.014 0.110 0.045 0.004 0.000 0.064 0.000 0.000 0.000 0.000 0.000 0.000 0.676 
127 0.010 0.096 0.423 0.260 0.016 0.528 0.000 0.000 0.000 0.013 0.110 0.044 0.004 0.000 0.066 0.000 0.000 0.000 0.000 0.000 0.000 0.690 
128 0.010 0.089 0.407 0.271 0.014 0.520 0.000 0.000 0.000 0.043 0.112 0.041 0.007 0.000 0.064 0.000 0.000 0.000 0.000 0.000 0.000 0.690 
129 0.008 0.086 0.413 0.286 0.024 0.528 0.000 0.000 0.000 0.034 0.126 0.038 0.008 0.000 0.065 0.000 0.000 0.000 0.000 0.000 0.000 0.682 
130 0.008 0.086 0.414 0.275 0.024 0.522 0.000 0.000 0.000 0.034 0.126 0.036 0.008 0.000 0.065 0.000 0.000 0.000 0.000 0.000 0.000 0.701 
131 0.004 0.089 0.411 0.280 0.028 0.506 0.000 0.000 0.000 0.031 0.118 0.033 0.009 0.000 0.067 0.000 0.000 0.000 0.000 0.000 0.000 0.713 
132 0.006 0.090 0.414 0.253 0.029 0.519 0.000 0.000 0.000 0.031 0.122 0.034 0.007 0.000 0.066 0.000 0.000 0.000 0.000 0.000 0.000 0.718 
133 0.006 0.090 0.421 0.251 0.031 0.514 0.000 0.000 0.000 0.035 0.130 0.033 0.007 0.000 0.067 0.000 0.000 0.000 0.000 0.000 0.000 0.717 
134 0.009 0.088 0.428 0.252 0.032 0.497 0.000 0.000 0.000 0.030 0.125 0.033 0.008 0.000 0.061 0.000 0.000 0.000 0.000 0.000 0.000 0.702 
135 0.009 0.109 0.408 0.276 0.032 0.513 0.000 0.000 0.000 0.034 0.126 0.043 0.009 0.000 0.051 0.000 0.000 0.000 0.000 0.000 0.000 0.700 
136 0.009 0.109 0.398 0.306 0.032 0.510 0.000 0.000 0.000 0.034 0.121 0.044 0.008 0.000 0.053 0.000 0.000 0.000 0.000 0.000 0.000 0.706 
137 0.009 0.113 0.409 0.296 0.077 0.481 0.000 0.000 0.000 0.037 0.121 0.044 0.009 0.000 0.056 0.000 0.000 0.000 0.000 0.000 0.000 0.716 
138 0.009 0.114 0.416 0.305 0.077 0.496 0.000 0.000 0.000 0.033 0.121 0.044 0.009 0.000 0.054 0.000 0.000 0.000 0.000 0.000 0.000 0.699 
139 0.014 0.106 0.413 0.304 0.074 0.493 0.000 0.000 0.000 0.036 0.119 0.043 0.008 0.000 0.052 0.000 0.000 0.000 0.000 0.000 0.000 0.692 
140 0.014 0.110 0.416 0.286 0.087 0.490 0.013 0.000 0.000 0.033 0.110 0.046 0.009 0.000 0.050 0.000 0.000 0.000 0.000 0.000 0.000 0.697 
141 0.014 0.106 0.421 0.285 0.080 0.507 0.013 0.000 0.000 0.033 0.108 0.044 0.011 0.000 0.049 0.000 0.000 0.000 0.000 0.000 0.000 0.690 
142 0.015 0.108 0.426 0.283 0.081 0.496 0.006 0.000 0.000 0.033 0.104 0.037 0.019 0.000 0.050 0.000 0.000 0.000 0.000 0.000 0.000 0.691 
143 0.018 0.107 0.411 0.278 0.096 0.491 0.006 0.000 0.000 0.034 0.104 0.038 0.017 0.000 0.048 0.000 0.000 0.000 0.000 0.000 0.000 0.697 
144 0.019 0.103 0.405 0.283 0.104 0.507 0.000 0.000 0.000 0.033 0.097 0.038 0.016 0.000 0.047 0.000 0.000 0.000 0.000 0.000 0.000 0.675 
145 0.019 0.110 0.400 0.287 0.110 0.509 0.000 0.000 0.000 0.029 0.094 0.036 0.014 0.000 0.048 0.002 0.000 0.000 0.000 0.000 0.000 0.672 
146 0.021 0.107 0.392 0.275 0.118 0.493 0.000 0.000 0.000 0.030 0.099 0.032 0.019 0.000 0.042 0.001 0.000 0.000 0.000 0.000 0.000 0.677 
147 0.022 0.111 0.401 0.280 0.129 0.480 0.000 0.000 0.000 0.039 0.093 0.029 0.022 0.000 0.041 0.002 0.000 0.000 0.000 0.000 0.000 0.669 
148 0.019 0.107 0.403 0.279 0.147 0.481 0.000 0.000 0.000 0.038 0.097 0.031 0.022 0.000 0.042 0.002 0.000 0.000 0.000 0.000 0.000 0.667 
149 0.021 0.105 0.401 0.283 0.158 0.476 0.007 0.000 0.000 0.035 0.098 0.029 0.022 0.000 0.044 0.002 0.000 0.000 0.000 0.000 0.000 0.638 
150 0.019 0.106 0.397 0.281 0.151 0.474 0.007 0.000 0.000 0.034 0.096 0.027 0.021 0.000 0.043 0.000 0.002 0.000 0.000 0.000 0.000 0.664 
151 0.017 0.113 0.397 0.291 0.140 0.465 0.007 0.000 0.000 0.032 0.112 0.027 0.024 0.002 0.042 0.000 0.002 0.000 0.000 0.000 0.000 0.670 
152 0.015 0.123 0.386 0.301 0.141 0.476 0.007 0.000 0.000 0.032 0.108 0.027 0.026 0.002 0.047 0.000 0.002 0.000 0.000 0.000 0.000 0.672 
153 0.016 0.115 0.408 0.299 0.147 0.486 0.007 0.000 0.000 0.034 0.108 0.029 0.026 0.002 0.049 0.000 0.002 0.000 0.000 0.000 0.000 0.667 
154 0.016 0.110 0.406 0.301 0.155 0.481 0.007 0.000 0.000 0.031 0.111 0.025 0.030 0.002 0.050 0.000 0.002 0.000 0.000 0.000 0.000 0.698 
155 0.017 0.109 0.414 0.293 0.164 0.482 0.007 0.000 0.000 0.038 0.111 0.026 0.030 0.002 0.049 0.000 0.003 0.000 0.000 0.000 0.000 0.703 
156 0.021 0.109 0.412 0.297 0.162 0.490 0.007 0.000 0.000 0.041 0.119 0.025 0.029 0.002 0.048 0.000 0.002 0.000 0.000 0.000 0.000 0.722 
157 0.019 0.109 0.411 0.306 0.152 0.490 0.006 0.000 0.000 0.042 0.113 0.028 0.027 0.002 0.048 0.000 0.002 0.000 0.000 0.000 0.000 0.715 
158 0.017 0.108 0.420 0.303 0.158 0.494 0.006 0.000 0.000 0.042 0.117 0.031 0.026 0.002 0.047 0.000 0.003 0.000 0.000 0.000 0.000 0.723 
159 0.019 0.105 0.411 0.301 0.156 0.499 0.006 0.000 0.000 0.045 0.118 0.030 0.027 0.002 0.048 0.000 0.005 0.000 0.000 0.000 0.000 0.719 
160 0.021 0.103 0.407 0.307 0.163 0.484 0.006 0.000 0.000 0.047 0.106 0.038 0.027 0.002 0.048 0.000 0.005 0.000 0.000 0.000 0.000 0.728 
161 0.020 0.105 0.405 0.310 0.164 0.477 0.006 0.000 0.000 0.047 0.112 0.040 0.028 0.002 0.044 0.000 0.005 0.000 0.000 0.000 0.000 0.739 
162 0.020 0.126 0.398 0.309 0.162 0.491 0.006 0.000 0.000 0.047 0.111 0.040 0.025 0.002 0.045 0.000 0.008 0.000 0.000 0.000 0.000 0.734 
163 0.026 0.122 0.401 0.296 0.169 0.483 0.006 0.000 0.000 0.046 0.110 0.039 0.027 0.002 0.044 0.000 0.008 0.000 0.000 0.000 0.000 0.705 
164 0.028 0.114 0.402 0.302 0.172 0.491 0.006 0.000 0.000 0.044 0.109 0.038 0.030 0.002 0.043 0.000 0.005 0.000 0.000 0.000 0.000 0.692 
165 0.033 0.111 0.405 0.298 0.182 0.462 0.006 0.000 0.000 0.044 0.106 0.039 0.030 0.002 0.044 0.000 0.005 0.000 0.000 0.000 0.000 0.673 
166 0.044 0.108 0.406 0.319 0.179 0.466 0.007 0.000 0.000 0.048 0.106 0.038 0.031 0.002 0.049 0.000 0.005 0.000 0.000 0.000 0.000 0.655 
167 0.044 0.111 0.403 0.307 0.182 0.494 0.007 0.000 0.000 0.046 0.106 0.038 0.034 0.002 0.046 0.000 0.005 0.000 0.000 0.000 0.000 0.653 
168 0.044 0.109 0.390 0.307 0.199 0.489 0.007 0.000 0.000 0.051 0.104 0.041 0.032 0.004 0.046 0.000 0.005 0.000 0.000 0.000 0.000 0.651 
169 0.044 0.113 0.396 0.304 0.198 0.485 0.007 0.000 0.000 0.047 0.102 0.041 0.030 0.004 0.047 0.000 0.005 0.000 0.000 0.000 0.000 0.661 
170 0.042 0.139 0.394 0.297 0.196 0.485 0.007 0.000 0.000 0.054 0.100 0.039 0.034 0.004 0.048 0.000 0.005 0.000 0.000 0.000 0.000 0.641 
171 0.041 0.138 0.406 0.277 0.204 0.484 0.006 0.000 0.000 0.054 0.103 0.041 0.035 0.004 0.045 0.000 0.004 0.000 0.000 0.000 0.000 0.629 
172 0.043 0.144 0.397 0.285 0.203 0.479 0.006 0.000 0.000 0.052 0.099 0.039 0.037 0.004 0.046 0.000 0.006 0.000 0.000 0.000 0.000 0.680 
173 0.043 0.150 0.379 0.296 0.196 0.483 0.006 0.000 0.000 0.053 0.095 0.038 0.038 0.004 0.046 0.000 0.004 0.000 0.000 0.000 0.000 0.695 
174 0.044 0.151 0.372 0.305 0.200 0.471 0.006 0.000 0.000 0.054 0.095 0.040 0.035 0.002 0.043 0.000 0.002 0.002 0.000 0.000 0.000 0.700 
175 0.039 0.151 0.363 0.318 0.197 0.473 0.006 0.000 0.000 0.053 0.098 0.037 0.030 0.002 0.047 0.000 0.002 0.002 0.000 0.000 0.000 0.701 
176 0.038 0.152 0.350 0.317 0.206 0.478 0.006 0.000 0.000 0.059 0.104 0.035 0.029 0.002 0.045 0.000 0.002 0.002 0.000 0.000 0.000 0.719 
177 0.036 0.150 0.351 0.321 0.201 0.471 0.006 0.000 0.000 0.063 0.094 0.041 0.026 0.002 0.048 0.002 0.005 0.002 0.000 0.000 0.000 0.734 
178 0.037 0.150 0.347 0.329 0.208 0.462 0.006 0.000 0.000 0.058 0.098 0.045 0.027 0.002 0.048 0.002 0.005 0.002 0.000 0.000 0.000 0.721 
179 0.036 0.149 0.355 0.343 0.210 0.448 0.000 0.002 0.000 0.057 0.100 0.045 0.029 0.002 0.044 0.002 0.005 0.002 0.000 0.000 0.000 0.706 
180 0.038 0.148 0.354 0.344 0.206 0.438 0.000 0.002 0.000 0.059 0.095 0.045 0.031 0.002 0.042 0.001 0.008 0.002 0.000 0.000 0.000 0.717 
181 0.039 0.156 0.351 0.337 0.208 0.437 0.000 0.002 0.000 0.063 0.093 0.046 0.029 0.000 0.044 0.001 0.007 0.002 0.000 0.000 0.000 0.717 
182 0.042 0.148 0.351 0.334 0.207 0.450 0.000 0.002 0.000 0.067 0.089 0.042 0.029 0.000 0.050 0.001 0.007 0.003 0.000 0.000 0.000 0.704 
183 0.041 0.152 0.359 0.333 0.209 0.444 0.000 0.002 0.000 0.063 0.086 0.046 0.031 0.000 0.048 0.001 0.007 0.002 0.000 0.000 0.000 0.692 
184 0.042 0.152 0.350 0.322 0.209 0.446 0.000 0.002 0.000 0.061 0.084 0.041 0.031 0.000 0.052 0.002 0.007 0.002 0.000 0.000 0.000 0.700 
185 0.043 0.150 0.348 0.320 0.211 0.450 0.000 0.002 0.000 0.058 0.081 0.045 0.029 0.000 0.048 0.002 0.007 0.002 0.000 0.000 0.000 0.716 
186 0.043 0.144 0.349 0.317 0.208 0.456 0.000 0.002 0.000 0.063 0.082 0.041 0.033 0.000 0.048 0.002 0.007 0.002 0.000 0.000 0.000 0.727 
187 0.046 0.148 0.356 0.298 0.222 0.466 0.000 0.004 0.000 0.052 0.078 0.040 0.036 0.000 0.048 0.002 0.007 0.002 0.000 0.000 0.000 0.688 
188 0.045 0.151 0.347 0.308 0.230 0.473 0.000 0.004 0.000 0.055 0.062 0.045 0.038 0.000 0.051 0.002 0.007 0.002 0.000 0.000 0.000 0.672 
189 0.048 0.151 0.352 0.305 0.233 0.459 0.000 0.002 0.000 0.054 0.085 0.042 0.037 0.002 0.051 0.002 0.007 0.002 0.000 0.000 0.000 0.689 
190 0.049 0.167 0.337 0.307 0.232 0.485 0.000 0.002 0.000 0.054 0.083 0.044 0.036 0.002 0.050 0.002 0.007 0.002 0.000 0.000 0.000 0.690 
191 0.053 0.160 0.343 0.297 0.225 0.487 0.000 0.000 0.000 0.054 0.125 0.045 0.037 0.002 0.052 0.002 0.007 0.002 0.000 0.000 0.000 0.677 
192 0.053 0.167 0.341 0.286 0.225 0.487 0.000 0.000 0.000 0.049 0.124 0.046 0.038 0.002 0.051 0.002 0.007 0.002 0.000 0.000 0.000 0.684 
193 0.054 0.170 0.332 0.301 0.222 0.478 0.000 0.000 0.000 0.052 0.123 0.048 0.037 0.004 0.050 0.002 0.007 0.002 0.000 0.000 0.000 0.669 
194 0.053 0.166 0.325 0.296 0.227 0.455 0.000 0.000 0.000 0.043 0.126 0.052 0.035 0.010 0.047 0.002 0.005 0.002 0.000 0.000 0.000 0.673 
195 0.052 0.168 0.330 0.291 0.246 0.437 0.000 0.000 0.000 0.046 0.127 0.054 0.036 0.010 0.050 0.005 0.005 0.002 0.000 0.000 0.000 0.687 
196 0.049 0.169 0.336 0.292 0.254 0.442 0.000 0.000 0.000 0.047 0.125 0.051 0.039 0.010 0.049 0.005 0.005 0.002 0.000 0.000 0.000 0.685 
197 0.050 0.165 0.336 0.289 0.257 0.422 0.000 0.000 0.032 0.043 0.127 0.055 0.033 0.012 0.049 0.005 0.005 0.002 0.000 0.000 0.000 0.692 
198 0.048 0.165 0.334 0.293 0.267 0.423 0.000 0.000 0.031 0.043 0.141 0.054 0.034 0.013 0.049 0.005 0.005 0.000 0.000 0.000 0.000 0.665 
199 0.057 0.161 0.337 0.296 0.270 0.399 0.000 0.000 0.029 0.043 0.140 0.053 0.035 0.013 0.047 0.005 0.005 0.000 0.000 0.000 0.000 0.651 
200 0.054 0.160 0.342 0.296 0.257 0.411 0.000 0.000 0.030 0.036 0.139 0.051 0.036 0.011 0.048 0.005 0.005 0.000 0.000 0.000 0.000 0.665 
201 0.054 0.162 0.326 0.294 0.273 0.407 0.000 0.000 0.035 0.032 0.144 0.054 0.039 0.011 0.049 0.006 0.005 0.000 0.000 0.000 0.000 0.680 
202 0.054 0.160 0.320 0.293 0.272 0.402 0.000 0.000 0.036 0.055 0.156 0.053 0.038 0.011 0.050 0.003 0.004 0.000 0.008 0.000 0.000 0.690 
203 0.052 0.153 0.321 0.304 0.276 0.399 0.000 0.002 0.035 0.053 0.156 0.052 0.036 0.013 0.052 0.003 0.005 0.000 0.008 0.000 0.000 0.690 
204 0.067 0.142 0.337 0.300 0.272 0.402 0.000 0.002 0.026 0.062 0.156 0.053 0.035 0.014 0.059 0.003 0.005 0.000 0.008 0.000 0.000 0.684 
205 0.067 0.148 0.335 0.309 0.265 0.405 0.000 0.002 0.026 0.058 0.164 0.050 0.036 0.012 0.062 0.003 0.005 0.000 0.007 0.000 0.000 0.675 
206 0.066 0.155 0.332 0.304 0.264 0.401 0.000 0.002 0.032 0.062 0.164 0.050 0.035 0.013 0.060 0.003 0.005 0.000 0.007 0.000 0.000 0.681 
207 0.065 0.169 0.342 0.303 0.256 0.400 0.000 0.004 0.022 0.067 0.155 0.050 0.033 0.015 0.059 0.003 0.005 0.000 0.007 0.000 0.000 0.676 
208 0.061 0.162 0.338 0.291 0.262 0.403 0.000 0.004 0.021 0.063 0.159 0.050 0.032 0.015 0.055 0.015 0.005 0.000 0.007 0.000 0.000 0.665 
209 0.063 0.156 0.341 0.288 0.252 0.417 0.000 0.004 0.015 0.070 0.155 0.051 0.030 0.013 0.053 0.015 0.005 0.000 0.007 0.000 0.000 0.665 
210 0.062 0.157 0.337 0.280 0.249 0.423 0.000 0.004 0.014 0.072 0.157 0.048 0.029 0.012 0.053 0.014 0.005 0.000 0.007 0.000 0.000 0.672 
211 0.067 0.144 0.344 0.289 0.240 0.432 0.000 0.004 0.014 0.063 0.155 0.047 0.031 0.014 0.051 0.012 0.005 0.000 0.007 0.000 0.000 0.646 
212 0.067 0.146 0.338 0.280 0.239 0.431 0.000 0.004 0.020 0.087 0.157 0.048 0.031 0.016 0.051 0.012 0.003 0.000 0.007 0.000 0.000 0.669 
213 0.068 0.142 0.327 0.294 0.233 0.435 0.000 0.004 0.020 0.082 0.162 0.051 0.030 0.016 0.051 0.009 0.003 0.000 0.008 0.000 0.000 0.675 
214 0.066 0.155 0.322 0.293 0.239 0.433 0.000 0.002 0.025 0.079 0.158 0.052 0.026 0.016 0.052 0.009 0.003 0.000 0.008 0.000 0.000 0.672 
215 0.066 0.155 0.326 0.287 0.234 0.425 0.000 0.002 0.036 0.077 0.159 0.056 0.026 0.015 0.045 0.009 0.003 0.000 0.008 0.000 0.000 0.672 
216 0.067 0.157 0.329 0.292 0.232 0.421 0.000 0.002 0.036 0.075 0.163 0.055 0.026 0.015 0.044 0.011 0.003 0.000 0.004 0.000 0.000 0.685 
217 0.077 0.158 0.331 0.290 0.237 0.420 0.000 0.002 0.031 0.079 0.166 0.054 0.027 0.017 0.046 0.009 0.003 0.000 0.004 0.000 0.000 0.667 
218 0.083 0.151 0.336 0.281 0.237 0.422 0.000 0.002 0.036 0.083 0.166 0.055 0.031 0.017 0.044 0.009 0.003 0.000 0.004 0.000 0.000 0.676 
219 0.086 0.140 0.343 0.280 0.241 0.414 0.000 0.002 0.042 0.090 0.200 0.057 0.030 0.013 0.043 0.009 0.003 0.000 0.004 0.000 0.000 0.681 
220 0.083 0.137 0.337 0.288 0.245 0.411 0.000 0.002 0.034 0.090 0.193 0.058 0.033 0.013 0.041 0.007 0.003 0.000 0.004 0.000 0.000 0.702 
221 0.089 0.139 0.329 0.277 0.249 0.411 0.000 0.002 0.034 0.087 0.166 0.060 0.032 0.013 0.063 0.007 0.000 0.000 0.004 0.000 0.000 0.722 
222 0.086 0.135 0.312 0.296 0.241 0.399 0.000 0.002 0.030 0.087 0.160 0.064 0.034 0.006 0.060 0.005 0.000 0.000 0.005 0.000 0.000 0.730 
223 0.083 0.130 0.320 0.297 0.233 0.396 0.000 0.002 0.030 0.088 0.148 0.076 0.029 0.006 0.058 0.005 0.000 0.000 0.009 0.000 0.000 0.749 
224 0.076 0.130 0.321 0.301 0.227 0.396 0.000 0.002 0.024 0.086 0.153 0.074 0.031 0.004 0.055 0.005 0.000 0.000 0.004 0.000 0.000 0.762 
225 0.077 0.131 0.314 0.299 0.222 0.395 0.000 0.002 0.024 0.087 0.145 0.070 0.028 0.004 0.054 0.004 0.000 0.000 0.004 0.000 0.000 0.756 
226 0.070 0.149 0.308 0.298 0.219 0.384 0.000 0.002 0.034 0.079 0.149 0.070 0.034 0.004 0.052 0.005 0.000 0.000 0.004 0.000 0.000 0.734 
227 0.066 0.158 0.303 0.294 0.214 0.397 0.000 0.002 0.033 0.071 0.144 0.074 0.032 0.004 0.052 0.006 0.000 0.000 0.004 0.000 0.000 0.756 
228 0.064 0.153 0.308 0.294 0.213 0.399 0.000 0.002 0.033 0.070 0.143 0.070 0.031 0.002 0.053 0.006 0.000 0.000 0.004 0.000 0.000 0.728 
229 0.062 0.152 0.314 0.282 0.219 0.405 0.000 0.008 0.029 0.072 0.151 0.071 0.032 0.002 0.040 0.006 0.000 0.000 0.004 0.000 0.000 0.737 
230 0.065 0.150 0.316 0.286 0.215 0.406 0.000 0.007 0.029 0.069 0.136 0.081 0.032 0.000 0.040 0.006 0.000 0.000 0.004 0.000 0.000 0.721 
231 0.059 0.146 0.315 0.282 0.214 0.400 0.000 0.007 0.039 0.070 0.131 0.083 0.030 0.000 0.040 0.007 0.000 0.000 0.004 0.000 0.000 0.722 
232 0.057 0.141 0.318 0.284 0.221 0.412 0.000 0.007 0.031 0.070 0.128 0.079 0.031 0.000 0.043 0.007 0.000 0.000 0.000 0.000 0.000 0.717 
233 0.060 0.144 0.321 0.292 0.224 0.401 0.000 0.005 0.032 0.068 0.123 0.080 0.031 0.000 0.049 0.007 0.000 0.000 0.000 0.000 0.000 0.708 
234 0.062 0.137 0.315 0.287 0.241 0.382 0.006 0.004 0.060 0.054 0.118 0.078 0.028 0.000 0.049 0.007 0.000 0.000 0.000 0.000 0.000 0.685 
235 0.061 0.132 0.315 0.288 0.247 0.378 0.007 0.004 0.061 0.058 0.123 0.079 0.033 0.000 0.047 0.006 0.002 0.000 0.000 0.000 0.000 0.678 
236 0.066 0.131 0.314 0.294 0.246 0.374 0.007 0.004 0.064 0.063 0.124 0.081 0.031 0.000 0.048 0.006 0.002 0.000 0.000 0.000 0.000 0.655 
237 0.066 0.134 0.318 0.295 0.250 0.379 0.007 0.004 0.067 0.058 0.120 0.079 0.034 0.000 0.047 0.006 0.002 0.000 0.000 0.000 0.000 0.664 
238 0.070 0.133 0.333 0.300 0.262 0.363 0.000 0.004 0.067 0.066 0.111 0.084 0.033 0.000 0.052 0.007 0.002 0.000 0.000 0.000 0.000 0.667 
239 0.071 0.134 0.336 0.304 0.264 0.373 0.000 0.004 0.067 0.059 0.108 0.084 0.035 0.000 0.048 0.007 0.002 0.000 0.000 0.000 0.000 0.682 
240 0.071 0.132 0.328 0.307 0.267 0.372 0.000 0.004 0.070 0.066 0.104 0.085 0.034 0.000 0.046 0.008 0.000 0.000 0.000 0.000 0.000 0.681 
241 0.067 0.130 0.328 0.316 0.261 0.371 0.000 0.004 0.078 0.064 0.100 0.084 0.036 0.000 0.047 0.008 0.000 0.000 0.000 0.000 0.000 0.687 
242 0.055 0.137 0.326 0.321 0.259 0.363 0.000 0.004 0.079 0.067 0.092 0.075 0.037 0.000 0.060 0.008 0.000 0.000 0.000 0.000 0.000 0.692 
243 0.056 0.133 0.336 0.311 0.270 0.347 0.000 0.004 0.079 0.068 0.094 0.072 0.037 0.000 0.055 0.014 0.000 0.000 0.000 0.000 0.000 0.703 
244 0.056 0.130 0.334 0.306 0.264 0.357 0.000 0.004 0.071 0.068 0.091 0.076 0.039 0.000 0.054 0.015 0.000 0.000 0.000 0.000 0.000 0.707 
245 0.063 0.128 0.325 0.306 0.272 0.350 0.000 0.002 0.064 0.071 0.093 0.076 0.040 0.000 0.054 0.020 0.000 0.000 0.000 0.000 0.000 0.711 
246 0.067 0.119 0.323 0.310 0.269 0.354 0.000 0.002 0.059 0.068 0.090 0.079 0.037 0.000 0.049 0.021 0.000 0.000 0.000 0.000 0.000 0.708 
247 0.069 0.126 0.331 0.308 0.267 0.360 0.000 0.002 0.064 0.073 0.123 0.075 0.036 0.000 0.048 0.018 0.000 0.000 0.000 0.000 0.000 0.721 
248 0.067 0.131 0.325 0.311 0.262 0.371 0.000 0.002 0.060 0.077 0.119 0.075 0.038 0.000 0.049 0.018 0.000 0.000 0.000 0.000 0.000 0.718 
249 0.060 0.130 0.317 0.310 0.262 0.369 0.000 0.002 0.039 0.092 0.107 0.080 0.039 0.000 0.048 0.021 0.000 0.000 0.000 0.000 0.000 0.715 
250 0.063 0.139 0.308 0.311 0.265 0.370 0.000 0.002 0.034 0.096 0.107 0.079 0.038 0.000 0.047 0.022 0.000 0.000 0.000 0.000 0.000 0.724 
251 0.059 0.134 0.307 0.311 0.260 0.358 0.000 0.002 0.041 0.092 0.104 0.077 0.038 0.000 0.049 0.021 0.000 0.000 0.000 0.000 0.000 0.704 
252 0.057 0.153 0.322 0.313 0.259 0.373 0.000 0.002 0.029 0.092 0.101 0.077 0.036 0.000 0.053 0.020 0.000 0.000 0.000 0.000 0.000 0.698 
253 0.057 0.154 0.316 0.317 0.253 0.375 0.000 0.002 0.030 0.088 0.103 0.077 0.039 0.000 0.051 0.018 0.000 0.000 0.008 0.000 0.000 0.688 
254 0.055 0.154 0.315 0.315 0.257 0.380 0.000 0.002 0.023 0.087 0.098 0.080 0.039 0.000 0.048 0.018 0.000 0.000 0.008 0.000 0.000 0.689 
255 0.052 0.142 0.317 0.309 0.268 0.369 0.000 0.002 0.030 0.091 0.091 0.083 0.034 0.000 0.049 0.018 0.000 0.000 0.004 0.001 0.000 0.701 
256 0.057 0.134 0.312 0.320 0.265 0.371 0.000 0.002 0.036 0.094 0.095 0.085 0.029 0.004 0.050 0.017 0.000 0.000 0.004 0.002 0.000 0.699 
257 0.058 0.133 0.309 0.317 0.273 0.367 0.000 0.002 0.042 0.095 0.089 0.087 0.030 0.004 0.048 0.017 0.000 0.000 0.004 0.003 0.000 0.695 
258 0.059 0.122 0.302 0.316 0.278 0.374 0.000 0.002 0.048 0.084 0.098 0.083 0.030 0.004 0.048 0.018 0.000 0.000 0.004 0.003 0.000 0.703 
259 0.059 0.125 0.294 0.316 0.276 0.380 0.000 0.002 0.071 0.079 0.092 0.081 0.031 0.004 0.046 0.016 0.000 0.000 0.004 0.005 0.000 0.687 
260 0.061 0.128 0.295 0.302 0.265 0.393 0.000 0.002 0.093 0.068 0.105 0.080 0.032 0.005 0.044 0.016 0.000 0.000 0.004 0.004 0.000 0.687 
261 0.062 0.129 0.292 0.301 0.270 0.378 0.000 0.002 0.092 0.070 0.132 0.082 0.031 0.004 0.043 0.018 0.000 0.000 0.000 0.004 0.000 0.678 
262 0.061 0.131 0.292 0.308 0.266 0.381 0.000 0.002 0.090 0.076 0.132 0.080 0.033 0.004 0.044 0.018 0.000 0.000 0.000 0.002 0.000 0.660 
263 0.065 0.131 0.296 0.307 0.258 0.381 0.000 0.002 0.088 0.101 0.127 0.074 0.031 0.004 0.044 0.017 0.000 0.000 0.000 0.002 0.000 0.652 
264 0.062 0.131 0.302 0.310 0.254 0.381 0.000 0.002 0.086 0.099 0.126 0.070 0.031 0.004 0.046 0.016 0.000 0.000 0.000 0.002 0.000 0.637 
265 0.062 0.132 0.294 0.306 0.255 0.382 0.000 0.002 0.085 0.103 0.128 0.068 0.029 0.005 0.045 0.015 0.000 0.000 0.000 0.001 0.000 0.642 
266 0.063 0.142 0.287 0.311 0.261 0.380 0.000 0.002 0.090 0.104 0.155 0.065 0.031 0.004 0.051 0.013 0.000 0.000 0.000 0.001 0.000 0.652 
267 0.062 0.142 0.288 0.320 0.253 0.383 0.000 0.002 0.094 0.100 0.149 0.057 0.031 0.004 0.053 0.014 0.000 0.000 0.000 0.001 0.000 0.678 
268 0.067 0.142 0.298 0.322 0.251 0.388 0.000 0.004 0.094 0.100 0.147 0.055 0.027 0.004 0.054 0.014 0.000 0.000 0.000 0.001 0.000 0.678 
269 0.064 0.147 0.299 0.316 0.260 0.387 0.000 0.004 0.095 0.100 0.144 0.056 0.028 0.004 0.052 0.013 0.000 0.000 0.000 0.001 0.000 0.711 
270 0.066 0.150 0.292 0.309 0.265 0.382 0.000 0.004 0.091 0.093 0.139 0.055 0.032 0.004 0.052 0.013 0.000 0.000 0.000 0.001 0.000 0.718 
271 0.073 0.146 0.294 0.305 0.265 0.372 0.000 0.004 0.082 0.097 0.132 0.053 0.032 0.008 0.052 0.012 0.000 0.000 0.000 0.001 0.000 0.717 
272 0.076 0.148 0.287 0.303 0.272 0.379 0.000 0.004 0.079 0.094 0.133 0.057 0.032 0.008 0.051 0.011 0.000 0.000 0.000 0.001 0.000 0.725 
273 0.076 0.141 0.294 0.299 0.273 0.378 0.000 0.002 0.086 0.091 0.135 0.059 0.029 0.008 0.050 0.011 0.000 0.000 0.000 0.001 0.000 0.745 
274 0.075 0.140 0.288 0.289 0.273 0.365 0.000 0.002 0.093 0.083 0.129 0.060 0.030 0.008 0.055 0.011 0.000 0.000 0.000 0.002 0.000 0.742 
275 0.069 0.146 0.285 0.293 0.269 0.361 0.000 0.002 0.092 0.086 0.126 0.059 0.028 0.008 0.055 0.008 0.000 0.000 0.000 0.002 0.000 0.736 
276 0.070 0.145 0.285 0.295 0.269 0.363 0.000 0.002 0.094 0.098 0.125 0.062 0.027 0.008 0.053 0.008 0.000 0.000 0.000 0.001 0.000 0.737 
277 0.075 0.145 0.299 0.286 0.268 0.374 0.000 0.002 0.074 0.110 0.114 0.062 0.029 0.010 0.060 0.008 0.000 0.000 0.000 0.001 0.000 0.740 
278 0.072 0.143 0.321 0.293 0.264 0.382 0.000 0.002 0.079 0.108 0.118 0.065 0.029 0.009 0.056 0.009 0.000 0.000 0.000 0.001 0.000 0.725 
279 0.071 0.137 0.314 0.306 0.266 0.385 0.000 0.002 0.075 0.104 0.117 0.065 0.028 0.008 0.060 0.009 0.000 0.000 0.000 0.000 0.000 0.717 
280 0.077 0.129 0.315 0.307 0.249 0.400 0.000 0.002 0.066 0.111 0.117 0.061 0.031 0.004 0.065 0.010 0.000 0.000 0.000 0.000 0.000 0.713 
281 0.078 0.132 0.307 0.313 0.248 0.395 0.000 0.002 0.073 0.113 0.119 0.062 0.033 0.004 0.066 0.010 0.000 0.000 0.000 0.000 0.000 0.707 
282 0.076 0.132 0.296 0.310 0.259 0.393 0.000 0.002 0.066 0.110 0.125 0.066 0.033 0.004 0.063 0.010 0.000 0.000 0.000 0.000 0.000 0.697 
283 0.080 0.129 0.291 0.310 0.257 0.381 0.000 0.002 0.067 0.113 0.112 0.070 0.033 0.004 0.066 0.011 0.000 0.000 0.000 0.000 0.000 0.690 
284 0.084 0.138 0.277 0.307 0.260 0.378 0.000 0.002 0.052 0.113 0.112 0.070 0.034 0.004 0.068 0.010 0.000 0.000 0.000 0.000 0.000 0.662 
285 0.082 0.168 0.280 0.309 0.282 0.366 0.000 0.002 0.049 0.112 0.116 0.071 0.039 0.006 0.071 0.011 0.000 0.000 0.000 0.000 0.000 0.667 
286 0.079 0.164 0.289 0.302 0.278 0.348 0.000 0.002 0.054 0.103 0.126 0.070 0.037 0.008 0.067 0.011 0.000 0.000 0.000 0.000 0.000 0.670 
287 0.076 0.153 0.298 0.293 0.283 0.355 0.000 0.002 0.047 0.087 0.134 0.071 0.038 0.009 0.066 0.011 0.000 0.000 0.000 0.000 0.000 0.662 
288 0.080 0.149 0.303 0.292 0.284 0.345 0.000 0.002 0.049 0.078 0.130 0.070 0.038 0.009 0.065 0.011 0.000 0.000 0.000 0.000 0.000 0.656 
289 0.082 0.157 0.301 0.281 0.282 0.342 0.000 0.002 0.048 0.078 0.127 0.067 0.037 0.009 0.066 0.010 0.000 0.000 0.000 0.000 0.000 0.681 
290 0.082 0.159 0.283 0.286 0.284 0.366 0.000 0.002 0.062 0.064 0.123 0.066 0.041 0.009 0.062 0.008 0.000 0.000 0.000 0.000 0.000 0.691 
291 0.081 0.154 0.277 0.275 0.278 0.372 0.000 0.002 0.064 0.065 0.113 0.070 0.044 0.009 0.060 0.008 0.000 0.000 0.000 0.000 0.000 0.689 
292 0.082 0.153 0.262 0.283 0.275 0.373 0.000 0.002 0.060 0.068 0.118 0.068 0.046 0.007 0.064 0.008 0.000 0.000 0.000 0.000 0.000 0.680 
293 0.085 0.152 0.254 0.274 0.273 0.387 0.000 0.002 0.053 0.076 0.117 0.064 0.048 0.007 0.071 0.008 0.000 0.000 0.000 0.000 0.000 0.696 
294 0.086 0.150 0.257 0.267 0.264 0.379 0.000 0.002 0.056 0.077 0.104 0.067 0.048 0.007 0.074 0.008 0.000 0.000 0.000 0.000 0.000 0.712 
295 0.089 0.148 0.259 0.268 0.270 0.384 0.007 0.004 0.059 0.075 0.102 0.065 0.050 0.011 0.076 0.009 0.000 0.000 0.000 0.000 0.000 0.719 
296 0.082 0.152 0.250 0.270 0.265 0.376 0.006 0.007 0.052 0.082 0.094 0.064 0.051 0.010 0.079 0.009 0.000 0.000 0.000 0.000 0.000 0.709 
297 0.082 0.144 0.266 0.256 0.268 0.377 0.006 0.007 0.065 0.079 0.098 0.064 0.050 0.008 0.075 0.009 0.000 0.000 0.000 0.000 0.000 0.715 
298 0.085 0.147 0.276 0.255 0.271 0.373 0.006 0.007 0.070 0.077 0.093 0.066 0.047 0.010 0.077 0.009 0.000 0.000 0.000 0.000 0.000 0.723 
299 0.084 0.150 0.276 0.259 0.276 0.383 0.005 0.009 0.064 0.077 0.089 0.068 0.047 0.011 0.077 0.009 0.000 0.000 0.000 0.000 0.000 0.727 
300 0.083 0.154 0.276 0.259 0.269 0.385 0.006 0.009 0.065 0.077 0.091 0.068 0.050 0.010 0.076 0.009 0.000 0.000 0.000 0.000 0.000 0.713 
301 0.083 0.151 0.270 0.263 0.278 0.378 0.006 0.008 0.075 0.071 0.096 0.061 0.052 0.010 0.077 0.011 0.000 0.000 0.000 0.000 0.000 0.719 
302 0.084 0.152 0.268 0.277 0.280 0.377 0.006 0.010 0.079 0.077 0.094 0.064 0.050 0.010 0.079 0.011 0.000 0.000 0.000 0.000 0.000 0.708 
303 0.084 0.150 0.271 0.276 0.289 0.379 0.006 0.010 0.077 0.076 0.093 0.065 0.051 0.010 0.074 0.010 0.000 0.000 0.000 0.000 0.000 0.704 
304 0.088 0.147 0.279 0.270 0.283 0.374 0.006 0.012 0.078 0.077 0.085 0.067 0.053 0.011 0.071 0.010 0.000 0.000 0.000 0.000 0.000 0.705 
305 0.091 0.145 0.283 0.267 0.284 0.383 0.006 0.014 0.073 0.084 0.087 0.065 0.055 0.010 0.068 0.011 0.000 0.000 0.000 0.000 0.000 0.694 
306 0.092 0.144 0.285 0.267 0.278 0.381 0.006 0.014 0.078 0.080 0.081 0.069 0.055 0.010 0.066 0.011 0.000 0.000 0.000 0.000 0.000 0.698 
307 0.086 0.138 0.294 0.255 0.277 0.374 0.006 0.014 0.140 0.080 0.083 0.070 0.054 0.008 0.065 0.011 0.000 0.000 0.000 0.000 0.000 0.697 
308 0.087 0.138 0.294 0.252 0.280 0.365 0.006 0.012 0.135 0.077 0.084 0.071 0.059 0.006 0.059 0.006 0.000 0.000 0.000 0.002 0.000 0.673 
309 0.086 0.137 0.284 0.254 0.278 0.374 0.006 0.010 0.133 0.072 0.086 0.070 0.060 0.002 0.061 0.006 0.000 0.000 0.000 0.002 0.000 0.680 
310 0.084 0.140 0.281 0.252 0.269 0.379 0.000 0.009 0.206 0.070 0.090 0.073 0.060 0.002 0.060 0.006 0.000 0.000 0.000 0.002 0.000 0.686 
311 0.081 0.140 0.276 0.271 0.278 0.378 0.000 0.010 0.179 0.076 0.090 0.072 0.059 0.002 0.060 0.006 0.000 0.000 0.000 0.001 0.000 0.686 
312 0.083 0.136 0.267 0.267 0.279 0.378 0.000 0.010 0.165 0.079 0.086 0.067 0.061 0.002 0.063 0.006 0.000 0.000 0.000 0.001 0.000 0.689 
313 0.069 0.145 0.276 0.260 0.274 0.369 0.000 0.008 0.167 0.078 0.082 0.071 0.060 0.000 0.060 0.005 0.000 0.000 0.000 0.001 0.000 0.684 
314 0.065 0.147 0.287 0.260 0.268 0.374 0.000 0.006 0.157 0.077 0.092 0.065 0.059 0.000 0.059 0.005 0.000 0.000 0.000 0.000 0.000 0.669 
315 0.080 0.143 0.284 0.265 0.266 0.366 0.000 0.007 0.146 0.077 0.089 0.065 0.064 0.000 0.057 0.005 0.000 0.000 0.000 0.000 0.000 0.693 
316 0.078 0.147 0.287 0.268 0.273 0.352 0.000 0.006 0.142 0.073 0.091 0.063 0.061 0.000 0.063 0.004 0.000 0.000 0.000 0.000 0.000 0.707 
317 0.073 0.152 0.280 0.262 0.284 0.345 0.000 0.006 0.137 0.075 0.094 0.061 0.063 0.002 0.063 0.006 0.000 0.000 0.000 0.000 0.000 0.714 
318 0.073 0.146 0.284 0.260 0.282 0.349 0.000 0.006 0.144 0.074 0.094 0.062 0.064 0.002 0.063 0.006 0.000 0.000 0.000 0.000 0.000 0.714 
319 0.073 0.140 0.283 0.264 0.278 0.350 0.000 0.006 0.136 0.080 0.092 0.060 0.063 0.000 0.065 0.006 0.000 0.000 0.000 0.000 0.000 0.705 
320 0.075 0.133 0.279 0.255 0.268 0.345 0.000 0.006 0.140 0.083 0.085 0.060 0.063 0.000 0.069 0.006 0.000 0.000 0.000 0.000 0.000 0.705 
321 0.082 0.140 0.271 0.257 0.273 0.332 0.000 0.006 0.131 0.077 0.083 0.060 0.060 0.000 0.072 0.006 0.000 0.000 0.000 0.000 0.000 0.718 
322 0.080 0.142 0.268 0.253 0.272 0.343 0.000 0.006 0.128 0.078 0.074 0.054 0.059 0.000 0.073 0.006 0.000 0.000 0.000 0.000 0.000 0.709 
323 0.080 0.149 0.270 0.252 0.279 0.345 0.000 0.006 0.109 0.093 0.071 0.055 0.059 0.002 0.073 0.006 0.000 0.000 0.000 0.000 0.000 0.702 
324 0.081 0.147 0.276 0.246 0.277 0.327 0.000 0.006 0.109 0.089 0.072 0.058 0.060 0.002 0.069 0.006 0.000 0.000 0.000 0.000 0.000 0.690 
325 0.088 0.140 0.274 0.239 0.276 0.305 0.000 0.008 0.100 0.086 0.078 0.056 0.059 0.002 0.072 0.005 0.000 0.000 0.000 0.000 0.000 0.701 
326 0.093 0.142 0.277 0.244 0.275 0.305 0.000 0.011 0.092 0.086 0.069 0.056 0.058 0.002 0.072 0.005 0.000 0.000 0.000 0.000 0.000 0.686 
327 0.090 0.174 0.281 0.239 0.278 0.320 0.000 0.011 0.099 0.082 0.070 0.052 0.057 0.002 0.074 0.005 0.000 0.000 0.000 0.000 0.000 0.686 
328 0.081 0.184 0.290 0.251 0.272 0.327 0.000 0.013 0.118 0.078 0.071 0.055 0.055 0.002 0.074 0.007 0.000 0.000 0.000 0.000 0.000 0.673 
329 0.080 0.180 0.292 0.251 0.272 0.320 0.000 0.012 0.169 0.079 0.069 0.053 0.055 0.002 0.075 0.008 0.000 0.000 0.000 0.000 0.000 0.665 
330 0.081 0.182 0.294 0.247 0.277 0.324 0.000 0.012 0.158 0.076 0.071 0.054 0.055 0.002 0.074 0.006 0.000 0.000 0.000 0.000 0.000 0.679 
331 0.081 0.188 0.290 0.242 0.280 0.331 0.000 0.012 0.216 0.077 0.077 0.051 0.053 0.002 0.070 0.006 0.000 0.000 0.000 0.000 0.000 0.669 
332 0.083 0.193 0.294 0.245 0.285 0.319 0.000 0.011 0.213 0.064 0.073 0.055 0.054 0.000 0.069 0.006 0.000 0.000 0.000 0.000 0.000 0.689 
333 0.077 0.191 0.291 0.238 0.280 0.317 0.000 0.010 0.218 0.064 0.074 0.055 0.052 0.006 0.071 0.007 0.000 0.000 0.000 0.000 0.000 0.680 
334 0.086 0.192 0.288 0.242 0.278 0.315 0.000 0.010 0.211 0.073 0.078 0.051 0.053 0.006 0.072 0.007 0.000 0.000 0.000 0.000 0.000 0.698 
335 0.090 0.192 0.289 0.244 0.278 0.308 0.000 0.012 0.215 0.079 0.076 0.050 0.054 0.006 0.071 0.006 0.000 0.000 0.000 0.000 0.000 0.705 
336 0.094 0.195 0.289 0.247 0.278 0.297 0.000 0.013 0.218 0.082 0.084 0.053 0.057 0.006 0.072 0.006 0.000 0.000 0.004 0.000 0.000 0.718 
337 0.093 0.202 0.294 0.240 0.276 0.297 0.000 0.013 0.212 0.093 0.086 0.053 0.053 0.004 0.070 0.009 0.000 0.000 0.004 0.000 0.000 0.710 
338 0.088 0.202 0.297 0.244 0.276 0.299 0.000 0.013 0.221 0.080 0.083 0.053 0.056 0.005 0.070 0.007 0.000 0.000 0.004 0.000 0.000 0.709 
339 0.084 0.208 0.292 0.252 0.276 0.298 0.000 0.013 0.225 0.082 0.076 0.054 0.052 0.005 0.067 0.009 0.000 0.000 0.004 0.000 0.000 0.703 
340 0.084 0.212 0.295 0.255 0.279 0.294 0.000 0.016 0.222 0.078 0.077 0.053 0.051 0.004 0.067 0.009 0.000 0.000 0.004 0.000 0.000 0.718 
341 0.080 0.213 0.297 0.247 0.279 0.278 0.000 0.011 0.227 0.080 0.075 0.054 0.050 0.007 0.068 0.010 0.007 0.000 0.004 0.000 0.000 0.702 
342 0.091 0.200 0.299 0.245 0.280 0.277 0.000 0.011 0.222 0.088 0.075 0.060 0.055 0.009 0.064 0.008 0.007 0.000 0.000 0.001 0.000 0.705 
343 0.089 0.201 0.299 0.239 0.274 0.290 0.000 0.009 0.227 0.089 0.072 0.057 0.053 0.009 0.064 0.006 0.007 0.000 0.000 0.001 0.000 0.722 
344 0.089 0.206 0.288 0.240 0.275 0.289 0.000 0.008 0.220 0.098 0.064 0.060 0.056 0.009 0.063 0.006 0.007 0.000 0.000 0.001 0.000 0.711 
345 0.093 0.180 0.301 0.236 0.280 0.277 0.000 0.009 0.213 0.116 0.061 0.066 0.053 0.023 0.062 0.006 0.005 0.000 0.000 0.001 0.000 0.705 
346 0.094 0.176 0.304 0.245 0.286 0.260 0.000 0.011 0.205 0.115 0.053 0.068 0.056 0.023 0.059 0.006 0.005 0.000 0.000 0.001 0.000 0.688 
347 0.094 0.173 0.301 0.228 0.289 0.263 0.000 0.012 0.207 0.120 0.053 0.067 0.055 0.022 0.057 0.006 0.005 0.000 0.000 0.001 0.000 0.689 
348 0.097 0.172 0.303 0.228 0.288 0.265 0.000 0.011 0.203 0.119 0.058 0.067 0.052 0.028 0.050 0.009 0.002 0.000 0.000 0.001 0.000 0.700 
349 0.098 0.173 0.303 0.227 0.286 0.259 0.000 0.024 0.208 0.109 0.057 0.065 0.057 0.027 0.050 0.008 0.002 0.000 0.000 0.001 0.000 0.710 
350 0.100 0.172 0.311 0.222 0.290 0.255 0.000 0.024 0.210 0.108 0.062 0.066 0.057 0.028 0.052 0.006 0.002 0.000 0.000 0.001 0.000 0.696 
351 0.101 0.177 0.304 0.220 0.283 0.260 0.000 0.023 0.186 0.111 0.063 0.064 0.057 0.026 0.051 0.006 0.000 0.000 0.000 0.001 0.000 0.685 
352 0.096 0.183 0.306 0.217 0.284 0.265 0.000 0.023 0.188 0.107 0.066 0.065 0.058 0.026 0.050 0.006 0.003 0.000 0.000 0.001 0.000 0.698 
353 0.095 0.177 0.308 0.223 0.276 0.277 0.000 0.021 0.205 0.103 0.061 0.061 0.061 0.021 0.050 0.006 0.002 0.000 0.000 0.001 0.000 0.705 
354 0.097 0.179 0.300 0.230 0.280 0.272 0.000 0.021 0.189 0.097 0.063 0.060 0.060 0.020 0.050 0.006 0.002 0.000 0.000 0.001 0.000 0.689 
355 0.096 0.178 0.298 0.226 0.271 0.273 0.000 0.019 0.225 0.095 0.062 0.062 0.058 0.027 0.049 0.006 0.002 0.000 0.000 0.001 0.000 0.681 
356 0.094 0.178 0.296 0.214 0.266 0.275 0.000 0.018 0.214 0.101 0.061 0.057 0.053 0.024 0.053 0.006 0.007 0.000 0.000 0.001 0.000 0.672 
357 0.106 0.168 0.294 0.219 0.266 0.284 0.000 0.017 0.217 0.097 0.060 0.059 0.054 0.021 0.052 0.007 0.007 0.000 0.000 0.001 0.000 0.665 
358 0.107 0.194 0.293 0.232 0.270 0.294 0.000 0.018 0.212 0.093 0.054 0.058 0.054 0.019 0.051 0.007 0.007 0.000 0.000 0.001 0.000 0.643 
359 0.106 0.184 0.296 0.229 0.270 0.300 0.000 0.018 0.201 0.097 0.051 0.062 0.054 0.019 0.052 0.007 0.006 0.000 0.000 0.001 0.000 0.658 
360 0.106 0.186 0.296 0.233 0.268 0.293 0.000 0.043 0.188 0.096 0.050 0.064 0.051 0.019 0.051 0.007 0.008 0.000 0.000 0.001 0.000 0.661 
361 0.105 0.181 0.292 0.234 0.266 0.289 0.000 0.040 0.195 0.099 0.064 0.061 0.051 0.019 0.052 0.006 0.008 0.000 0.000 0.001 0.000 0.660 
362 0.103 0.183 0.290 0.234 0.262 0.285 0.000 0.034 0.203 0.103 0.063 0.062 0.051 0.021 0.049 0.006 0.009 0.000 0.000 0.001 0.000 0.669 
363 0.100 0.187 0.288 0.233 0.263 0.264 0.000 0.060 0.175 0.103 0.052 0.062 0.055 0.022 0.054 0.008 0.009 0.000 0.000 0.002 0.000 0.678 
364 0.096 0.190 0.294 0.230 0.264 0.269 0.000 0.072 0.182 0.108 0.059 0.060 0.053 0.021 0.054 0.008 0.009 0.000 0.000 0.002 0.000 0.680 
365 0.099 0.164 0.302 0.232 0.264 0.259 0.000 0.072 0.169 0.106 0.063 0.060 0.051 0.023 0.055 0.008 0.009 0.000 0.000 0.002 0.000 0.695 
366 0.096 0.173 0.294 0.236 0.264 0.248 0.000 0.071 0.167 0.096 0.064 0.058 0.049 0.023 0.055 0.008 0.009 0.000 0.000 0.002 0.000 0.692 
367 0.087 0.177 0.288 0.233 0.258 0.259 0.000 0.067 0.164 0.100 0.064 0.059 0.047 0.020 0.058 0.011 0.010 0.000 0.000 0.002 0.000 0.697 
368 0.095 0.179 0.285 0.227 0.258 0.252 0.000 0.070 0.173 0.104 0.061 0.057 0.044 0.022 0.057 0.013 0.012 0.000 0.000 0.002 0.000 0.707 
369 0.090 0.183 0.278 0.222 0.254 0.271 0.000 0.075 0.166 0.102 0.060 0.058 0.046 0.021 0.057 0.011 0.012 0.000 0.000 0.003 0.000 0.713 
370 0.092 0.176 0.288 0.218 0.251 0.264 0.000 0.078 0.153 0.096 0.060 0.056 0.046 0.019 0.057 0.011 0.011 0.000 0.000 0.003 0.000 0.710 
371 0.093 0.179 0.292 0.222 0.244 0.281 0.000 0.080 0.157 0.097 0.061 0.054 0.048 0.017 0.054 0.012 0.014 0.000 0.000 0.003 0.000 0.722 
372 0.087 0.182 0.292 0.220 0.245 0.281 0.000 0.083 0.148 0.097 0.056 0.053 0.048 0.019 0.051 0.011 0.014 0.000 0.000 0.003 0.000 0.723 
373 0.089 0.175 0.291 0.223 0.238 0.288 0.000 0.096 0.143 0.095 0.051 0.054 0.049 0.017 0.055 0.010 0.016 0.000 0.000 0.003 0.000 0.728 
374 0.092 0.173 0.291 0.222 0.241 0.280 0.000 0.095 0.150 0.096 0.050 0.056 0.048 0.019 0.054 0.010 0.019 0.000 0.000 0.001 0.000 0.722 
375 0.094 0.181 0.290 0.215 0.248 0.271 0.000 0.091 0.138 0.098 0.056 0.058 0.044 0.018 0.055 0.010 0.019 0.000 0.000 0.001 0.000 0.687 
376 0.096 0.178 0.285 0.221 0.256 0.277 0.000 0.094 0.179 0.102 0.057 0.061 0.045 0.016 0.048 0.009 0.024 0.000 0.000 0.001 0.000 0.685 
377 0.094 0.177 0.275 0.223 0.265 0.286 0.000 0.112 0.185 0.110 0.067 0.064 0.048 0.016 0.046 0.007 0.019 0.000 0.004 0.001 0.000 0.676 
378 0.099 0.175 0.285 0.225 0.269 0.294 0.000 0.113 0.183 0.113 0.065 0.063 0.051 0.016 0.048 0.006 0.023 0.000 0.004 0.001 0.000 0.667 
379 0.097 0.169 0.290 0.226 0.265 0.291 0.000 0.106 0.197 0.116 0.065 0.063 0.049 0.014 0.047 0.006 0.023 0.000 0.004 0.001 0.000 0.662 
380 0.099 0.164 0.303 0.221 0.269 0.288 0.000 0.104 0.191 0.116 0.062 0.066 0.048 0.013 0.045 0.008 0.021 0.000 0.004 0.001 0.000 0.676 
381 0.101 0.156 0.295 0.213 0.266 0.281 0.000 0.101 0.182 0.124 0.065 0.067 0.050 0.013 0.047 0.008 0.022 0.000 0.004 0.001 0.000 0.654 
382 0.098 0.151 0.296 0.203 0.271 0.263 0.000 0.099 0.180 0.124 0.065 0.066 0.052 0.013 0.049 0.008 0.024 0.000 0.008 0.001 0.000 0.665 
383 0.096 0.151 0.292 0.203 0.262 0.268 0.000 0.093 0.172 0.121 0.062 0.067 0.052 0.008 0.048 0.008 0.024 0.000 0.008 0.000 0.000 0.658 
384 0.094 0.152 0.290 0.199 0.270 0.266 0.000 0.095 0.139 0.148 0.063 0.068 0.051 0.008 0.048 0.009 0.024 0.000 0.007 0.000 0.000 0.670 
385 0.099 0.148 0.286 0.202 0.272 0.258 0.000 0.100 0.138 0.151 0.063 0.070 0.051 0.008 0.045 0.009 0.025 0.000 0.004 0.000 0.000 0.673 
386 0.095 0.158 0.277 0.194 0.273 0.240 0.000 0.097 0.125 0.154 0.061 0.070 0.049 0.015 0.047 0.009 0.026 0.000 0.004 0.000 0.000 0.680 
387 0.093 0.160 0.271 0.191 0.269 0.238 0.000 0.097 0.122 0.153 0.058 0.070 0.045 0.018 0.048 0.008 0.024 0.000 0.004 0.000 0.000 0.659 
388 0.104 0.149 0.272 0.190 0.269 0.235 0.000 0.089 0.111 0.144 0.052 0.070 0.045 0.018 0.048 0.008 0.037 0.000 0.004 0.000 0.000 0.668 
389 0.103 0.149 0.272 0.193 0.268 0.245 0.000 0.090 0.106 0.144 0.053 0.072 0.045 0.019 0.049 0.008 0.035 0.000 0.004 0.000 0.000 0.681 
390 0.099 0.149 0.276 0.184 0.272 0.245 0.000 0.088 0.114 0.147 0.059 0.070 0.043 0.033 0.049 0.010 0.031 0.000 0.004 0.000 0.000 0.681 
391 0.103 0.145 0.272 0.195 0.267 0.260 0.000 0.087 0.100 0.147 0.060 0.070 0.047 0.031 0.049 0.009 0.028 0.000 0.011 0.000 0.000 0.688 
392 0.097 0.150 0.270 0.219 0.267 0.256 0.000 0.085 0.102 0.150 0.061 0.069 0.047 0.031 0.052 0.008 0.031 0.000 0.011 0.000 0.000 0.689 
393 0.092 0.151 0.271 0.226 0.267 0.255 0.000 0.086 0.151 0.156 0.057 0.066 0.045 0.028 0.052 0.007 0.033 0.000 0.011 0.000 0.000 0.684 
394 0.099 0.131 0.264 0.226 0.277 0.254 0.000 0.086 0.135 0.157 0.056 0.062 0.046 0.025 0.058 0.007 0.031 0.000 0.007 0.000 0.000 0.697 
395 0.100 0.126 0.264 0.223 0.269 0.267 0.000 0.086 0.133 0.149 0.059 0.066 0.043 0.025 0.055 0.007 0.027 0.000 0.007 0.000 0.000 0.675 
396 0.100 0.127 0.265 0.222 0.266 0.259 0.000 0.086 0.141 0.134 0.072 0.067 0.042 0.020 0.056 0.012 0.026 0.000 0.007 0.000 0.000 0.670 
397 0.101 0.127 0.273 0.224 0.273 0.265 0.000 0.087 0.145 0.130 0.070 0.064 0.042 0.018 0.057 0.010 0.029 0.000 0.007 0.000 0.000 0.671 
398 0.100 0.134 0.274 0.223 0.266 0.267 0.000 0.090 0.136 0.149 0.063 0.066 0.041 0.018 0.057 0.012 0.031 0.000 0.007 0.000 0.000 0.671 
399 0.100 0.133 0.264 0.226 0.254 0.273 0.000 0.087 0.136 0.148 0.067 0.061 0.038 0.016 0.055 0.011 0.032 0.000 0.010 0.001 0.000 0.688 
400 0.091 0.141 0.266 0.213 0.256 0.280 0.000 0.084 0.137 0.147 0.068 0.061 0.043 0.014 0.053 0.010 0.033 0.000 0.013 0.001 0.000 0.687 
401 0.090 0.137 0.267 0.222 0.245 0.282 0.000 0.083 0.146 0.158 0.070 0.060 0.038 0.017 0.051 0.010 0.034 0.000 0.010 0.001 0.000 0.693 
402 0.088 0.131 0.265 0.225 0.236 0.280 0.000 0.084 0.144 0.161 0.069 0.060 0.038 0.019 0.054 0.010 0.036 0.000 0.010 0.001 0.000 0.684 
403 0.090 0.132 0.253 0.246 0.228 0.286 0.000 0.081 0.149 0.166 0.066 0.058 0.038 0.024 0.053 0.011 0.040 0.000 0.010 0.001 0.000 0.674 
404 0.095 0.129 0.252 0.249 0.230 0.282 0.000 0.082 0.146 0.158 0.066 0.056 0.037 0.024 0.054 0.012 0.038 0.002 0.007 0.001 0.000 0.659 
405 0.095 0.134 0.254 0.245 0.228 0.280 0.000 0.093 0.146 0.167 0.066 0.055 0.040 0.024 0.051 0.012 0.035 0.002 0.007 0.001 0.000 0.671 
406 0.093 0.141 0.256 0.248 0.232 0.272 0.000 0.098 0.141 0.168 0.060 0.056 0.039 0.027 0.055 0.012 0.039 0.002 0.007 0.001 0.000 0.684 
407 0.095 0.135 0.263 0.253 0.224 0.282 0.000 0.101 0.139 0.156 0.062 0.054 0.039 0.029 0.055 0.012 0.039 0.002 0.007 0.000 0.000 0.700 
408 0.101 0.134 0.265 0.248 0.221 0.285 0.000 0.101 0.129 0.169 0.068 0.057 0.036 0.029 0.055 0.009 0.038 0.004 0.008 0.000 0.000 0.702 
409 0.102 0.132 0.260 0.238 0.230 0.282 0.000 0.135 0.129 0.162 0.069 0.054 0.036 0.028 0.053 0.009 0.042 0.004 0.012 0.000 0.000 0.684 
410 0.097 0.139 0.261 0.244 0.219 0.278 0.000 0.127 0.150 0.158 0.068 0.054 0.036 0.027 0.051 0.009 0.042 0.004 0.011 0.000 0.000 0.693 
411 0.106 0.140 0.255 0.235 0.211 0.278 0.000 0.124 0.134 0.161 0.071 0.054 0.034 0.027 0.049 0.009 0.043 0.005 0.011 0.000 0.000 0.713 
412 0.105 0.131 0.263 0.237 0.210 0.278 0.000 0.128 0.124 0.156 0.074 0.055 0.034 0.026 0.049 0.007 0.044 0.005 0.011 0.000 0.000 0.718 
413 0.098 0.136 0.255 0.236 0.212 0.283 0.000 0.129 0.126 0.157 0.075 0.053 0.034 0.022 0.049 0.007 0.045 0.005 0.011 0.000 0.000 0.723 
414 0.095 0.138 0.258 0.225 0.220 0.269 0.000 0.124 0.111 0.158 0.079 0.053 0.031 0.024 0.044 0.009 0.042 0.007 0.010 0.000 0.000 0.717 
415 0.094 0.145 0.252 0.233 0.217 0.255 0.000 0.124 0.110 0.165 0.083 0.046 0.030 0.024 0.042 0.009 0.036 0.011 0.010 0.000 0.000 0.707 
416 0.092 0.141 0.253 0.242 0.212 0.260 0.000 0.124 0.113 0.176 0.086 0.046 0.029 0.021 0.041 0.009 0.035 0.007 0.007 0.000 0.000 0.698 
417 0.095 0.136 0.249 0.238 0.214 0.257 0.000 0.123 0.122 0.176 0.081 0.048 0.027 0.022 0.039 0.009 0.037 0.006 0.007 0.000 0.000 0.697 
418 0.100 0.141 0.246 0.240 0.218 0.254 0.000 0.121 0.118 0.173 0.078 0.045 0.028 0.022 0.044 0.010 0.036 0.006 0.007 0.000 0.000 0.689 
419 0.101 0.138 0.244 0.248 0.217 0.255 0.000 0.123 0.115 0.173 0.076 0.046 0.028 0.022 0.048 0.011 0.034 0.006 0.007 0.000 0.000 0.705 
420 0.101 0.139 0.248 0.252 0.215 0.255 0.000 0.116 0.114 0.173 0.083 0.046 0.031 0.020 0.044 0.013 0.053 0.006 0.007 0.000 0.000 0.708 
421 0.100 0.136 0.250 0.247 0.219 0.253 0.000 0.120 0.111 0.173 0.081 0.047 0.028 0.025 0.045 0.013 0.055 0.007 0.007 0.000 0.000 0.699 
422 0.095 0.136 0.248 0.240 0.222 0.258 0.000 0.114 0.115 0.173 0.080 0.047 0.026 0.024 0.046 0.013 0.064 0.007 0.007 0.000 0.000 0.696 
423 0.095 0.133 0.252 0.234 0.228 0.255 0.000 0.124 0.115 0.207 0.082 0.045 0.025 0.027 0.048 0.013 0.060 0.009 0.010 0.000 0.000 0.703 
424 0.100 0.115 0.252 0.238 0.225 0.259 0.000 0.126 0.107 0.205 0.084 0.045 0.025 0.027 0.044 0.011 0.059 0.007 0.010 0.000 0.000 0.717 
425 0.101 0.120 0.263 0.233 0.225 0.261 0.000 0.128 0.106 0.197 0.077 0.049 0.022 0.030 0.044 0.012 0.067 0.007 0.011 0.001 0.000 0.706 
426 0.098 0.139 0.258 0.255 0.221 0.255 0.000 0.127 0.115 0.198 0.077 0.050 0.020 0.026 0.045 0.012 0.065 0.007 0.010 0.001 0.000 0.688 
427 0.096 0.140 0.259 0.256 0.222 0.256 0.000 0.133 0.120 0.191 0.072 0.051 0.023 0.024 0.047 0.012 0.064 0.007 0.010 0.001 0.000 0.685 
428 0.098 0.138 0.257 0.249 0.225 0.263 0.000 0.128 0.120 0.187 0.075 0.053 0.020 0.026 0.046 0.012 0.061 0.007 0.022 0.001 0.000 0.683 
429 0.096 0.133 0.251 0.256 0.224 0.268 0.000 0.129 0.128 0.181 0.075 0.051 0.017 0.022 0.045 0.011 0.068 0.005 0.014 0.001 0.000 0.704 
430 0.095 0.133 0.253 0.262 0.233 0.262 0.000 0.128 0.123 0.185 0.075 0.054 0.017 0.021 0.044 0.011 0.063 0.014 0.013 0.001 0.000 0.703 
431 0.098 0.127 0.251 0.252 0.231 0.262 0.000 0.132 0.118 0.179 0.084 0.055 0.017 0.022 0.046 0.011 0.061 0.012 0.014 0.001 0.000 0.703 
432 0.098 0.125 0.258 0.253 0.228 0.260 0.000 0.126 0.132 0.178 0.088 0.053 0.021 0.020 0.045 0.011 0.053 0.014 0.009 0.001 0.000 0.717 
433 0.099 0.128 0.252 0.248 0.228 0.275 0.000 0.124 0.120 0.184 0.080 0.049 0.021 0.020 0.047 0.009 0.058 0.014 0.009 0.001 0.000 0.703 
434 0.098 0.125 0.246 0.249 0.230 0.270 0.000 0.124 0.124 0.172 0.092 0.050 0.019 0.019 0.048 0.009 0.057 0.019 0.006 0.001 0.000 0.695 
435 0.096 0.127 0.251 0.249 0.234 0.274 0.000 0.122 0.133 0.162 0.093 0.048 0.019 0.020 0.047 0.008 0.055 0.009 0.006 0.001 0.000 0.728 
436 0.094 0.127 0.257 0.242 0.231 0.269 0.000 0.125 0.130 0.188 0.095 0.048 0.018 0.018 0.045 0.008 0.051 0.007 0.007 0.000 0.000 0.709 
437 0.094 0.128 0.259 0.243 0.232 0.270 0.000 0.118 0.124 0.183 0.124 0.047 0.021 0.017 0.046 0.010 0.039 0.024 0.007 0.000 0.000 0.716 
438 0.093 0.130 0.244 0.245 0.238 0.263 0.000 0.119 0.125 0.177 0.125 0.048 0.021 0.014 0.046 0.010 0.039 0.023 0.007 0.000 0.000 0.701 
439 0.091 0.128 0.247 0.240 0.235 0.268 0.000 0.112 0.134 0.166 0.132 0.046 0.019 0.012 0.049 0.010 0.036 0.030 0.010 0.000 0.000 0.686 
440 0.091 0.126 0.244 0.243 0.232 0.276 0.000 0.108 0.132 0.165 0.131 0.044 0.020 0.013 0.048 0.010 0.054 0.034 0.010 0.000 0.000 0.688 
441 0.085 0.118 0.249 0.247 0.231 0.272 0.000 0.107 0.131 0.184 0.128 0.047 0.022 0.013 0.049 0.009 0.055 0.036 0.010 0.000 0.000 0.697 
442 0.081 0.132 0.248 0.250 0.218 0.274 0.000 0.108 0.126 0.181 0.125 0.047 0.021 0.015 0.046 0.011 0.049 0.032 0.010 0.000 0.000 0.699 
443 0.080 0.133 0.239 0.259 0.218 0.280 0.000 0.104 0.128 0.179 0.116 0.044 0.020 0.017 0.047 0.011 0.053 0.030 0.021 0.000 0.000 0.692 
444 0.082 0.132 0.231 0.259 0.216 0.288 0.000 0.107 0.139 0.173 0.113 0.040 0.019 0.018 0.049 0.012 0.049 0.030 0.021 0.000 0.000 0.693 
445 0.080 0.130 0.238 0.254 0.213 0.275 0.000 0.111 0.148 0.171 0.105 0.041 0.015 0.018 0.049 0.012 0.046 0.034 0.013 0.000 0.000 0.683 
446 0.080 0.128 0.234 0.258 0.223 0.265 0.000 0.114 0.139 0.178 0.101 0.043 0.016 0.018 0.049 0.012 0.050 0.034 0.013 0.000 0.000 0.683 
447 0.078 0.133 0.226 0.258 0.225 0.270 0.000 0.115 0.134 0.172 0.106 0.044 0.016 0.018 0.053 0.012 0.036 0.030 0.019 0.000 0.000 0.679 
448 0.085 0.126 0.225 0.258 0.235 0.278 0.000 0.114 0.131 0.174 0.111 0.045 0.016 0.018 0.052 0.012 0.037 0.033 0.022 0.000 0.000 0.692 
449 0.081 0.120 0.227 0.258 0.242 0.272 0.000 0.116 0.116 0.186 0.109 0.044 0.016 0.020 0.052 0.012 0.035 0.033 0.024 0.000 0.000 0.680 
450 0.080 0.118 0.222 0.258 0.242 0.276 0.000 0.118 0.115 0.177 0.132 0.044 0.016 0.022 0.048 0.016 0.031 0.032 0.024 0.000 0.000 0.682 
451 0.083 0.116 0.221 0.266 0.244 0.271 0.000 0.121 0.123 0.174 0.157 0.043 0.016 0.022 0.049 0.017 0.025 0.034 0.022 0.000 0.000 0.686 
452 0.083 0.114 0.219 0.257 0.248 0.269 0.000 0.123 0.117 0.171 0.165 0.042 0.016 0.020 0.050 0.017 0.018 0.043 0.021 0.000 0.000 0.688 
453 0.087 0.115 0.222 0.243 0.248 0.282 0.000 0.124 0.111 0.179 0.159 0.039 0.015 0.024 0.053 0.017 0.018 0.041 0.025 0.000 0.000 0.692 
454 0.090 0.115 0.224 0.254 0.249 0.285 0.000 0.122 0.113 0.174 0.175 0.037 0.016 0.024 0.054 0.017 0.018 0.037 0.026 0.000 0.000 0.675 
455 0.095 0.118 0.226 0.246 0.246 0.275 0.008 0.124 0.125 0.167 0.175 0.036 0.015 0.021 0.053 0.018 0.023 0.037 0.024 0.000 0.000 0.662 
456 0.096 0.120 0.227 0.253 0.245 0.288 0.008 0.120 0.121 0.163 0.175 0.032 0.014 0.021 0.055 0.018 0.021 0.037 0.025 0.000 0.000 0.658 
457 0.099 0.117 0.223 0.259 0.247 0.284 0.008 0.127 0.118 0.188 0.153 0.031 0.013 0.021 0.057 0.018 0.021 0.040 0.025 0.000 0.000 0.652 
458 0.101 0.117 0.219 0.264 0.250 0.285 0.008 0.125 0.123 0.192 0.146 0.029 0.014 0.021 0.061 0.018 0.019 0.037 0.016 0.000 0.000 0.640 
459 0.103 0.120 0.223 0.257 0.251 0.293 0.000 0.139 0.123 0.191 0.137 0.029 0.015 0.017 0.060 0.018 0.017 0.036 0.017 0.000 0.000 0.628 
460 0.104 0.120 0.225 0.261 0.255 0.287 0.000 0.135 0.122 0.188 0.139 0.032 0.012 0.018 0.062 0.018 0.026 0.033 0.014 0.000 0.000 0.645 
461 0.100 0.112 0.227 0.265 0.252 0.282 0.000 0.142 0.124 0.183 0.140 0.034 0.011 0.020 0.062 0.017 0.027 0.036 0.012 0.000 0.000 0.670 
462 0.098 0.109 0.231 0.262 0.258 0.283 0.000 0.139 0.125 0.178 0.131 0.030 0.015 0.020 0.064 0.017 0.026 0.038 0.014 0.000 0.000 0.693 
463 0.096 0.111 0.228 0.257 0.260 0.278 0.000 0.135 0.117 0.176 0.131 0.030 0.016 0.018 0.063 0.017 0.023 0.043 0.014 0.000 0.000 0.705 
464 0.095 0.117 0.229 0.263 0.257 0.264 0.000 0.128 0.099 0.181 0.140 0.028 0.024 0.017 0.060 0.017 0.029 0.037 0.015 0.000 0.000 0.712 
465 0.091 0.121 0.218 0.263 0.262 0.256 0.000 0.134 0.121 0.166 0.132 0.031 0.023 0.016 0.061 0.018 0.028 0.040 0.015 0.000 0.000 0.721 
466 0.093 0.127 0.218 0.264 0.255 0.248 0.000 0.134 0.130 0.158 0.140 0.032 0.022 0.015 0.059 0.020 0.028 0.038 0.015 0.000 0.000 0.731 
467 0.096 0.117 0.216 0.275 0.250 0.244 0.000 0.141 0.123 0.156 0.136 0.031 0.022 0.011 0.060 0.016 0.027 0.040 0.015 0.000 0.000 0.737 
468 0.090 0.109 0.209 0.277 0.246 0.255 0.000 0.140 0.121 0.154 0.133 0.030 0.022 0.013 0.062 0.016 0.028 0.041 0.013 0.000 0.000 0.724 
469 0.094 0.108 0.202 0.267 0.247 0.254 0.000 0.132 0.114 0.163 0.133 0.032 0.022 0.016 0.062 0.016 0.025 0.036 0.012 0.000 0.000 0.723 
470 0.085 0.119 0.204 0.260 0.245 0.262 0.000 0.132 0.111 0.157 0.130 0.030 0.026 0.015 0.062 0.016 0.035 0.034 0.011 0.000 0.000 0.731 
471 0.085 0.114 0.211 0.249 0.241 0.251 0.000 0.133 0.087 0.169 0.121 0.031 0.024 0.012 0.060 0.016 0.035 0.040 0.006 0.000 0.000 0.733 
472 0.093 0.095 0.217 0.237 0.240 0.267 0.000 0.130 0.093 0.164 0.151 0.029 0.026 0.013 0.058 0.015 0.044 0.036 0.013 0.000 0.000 0.714 
473 0.092 0.092 0.217 0.244 0.245 0.260 0.000 0.105 0.130 0.169 0.157 0.035 0.026 0.013 0.051 0.014 0.045 0.038 0.013 0.000 0.000 0.706 
474 0.084 0.095 0.211 0.238 0.250 0.257 0.000 0.105 0.123 0.164 0.151 0.034 0.024 0.013 0.050 0.014 0.053 0.045 0.010 0.000 0.000 0.698 
475 0.081 0.098 0.213 0.240 0.254 0.251 0.000 0.113 0.121 0.157 0.153 0.034 0.024 0.011 0.048 0.013 0.053 0.040 0.011 0.000 0.000 0.702 
476 0.082 0.100 0.211 0.243 0.256 0.258 0.000 0.113 0.138 0.157 0.145 0.035 0.023 0.013 0.045 0.015 0.048 0.037 0.010 0.000 0.000 0.699 
477 0.081 0.098 0.218 0.249 0.257 0.259 0.000 0.117 0.141 0.153 0.147 0.036 0.022 0.013 0.045 0.014 0.048 0.031 0.012 0.000 0.000 0.702 
478 0.081 0.094 0.216 0.246 0.248 0.257 0.000 0.113 0.142 0.153 0.145 0.034 0.023 0.013 0.045 0.013 0.056 0.032 0.013 0.000 0.000 0.705 
479 0.081 0.100 0.213 0.253 0.251 0.254 0.000 0.111 0.136 0.151 0.140 0.037 0.023 0.013 0.045 0.014 0.059 0.032 0.013 0.000 0.000 0.719 
480 0.078 0.111 0.210 0.255 0.252 0.256 0.000 0.120 0.129 0.143 0.141 0.034 0.025 0.012 0.047 0.014 0.056 0.031 0.014 0.000 0.000 0.716 
481 0.076 0.110 0.210 0.259 0.253 0.257 0.008 0.112 0.130 0.145 0.139 0.040 0.024 0.014 0.049 0.014 0.066 0.030 0.015 0.000 0.000 0.711 
482 0.077 0.118 0.211 0.252 0.253 0.260 0.007 0.113 0.136 0.145 0.131 0.044 0.022 0.014 0.054 0.013 0.066 0.036 0.021 0.000 0.000 0.702 
483 0.073 0.120 0.207 0.250 0.245 0.259 0.007 0.111 0.150 0.149 0.156 0.041 0.021 0.014 0.051 0.016 0.065 0.037 0.024 0.000 0.000 0.684 
484 0.071 0.124 0.207 0.258 0.241 0.276 0.007 0.111 0.159 0.144 0.155 0.042 0.019 0.013 0.049 0.018 0.060 0.036 0.025 0.000 0.000 0.680 
485 0.071 0.122 0.209 0.255 0.236 0.278 0.007 0.111 0.153 0.176 0.170 0.041 0.020 0.013 0.049 0.019 0.061 0.035 0.023 0.000 0.000 0.662 
486 0.068 0.125 0.221 0.240 0.243 0.266 0.007 0.106 0.156 0.177 0.184 0.036 0.022 0.013 0.056 0.019 0.068 0.034 0.024 0.000 0.000 0.661 
487 0.068 0.121 0.223 0.238 0.243 0.257 0.007 0.107 0.151 0.180 0.186 0.032 0.022 0.009 0.054 0.021 0.066 0.032 0.024 0.000 0.000 0.677 
488 0.068 0.116 0.225 0.233 0.255 0.248 0.007 0.095 0.155 0.179 0.188 0.033 0.022 0.009 0.054 0.021 0.077 0.028 0.025 0.000 0.000 0.694 
489 0.071 0.112 0.222 0.229 0.255 0.250 0.007 0.103 0.146 0.199 0.158 0.058 0.023 0.011 0.053 0.019 0.075 0.028 0.027 0.000 0.000 0.708 
490 0.077 0.111 0.225 0.224 0.263 0.249 0.007 0.107 0.149 0.194 0.157 0.049 0.024 0.009 0.054 0.021 0.076 0.028 0.026 0.000 0.000 0.709 
491 0.079 0.115 0.232 0.219 0.259 0.252 0.007 0.106 0.138 0.190 0.154 0.048 0.022 0.010 0.051 0.021 0.076 0.029 0.026 0.000 0.000 0.710 
492 0.075 0.112 0.227 0.223 0.264 0.256 0.007 0.104 0.143 0.189 0.151 0.048 0.019 0.009 0.056 0.018 0.075 0.028 0.025 0.000 0.000 0.714 
493 0.075 0.117 0.216 0.227 0.270 0.265 0.006 0.106 0.138 0.204 0.128 0.048 0.021 0.010 0.068 0.020 0.075 0.026 0.021 0.000 0.000 0.695 
494 0.075 0.128 0.215 0.239 0.271 0.271 0.006 0.100 0.130 0.200 0.132 0.050 0.023 0.012 0.070 0.021 0.071 0.027 0.019 0.000 0.000 0.713 
495 0.076 0.130 0.204 0.234 0.275 0.259 0.006 0.095 0.126 0.202 0.130 0.048 0.023 0.013 0.068 0.022 0.069 0.027 0.019 0.000 0.000 0.703 
496 0.083 0.123 0.203 0.233 0.270 0.257 0.006 0.095 0.125 0.233 0.128 0.050 0.026 0.012 0.067 0.030 0.067 0.028 0.017 0.000 0.000 0.695 
497 0.086 0.134 0.203 0.248 0.270 0.255 0.006 0.094 0.126 0.237 0.125 0.049 0.023 0.010 0.070 0.032 0.069 0.028 0.017 0.000 0.000 0.718 
498 0.087 0.138 0.208 0.242 0.263 0.270 0.000 0.091 0.127 0.232 0.132 0.050 0.023 0.012 0.068 0.031 0.069 0.029 0.017 0.000 0.000 0.717 
499 0.088 0.134 0.209 0.251 0.261 0.265 0.000 0.093 0.122 0.225 0.134 0.048 0.020 0.012 0.069 0.029 0.071 0.029 0.015 0.000 0.000 0.725 