0 240 474 52 65 180 8 15 380 150 249 361 287 565 522 32 154 230 516 85 206 2207 533 
1 243 476 59 63 184 9 15 383 149 257 360 291 577 488 31 154 229 497 84 211 2217 512 
2 248 467 57 61 184 9 17 392 158 258 367 294 570 475 36 161 231 494 84 212 2251 496 
3 248 441 64 61 173 9 17 408 158 245 371 298 585 469 35 157 236 493 85 223 2253 481 
4 274 396 65 61 179 9 20 399 167 236 373 300 581 475 35 162 234 480 87 223 2245 492 
5 275 391 64 62 177 8 20 404 163 235 374 302 587 455 38 162 242 475 83 229 2260 498 
6 270 395 61 61 175 7 19 413 162 234 377 302 585 461 39 160 244 469 82 236 2273 501 
7 270 401 62 63 173 8 18 416 165 217 374 303 611 461 38 163 250 454 84 249 2260 503 
8 271 405 58 66 176 8 20 420 165 215 377 309 632 435 39 165 275 429 81 265 2269 518 
9 269 402 58 64 175 8 21 408 169 209 381 309 639 438 38 160 295 406 83 285 2276 524 
10 271 403 57 65 182 7 21 410 169 213 381 313 647 430 37 160 296 398 88 284 2285 524 
11 278 419 59 64 184 7 23 413 171 213 379 316 651 446 35 156 302 393 83 281 2314 517 
12 281 431 60 66 185 7 24 421 168 218 377 329 652 436 32 154 301 401 85 283 2330 527 
13 284 438 58 66 178 7 24 439 172 215 383 331 655 449 34 147 311 410 88 289 2357 508 
14 290 441 59 66 176 7 41 437 162 230 380 330 642 459 35 152 308 410 91 322 2338 486 
15 299 443 62 63 178 6 43 450 158 229 360 336 649 453 54 147 309 409 92 327 2331 463 
16 312 450 67 63 177 6 44 454 157 236 363 337 662 450 54 147 315 414 94 324 2354 461 
17 313 454 68 66 178 6 46 454 151 242 365 333 655 446 77 149 317 413 87 331 2365 476 
18 324 461 67 61 178 6 44 465 146 245 361 349 661 455 78 150 318 423 86 357 2342 471 
19 325 460 53 62 179 22 46 458 141 251 355 355 660 448 83 151 313 425 88 360 2356 486 
20 325 470 52 64 175 21 48 445 149 260 354 355 639 446 108 145 314 423 86 362 2372 478 
21 327 483 50 65 174 32 48 449 148 260 357 327 665 442 130 144 309 412 99 398 2335 476 
22 331 490 50 69 171 31 48 447 151 265 359 329 666 443 134 142 317 408 100 402 2331 480 
23 335 495 53 67 169 31 48 446 178 250 358 322 663 451 138 139 316 404 103 404 2355 478 
24 336 500 54 65 168 34 48 453 199 224 369 320 647 479 143 137 309 404 103 415 2366 476 
25 321 509 54 66 166 33 44 464 177 244 365 316 639 480 139 137 319 410 103 428 2385 485 
26 318 503 52 68 168 35 55 475 140 255 365 322 646 483 131 138 323 406 104 511 2281 490 
27 313 505 54 69 171 33 61 478 141 260 378 316 655 493 128 136 344 398 101 568 2197 496 
28 320 515 54 69 169 34 61 474 134 259 393 310 671 469 128 139 345 400 105 621 2124 498 
29 331 526 53 71 169 32 85 442 145 262 402 310 683 450 124 141 346 394 106 661 2122 509 
30 329 528 53 72 168 32 84 461 141 265 410 329 671 448 125 138 349 392 106 648 2129 510 
31 335 539 50 74 171 32 86 470 127 261 416 325 674 440 125 134 348 396 110 632 2159 525 
32 333 534 70 72 175 31 90 495 136 257 434 335 679 442 120 131 343 369 147 656 2175 519 
33 337 528 67 72 169 31 108 505 150 242 427 337 687 433 124 133 356 350 155 662 2188 504 
34 342 538 64 75 171 32 102 513 148 253 393 359 702 448 126 137 358 362 158 677 2197 499 
35 340 549 61 73 172 31 107 524 152 254 373 364 704 457 132 141 366 365 155 689 2212 494 
36 330 534 81 72 152 29 109 520 152 253 368 361 728 459 127 146 356 371 153 693 2235 493 
37 329 535 85 77 150 27 115 519 147 257 362 362 750 453 126 143 346 366 155 706 2261 492 
38 332 530 89 76 158 27 140 524 148 264 364 363 762 443 126 150 342 373 153 718 2286 463 
39 330 519 89 78 157 29 149 523 143 266 366 378 769 434 132 151 343 373 155 717 2309 456 
40 330 528 89 80 156 27 167 547 139 272 374 382 771 445 129 154 343 380 153 699 2341 418 
41 338 533 93 79 152 28 169 548 143 273 378 389 772 450 128 156 350 397 149 709 2351 422 
42 341 537 97 80 154 29 209 526 146 287 367 411 767 453 127 156 341 399 163 737 2337 438 
43 346 549 96 80 155 27 216 529 139 291 374 421 764 449 130 153 344 401 155 732 2337 443 
44 357 559 101 69 154 28 223 544 132 289 375 393 793 453 126 152 350 409 147 771 2340 450 
45 365 560 102 69 154 29 240 541 134 276 393 402 794 451 125 153 352 409 147 790 2375 458 
46 371 562 103 69 151 28 247 539 133 285 389 416 790 470 146 138 346 414 147 802 2384 461 
47 372 570 104 67 153 27 245 532 129 286 400 417 789 476 154 138 339 419 150 839 2327 465 
48 375 576 106 69 149 25 245 537 130 290 373 448 803 471 158 135 336 419 156 854 2276 467 
49 379 593 104 70 151 26 253 536 131 279 375 452 801 465 159 142 342 424 153 876 2200 465 
50 380 601 104 70 152 28 255 544 131 273 382 452 796 462 161 166 352 450 137 886 2125 469 
51 385 603 106 66 151 29 262 547 113 294 383 456 812 461 160 168 349 452 138 827 2200 463 
52 383 614 104 67 157 29 261 560 115 296 381 465 832 441 160 171 356 444 139 841 2214 475 
53 385 583 134 67 153 29 267 562 118 294 384 468 825 442 154 170 369 414 160 844 2252 482 
54 390 566 142 66 144 30 272 574 122 302 396 469 826 454 153 169 381 389 161 833 2309 492 
55 398 556 142 67 148 30 275 578 121 300 401 479 837 460 156 171 377 393 164 812 2338 494 
56 396 531 166 69 146 28 272 586 120 300 433 456 846 452 157 167 376 390 166 825 2334 507 
57 398 535 168 65 138 27 272 590 115 300 430 452 849 454 155 166 369 387 172 859 2298 513 
58 399 546 176 66 136 25 269 590 115 283 432 445 842 460 165 166 369 375 178 837 2327 514 
59 411 547 178 70 142 25 270 600 115 288 422 441 842 459 164 164 363 381 182 858 2357 535 
60 408 552 179 67 147 26 269 619 133 279 419 446 855 463 157 168 361 381 183 840 2415 506 
61 406 544 181 68 156 27 270 627 135 283 417 441 864 473 159 171 357 388 188 876 2354 510 
62 405 542 187 66 154 25 275 637 138 286 415 443 866 472 155 179 344 391 199 919 2284 503 
63 411 537 192 66 157 26 294 640 142 281 411 448 873 476 146 183 358 396 206 935 2226 479 
64 404 533 205 67 157 25 292 637 143 302 383 469 834 471 173 184 354 402 208 930 2207 474 
65 405 536 208 66 153 24 291 646 146 301 378 466 830 481 172 184 358 406 205 976 2102 465 
66 408 539 217 66 158 26 296 653 139 301 376 470 838 485 174 171 347 413 220 987 2140 462 
67 407 549 216 69 161 26 294 647 129 309 369 473 851 491 168 172 380 388 219 976 2177 468 
68 409 560 217 70 162 25 292 670 130 305 361 491 851 492 165 173 365 384 236 961 2226 469 
69 407 570 207 72 169 27 301 671 127 290 365 506 871 498 164 178 374 391 225 933 2266 482 
70 409 580 204 71 170 34 303 691 140 281 365 531 897 474 164 185 377 392 228 931 2259 481 
71 410 575 207 73 174 36 315 709 144 280 378 534 857 486 171 186 363 397 246 921 2274 488 
72 417 574 232 78 174 39 320 707 148 264 379 535 831 465 189 185 370 395 246 910 2293 506 
73 422 594 225 78 170 39 333 710 143 265 397 540 828 435 187 184 383 389 251 922 2283 524 
74 429 607 224 77 169 37 329 693 141 268 394 549 805 460 186 181 399 395 248 910 2278 527 
75 438 606 229 79 172 39 327 704 140 269 397 565 808 471 188 184 396 392 252 863 2311 543 
76 442 616 225 80 175 36 343 710 137 262 395 573 786 484 191 189 403 396 241 838 2326 530 
77 454 624 230 80 170 57 328 733 136 274 419 582 795 475 187 194 411 403 243 806 2354 506 
78 461 623 224 83 173 58 341 750 131 271 423 585 812 480 178 194 427 410 230 787 2382 509 
79 458 625 236 86 175 60 351 751 135 273 428 593 819 479 171 194 427 412 230 809 2304 512 
80 462 649 224 87 174 54 349 778 133 269 430 602 815 484 174 202 437 398 230 807 2254 483 
81 456 635 223 81 181 63 360 797 137 271 411 626 825 490 174 208 439 403 226 867 2171 453 
82 452 615 226 75 187 65 353 805 138 279 408 637 837 487 178 213 426 405 228 904 2097 455 
83 457 605 231 77 188 66 361 818 129 283 411 659 831 484 181 206 414 407 222 872 2139 464 
84 460 590 242 78 187 65 366 820 127 278 412 683 811 492 177 212 415 412 226 868 2190 472 
85 466 595 240 77 176 67 371 827 123 283 429 693 821 500 177 215 412 415 209 862 2209 469 
86 478 572 240 71 179 65 370 852 122 282 439 709 863 459 173 223 394 418 208 834 2261 466 
87 482 574 245 65 172 67 392 841 122 287 449 682 895 455 169 231 383 419 203 811 2308 459 
88 480 574 242 65 179 69 399 847 122 282 457 703 840 467 190 229 389 423 200 809 2325 464 
89 481 574 248 65 182 81 395 843 122 279 447 696 821 472 199 231 403 423 201 788 2362 456 
90 482 586 247 66 187 83 407 842 131 289 445 718 787 490 201 232 407 433 200 788 2370 453 
91 477 603 253 66 192 84 418 843 135 291 442 720 804 491 205 264 409 442 202 732 2393 460 
92 484 608 259 65 200 83 440 836 135 291 444 725 824 479 207 260 397 435 220 796 2316 465 
93 498 612 262 66 196 87 444 859 136 299 440 726 877 449 212 266 398 443 223 826 2250 468 
94 493 611 256 66 193 87 464 867 157 283 439 732 915 414 216 267 400 442 228 849 2203 478 
95 513 610 259 65 193 85 474 870 161 281 447 749 889 430 220 270 399 442 231 897 2154 489 
96 505 620 263 68 193 88 493 875 191 255 452 748 884 430 222 271 413 421 232 962 2071 506 
97 504 616 262 68 196 92 498 865 193 262 453 763 847 458 228 272 436 417 239 929 2079 516 
98 521 590 266 67 193 94 497 869 197 267 462 757 832 454 236 267 446 430 241 908 2098 508 
99 529 601 267 62 195 93 503 875 192 269 472 756 808 473 237 286 442 445 234 885 2120 518 
100 540 601 286 55 193 94 506 890 186 263 473 774 789 479 227 290 449 443 245 867 2151 530 
101 538 585 290 54 186 82 532 913 161 283 478 783 794 489 229 287 440 458 253 862 2159 527 
102 545 598 302 56 188 95 542 917 156 284 487 784 805 491 227 305 449 444 264 844 2186 507 
103 538 616 303 51 179 98 542 916 155 289 507 797 807 484 235 309 456 439 257 858 2181 490 
104 540 618 303 52 180 101 562 933 152 294 536 788 826 485 231 322 446 425 261 823 2206 474 
105 543 626 311 51 178 102 572 906 156 287 553 788 834 486 224 324 436 415 270 802 2242 473 
106 549 639 312 52 175 117 578 863 152 288 553 807 843 493 232 326 469 408 283 793 2222 468 
107 548 636 317 56 169 121 581 839 149 292 560 800 861 486 230 338 494 397 260 790 2215 472 
108 554 647 321 60 170 124 593 846 150 300 572 806 851 484 236 343 511 418 251 792 2224 484 
109 572 634 321 57 175 130 593 864 149 303 567 819 877 456 242 346 521 416 260 772 2255 488 
110 578 623 322 53 176 128 614 864 143 307 571 826 881 454 248 347 519 425 255 781 2273 504 
111 576 623 322 55 172 126 632 884 143 307 582 832 885 460 244 354 523 425 259 795 2319 511 
112 566 643 323 58 172 125 643 882 172 278 585 873 853 459 259 361 522 428 244 810 2353 512 
113 580 617 329 58 178 126 626 903 173 280 567 879 838 438 273 367 500 432 243 818 2355 522 
114 579 625 331 64 183 127 618 927 179 278 580 879 827 428 273 382 490 442 228 807 2402 522 
115 575 616 330 67 184 130 588 976 180 283 588 861 832 452 273 385 454 452 229 850 2350 527 
116 572 604 330 65 188 152 575 983 177 290 587 874 837 453 278 386 461 463 219 878 2257 528 
117 567 585 330 67 186 163 556 1013 176 291 586 869 829 474 284 389 465 452 234 922 2195 539 
118 575 592 331 65 188 186 541 1010 169 299 556 859 827 472 306 389 457 444 239 972 2113 537 
119 579 594 333 65 189 186 601 912 183 310 505 859 820 487 330 398 459 444 261 917 2139 553 
120 586 601 319 64 208 184 618 877 188 321 516 878 790 482 353 407 461 442 243 897 2157 528 
121 596 608 321 69 213 186 624 894 194 320 504 893 787 497 371 413 462 425 248 858 2192 521 
122 598 608 350 64 220 192 610 928 192 322 519 891 761 496 424 431 454 397 255 820 2197 511 
123 594 616 374 64 219 201 594 950 192 327 518 890 772 498 437 432 458 429 242 802 2226 475 
124 604 626 378 65 215 200 550 1008 222 283 525 852 852 475 430 443 474 461 203 777 2276 470 
125 609 629 379 65 219 202 539 1013 217 281 531 852 840 479 429 446 480 450 201 770 2299 472 
126 624 634 392 64 217 206 538 1024 208 282 545 834 877 461 422 438 473 451 196 795 2301 484 
127 613 631 385 67 226 215 542 1026 192 293 557 836 905 448 424 442 491 425 208 788 2292 487 
128 648 609 379 64 228 228 529 1043 190 291 567 864 883 434 425 445 511 417 210 823 2282 493 
129 651 600 388 69 227 254 551 1019 164 306 559 879 875 429 427 451 506 397 234 821 2294 500 
130 640 622 381 69 232 259 572 1000 157 316 559 892 856 435 426 452 511 396 234 810 2315 502 
131 666 584 381 72 233 259 562 1013 154 321 568 897 830 446 428 459 512 398 235 835 2312 513 
132 686 567 398 75 231 266 547 1022 154 323 571 926 803 454 429 467 520 404 234 851 2324 512 
133 693 568 403 79 232 277 541 984 165 320 564 941 786 454 422 475 539 404 230 864 2339 502 
134 707 564 426 82 240 281 530 971 168 320 569 916 855 447 420 487 532 411 248 877 2355 493 
135 682 600 430 86 241 288 535 932 180 333 566 913 860 451 423 504 501 412 291 805 2394 495 
136 645 616 440 90 242 293 529 940 184 323 582 923 864 453 418 498 491 424 289 859 2304 508 
137 652 619 449 90 247 294 532 949 186 324 600 951 889 444 409 501 488 439 301 926 2175 511 
138 610 652 461 88 247 306 511 1001 204 315 568 939 903 443 422 490 485 432 310 960 2103 528 
139 619 640 470 86 254 305 518 992 199 304 550 947 883 443 429 495 489 436 302 942 2126 515 
140 608 644 475 89 257 304 527 1013 195 277 546 960 872 445 431 511 494 440 301 906 2167 514 
141 627 622 489 87 267 305 530 1015 192 293 509 942 873 445 446 514 470 447 302 908 2184 499 
142 629 621 496 96 266 312 512 1050 191 294 517 918 890 438 464 504 455 426 328 911 2200 483 
143 631 599 504 95 270 352 510 1050 193 298 525 897 884 451 466 506 434 424 339 923 2203 456 
144 676 558 516 112 254 357 503 1059 192 301 531 878 876 443 444 522 432 428 344 905 2247 463 
145 676 566 527 113 248 352 535 1065 189 296 545 807 920 444 446 541 432 438 343 882 2294 469 
146 691 552 546 111 240 351 539 1058 168 312 553 816 896 446 445 543 441 437 332 891 2299 474 
147 702 560 551 116 237 365 530 1061 166 310 555 859 885 455 450 556 462 437 313 893 2337 469 
148 691 576 544 120 238 383 522 1043 161 311 553 886 869 457 454 545 479 440 307 855 2387 477 
149 695 580 542 125 241 393 545 996 150 306 550 900 845 461 447 559 476 420 328 864 2365 475 
150 703 587 548 128 238 401 555 986 143 312 546 915 805 472 459 567 475 414 322 884 2289 477 
151 701 595 553 127 236 406 561 986 153 318 550 924 798 466 469 569 482 413 315 874 2238 485 
152 682 610 552 130 238 421 535 979 153 321 549 908 819 472 464 571 485 396 329 874 2212 503 
153 709 611 554 128 236 439 546 981 157 318 561 915 832 478 468 583 477 410 324 864 2177 490 
154 724 613 552 132 231 440 539 992 172 321 551 928 839 491 467 603 474 409 316 882 2108 494 
155 735 600 566 131 244 475 539 992 173 322 545 918 830 497 469 605 463 415 331 880 2125 458 
156 726 612 576 131 241 487 546 1001 181 307 551 923 827 496 477 618 471 426 324 884 2171 473 
157 724 618 574 131 248 488 567 1012 193 305 536 935 831 492 503 607 476 440 317 885 2184 482 
158 706 627 568 127 249 496 572 1020 196 283 551 947 848 478 500 616 487 448 322 854 2222 490 
159 707 618 555 134 252 494 564 1023 188 291 581 947 915 397 481 624 495 447 302 815 2259 502 
160 697 626 570 136 247 511 545 1053 188 290 603 948 894 421 472 632 464 454 303 806 2259 517 
161 664 620 567 136 250 520 556 1048 185 295 617 950 884 432 473 627 456 443 293 787 2314 524 
162 701 598 577 137 241 536 548 1081 176 306 618 925 895 430 476 630 436 447 296 772 2349 503 
163 725 568 617 141 246 564 533 1103 168 310 618 946 878 441 480 632 430 442 304 786 2362 468 
164 730 559 635 138 255 616 497 1146 169 319 628 971 871 437 483 626 437 454 282 807 2386 430 
165 770 537 654 142 257 608 534 1079 177 341 597 965 856 440 500 628 495 429 288 805 2364 443 
166 780 530 674 142 264 611 569 1085 179 350 614 947 851 449 508 645 480 430 284 843 2283 434 
167 781 539 678 137 263 610 564 1071 180 350 633 916 841 458 512 655 506 413 273 938 2154 441 
168 800 545 700 133 262 604 550 1069 179 357 612 898 830 459 529 640 535 414 274 968 2083 456 
169 804 519 724 129 262 599 530 1065 172 372 590 886 827 464 539 643 528 390 271 960 2099 462 
170 782 539 726 132 259 592 528 1089 187 366 563 887 792 470 559 642 497 391 283 919 2151 476 
171 753 552 718 139 268 599 496 1113 194 366 578 868 809 487 584 631 486 382 298 908 2173 478 
172 729 591 745 116 276 614 469 1081 250 347 578 863 820 495 589 650 466 384 300 878 2221 484 
173 698 618 762 120 277 602 469 1075 248 346 573 823 860 495 587 660 453 382 297 898 2223 491 
174 718 589 735 122 269 625 484 1042 248 327 578 836 864 494 578 661 442 395 305 892 2236 506 
175 717 578 731 124 275 616 500 1059 235 323 588 857 865 493 579 667 414 394 312 858 2294 510 
176 702 582 733 115 283 613 494 1068 233 317 580 867 874 483 577 665 415 400 311 857 2320 518 
177 720 577 709 120 278 617 501 1064 227 299 587 887 867 473 580 661 411 411 308 854 2326 521 
178 727 570 708 119 276 623 500 1079 230 305 596 881 897 428 657 597 418 406 301 862 2325 524 
179 739 564 722 117 282 610 528 1077 227 313 599 891 902 431 668 594 423 412 296 829 2368 527 
180 748 540 755 126 284 581 558 1068 227 323 608 882 918 433 663 602 419 431 296 802 2406 539 
181 749 536 753 129 284 566 557 1077 221 324 622 895 897 439 672 616 429 443 299 823 2343 520 
182 729 562 771 127 285 543 553 1080 216 324 613 907 882 439 677 624 441 446 293 834 2289 493 
183 733 565 828 123 290 529 552 1087 217 329 621 908 861 445 708 608 466 482 255 848 2218 432 
184 745 574 816 121 292 559 546 1083 216 334 630 925 843 457 718 616 481 473 253 842 2174 432 
185 746 582 816 125 303 558 527 1073 214 358 616 933 829 443 741 608 490 468 248 843 2121 437 
186 750 579 810 127 306 549 534 1086 208 358 619 962 778 453 777 604 487 458 260 810 2170 431 
187 750 581 831 132 310 537 533 1107 214 362 623 905 792 454 785 616 484 450 270 773 2245 429 
188 738 584 850 128 318 539 516 1121 198 357 633 870 818 462 797 630 484 437 276 776 2270 420 
189 729 601 841 129 326 529 504 1143 193 349 666 822 833 463 787 636 475 431 278 783 2298 427 
190 733 610 856 132 318 526 501 1168 188 369 638 828 842 463 792 628 476 429 280 784 2324 424 
191 748 618 878 128 326 501 500 1172 184 366 597 859 844 469 798 634 486 437 281 782 2378 424 
192 739 611 893 129 321 497 501 1201 187 378 597 864 837 470 797 639 489 447 279 844 2305 423 
193 749 606 913 130 321 501 502 1168 203 337 617 862 860 456 799 648 496 450 282 871 2266 437 
194 765 606 915 133 320 504 482 1159 195 340 604 883 869 447 793 653 502 457 287 865 2246 448 
195 767 608 931 137 299 508 498 1133 206 341 592 899 858 443 802 660 506 462 292 871 2228 462 
196 774 616 975 124 315 492 509 1110 203 328 600 904 872 447 798 659 537 466 285 885 2183 467 
197 770 620 958 127 308 493 527 1089 221 319 604 927 878 460 789 636 535 464 280 933 2107 488 
198 780 623 946 122 317 496 533 1075 229 316 618 944 897 462 787 637 548 469 284 933 2112 500 
199 767 666 922 133 320 468 546 1056 210 339 610 959 885 467 826 612 555 490 294 918 2117 512 
200 788 678 898 132 316 488 532 1072 215 343 638 922 874 470 825 609 559 493 288 900 2145 517 
201 768 674 925 133 318 473 516 1109 212 346 650 883 884 465 855 605 572 459 299 873 2165 506 
202 776 671 928 138 325 515 479 1132 205 360 669 837 862 480 853 599 577 464 299 855 2193 463 
203 805 629 918 141 332 536 467 1147 213 343 651 843 828 497 883 599 596 463 310 865 2205 477 
204 796 619 918 158 344 540 497 1157 210 337 642 865 792 506 899 579 585 453 301 882 2206 481 
205 808 623 896 164 355 552 511 1164 207 331 631 864 824 462 935 572 573 457 305 884 2212 481 
206 802 646 878 166 352 543 524 1163 209 328 636 861 853 436 923 599 589 457 308 896 2226 484 
207 822 651 884 170 346 546 499 1177 213 327 624 879 863 442 932 588 560 440 318 873 2254 483 
208 831 663 865 174 354 553 479 1183 215 306 616 891 881 450 950 608 622 418 327 791 2324 496 
209 824 681 860 174 348 538 470 1199 211 309 604 901 898 438 961 614 620 425 318 764 2328 486 
210 807 713 838 175 348 535 489 1151 216 336 551 927 869 446 994 618 624 426 315 770 2337 496 
211 810 690 852 177 346 541 480 1141 217 345 549 931 877 461 947 612 641 419 309 802 2340 486 
212 805 692 889 180 349 513 494 1117 220 345 566 942 823 476 924 638 645 424 278 859 2352 495 
213 764 725 902 173 365 499 515 1102 224 354 576 956 788 475 923 636 664 427 269 883 2375 500 
214 753 721 923 176 369 497 524 1104 221 343 588 947 795 478 898 642 691 418 272 880 2377 504 
215 774 670 942 172 366 493 525 1112 220 339 621 929 830 483 851 667 685 426 273 899 2321 520 
216 769 639 947 169 380 500 525 1171 220 342 634 912 848 489 878 658 663 437 280 898 2266 525 
217 777 618 959 164 391 501 503 1176 223 351 615 891 872 493 895 656 640 442 276 910 2194 537 
218 744 617 939 166 389 515 472 1207 222 362 602 873 879 482 901 631 637 440 283 924 2150 535 
219 747 614 937 166 398 503 474 1229 219 373 591 840 886 478 921 601 637 438 291 912 2156 539 
220 737 642 923 165 413 504 490 1251 223 385 577 858 914 463 902 583 608 457 298 904 2116 516 
221 726 681 865 184 413 494 471 1233 223 382 578 871 859 501 912 587 652 474 304 888 2139 509 
222 718 706 832 172 435 476 512 1198 223 387 581 885 799 501 947 601 640 475 311 856 2197 496 
223 700 733 832 177 439 474 537 1124 232 389 598 883 780 503 982 606 623 511 313 817 2235 469 
224 674 776 859 180 425 480 530 1095 246 391 606 902 788 493 971 618 657 508 319 839 2232 484 
225 676 757 882 186 429 470 527 1073 253 395 610 907 807 478 949 620 677 494 304 830 2252 491 
226 686 742 902 184 424 457 519 1100 256 400 623 924 841 470 910 594 701 457 303 871 2266 499 
227 692 722 921 190 420 434 504 1133 250 396 575 932 860 461 910 600 700 472 305 868 2284 513 
228 718 700 918 182 409 429 504 1152 259 400 596 954 883 451 835 614 707 485 300 858 2305 512 
229 745 689 960 183 416 432 486 1195 259 391 572 964 883 435 864 619 729 490 305 856 2301 475 
230 752 683 981 185 409 439 488 1199 260 383 555 967 887 427 899 632 749 494 306 868 2333 488 
231 783 670 993 186 419 435 470 1217 255 373 560 961 888 441 905 652 731 505 318 862 2348 495 
232 821 649 1004 184 426 441 464 1205 261 382 541 977 857 465 902 662 713 504 337 836 2374 509 
233 833 637 1001 178 426 453 471 1207 256 383 526 972 821 474 907 611 681 535 367 890 2374 515 
234 814 656 976 205 429 478 482 1230 244 387 523 981 814 473 919 557 680 531 361 892 2363 509 
235 793 660 967 204 422 477 485 1248 244 411 513 954 793 495 912 568 667 493 366 871 2389 508 
236 745 681 950 244 416 491 495 1279 226 410 492 910 812 486 950 572 673 487 362 904 2310 495 
237 714 695 938 241 442 500 495 1255 230 397 471 881 833 480 963 568 685 472 347 914 2245 481 
238 718 693 944 246 443 483 535 1217 248 403 472 903 853 456 962 557 707 460 355 925 2210 479 
239 715 717 946 254 424 496 543 1190 242 402 479 909 843 461 952 586 727 483 323 916 2158 465 
240 713 722 921 259 446 507 525 1170 240 392 475 918 853 449 976 593 768 470 316 950 2119 478 
241 710 734 929 259 442 513 523 1190 224 409 483 919 865 445 978 607 786 466 301 976 2093 487 
242 710 746 925 257 449 528 500 1222 245 393 481 939 877 426 981 618 755 468 300 986 2065 505 
243 719 747 963 259 460 521 495 1237 242 394 493 961 861 439 986 626 738 470 301 972 2109 512 
244 718 740 983 252 469 528 493 1245 245 391 493 968 882 436 1002 635 711 466 296 976 2119 506 
245 713 765 969 259 491 525 471 1251 242 389 468 994 897 454 1010 649 723 469 269 968 2139 514 
246 698 783 981 263 501 541 461 1266 246 394 462 1011 867 470 1000 664 717 444 271 960 2153 510 
247 707 753 1008 247 535 532 447 1290 250 409 450 1004 851 460 965 658 695 445 279 942 2206 520 
248 707 737 1028 235 545 515 467 1298 255 401 433 961 837 463 993 624 686 465 280 907 2233 533 
249 735 696 1032 236 545 503 469 1330 241 395 449 953 801 472 1015 587 692 482 278 895 2282 542 
250 774 673 1024 244 566 512 476 1353 240 394 446 922 747 507 1030 601 699 479 276 860 2316 554 
251 767 695 1043 244 569 505 506 1289 251 380 470 896 783 491 1011 596 731 473 282 868 2318 510 
252 731 702 1036 244 589 487 515 1268 266 380 488 882 787 504 1006 595 752 470 291 877 2345 484 
253 742 686 985 243 619 499 503 1260 264 370 498 872 846 496 968 586 790 455 295 871 2364 465 
254 696 707 1006 247 632 518 467 1254 266 380 510 849 846 478 963 574 812 445 306 860 2416 476 
255 697 712 1005 245 647 526 468 1250 268 384 511 855 880 466 941 588 801 438 315 865 2359 477 
256 700 706 1006 241 646 529 478 1230 288 375 505 876 903 468 925 576 807 434 311 853 2319 502 
257 709 692 1031 238 650 537 492 1217 309 353 511 897 924 444 920 584 809 444 307 845 2286 500 
258 737 684 1055 234 663 563 469 1208 331 355 512 896 927 417 902 590 798 439 324 857 2217 500 
259 761 676 1081 240 662 552 474 1206 314 353 536 929 917 427 880 580 792 452 322 883 2189 504 
260 790 655 1114 237 659 557 473 1177 324 360 529 970 922 440 829 578 801 456 306 973 2086 517 
261 745 688 1094 240 664 549 477 1127 350 356 516 984 880 473 831 585 831 459 307 961 2091 519 
262 740 672 1077 240 697 549 473 1168 345 354 508 967 847 493 871 587 867 458 270 944 2126 490 
263 716 656 1060 245 718 534 470 1178 348 347 506 919 834 499 881 589 843 467 269 910 2141 486 
264 690 655 1073 260 718 528 468 1215 354 332 505 933 778 487 883 611 820 466 261 905 2165 455 
265 684 683 1009 259 732 528 451 1216 372 325 492 904 805 481 937 616 793 469 276 884 2155 466 
266 694 678 993 261 749 532 455 1234 391 314 506 905 819 477 939 596 806 479 286 889 2166 472 
267 696 682 966 261 785 537 423 1263 391 318 516 886 858 454 930 619 778 513 291 858 2208 468 
268 698 691 944 246 809 519 406 1304 385 327 542 903 867 448 866 633 780 525 297 854 2204 477 
269 712 704 945 250 814 507 390 1270 411 335 538 922 887 440 853 636 777 518 305 863 2195 487 
270 708 706 979 255 798 487 421 1254 405 348 535 921 892 433 872 621 763 516 314 902 2146 488 
271 708 717 994 240 801 472 433 1252 381 349 538 920 834 478 894 615 746 531 316 869 2183 497 
272 716 723 996 240 805 467 460 1203 377 352 553 908 784 501 937 604 755 538 312 894 2193 495 
273 743 726 1010 234 797 460 465 1168 394 357 566 927 781 505 932 619 742 531 300 871 2199 498 
274 757 723 1035 237 806 456 458 1191 398 364 566 929 798 501 926 626 722 544 297 905 2201 502 
275 691 799 1060 217 838 449 459 1209 384 366 561 928 824 489 923 629 736 562 284 883 2242 506 
276 688 783 1057 218 858 460 451 1233 388 360 570 946 861 457 913 625 752 565 286 886 2248 520 
277 708 765 1072 219 875 470 436 1244 400 363 563 939 852 460 933 622 761 563 298 871 2291 530 
278 727 751 1086 221 893 475 397 1289 388 373 556 951 853 440 933 633 774 574 306 847 2319 533 
279 770 728 1116 222 894 475 388 1298 386 379 563 955 856 435 936 646 785 580 309 825 2358 534 
280 751 703 1104 229 886 489 383 1333 385 365 552 961 860 448 952 666 788 576 308 809 2375 530 
281 712 718 1090 231 887 507 360 1313 391 369 549 974 880 426 1000 637 809 580 324 802 2408 528 
282 705 714 1076 234 897 499 364 1296 381 349 538 983 884 437 1019 609 842 585 330 834 2363 524 
283 716 691 1048 229 908 514 376 1269 393 335 541 958 939 442 995 607 821 591 326 835 2341 526 
284 709 690 1060 232 898 494 381 1221 392 327 551 961 930 454 967 613 831 602 331 837 2307 510 
285 728 683 1032 233 904 502 387 1195 404 330 547 925 894 461 1002 599 857 577 340 861 2230 505 
286 744 686 1056 249 869 482 385 1181 399 334 543 921 875 456 1001 622 832 602 341 875 2171 472 
287 758 722 1052 248 890 435 395 1166 388 334 536 905 869 455 985 640 805 589 346 860 2120 477 
288 765 741 1011 269 893 479 363 1167 387 336 512 882 878 464 953 651 805 583 348 849 2139 488 
289 763 755 973 274 879 512 376 1126 377 341 501 848 863 494 939 673 818 588 333 826 2136 486 
290 772 751 963 275 884 505 368 1117 382 356 523 827 818 491 935 678 801 606 309 852 2137 486 
291 783 742 970 277 903 504 384 1085 384 361 515 842 785 498 906 703 801 599 311 840 2181 499 
292 804 743 983 274 919 487 402 1107 379 357 530 844 791 493 898 710 787 602 299 815 2211 523 
293 797 749 1003 275 918 487 390 1121 365 351 513 835 815 478 898 713 810 612 268 850 2172 537 
294 781 771 1005 309 897 503 377 1143 344 347 525 870 829 464 879 710 800 597 288 789 2259 524 
295 783 779 1028 322 892 508 375 1181 343 311 541 869 843 467 888 679 778 611 288 766 2269 518 
296 791 796 1050 326 885 501 366 1190 340 324 547 873 879 457 852 677 775 626 295 774 2295 517 
297 825 790 1065 328 895 480 368 1261 324 330 540 866 920 437 864 666 731 626 287 812 2298 504 
298 795 805 1075 345 902 453 355 1258 329 338 531 856 898 451 914 634 722 635 289 826 2292 510 
299 769 821 1073 352 919 448 372 1222 365 333 535 863 893 466 914 615 720 631 292 855 2313 498 
300 717 851 1043 375 929 449 391 1189 358 334 543 876 877 470 913 622 701 653 287 853 2362 501 
301 716 835 1035 376 927 463 391 1166 398 327 555 877 832 491 940 664 652 665 280 862 2359 461 
302 733 797 1058 386 950 468 412 1132 410 312 567 880 812 486 946 664 661 656 282 906 2332 451 
303 761 758 1039 385 1002 473 417 1143 397 327 571 890 780 488 991 664 657 648 292 861 2397 463 
304 782 700 1077 396 1018 440 419 1137 380 329 562 893 784 483 996 661 692 657 295 856 2360 449 
305 781 691 1032 394 1059 428 413 1121 363 327 576 931 789 488 938 688 695 670 307 888 2269 458 
306 806 653 999 393 1061 432 404 1131 371 324 605 916 792 489 888 681 704 677 314 892 2222 471 
307 827 664 1008 375 1090 409 406 1131 405 338 608 891 810 484 852 698 716 678 321 963 2143 470 
308 835 665 973 378 1080 438 395 1143 406 345 596 890 816 491 845 689 730 678 321 1022 2050 460 
309 858 668 968 382 1089 452 408 1156 387 344 580 882 812 499 864 693 734 676 315 1053 2018 474 
310 838 681 959 380 1103 456 403 1166 384 356 543 838 888 475 855 691 760 694 311 1047 2058 476 
311 828 680 956 368 1115 463 403 1169 380 363 527 822 868 460 878 707 776 669 306 1011 2095 483 
312 771 726 941 379 1110 474 400 1192 376 389 542 841 790 470 896 690 771 661 300 984 2141 497 
313 757 741 938 372 1083 488 377 1193 397 394 508 848 799 454 922 683 781 609 310 940 2198 507 
314 769 746 915 379 1090 479 368 1206 398 383 532 883 810 445 958 662 785 595 308 918 2195 510 
315 774 754 888 393 1085 482 360 1229 402 380 529 880 848 426 979 658 754 612 297 929 2210 513 
316 767 773 873 393 1097 460 365 1153 433 374 545 877 856 421 955 657 767 628 289 942 2205 510 
317 769 791 879 397 1088 453 349 1151 463 369 558 901 859 413 940 624 769 632 330 910 2237 529 
318 784 787 902 394 1112 441 344 1173 450 368 566 915 878 404 934 641 731 645 332 909 2234 535 
319 790 793 949 398 1053 424 392 1125 471 351 587 920 907 411 891 666 745 631 337 885 2261 545 
320 775 812 964 399 1092 424 400 1132 462 331 574 924 920 410 872 687 732 634 326 887 2290 550 
321 783 820 944 409 1104 425 396 1174 445 327 570 910 932 409 881 706 699 646 306 879 2300 539 
322 782 834 923 416 1128 409 406 1195 443 367 536 900 893 431 897 714 687 658 293 862 2340 545 
323 815 761 950 416 1146 404 411 1233 429 402 467 867 858 442 942 709 690 654 295 833 2365 526 
324 817 758 942 426 1168 406 433 1240 435 393 493 827 848 457 959 704 694 664 304 840 2395 508 
325 819 741 924 443 1185 412 427 1260 428 380 489 845 824 462 980 699 683 672 318 856 2325 517 
326 835 702 941 444 1203 412 419 1249 428 377 487 835 835 451 1014 701 681 675 318 942 2198 504 
327 836 704 936 458 1216 414 430 1266 435 359 513 847 827 467 926 719 654 698 331 965 2121 487 
328 846 710 910 432 1255 442 421 1322 402 365 566 846 812 468 876 753 663 680 324 942 2140 492 
329 847 750 874 434 1284 456 431 1276 397 363 553 852 791 479 866 741 696 668 318 926 2148 486 
330 864 754 874 448 1259 446 445 1243 425 351 547 852 804 485 880 746 697 667 313 925 2156 496 
331 871 755 880 455 1200 432 438 1230 431 358 505 868 823 467 902 754 709 650 297 940 2165 500 
332 890 747 855 457 1232 417 415 1233 430 369 480 866 820 478 911 734 717 639 297 923 2175 509 
333 887 748 845 448 1236 402 403 1216 443 370 487 858 815 493 949 713 719 621 292 948 2184 510 
334 887 760 837 462 1213 398 398 1201 434 393 492 874 802 484 955 676 728 632 291 914 2224 528 
335 869 793 826 475 1200 405 382 1226 415 395 496 901 788 472 971 666 743 644 293 863 2291 517 
336 857 778 815 481 1170 412 384 1251 418 397 505 909 807 459 953 660 763 651 290 841 2323 517 
337 846 761 807 508 1180 429 378 1276 411 395 524 916 828 435 929 641 721 680 310 859 2308 520 
338 829 775 809 518 1171 444 395 1270 412 401 524 909 824 449 907 653 768 636 314 851 2323 519 
339 781 790 790 516 1148 456 387 1276 418 405 539 921 839 443 873 663 746 645 306 843 2332 518 
340 782 823 781 542 1116 498 393 1245 445 400 491 916 848 450 909 674 728 657 307 795 2373 492 
341 780 835 793 535 1097 469 391 1225 443 409 496 921 842 450 917 667 693 699 310 781 2398 484 
342 781 834 758 549 1103 489 422 1181 472 393 496 939 846 463 932 665 688 712 308 766 2330 477 
343 802 848 753 573 1092 474 398 1192 481 387 499 916 812 466 974 676 683 708 315 804 2261 473 
344 808 852 730 592 1092 481 407 1187 476 392 537 902 840 468 926 678 692 667 293 825 2230 477 
345 804 816 737 599 1028 513 417 1175 479 395 542 891 852 467 896 686 699 632 308 866 2199 483 
346 809 821 755 618 1059 508 406 1117 513 397 552 885 899 478 841 677 691 624 322 893 2180 498 
347 825 820 749 623 1079 511 416 1123 501 412 557 869 874 502 879 679 712 604 320 904 2097 506 
348 827 839 741 626 1078 513 415 1177 485 423 549 867 864 490 890 683 693 629 318 883 2116 544 
349 836 870 743 629 1086 508 401 1255 472 429 535 855 825 521 898 692 680 626 313 874 2140 520 
350 859 837 788 611 1088 505 363 1295 468 433 525 826 825 504 927 702 681 652 310 887 2154 516 
351 867 832 816 620 1114 498 361 1348 452 443 498 849 857 468 944 723 673 663 303 875 2164 487 
352 868 854 785 598 1162 477 342 1389 432 448 471 869 832 463 971 707 708 658 298 868 2191 479 
353 876 867 769 611 1173 469 335 1387 438 444 478 886 830 454 975 689 706 660 289 843 2215 468 
354 874 881 753 624 1174 457 342 1357 444 429 502 906 802 463 954 684 680 694 291 823 2237 473 
355 883 896 735 633 1196 462 347 1358 440 416 524 906 827 453 920 666 681 675 291 820 2236 484 
356 887 914 740 619 1218 443 346 1338 455 412 528 908 846 449 923 644 678 675 287 840 2243 495 
357 867 935 751 611 1221 451 330 1326 476 432 533 911 859 437 908 651 679 640 300 834 2264 493 
358 859 938 770 602 1238 447 376 1280 476 468 522 890 869 436 891 655 707 627 324 781 2296 484 
359 861 958 789 598 1220 437 381 1341 466 432 527 891 885 441 893 649 707 614 310 770 2322 494 
360 875 946 763 589 1238 426 383 1363 453 422 536 918 888 445 866 655 731 627 309 772 2345 500 
361 876 919 767 566 1220 422 392 1368 450 415 515 911 900 450 888 651 753 646 320 777 2377 505 
362 872 938 771 565 1224 416 393 1399 431 406 516 920 866 462 908 644 763 653 294 802 2336 511 
363 889 930 774 574 1221 409 382 1402 421 397 523 931 833 477 908 654 767 654 280 828 2323 512 
364 914 904 807 590 1194 417 381 1387 439 373 530 936 814 479 932 659 769 659 275 901 2202 522 
365 907 892 818 599 1154 409 384 1395 446 367 542 948 799 477 943 670 774 664 286 916 2172 517 
366 911 862 852 612 1131 405 374 1416 455 372 555 912 796 471 988 684 783 650 286 994 2065 526 
367 917 846 853 635 1134 397 348 1428 486 357 570 906 805 470 964 686 790 628 293 957 2077 535 
368 936 825 854 648 1111 399 352 1465 470 361 577 866 849 464 968 680 763 644 291 945 2100 511 
369 966 801 864 631 1117 371 363 1484 482 357 592 852 859 453 948 701 777 622 296 904 2128 501 
370 954 813 873 588 1145 358 364 1492 475 364 606 820 870 458 940 733 784 593 309 851 2147 517 
371 971 831 859 578 1148 367 378 1507 473 360 603 827 898 468 895 733 780 592 314 811 2167 508 
372 977 852 830 582 1166 371 376 1527 473 362 615 831 914 456 886 749 751 601 338 795 2155 502 
373 990 862 782 591 1169 399 416 1463 499 356 618 855 871 486 885 776 719 596 339 760 2218 510 
374 975 896 790 632 1124 401 433 1443 502 362 615 846 866 475 893 787 726 597 334 782 2221 505 
375 940 894 803 651 1107 418 423 1453 455 369 600 850 853 493 882 778 776 547 337 785 2251 506 
376 918 901 820 665 1090 419 456 1396 450 370 628 848 847 507 855 786 793 559 347 788 2310 488 
377 893 933 832 697 1035 431 477 1364 439 391 580 860 824 496 879 804 778 562 347 788 2325 487 
378 903 924 829 690 1043 432 486 1321 456 394 567 879 807 480 887 829 754 571 343 799 2349 457 
379 894 899 866 646 1068 443 480 1339 449 394 566 889 806 474 868 846 741 575 337 799 2363 463 
380 944 855 851 640 1116 455 459 1401 456 414 555 889 821 463 887 810 728 584 342 805 2373 462 
381 956 816 838 623 1134 446 450 1424 436 419 564 899 829 458 911 828 707 593 293 829 2373 451 
382 1000 796 838 622 1158 433 480 1436 426 414 559 903 845 461 929 812 720 610 289 843 2367 459 
383 1008 755 844 619 1163 433 509 1438 407 430 548 916 860 449 933 792 710 624 293 833 2396 469 
384 969 790 836 631 1182 430 520 1450 402 415 576 920 854 453 967 746 726 638 298 857 2328 470 
385 939 820 850 603 1234 418 496 1489 405 403 587 942 860 436 933 750 721 657 286 891 2270 463 
386 910 850 857 581 1206 443 490 1524 396 389 597 906 881 434 901 769 728 646 276 923 2180 463 
387 906 834 864 576 1169 466 459 1586 390 374 600 867 879 444 909 781 752 625 273 979 2076 461 
388 900 826 844 589 1161 459 479 1527 386 381 600 836 900 441 916 772 770 616 274 978 2115 465 
389 902 818 801 634 1127 438 502 1508 370 378 602 790 932 448 950 780 741 612 249 994 2139 473 
390 919 812 802 626 1127 436 514 1490 362 385 607 797 899 459 941 781 722 595 287 958 2145 474 
391 931 802 781 644 1118 448 499 1503 326 402 605 796 856 461 963 776 716 592 293 936 2151 475 
392 938 792 767 641 1148 457 483 1521 284 434 619 798 809 483 944 813 735 548 286 918 2212 477 
393 985 773 741 621 1159 470 481 1487 293 443 598 801 830 484 927 831 742 564 281 906 2230 484 
394 968 763 767 606 1189 477 511 1454 313 427 583 812 846 485 908 844 706 583 277 905 2278 498 
395 932 766 789 577 1240 455 493 1473 316 443 532 799 862 495 897 878 686 596 287 889 2305 495 
396 889 794 812 566 1251 457 474 1490 323 443 526 818 849 500 842 880 681 605 279 896 2334 496 
397 872 803 819 567 1223 469 455 1466 324 437 522 819 840 481 868 863 686 587 308 870 2361 499 
398 845 809 834 586 1163 467 451 1438 326 440 512 814 872 450 882 862 696 578 309 828 2397 497 
399 856 808 843 566 1151 472 454 1430 328 435 528 813 887 449 892 859 694 571 305 858 2302 501 
400 856 803 833 581 1135 482 458 1411 343 431 524 818 904 446 910 826 715 549 325 896 2184 512 
401 869 777 831 586 1110 470 443 1426 370 397 537 833 900 438 920 820 731 543 331 915 2133 511 
402 856 795 808 616 1084 464 444 1433 364 382 537 846 866 424 938 800 732 535 329 900 2182 520 
403 864 781 845 603 1020 466 440 1468 355 391 536 867 858 420 944 798 735 544 319 876 2183 511 
404 875 759 837 608 1021 487 441 1489 352 407 529 892 856 424 942 814 740 551 314 857 2200 509 
405 904 748 840 622 1017 482 430 1513 353 417 539 906 830 428 959 826 752 553 316 822 2239 514 
406 937 750 815 647 1027 494 414 1557 335 418 543 915 781 459 967 841 773 565 309 807 2274 512 
407 938 767 800 645 1020 484 419 1565 333 419 545 891 782 466 978 850 742 562 304 810 2290 521 
408 952 785 767 676 1045 471 431 1570 329 432 530 883 805 470 926 852 725 564 309 806 2296 523 
409 963 791 769 659 1029 486 420 1573 329 441 525 865 822 477 917 830 725 569 322 797 2320 526 
410 943 818 755 659 1032 468 381 1603 322 439 506 855 840 470 900 857 703 568 332 743 2383 534 
411 906 854 714 644 1068 488 362 1623 320 441 520 886 851 470 849 873 672 583 319 826 2282 541 
412 871 880 706 611 1105 464 372 1628 310 439 521 870 886 472 849 869 684 591 318 861 2241 537 
413 830 896 729 576 1147 476 370 1627 304 445 511 829 905 462 853 889 681 595 315 935 2165 523 
414 819 873 746 571 1166 452 365 1649 290 450 514 754 910 455 902 881 673 618 322 925 2145 529 
415 782 898 757 576 1182 443 382 1606 294 456 513 773 870 460 914 911 700 622 287 942 2114 522 
416 796 879 762 591 1216 423 389 1590 296 439 544 774 864 463 920 905 712 624 282 931 2147 508 
417 824 859 754 598 1237 412 392 1557 319 440 546 794 852 471 947 907 716 617 278 923 2167 510 
418 836 845 756 611 1252 410 392 1547 329 432 546 788 849 472 941 910 721 622 272 887 2191 513 
419 853 829 793 600 1236 414 398 1515 359 426 575 806 824 468 969 907 734 625 264 878 2208 512 
420 892 769 834 600 1153 452 452 1440 376 433 581 806 773 460 953 921 743 628 268 865 2244 470 
421 886 791 832 647 1106 448 462 1447 374 436 608 806 778 471 927 955 770 624 268 871 2255 455 
422 889 795 851 620 1124 411 466 1467 363 436 610 812 779 465 924 947 787 640 251 861 2263 473 
423 897 780 826 623 1099 405 468 1475 366 434 595 806 796 473 975 886 784 655 253 850 2282 483 
424 910 775 845 628 1052 410 471 1481 358 437 617 811 802 475 958 840 765 626 279 850 2320 482 
425 941 773 830 625 1068 417 465 1510 334 434 626 831 822 472 936 844 726 625 284 871 2343 471 
426 948 766 805 632 1080 399 468 1521 319 438 625 819 861 468 910 859 721 609 303 877 2321 472 
427 913 773 781 633 1098 398 472 1531 324 417 624 817 879 459 895 870 701 595 297 861 2342 475 
428 906 770 786 617 1127 391 508 1517 338 377 657 823 869 465 908 871 706 561 328 845 2339 474 
429 890 773 770 626 1154 400 517 1535 339 390 663 819 875 465 908 874 721 580 330 849 2345 484 
430 898 762 744 631 1195 377 513 1583 317 379 680 835 883 474 917 858 793 542 338 844 2349 496 
431 867 772 736 637 1244 371 504 1615 320 367 686 843 907 473 918 876 805 551 332 801 2414 508 
432 824 798 746 639 1238 363 486 1648 305 362 699 854 885 478 930 892 802 549 328 855 2286 505 
433 820 771 791 650 1211 367 517 1587 316 361 693 904 827 491 938 871 818 554 324 874 2237 471 
434 817 751 834 680 1161 384 521 1560 318 365 691 914 814 487 939 895 830 558 309 866 2209 475 
435 835 736 805 617 1201 407 508 1553 329 357 676 909 811 491 956 870 860 551 305 844 2189 484 
436 843 743 797 606 1202 411 464 1577 331 355 679 895 787 500 965 873 858 555 335 865 2100 504 
437 884 732 852 562 1157 407 476 1564 313 359 656 877 811 493 1007 850 848 560 344 866 2145 504 
438 896 731 838 575 1160 401 515 1523 311 360 647 832 839 476 1051 818 809 576 366 909 2133 507 
439 906 723 860 571 1139 403 542 1482 316 360 638 840 859 469 1021 828 804 579 367 895 2182 509 
440 953 668 860 580 1109 392 526 1507 322 372 637 842 871 466 991 866 791 589 363 825 2292 516 
441 925 690 841 594 1144 407 530 1512 333 385 624 880 872 453 964 885 779 598 354 805 2326 517 
442 909 703 807 617 1161 401 523 1537 341 406 583 885 904 430 947 920 744 587 351 787 2333 518 
443 882 724 821 599 1168 380 526 1555 337 417 541 868 901 440 1025 892 754 598 343 756 2380 532 
444 879 736 799 605 1185 383 545 1573 374 435 534 897 878 451 1065 864 766 587 341 802 2287 464 
445 843 754 802 614 1196 374 560 1593 383 443 537 914 841 439 1066 857 795 601 338 814 2239 463 
446 831 770 796 633 1189 363 531 1607 393 451 538 925 816 438 1091 774 853 576 335 822 2195 472 
447 822 778 792 639 1197 356 537 1644 403 447 539 929 807 451 1080 802 831 566 326 868 2134 468 
448 803 794 775 651 1239 350 579 1584 409 455 545 943 811 449 1061 805 787 552 350 894 2135 476 
449 771 846 770 658 1257 335 619 1488 401 452 575 918 809 459 1013 849 777 562 343 842 2165 479 
450 779 801 761 660 1260 357 612 1523 363 454 582 884 833 468 961 874 795 576 317 826 2195 498 
451 791 770 714 666 1306 364 598 1574 357 493 533 880 829 473 952 870 799 589 320 826 2222 517 
452 813 754 718 670 1313 373 579 1593 362 479 573 909 783 489 959 868 801 591 322 819 2238 503 
453 857 720 706 656 1331 377 582 1627 372 469 598 857 811 480 1006 889 805 596 325 818 2259 486 
454 860 728 699 660 1297 369 561 1656 380 458 615 837 806 490 1026 902 818 588 312 801 2290 484 
455 862 732 741 664 1246 352 535 1723 388 449 617 855 831 489 1064 904 817 564 303 764 2307 475 
456 860 743 781 700 1175 364 529 1662 395 446 642 849 840 496 1071 911 888 515 318 783 2307 448 
457 867 753 795 698 1187 360 510 1647 387 428 664 864 849 484 1034 956 903 525 313 833 2270 458 
458 850 789 807 663 1220 353 478 1656 370 412 680 844 888 468 1036 957 879 541 316 842 2281 468 
459 858 792 864 650 1253 301 528 1570 393 404 688 860 899 463 999 948 894 537 320 867 2293 473 
460 847 808 857 673 1278 306 534 1573 396 400 703 867 857 475 962 939 855 535 324 885 2286 484 
461 859 772 856 689 1316 314 577 1507 420 396 698 880 820 458 973 944 821 532 350 858 2314 492 
462 861 772 851 693 1325 336 584 1536 429 376 687 908 828 420 958 966 803 545 362 849 2323 492 
463 853 791 890 680 1303 330 575 1563 418 379 694 906 802 438 980 947 797 555 366 819 2351 474 
464 867 803 881 684 1279 330 555 1588 415 394 676 924 824 432 1013 928 811 562 353 814 2371 474 
465 878 807 929 685 1294 314 558 1620 404 396 675 921 806 440 1025 904 834 577 347 838 2364 446 
466 881 822 930 750 1250 314 554 1631 403 393 663 882 848 413 1056 878 850 582 352 832 2404 451 
467 894 835 920 756 1247 315 544 1656 390 398 619 880 850 416 1091 875 855 586 343 868 2318 450 
468 856 883 923 751 1221 312 521 1689 386 403 627 828 883 415 1079 846 878 567 332 892 2260 456 
469 867 873 934 726 1198 306 505 1678 380 405 664 840 889 419 1060 829 889 536 338 882 2250 439 
470 866 852 905 700 1230 308 501 1679 388 389 673 832 908 422 1043 830 885 504 340 977 2124 450 
471 882 843 900 696 1193 335 516 1671 400 367 684 851 888 432 1019 819 875 494 333 986 2141 459 
472 871 842 876 702 1175 349 522 1633 402 364 699 873 868 439 994 790 885 509 329 1001 2141 466 
473 869 843 857 666 1227 345 551 1615 433 369 707 873 859 456 983 805 862 530 314 963 2211 471 
474 870 823 844 646 1243 337 531 1605 426 367 731 875 837 455 980 821 863 529 323 920 2249 482 
475 871 813 807 680 1248 332 548 1592 421 370 736 874 824 464 964 825 849 540 329 903 2258 485 
476 899 787 806 680 1286 325 542 1585 407 384 742 936 798 461 933 848 827 566 342 900 2263 491 
477 920 748 814 680 1295 320 550 1588 393 391 745 939 816 458 942 820 818 568 352 878 2294 488 
478 877 806 838 684 1316 300 523 1618 407 398 749 944 813 460 978 782 735 609 344 880 2310 495 
479 888 823 865 681 1305 307 502 1622 392 404 747 954 813 465 992 768 766 593 345 876 2331 505 
480 887 826 881 693 1334 310 486 1630 385 430 745 926 814 466 989 755 773 601 345 856 2363 507 
481 894 812 887 702 1366 312 491 1614 385 440 756 916 817 466 983 768 797 606 338 865 2378 516 
482 907 817 897 711 1367 314 519 1592 379 435 777 868 844 463 981 760 809 613 339 875 2330 525 
483 906 811 861 726 1392 318 546 1557 408 416 785 855 877 455 1001 777 814 613 328 859 2311 537 
484 932 800 855 684 1414 344 548 1516 458 387 796 817 927 449 1018 788 817 601 337 849 2289 500 
485 949 783 858 678 1380 347 570 1460 446 373 786 870 882 447 984 836 833 605 311 858 2246 505 
486 979 773 822 650 1386 367 548 1490 437 368 779 903 864 457 993 798 829 610 306 904 2173 503 
487 951 788 852 687 1323 372 540 1513 437 376 801 912 843 461 969 776 815 635 285 922 2109 506 
488 963 779 869 718 1280 367 518 1567 437 368 798 933 813 480 955 791 799 655 276 897 2149 506 
489 934 801 893 731 1266 349 534 1572 440 362 788 961 778 482 951 774 786 666 281 875 2168 495 
490 841 862 898 773 1246 353 529 1635 421 351 757 941 797 485 1003 752 797 642 286 881 2187 488 
491 881 819 909 772 1283 345 542 1694 377 353 746 944 809 487 998 734 766 636 298 876 2218 514 
492 901 802 937 758 1272 342 538 1678 372 345 732 954 832 477 964 690 787 603 293 874 2267 524 
493 933 760 910 753 1296 343 543 1648 382 348 738 965 840 480 945 693 770 597 286 836 2298 518 
494 945 732 902 743 1333 327 553 1601 376 329 766 981 855 476 973 683 783 581 289 850 2307 514 
495 927 728 905 750 1310 316 587 1566 368 333 764 967 850 468 1010 686 770 565 288 823 2312 512 
496 920 719 924 718 1302 325 579 1546 375 341 763 946 849 502 1030 706 781 543 294 810 2330 518 
497 882 774 885 716 1333 340 596 1458 375 346 790 935 878 474 1046 720 812 525 300 799 2373 502 
498 863 783 930 696 1312 352 592 1483 373 348 792 919 890 475 1029 747 762 564 307 767 2394 483 
499 846 804 890 700 1300 341 593 1473 373 355 791 890 938 453 983 755 719 587 300 758 2397 502 