0 0.000 0.000 0.000 0.000 0.000 0.000 0.000 0.018 0.000 0.000 0.000 0.000 0.000 0.000 0.000 0.000 0.000 0.000 0.000 0.000 0.000 0.702 
1 0.000 0.000 0.051 0.000 0.000 0.000 0.000 0.018 0.007 0.000 0.000 0.000 0.000 0.000 0.000 0.000 0.000 0.000 0.000 0.000 0.000 0.717 
2 0.000 0.000 0.035 0.000 0.000 0.000 0.059 0.023 0.006 0.004 0.000 0.000 0.000 0.000 0.000 0.000 0.000 0.000 0.000 0.000 0.000 0.722 
3 0.000 0.000 0.031 0.000 0.000 0.000 0.059 0.025 0.006 0.004 0.003 0.000 0.000 0.000 0.000 0.000 0.000 0.000 0.000 0.000 0.000 0.730 
4 0.000 0.000 0.046 0.000 0.000 0.000 0.050 0.023 0.006 0.004 0.003 0.000 0.000 0.000 0.000 0.000 0.000 0.000 0.000 0.000 0.000 0.736 
5 0.000 0.000 0.047 0.000 0.000 0.000 0.050 0.022 0.006 0.004 0.003 0.000 0.000 0.000 0.000 0.000 0.000 0.000 0.000 0.000 0.000 0.739 
6 0.000 0.000 0.049 0.000 0.000 0.000 0.053 0.022 0.006 0.004 0.003 0.000 0.000 0.000 0.000 0.000 0.000 0.000 0.000 0.000 0.000 0.750 
7 0.000 0.002 0.048 0.000 0.000 0.000 0.056 0.017 0.006 0.005 0.003 0.000 0.000 0.000 0.000 0.000 0.000 0.000 0.000 0.000 0.000 0.744 
8 0.000 0.002 0.052 0.000 0.000 0.000 0.050 0.017 0.006 0.005 0.003 0.000 0.000 0.000 0.000 0.000 0.000 0.000 0.000 0.000 0.000 0.726 
9 0.000 0.002 0.052 0.000 0.000 0.000 0.095 0.020 0.006 0.005 0.003 0.000 0.000 0.000 0.000 0.000 0.000 0.000 0.000 0.000 0.000 0.727 
10 0.000 0.002 0.053 0.000 0.000 0.000 0.095 0.017 0.006 0.000 0.003 0.000 0.000 0.000 0.000 0.000 0.000 0.000 0.000 0.000 0.000 0.718 
11 0.000 0.036 0.051 0.000 0.000 0.000 0.130 0.017 0.006 0.000 0.003 0.000 0.000 0.000 0.000 0.000 0.000 0.000 0.000 0.000 0.000 0.704 
12 0.000 0.035 0.067 0.000 0.000 0.000 0.125 0.017 0.006 0.000 0.003 0.000 0.000 0.000 0.000 0.000 0.000 0.000 0.000 0.000 0.000 0.698 
13 0.000 0.034 0.052 0.000 0.000 0.143 0.125 0.036 0.006 0.005 0.003 0.000 0.000 0.000 0.000 0.000 0.000 0.000 0.000 0.000 0.000 0.693 
14 0.000 0.036 0.034 0.000 0.000 0.143 0.463 0.039 0.006 0.004 0.003 0.000 0.000 0.000 0.000 0.000 0.000 0.000 0.000 0.000 0.000 0.698 
15 0.000 0.041 0.032 0.000 0.000 0.167 0.488 0.049 0.006 0.004 0.003 0.000 0.000 0.000 0.000 0.000 0.000 0.000 0.000 0.000 0.000 0.713 
16 0.000 0.040 0.030 0.000 0.000 0.333 0.455 0.051 0.006 0.004 0.003 0.000 0.000 0.000 0.000 0.000 0.000 0.000 0.000 0.000 0.000 0.718 
17 0.000 0.037 0.029 0.000 0.000 0.333 0.413 0.051 0.007 0.004 0.003 0.000 0.000 0.000 0.000 0.000 0.000 0.000 0.000 0.000 0.000 0.710 
18 0.000 0.059 0.030 0.000 0.000 0.333 0.455 0.052 0.007 0.004 0.006 0.000 0.000 0.000 0.000 0.000 0.000 0.000 0.000 0.000 0.000 0.707 
19 0.000 0.057 0.038 0.000 0.000 0.091 0.457 0.052 0.007 0.004 0.006 0.000 0.000 0.000 0.000 0.000 0.000 0.000 0.000 0.000 0.000 0.683 
20 0.000 0.053 0.038 0.000 0.000 0.095 0.438 0.058 0.067 0.004 0.006 0.000 0.000 0.000 0.000 0.000 0.000 0.000 0.000 0.000 0.000 0.682 
21 0.000 0.052 0.040 0.000 0.000 0.281 0.417 0.058 0.068 0.004 0.006 0.000 0.000 0.000 0.000 0.000 0.000 0.000 0.000 0.000 0.000 0.676 
22 0.000 0.051 0.040 0.000 0.000 0.290 0.375 0.056 0.073 0.004 0.006 0.000 0.000 0.000 0.000 0.000 0.000 0.000 0.000 0.000 0.000 0.685 
23 0.000 0.048 0.057 0.000 0.000 0.290 0.417 0.056 0.056 0.004 0.006 0.000 0.000 0.000 0.000 0.000 0.000 0.000 0.000 0.000 0.000 0.699 
24 0.000 0.054 0.056 0.000 0.000 0.294 0.438 0.057 0.055 0.004 0.005 0.000 0.000 0.000 0.000 0.000 0.000 0.000 0.000 0.000 0.000 0.716 
25 0.000 0.055 0.056 0.000 0.000 0.303 0.386 0.058 0.006 0.045 0.005 0.000 0.000 0.000 0.000 0.000 0.000 0.000 0.000 0.000 0.000 0.722 
26 0.000 0.052 0.058 0.000 0.000 0.286 0.418 0.046 0.007 0.043 0.005 0.000 0.000 0.000 0.000 0.000 0.000 0.000 0.000 0.000 0.000 0.722 
27 0.000 0.048 0.056 0.000 0.000 0.333 0.426 0.044 0.007 0.042 0.005 0.000 0.000 0.000 0.000 0.000 0.000 0.000 0.000 0.000 0.000 0.718 
28 0.000 0.047 0.056 0.000 0.000 0.324 0.459 0.042 0.007 0.042 0.005 0.000 0.000 0.000 0.000 0.000 0.000 0.000 0.000 0.000 0.000 0.721 
29 0.000 0.051 0.057 0.000 0.000 0.344 0.353 0.045 0.007 0.038 0.005 0.000 0.000 0.000 0.000 0.000 0.000 0.000 0.000 0.000 0.000 0.715 
30 0.000 0.055 0.057 0.000 0.000 0.344 0.357 0.050 0.014 0.030 0.007 0.000 0.000 0.000 0.000 0.000 0.000 0.000 0.000 0.000 0.000 0.708 
31 0.000 0.054 0.080 0.000 0.000 0.406 0.360 0.049 0.016 0.031 0.007 0.000 0.000 0.000 0.000 0.000 0.000 0.000 0.000 0.000 0.000 0.693 
32 0.000 0.056 0.057 0.000 0.000 0.419 0.344 0.071 0.015 0.027 0.007 0.000 0.000 0.000 0.000 0.000 0.000 0.000 0.000 0.000 0.000 0.688 
33 0.000 0.055 0.060 0.000 0.000 0.452 0.444 0.069 0.020 0.021 0.007 0.000 0.000 0.000 0.000 0.000 0.000 0.000 0.000 0.000 0.000 0.671 
34 0.000 0.052 0.062 0.000 0.000 0.438 0.441 0.068 0.020 0.016 0.005 0.000 0.000 0.000 0.000 0.000 0.000 0.000 0.000 0.000 0.000 0.677 
35 0.000 0.051 0.066 0.000 0.000 0.452 0.449 0.065 0.020 0.020 0.003 0.000 0.000 0.000 0.000 0.000 0.000 0.000 0.000 0.000 0.000 0.686 
36 0.000 0.045 0.049 0.000 0.000 0.483 0.440 0.069 0.013 0.020 0.003 0.000 0.000 0.000 0.000 0.000 0.000 0.000 0.000 0.000 0.000 0.675 
37 0.000 0.039 0.047 0.000 0.000 0.481 0.426 0.069 0.014 0.019 0.003 0.000 0.000 0.000 0.000 0.000 0.000 0.000 0.000 0.000 0.000 0.669 
38 0.000 0.032 0.045 0.000 0.000 0.481 0.514 0.069 0.014 0.019 0.003 0.000 0.000 0.000 0.000 0.000 0.000 0.000 0.000 0.000 0.000 0.661 
39 0.000 0.033 0.045 0.000 0.000 0.448 0.490 0.057 0.014 0.015 0.005 0.000 0.000 0.000 0.000 0.000 0.000 0.000 0.000 0.000 0.000 0.662 
40 0.000 0.032 0.045 0.000 0.000 0.407 0.515 0.084 0.007 0.015 0.005 0.000 0.000 0.000 0.000 0.000 0.000 0.000 0.000 0.000 0.000 0.682 
41 0.000 0.032 0.043 0.000 0.000 0.357 0.491 0.088 0.007 0.018 0.005 0.000 0.000 0.000 0.000 0.000 0.000 0.000 0.000 0.000 0.000 0.704 
42 0.000 0.034 0.041 0.000 0.000 0.345 0.426 0.084 0.007 0.017 0.005 0.000 0.000 0.000 0.000 0.000 0.000 0.000 0.000 0.000 0.000 0.703 
43 0.000 0.035 0.052 0.000 0.000 0.370 0.394 0.087 0.007 0.017 0.005 0.000 0.000 0.000 0.000 0.000 0.000 0.000 0.000 0.000 0.000 0.722 
44 0.000 0.034 0.040 0.000 0.000 0.357 0.395 0.085 0.008 0.017 0.005 0.000 0.000 0.000 0.000 0.000 0.000 0.000 0.000 0.000 0.000 0.720 
45 0.000 0.034 0.039 0.000 0.000 0.310 0.392 0.079 0.007 0.014 0.008 0.000 0.000 0.000 0.000 0.000 0.000 0.000 0.000 0.000 0.000 0.705 
46 0.000 0.034 0.039 0.000 0.000 0.321 0.368 0.080 0.008 0.018 0.008 0.000 0.000 0.000 0.000 0.000 0.000 0.000 0.000 0.000 0.000 0.718 
47 0.000 0.033 0.038 0.000 0.000 0.296 0.363 0.079 0.008 0.017 0.005 0.000 0.000 0.000 0.000 0.000 0.000 0.000 0.000 0.000 0.000 0.727 
48 0.000 0.035 0.038 0.000 0.000 0.320 0.355 0.082 0.008 0.017 0.005 0.000 0.000 0.000 0.000 0.000 0.000 0.000 0.000 0.000 0.000 0.739 
49 0.000 0.034 0.038 0.000 0.000 0.346 0.364 0.088 0.008 0.018 0.005 0.000 0.000 0.000 0.000 0.000 0.000 0.000 0.000 0.000 0.000 0.751 
50 0.000 0.035 0.038 0.000 0.000 0.321 0.365 0.085 0.008 0.018 0.005 0.000 0.000 0.000 0.000 0.000 0.000 0.000 0.000 0.000 0.000 0.744 
51 0.000 0.035 0.038 0.000 0.000 0.310 0.370 0.104 0.009 0.020 0.005 0.000 0.000 0.000 0.000 0.000 0.000 0.000 0.000 0.000 0.000 0.732 
52 0.000 0.034 0.038 0.000 0.000 0.310 0.379 0.107 0.009 0.024 0.003 0.000 0.000 0.000 0.000 0.000 0.000 0.000 0.000 0.000 0.000 0.722 
53 0.000 0.031 0.052 0.000 0.000 0.345 0.390 0.103 0.008 0.020 0.003 0.000 0.000 0.000 0.000 0.000 0.000 0.000 0.000 0.000 0.000 0.710 
54 0.000 0.034 0.049 0.000 0.000 0.367 0.382 0.096 0.008 0.020 0.003 0.000 0.000 0.000 0.000 0.000 0.000 0.000 0.000 0.000 0.000 0.709 
55 0.000 0.034 0.049 0.000 0.000 0.367 0.393 0.097 0.008 0.030 0.002 0.000 0.000 0.000 0.000 0.000 0.000 0.000 0.000 0.000 0.000 0.694 
56 0.000 0.036 0.048 0.000 0.000 0.393 0.412 0.096 0.008 0.027 0.002 0.000 0.000 0.000 0.000 0.000 0.000 0.000 0.000 0.000 0.000 0.688 
57 0.000 0.036 0.042 0.000 0.000 0.407 0.426 0.097 0.009 0.027 0.002 0.000 0.000 0.000 0.000 0.000 0.000 0.000 0.000 0.000 0.000 0.696 
58 0.000 0.037 0.040 0.000 0.000 0.440 0.431 0.098 0.009 0.025 0.002 0.000 0.000 0.000 0.000 0.000 0.000 0.000 0.000 0.000 0.000 0.695 
59 0.000 0.038 0.039 0.000 0.000 0.400 0.411 0.095 0.009 0.028 0.002 0.000 0.000 0.000 0.000 0.000 0.000 0.000 0.000 0.000 0.000 0.677 
60 0.000 0.042 0.039 0.000 0.000 0.346 0.428 0.113 0.008 0.029 0.002 0.000 0.000 0.000 0.000 0.000 0.000 0.000 0.000 0.000 0.000 0.684 
61 0.000 0.039 0.039 0.000 0.000 0.333 0.415 0.108 0.007 0.028 0.002 0.000 0.000 0.000 0.000 0.000 0.000 0.000 0.000 0.000 0.000 0.675 
62 0.000 0.039 0.037 0.000 0.000 0.280 0.404 0.107 0.007 0.024 0.005 0.000 0.000 0.000 0.000 0.000 0.000 0.000 0.000 0.000 0.000 0.678 
63 0.000 0.037 0.036 0.000 0.000 0.269 0.398 0.106 0.007 0.025 0.005 0.000 0.000 0.000 0.000 0.000 0.000 0.000 0.000 0.000 0.000 0.701 
64 0.000 0.039 0.034 0.000 0.000 0.240 0.397 0.108 0.007 0.023 0.005 0.000 0.000 0.000 0.000 0.000 0.000 0.000 0.000 0.000 0.000 0.696 
65 0.000 0.039 0.043 0.000 0.000 0.250 0.385 0.107 0.007 0.023 0.005 0.000 0.000 0.000 0.000 0.000 0.000 0.000 0.000 0.000 0.000 0.716 
66 0.000 0.041 0.041 0.000 0.000 0.231 0.392 0.107 0.000 0.023 0.005 0.000 0.000 0.000 0.000 0.000 0.000 0.000 0.000 0.000 0.000 0.710 
67 0.000 0.042 0.042 0.000 0.000 0.231 0.391 0.110 0.000 0.023 0.005 0.000 0.000 0.000 0.000 0.000 0.003 0.000 0.000 0.000 0.000 0.726 
68 0.000 0.043 0.041 0.000 0.000 0.280 0.411 0.110 0.000 0.023 0.008 0.000 0.000 0.000 0.000 0.000 0.003 0.000 0.000 0.000 0.000 0.742 
69 0.000 0.046 0.034 0.000 0.000 0.259 0.412 0.110 0.000 0.024 0.008 0.000 0.000 0.000 0.000 0.000 0.003 0.000 0.000 0.000 0.000 0.732 
70 0.000 0.043 0.029 0.000 0.000 0.353 0.393 0.106 0.007 0.018 0.008 0.000 0.000 0.000 0.000 0.000 0.003 0.000 0.000 0.000 0.000 0.726 
71 0.000 0.045 0.029 0.000 0.000 0.333 0.375 0.103 0.007 0.021 0.005 0.000 0.000 0.000 0.000 0.000 0.003 0.000 0.000 0.000 0.000 0.719 
72 0.000 0.051 0.026 0.000 0.000 0.308 0.388 0.102 0.007 0.023 0.005 0.000 0.000 0.000 0.000 0.000 0.003 0.000 0.000 0.000 0.000 0.713 
73 0.000 0.051 0.027 0.000 0.000 0.308 0.381 0.106 0.007 0.019 0.005 0.000 0.000 0.000 0.000 0.000 0.003 0.000 0.000 0.000 0.000 0.702 
74 0.000 0.049 0.027 0.000 0.000 0.297 0.398 0.102 0.007 0.022 0.005 0.000 0.000 0.000 0.000 0.000 0.005 0.000 0.000 0.000 0.000 0.712 
75 0.000 0.048 0.026 0.000 0.000 0.282 0.391 0.099 0.007 0.019 0.005 0.000 0.000 0.000 0.000 0.000 0.005 0.000 0.000 0.000 0.000 0.711 
76 0.000 0.050 0.027 0.000 0.000 0.361 0.405 0.093 0.007 0.019 0.005 0.000 0.000 0.000 0.000 0.000 0.005 0.000 0.000 0.000 0.000 0.711 
77 0.000 0.050 0.030 0.000 0.000 0.333 0.424 0.093 0.007 0.018 0.038 0.000 0.000 0.000 0.000 0.000 0.005 0.000 0.000 0.000 0.000 0.708 
78 0.000 0.050 0.031 0.000 0.000 0.362 0.428 0.095 0.008 0.018 0.040 0.000 0.000 0.000 0.000 0.000 0.005 0.000 0.000 0.000 0.000 0.709 
79 0.000 0.048 0.038 0.000 0.000 0.350 0.433 0.099 0.007 0.022 0.042 0.000 0.000 0.000 0.000 0.000 0.005 0.000 0.000 0.000 0.000 0.691 
80 0.000 0.045 0.040 0.000 0.000 0.352 0.450 0.116 0.008 0.022 0.044 0.000 0.000 0.000 0.000 0.000 0.005 0.000 0.000 0.000 0.000 0.683 
81 0.000 0.047 0.045 0.000 0.000 0.444 0.469 0.110 0.007 0.022 0.041 0.000 0.000 0.000 0.000 0.000 0.002 0.000 0.000 0.000 0.000 0.684 
82 0.000 0.047 0.044 0.000 0.000 0.431 0.473 0.108 0.007 0.022 0.044 0.000 0.000 0.000 0.000 0.000 0.005 0.000 0.000 0.000 0.000 0.679 
83 0.000 0.043 0.035 0.000 0.000 0.424 0.476 0.108 0.008 0.021 0.044 0.000 0.000 0.000 0.000 0.000 0.002 0.000 0.000 0.000 0.000 0.675 
84 0.000 0.042 0.033 0.000 0.000 0.431 0.470 0.109 0.008 0.022 0.044 0.000 0.000 0.000 0.000 0.000 0.002 0.000 0.000 0.000 0.000 0.667 
85 0.000 0.045 0.033 0.000 0.000 0.388 0.461 0.112 0.008 0.025 0.042 0.000 0.000 0.000 0.000 0.000 0.002 0.000 0.000 0.000 0.000 0.667 
86 0.002 0.044 0.037 0.000 0.000 0.415 0.481 0.117 0.008 0.028 0.039 0.000 0.000 0.000 0.000 0.000 0.003 0.000 0.000 0.000 0.000 0.680 
87 0.002 0.045 0.037 0.000 0.000 0.403 0.452 0.117 0.008 0.028 0.038 0.000 0.000 0.000 0.000 0.000 0.003 0.000 0.000 0.000 0.000 0.684 
88 0.002 0.047 0.037 0.000 0.000 0.406 0.446 0.118 0.008 0.028 0.042 0.000 0.000 0.000 0.000 0.000 0.003 0.000 0.000 0.000 0.000 0.685 
89 0.002 0.049 0.036 0.000 0.000 0.444 0.446 0.121 0.008 0.029 0.047 0.000 0.000 0.000 0.000 0.000 0.002 0.000 0.000 0.000 0.000 0.700 
90 0.002 0.046 0.036 0.000 0.000 0.434 0.432 0.122 0.031 0.028 0.045 0.000 0.000 0.000 0.000 0.000 0.002 0.000 0.000 0.000 0.000 0.724 
91 0.002 0.041 0.036 0.000 0.000 0.429 0.423 0.123 0.030 0.027 0.050 0.000 0.000 0.000 0.000 0.000 0.002 0.000 0.000 0.000 0.000 0.713 
92 0.002 0.043 0.039 0.000 0.000 0.422 0.430 0.116 0.030 0.031 0.052 0.000 0.000 0.000 0.000 0.000 0.003 0.000 0.000 0.000 0.000 0.716 
93 0.002 0.042 0.038 0.000 0.000 0.414 0.423 0.111 0.029 0.040 0.045 0.000 0.000 0.000 0.000 0.000 0.003 0.000 0.000 0.000 0.000 0.718 
94 0.002 0.044 0.035 0.000 0.000 0.425 0.420 0.113 0.025 0.042 0.048 0.000 0.000 0.000 0.000 0.000 0.003 0.000 0.000 0.000 0.000 0.718 
95 0.006 0.046 0.031 0.000 0.000 0.447 0.405 0.107 0.025 0.043 0.045 0.000 0.000 0.000 0.000 0.000 0.003 0.000 0.000 0.000 0.000 0.710 
96 0.006 0.044 0.030 0.000 0.000 0.443 0.400 0.105 0.026 0.039 0.040 0.000 0.000 0.000 0.000 0.000 0.005 0.000 0.000 0.000 0.000 0.692 
97 0.006 0.041 0.031 0.000 0.000 0.435 0.400 0.098 0.026 0.038 0.038 0.000 0.000 0.000 0.000 0.000 0.014 0.000 0.000 0.000 0.000 0.688 
98 0.008 0.041 0.030 0.000 0.000 0.436 0.406 0.099 0.025 0.037 0.037 0.000 0.000 0.000 0.000 0.000 0.013 0.000 0.000 0.000 0.000 0.691 
99 0.008 0.038 0.030 0.000 0.000 0.419 0.412 0.101 0.026 0.041 0.036 0.000 0.000 0.000 0.000 0.000 0.014 0.000 0.000 0.000 0.000 0.689 
100 0.009 0.040 0.028 0.000 0.000 0.426 0.419 0.101 0.027 0.049 0.040 0.000 0.000 0.000 0.000 0.000 0.016 0.000 0.000 0.000 0.000 0.683 
101 0.009 0.039 0.028 0.000 0.000 0.402 0.408 0.095 0.031 0.046 0.040 0.000 0.000 0.000 0.000 0.000 0.016 0.000 0.000 0.000 0.000 0.704 
102 0.009 0.040 0.060 0.000 0.000 0.442 0.397 0.096 0.032 0.042 0.039 0.000 0.000 0.000 0.000 0.000 0.016 0.000 0.000 0.000 0.000 0.696 
103 0.011 0.041 0.056 0.000 0.000 0.449 0.417 0.097 0.032 0.042 0.059 0.000 0.000 0.000 0.000 0.000 0.015 0.000 0.000 0.000 0.000 0.706 
104 0.007 0.042 0.059 0.000 0.000 0.465 0.402 0.095 0.033 0.041 0.075 0.000 0.000 0.000 0.000 0.000 0.016 0.000 0.000 0.000 0.000 0.698 
105 0.007 0.045 0.058 0.000 0.000 0.461 0.397 0.098 0.032 0.035 0.072 0.000 0.000 0.000 0.000 0.000 0.016 0.000 0.000 0.000 0.000 0.708 
106 0.007 0.049 0.054 0.000 0.000 0.496 0.401 0.100 0.026 0.035 0.078 0.000 0.000 0.000 0.000 0.000 0.019 0.000 0.000 0.000 0.000 0.688 
107 0.007 0.049 0.057 0.000 0.000 0.479 0.408 0.099 0.027 0.034 0.077 0.000 0.000 0.000 0.000 0.000 0.026 0.000 0.000 0.000 0.000 0.686 
108 0.007 0.048 0.053 0.000 0.000 0.476 0.405 0.098 0.027 0.037 0.075 0.000 0.000 0.000 0.000 0.000 0.029 0.000 0.000 0.000 0.000 0.688 
109 0.007 0.049 0.050 0.000 0.000 0.477 0.400 0.096 0.027 0.040 0.081 0.000 0.000 0.000 0.000 0.000 0.031 0.000 0.000 0.000 0.000 0.695 
110 0.007 0.048 0.047 0.000 0.000 0.477 0.388 0.101 0.035 0.036 0.081 0.000 0.000 0.000 0.000 0.000 0.029 0.000 0.000 0.000 0.000 0.679 
111 0.007 0.045 0.047 0.000 0.000 0.492 0.384 0.103 0.035 0.033 0.074 0.000 0.000 0.000 0.000 0.000 0.029 0.000 0.000 0.000 0.000 0.681 
112 0.007 0.040 0.043 0.000 0.000 0.472 0.381 0.103 0.035 0.029 0.074 0.000 0.000 0.000 0.000 0.000 0.027 0.000 0.000 0.000 0.000 0.693 
113 0.007 0.039 0.043 0.000 0.000 0.484 0.388 0.106 0.035 0.032 0.072 0.000 0.000 0.000 0.015 0.000 0.028 0.000 0.000 0.000 0.000 0.699 
114 0.009 0.040 0.045 0.000 0.000 0.512 0.380 0.109 0.022 0.036 0.069 0.000 0.000 0.000 0.015 0.000 0.029 0.000 0.000 0.000 0.000 0.703 
115 0.009 0.044 0.045 0.000 0.000 0.485 0.391 0.119 0.017 0.035 0.068 0.000 0.000 0.000 0.015 0.000 0.031 0.000 0.000 0.000 0.000 0.710 
116 0.009 0.046 0.042 0.000 0.000 0.474 0.377 0.117 0.017 0.034 0.066 0.000 0.000 0.000 0.014 0.000 0.030 0.000 0.000 0.000 0.000 0.716 
117 0.009 0.046 0.042 0.000 0.000 0.454 0.374 0.113 0.017 0.034 0.058 0.006 0.000 0.000 0.014 0.000 0.028 0.000 0.000 0.000 0.000 0.716 
118 0.009 0.046 0.042 0.000 0.000 0.425 0.377 0.115 0.012 0.033 0.058 0.006 0.000 0.000 0.013 0.000 0.026 0.000 0.000 0.000 0.000 0.726 
119 0.007 0.044 0.042 0.000 0.000 0.414 0.354 0.107 0.027 0.032 0.059 0.006 0.000 0.000 0.015 0.000 0.022 0.000 0.000 0.000 0.000 0.705 
120 0.005 0.043 0.041 0.000 0.000 0.435 0.350 0.120 0.027 0.031 0.079 0.006 0.000 0.000 0.017 0.000 0.022 0.000 0.000 0.000 0.000 0.712 
121 0.003 0.043 0.037 0.000 0.000 0.435 0.353 0.120 0.021 0.031 0.081 0.006 0.000 0.000 0.019 0.000 0.022 0.000 0.000 0.000 0.000 0.720 
122 0.003 0.043 0.080 0.000 0.000 0.427 0.349 0.120 0.016 0.028 0.085 0.006 0.000 0.000 0.014 0.000 0.020 0.000 0.000 0.000 0.000 0.710 
123 0.003 0.042 0.134 0.000 0.000 0.413 0.347 0.120 0.016 0.031 0.087 0.006 0.000 0.000 0.011 0.000 0.022 0.000 0.000 0.000 0.000 0.699 
124 0.003 0.042 0.132 0.000 0.000 0.425 0.349 0.124 0.023 0.028 0.091 0.007 0.000 0.000 0.014 0.000 0.021 0.000 0.000 0.000 0.000 0.711 
125 0.003 0.043 0.129 0.000 0.000 0.441 0.338 0.128 0.018 0.032 0.096 0.007 0.000 0.000 0.014 0.000 0.021 0.000 0.000 0.000 0.000 0.699 
126 0.003 0.041 0.122 0.000 0.000 0.437 0.340 0.132 0.019 0.032 0.092 0.008 0.000 0.000 0.014 0.000 0.023 0.000 0.000 0.000 0.000 0.713 
127 0.003 0.041 0.125 0.000 0.004 0.447 0.328 0.128 0.010 0.041 0.088 0.008 0.000 0.000 0.009 0.000 0.029 0.000 0.000 0.000 0.000 0.717 
128 0.003 0.038 0.121 0.000 0.004 0.465 0.323 0.130 0.011 0.038 0.078 0.008 0.000 0.000 0.009 0.000 0.031 0.000 0.000 0.000 0.000 0.712 
129 0.003 0.042 0.124 0.000 0.004 0.453 0.309 0.123 0.012 0.036 0.073 0.009 0.000 0.000 0.009 0.000 0.032 0.000 0.000 0.000 0.000 0.710 
130 0.003 0.040 0.121 0.000 0.004 0.459 0.306 0.121 0.013 0.038 0.073 0.009 0.000 0.000 0.009 0.000 0.027 0.000 0.000 0.000 0.000 0.703 
131 0.005 0.045 0.121 0.000 0.004 0.459 0.301 0.120 0.013 0.037 0.070 0.008 0.000 0.000 0.009 0.000 0.029 0.000 0.000 0.000 0.000 0.704 
132 0.004 0.046 0.143 0.000 0.004 0.455 0.305 0.119 0.013 0.040 0.067 0.009 0.000 0.000 0.009 0.000 0.029 0.000 0.000 0.000 0.000 0.686 
133 0.004 0.046 0.149 0.000 0.004 0.466 0.294 0.123 0.018 0.031 0.064 0.007 0.000 0.000 0.009 0.000 0.030 0.000 0.000 0.000 0.000 0.681 
134 0.004 0.048 0.164 0.000 0.004 0.463 0.294 0.126 0.018 0.031 0.065 0.004 0.002 0.000 0.010 0.000 0.030 0.000 0.004 0.000 0.000 0.686 
135 0.004 0.043 0.156 0.000 0.004 0.469 0.308 0.128 0.056 0.030 0.065 0.005 0.002 0.000 0.012 0.000 0.034 0.000 0.003 0.000 0.000 0.701 
136 0.005 0.042 0.164 0.000 0.004 0.471 0.302 0.129 0.054 0.034 0.060 0.005 0.002 0.000 0.012 0.000 0.031 0.000 0.003 0.000 0.000 0.695 
137 0.006 0.040 0.156 0.000 0.004 0.469 0.308 0.124 0.054 0.031 0.060 0.005 0.002 0.000 0.012 0.000 0.029 0.000 0.007 0.000 0.000 0.699 
138 0.007 0.038 0.148 0.000 0.004 0.464 0.292 0.137 0.044 0.035 0.058 0.005 0.002 0.000 0.012 0.000 0.029 0.000 0.006 0.000 0.000 0.697 
139 0.006 0.037 0.149 0.000 0.004 0.479 0.286 0.141 0.045 0.030 0.060 0.006 0.002 0.000 0.012 0.000 0.029 0.000 0.007 0.000 0.000 0.711 
140 0.007 0.037 0.145 0.000 0.004 0.484 0.288 0.144 0.015 0.032 0.059 0.006 0.002 0.000 0.009 0.000 0.026 0.000 0.007 0.000 0.000 0.714 
141 0.005 0.037 0.160 0.000 0.004 0.489 0.304 0.129 0.016 0.038 0.073 0.006 0.002 0.000 0.009 0.000 0.026 0.000 0.007 0.000 0.000 0.711 
142 0.005 0.037 0.155 0.000 0.004 0.497 0.324 0.131 0.016 0.037 0.072 0.007 0.001 0.000 0.009 0.000 0.024 0.000 0.006 0.000 0.000 0.698 
143 0.005 0.040 0.149 0.000 0.004 0.514 0.322 0.132 0.016 0.037 0.072 0.007 0.001 0.000 0.006 0.000 0.021 0.000 0.009 0.000 0.000 0.702 
144 0.007 0.039 0.141 0.000 0.000 0.521 0.328 0.130 0.016 0.040 0.070 0.007 0.001 0.000 0.007 0.000 0.021 0.000 0.012 0.000 0.000 0.678 
145 0.007 0.037 0.137 0.000 0.000 0.528 0.321 0.131 0.016 0.041 0.070 0.006 0.001 0.000 0.009 0.000 0.016 0.000 0.012 0.000 0.000 0.684 
146 0.007 0.036 0.136 0.000 0.000 0.524 0.327 0.129 0.018 0.042 0.067 0.006 0.002 0.000 0.009 0.000 0.023 0.000 0.012 0.000 0.000 0.669 
147 0.009 0.036 0.132 0.000 0.000 0.526 0.325 0.129 0.018 0.042 0.063 0.008 0.002 0.000 0.009 0.000 0.022 0.000 0.016 0.000 0.000 0.684 
148 0.009 0.038 0.129 0.000 0.000 0.496 0.326 0.128 0.025 0.039 0.061 0.009 0.002 0.000 0.009 0.000 0.023 0.000 0.013 0.000 0.000 0.673 
149 0.010 0.038 0.131 0.000 0.000 0.491 0.317 0.135 0.027 0.036 0.065 0.008 0.002 0.000 0.009 0.000 0.023 0.000 0.012 0.000 0.000 0.695 
150 0.010 0.037 0.131 0.000 0.000 0.486 0.321 0.139 0.021 0.038 0.070 0.007 0.002 0.000 0.009 0.000 0.023 0.000 0.012 0.000 0.000 0.702 
151 0.010 0.037 0.128 0.000 0.000 0.473 0.323 0.135 0.026 0.038 0.069 0.008 0.003 0.000 0.009 0.000 0.023 0.000 0.016 0.000 0.000 0.718 
152 0.009 0.039 0.130 0.000 0.000 0.458 0.320 0.139 0.026 0.037 0.069 0.007 0.002 0.000 0.009 0.000 0.023 0.000 0.015 0.000 0.000 0.718 
153 0.008 0.043 0.128 0.000 0.000 0.465 0.328 0.136 0.025 0.038 0.066 0.007 0.002 0.000 0.011 0.000 0.025 0.000 0.015 0.000 0.000 0.724 
154 0.010 0.046 0.127 0.000 0.000 0.464 0.332 0.131 0.041 0.031 0.074 0.006 0.002 0.000 0.011 0.000 0.025 0.000 0.016 0.000 0.000 0.725 
155 0.010 0.045 0.131 0.000 0.000 0.478 0.354 0.132 0.040 0.028 0.083 0.005 0.002 0.000 0.011 0.000 0.022 0.000 0.021 0.000 0.000 0.731 
156 0.008 0.046 0.127 0.000 0.000 0.476 0.353 0.132 0.039 0.029 0.080 0.005 0.002 0.000 0.010 0.000 0.021 0.000 0.022 0.000 0.000 0.721 
157 0.008 0.042 0.125 0.000 0.000 0.484 0.339 0.128 0.041 0.030 0.078 0.007 0.002 0.000 0.016 0.000 0.021 0.000 0.025 0.000 0.000 0.714 
158 0.008 0.041 0.127 0.000 0.000 0.476 0.329 0.141 0.041 0.028 0.074 0.008 0.002 0.000 0.014 0.000 0.021 0.000 0.025 0.000 0.000 0.708 
159 0.011 0.037 0.123 0.007 0.000 0.457 0.340 0.137 0.043 0.027 0.072 0.008 0.002 0.000 0.015 0.000 0.016 0.000 0.026 0.000 0.000 0.717 
160 0.013 0.032 0.125 0.007 0.000 0.454 0.338 0.136 0.043 0.028 0.073 0.009 0.002 0.000 0.011 0.003 0.017 0.000 0.020 0.000 0.000 0.700 
161 0.014 0.031 0.125 0.007 0.000 0.438 0.326 0.135 0.032 0.024 0.075 0.008 0.002 0.000 0.011 0.003 0.015 0.000 0.024 0.000 0.000 0.693 
162 0.014 0.030 0.139 0.007 0.000 0.446 0.325 0.142 0.034 0.049 0.074 0.008 0.003 0.000 0.011 0.003 0.016 0.000 0.030 0.000 0.000 0.660 
163 0.015 0.028 0.162 0.007 0.000 0.441 0.330 0.143 0.036 0.048 0.074 0.007 0.003 0.000 0.013 0.003 0.016 0.000 0.026 0.000 0.000 0.675 
164 0.016 0.030 0.178 0.007 0.000 0.430 0.320 0.144 0.030 0.047 0.078 0.007 0.003 0.000 0.012 0.003 0.016 0.000 0.028 0.000 0.000 0.684 
165 0.017 0.028 0.171 0.007 0.000 0.416 0.316 0.141 0.040 0.056 0.077 0.006 0.002 0.000 0.012 0.003 0.024 0.000 0.024 0.000 0.000 0.679 
166 0.021 0.028 0.169 0.007 0.000 0.416 0.301 0.147 0.045 0.057 0.075 0.005 0.002 0.000 0.010 0.003 0.025 0.002 0.025 0.000 0.000 0.675 
167 0.022 0.032 0.165 0.007 0.000 0.421 0.301 0.147 0.050 0.057 0.071 0.005 0.002 0.000 0.010 0.003 0.024 0.002 0.026 0.000 0.000 0.678 
168 0.021 0.033 0.170 0.008 0.000 0.424 0.296 0.146 0.056 0.053 0.074 0.008 0.002 0.000 0.011 0.003 0.021 0.002 0.026 0.000 0.000 0.684 
169 0.020 0.033 0.166 0.008 0.000 0.416 0.308 0.151 0.052 0.054 0.071 0.007 0.002 0.000 0.009 0.003 0.021 0.003 0.022 0.000 0.000 0.686 
170 0.019 0.030 0.165 0.008 0.000 0.427 0.301 0.150 0.048 0.055 0.073 0.007 0.003 0.000 0.009 0.003 0.018 0.003 0.028 0.000 0.000 0.685 
171 0.020 0.027 0.173 0.007 0.000 0.434 0.306 0.149 0.046 0.052 0.076 0.006 0.002 0.000 0.007 0.003 0.016 0.003 0.027 0.000 0.000 0.688 
172 0.018 0.030 0.169 0.009 0.000 0.438 0.303 0.146 0.060 0.052 0.078 0.006 0.002 0.000 0.008 0.002 0.015 0.003 0.030 0.000 0.000 0.707 
173 0.017 0.026 0.163 0.008 0.000 0.442 0.303 0.149 0.060 0.046 0.079 0.004 0.005 0.000 0.009 0.002 0.015 0.003 0.027 0.000 0.000 0.707 
174 0.017 0.034 0.162 0.008 0.000 0.427 0.310 0.154 0.056 0.049 0.078 0.002 0.005 0.000 0.007 0.002 0.016 0.003 0.026 0.000 0.000 0.708 
175 0.020 0.035 0.167 0.008 0.000 0.424 0.306 0.151 0.060 0.043 0.083 0.002 0.005 0.000 0.007 0.001 0.019 0.003 0.026 0.000 0.000 0.706 
176 0.019 0.031 0.176 0.009 0.000 0.414 0.308 0.151 0.060 0.044 0.081 0.002 0.005 0.000 0.005 0.002 0.022 0.003 0.026 0.000 0.000 0.695 
177 0.021 0.031 0.175 0.008 0.000 0.397 0.315 0.154 0.053 0.050 0.082 0.003 0.005 0.000 0.005 0.002 0.022 0.002 0.026 0.000 0.000 0.701 
178 0.021 0.033 0.178 0.008 0.000 0.396 0.310 0.153 0.048 0.056 0.077 0.003 0.004 0.000 0.006 0.002 0.024 0.002 0.027 0.000 0.000 0.698 
179 0.020 0.034 0.188 0.009 0.000 0.380 0.301 0.153 0.053 0.054 0.080 0.003 0.004 0.000 0.004 0.002 0.026 0.002 0.024 0.000 0.000 0.704 
180 0.024 0.033 0.199 0.008 0.000 0.358 0.305 0.157 0.053 0.053 0.077 0.003 0.004 0.000 0.005 0.002 0.033 0.002 0.024 0.000 0.000 0.705 
181 0.024 0.034 0.194 0.008 0.000 0.360 0.309 0.148 0.050 0.049 0.077 0.003 0.004 0.000 0.004 0.002 0.035 0.002 0.027 0.000 0.000 0.723 
182 0.027 0.034 0.202 0.008 0.000 0.366 0.307 0.151 0.051 0.049 0.078 0.003 0.005 0.000 0.004 0.002 0.034 0.002 0.024 0.000 0.000 0.710 
183 0.026 0.037 0.238 0.008 0.000 0.357 0.301 0.163 0.046 0.049 0.082 0.003 0.005 0.000 0.004 0.002 0.039 0.006 0.020 0.000 0.000 0.678 
184 0.026 0.040 0.241 0.008 0.000 0.331 0.297 0.165 0.046 0.051 0.083 0.004 0.005 0.000 0.004 0.002 0.040 0.006 0.020 0.000 0.000 0.685 
185 0.025 0.040 0.240 0.008 0.003 0.335 0.304 0.166 0.047 0.047 0.086 0.005 0.005 0.000 0.004 0.002 0.039 0.006 0.020 0.000 0.000 0.707 
186 0.025 0.041 0.243 0.008 0.003 0.339 0.303 0.164 0.053 0.047 0.086 0.004 0.005 0.000 0.004 0.002 0.039 0.007 0.023 0.000 0.000 0.705 
187 0.025 0.041 0.244 0.008 0.003 0.346 0.302 0.158 0.051 0.047 0.090 0.003 0.005 0.000 0.005 0.002 0.043 0.009 0.022 0.000 0.000 0.713 
188 0.028 0.041 0.245 0.016 0.003 0.351 0.302 0.161 0.045 0.048 0.092 0.005 0.004 0.000 0.005 0.002 0.052 0.009 0.025 0.000 0.000 0.726 
189 0.030 0.042 0.251 0.016 0.003 0.352 0.298 0.164 0.036 0.049 0.084 0.005 0.004 0.000 0.005 0.002 0.055 0.009 0.025 0.000 0.000 0.731 
190 0.030 0.043 0.254 0.015 0.003 0.356 0.303 0.156 0.037 0.051 0.077 0.005 0.004 0.000 0.005 0.002 0.055 0.009 0.025 0.000 0.000 0.717 
191 0.029 0.042 0.252 0.016 0.003 0.359 0.294 0.157 0.049 0.057 0.077 0.006 0.002 0.000 0.005 0.002 0.051 0.009 0.028 0.000 0.000 0.736 
192 0.030 0.044 0.242 0.016 0.003 0.362 0.297 0.156 0.043 0.048 0.074 0.006 0.001 0.000 0.005 0.002 0.049 0.009 0.025 0.000 0.000 0.747 
193 0.029 0.045 0.241 0.015 0.003 0.345 0.301 0.157 0.044 0.050 0.079 0.006 0.001 0.000 0.005 0.000 0.050 0.009 0.025 0.000 0.000 0.732 
194 0.029 0.041 0.236 0.015 0.003 0.337 0.307 0.153 0.062 0.050 0.084 0.006 0.001 0.000 0.005 0.000 0.054 0.009 0.028 0.000 0.000 0.717 
195 0.029 0.044 0.234 0.015 0.007 0.331 0.301 0.161 0.053 0.044 0.088 0.006 0.001 0.000 0.005 0.000 0.055 0.011 0.027 0.000 0.000 0.703 
196 0.027 0.047 0.232 0.008 0.006 0.329 0.308 0.156 0.069 0.049 0.088 0.006 0.001 0.000 0.005 0.000 0.065 0.011 0.028 0.000 0.000 0.702 
197 0.030 0.044 0.229 0.008 0.003 0.349 0.313 0.154 0.086 0.050 0.084 0.005 0.001 0.000 0.006 0.000 0.060 0.013 0.029 0.000 0.000 0.686 
198 0.031 0.043 0.226 0.008 0.003 0.347 0.308 0.153 0.079 0.051 0.083 0.005 0.001 0.000 0.006 0.000 0.058 0.013 0.028 0.000 0.000 0.678 
199 0.031 0.051 0.225 0.068 0.006 0.355 0.295 0.162 0.081 0.050 0.084 0.005 0.001 0.000 0.006 0.000 0.058 0.012 0.034 0.000 0.000 0.666 
200 0.030 0.053 0.224 0.068 0.006 0.340 0.286 0.163 0.088 0.050 0.086 0.005 0.001 0.000 0.006 0.000 0.054 0.012 0.031 0.000 0.000 0.669 
201 0.029 0.056 0.231 0.068 0.006 0.336 0.291 0.159 0.094 0.046 0.088 0.003 0.001 0.000 0.008 0.000 0.052 0.009 0.037 0.000 0.000 0.688 
202 0.034 0.060 0.241 0.065 0.009 0.326 0.290 0.173 0.093 0.047 0.085 0.004 0.001 0.000 0.008 0.000 0.052 0.006 0.040 0.000 0.000 0.687 
203 0.032 0.062 0.237 0.071 0.021 0.330 0.291 0.175 0.089 0.044 0.086 0.004 0.001 0.000 0.008 0.000 0.049 0.009 0.042 0.000 0.000 0.679 
204 0.033 0.060 0.246 0.089 0.020 0.326 0.284 0.175 0.090 0.047 0.087 0.003 0.001 0.000 0.008 0.000 0.050 0.009 0.043 0.000 0.000 0.690 
205 0.030 0.058 0.246 0.079 0.020 0.328 0.280 0.176 0.092 0.048 0.089 0.003 0.001 0.000 0.007 0.000 0.051 0.009 0.043 0.000 0.000 0.684 
206 0.031 0.056 0.244 0.090 0.020 0.311 0.288 0.171 0.096 0.043 0.088 0.003 0.001 0.000 0.009 0.000 0.058 0.007 0.039 0.000 0.000 0.694 
207 0.028 0.058 0.243 0.082 0.020 0.311 0.293 0.164 0.099 0.049 0.088 0.003 0.001 0.000 0.009 0.000 0.061 0.007 0.038 0.000 0.000 0.700 
208 0.028 0.057 0.238 0.086 0.020 0.306 0.292 0.165 0.102 0.049 0.084 0.003 0.000 0.000 0.013 0.000 0.072 0.007 0.037 0.000 0.000 0.669 
209 0.028 0.060 0.233 0.092 0.020 0.310 0.291 0.162 0.104 0.052 0.084 0.003 0.000 0.000 0.012 0.000 0.071 0.007 0.035 0.000 0.000 0.675 
210 0.027 0.058 0.239 0.063 0.017 0.292 0.307 0.165 0.093 0.051 0.089 0.004 0.000 0.000 0.012 0.000 0.074 0.007 0.035 0.000 0.000 0.696 
211 0.028 0.059 0.256 0.068 0.017 0.294 0.310 0.167 0.097 0.049 0.089 0.004 0.000 0.000 0.013 0.000 0.070 0.007 0.036 0.000 0.000 0.695 
212 0.027 0.062 0.259 0.067 0.020 0.294 0.304 0.168 0.095 0.052 0.088 0.004 0.000 0.000 0.011 0.000 0.070 0.007 0.025 0.003 0.000 0.693 
213 0.024 0.058 0.262 0.087 0.022 0.299 0.293 0.171 0.089 0.051 0.083 0.005 0.000 0.000 0.011 0.000 0.075 0.007 0.026 0.003 0.000 0.698 
214 0.023 0.061 0.247 0.085 0.022 0.294 0.279 0.173 0.086 0.055 0.082 0.005 0.000 0.000 0.011 0.000 0.075 0.007 0.026 0.003 0.000 0.708 
215 0.025 0.060 0.246 0.076 0.022 0.292 0.293 0.171 0.091 0.056 0.077 0.005 0.001 0.000 0.009 0.000 0.072 0.009 0.033 0.003 0.000 0.715 
216 0.025 0.058 0.242 0.077 0.026 0.276 0.290 0.162 0.091 0.064 0.074 0.005 0.001 0.000 0.009 0.000 0.074 0.011 0.032 0.003 0.000 0.705 
217 0.023 0.055 0.237 0.073 0.023 0.275 0.290 0.168 0.090 0.066 0.075 0.007 0.001 0.000 0.010 0.000 0.070 0.011 0.033 0.002 0.000 0.702 
218 0.020 0.062 0.239 0.066 0.026 0.278 0.299 0.169 0.090 0.064 0.080 0.006 0.001 0.000 0.011 0.000 0.066 0.011 0.032 0.002 0.000 0.688 
219 0.019 0.057 0.242 0.066 0.028 0.288 0.297 0.170 0.091 0.064 0.078 0.006 0.001 0.000 0.012 0.000 0.066 0.011 0.031 0.002 0.000 0.686 
220 0.016 0.061 0.241 0.067 0.036 0.282 0.292 0.165 0.085 0.068 0.078 0.008 0.001 0.000 0.009 0.000 0.072 0.015 0.034 0.001 0.000 0.694 
221 0.015 0.070 0.244 0.103 0.036 0.294 0.276 0.165 0.099 0.071 0.076 0.008 0.001 0.000 0.009 0.000 0.074 0.013 0.033 0.001 0.000 0.701 
222 0.017 0.067 0.246 0.099 0.041 0.311 0.279 0.164 0.112 0.072 0.074 0.007 0.001 0.000 0.008 0.000 0.069 0.015 0.035 0.001 0.000 0.718 
223 0.016 0.080 0.251 0.102 0.043 0.302 0.285 0.162 0.121 0.067 0.077 0.008 0.001 0.000 0.009 0.000 0.080 0.016 0.035 0.001 0.000 0.719 
224 0.016 0.073 0.248 0.106 0.045 0.300 0.289 0.153 0.110 0.069 0.073 0.008 0.001 0.000 0.010 0.000 0.087 0.018 0.038 0.001 0.000 0.719 
225 0.018 0.071 0.243 0.102 0.044 0.309 0.285 0.163 0.119 0.068 0.070 0.008 0.001 0.000 0.011 0.000 0.090 0.018 0.039 0.001 0.000 0.731 
226 0.022 0.066 0.245 0.087 0.040 0.324 0.285 0.160 0.121 0.062 0.067 0.009 0.001 0.000 0.011 0.000 0.084 0.018 0.043 0.001 0.000 0.719 
227 0.023 0.068 0.248 0.079 0.036 0.339 0.272 0.155 0.116 0.066 0.070 0.009 0.001 0.000 0.011 0.000 0.087 0.017 0.043 0.001 0.000 0.713 
228 0.024 0.069 0.251 0.082 0.037 0.333 0.266 0.161 0.116 0.068 0.065 0.009 0.001 0.000 0.013 0.000 0.093 0.016 0.043 0.001 0.000 0.717 
229 0.024 0.073 0.265 0.082 0.038 0.331 0.276 0.172 0.120 0.059 0.065 0.009 0.000 0.000 0.013 0.000 0.095 0.018 0.043 0.000 0.000 0.707 
230 0.024 0.069 0.258 0.076 0.037 0.335 0.275 0.172 0.115 0.060 0.067 0.009 0.000 0.000 0.014 0.000 0.091 0.018 0.046 0.000 0.000 0.705 
231 0.023 0.067 0.251 0.081 0.038 0.352 0.277 0.174 0.110 0.062 0.064 0.009 0.000 0.000 0.013 0.000 0.088 0.018 0.050 0.000 0.000 0.699 
232 0.023 0.062 0.250 0.087 0.045 0.345 0.295 0.177 0.103 0.060 0.063 0.011 0.000 0.000 0.014 0.000 0.088 0.016 0.047 0.000 0.000 0.688 
233 0.025 0.068 0.258 0.090 0.045 0.349 0.299 0.176 0.098 0.057 0.057 0.011 0.000 0.000 0.015 0.000 0.093 0.015 0.046 0.000 0.000 0.678 
234 0.023 0.070 0.244 0.171 0.042 0.349 0.288 0.180 0.098 0.062 0.055 0.009 0.000 0.000 0.015 0.000 0.096 0.015 0.047 0.000 0.000 0.676 
235 0.024 0.070 0.252 0.176 0.043 0.365 0.285 0.178 0.102 0.066 0.049 0.007 0.000 0.000 0.014 0.000 0.094 0.014 0.046 0.000 0.000 0.695 
236 0.023 0.069 0.268 0.160 0.038 0.358 0.279 0.178 0.106 0.066 0.047 0.009 0.000 0.000 0.016 0.000 0.095 0.012 0.039 0.001 0.000 0.693 
237 0.024 0.069 0.272 0.158 0.045 0.356 0.279 0.182 0.104 0.068 0.040 0.010 0.000 0.000 0.016 0.000 0.098 0.013 0.040 0.001 0.000 0.699 
238 0.022 0.065 0.269 0.154 0.050 0.364 0.282 0.183 0.089 0.072 0.038 0.011 0.000 0.000 0.016 0.000 0.098 0.013 0.042 0.001 0.000 0.695 
239 0.022 0.070 0.273 0.142 0.040 0.385 0.291 0.188 0.087 0.067 0.035 0.011 0.000 0.000 0.015 0.000 0.098 0.012 0.040 0.001 0.000 0.703 
240 0.021 0.072 0.275 0.135 0.047 0.381 0.295 0.187 0.087 0.061 0.036 0.012 0.000 0.000 0.016 0.000 0.102 0.013 0.041 0.001 0.000 0.705 
241 0.018 0.074 0.274 0.127 0.045 0.376 0.293 0.188 0.085 0.066 0.031 0.012 0.000 0.000 0.016 0.000 0.099 0.011 0.037 0.001 0.000 0.708 
242 0.017 0.074 0.277 0.132 0.049 0.383 0.284 0.187 0.098 0.066 0.031 0.012 0.000 0.000 0.016 0.000 0.097 0.013 0.033 0.001 0.000 0.705 
243 0.018 0.076 0.274 0.120 0.043 0.388 0.283 0.188 0.095 0.063 0.030 0.011 0.000 0.000 0.015 0.000 0.100 0.013 0.037 0.001 0.000 0.709 
244 0.018 0.084 0.270 0.111 0.045 0.394 0.264 0.184 0.090 0.064 0.028 0.012 0.000 0.000 0.016 0.000 0.104 0.013 0.034 0.001 0.000 0.725 
245 0.018 0.077 0.270 0.108 0.055 0.389 0.270 0.185 0.091 0.069 0.032 0.011 0.000 0.000 0.016 0.000 0.101 0.017 0.037 0.001 0.000 0.724 
246 0.019 0.073 0.276 0.110 0.054 0.388 0.278 0.189 0.089 0.069 0.030 0.010 0.000 0.000 0.014 0.000 0.103 0.018 0.037 0.001 0.000 0.729 
247 0.020 0.065 0.273 0.109 0.052 0.395 0.286 0.186 0.084 0.064 0.033 0.009 0.000 0.000 0.015 0.000 0.105 0.018 0.032 0.001 0.000 0.729 
248 0.021 0.066 0.271 0.102 0.050 0.392 0.281 0.197 0.090 0.062 0.035 0.009 0.000 0.000 0.014 0.000 0.105 0.019 0.032 0.001 0.000 0.724 
249 0.020 0.070 0.270 0.089 0.055 0.402 0.290 0.195 0.095 0.068 0.036 0.008 0.000 0.000 0.013 0.000 0.107 0.021 0.032 0.001 0.000 0.731 
250 0.021 0.065 0.269 0.094 0.064 0.400 0.282 0.195 0.096 0.066 0.045 0.008 0.000 0.000 0.013 0.000 0.104 0.021 0.036 0.001 0.000 0.715 
251 0.016 0.062 0.289 0.098 0.077 0.398 0.273 0.189 0.135 0.066 0.045 0.008 0.000 0.000 0.013 0.000 0.109 0.021 0.032 0.001 0.000 0.692 
252 0.018 0.060 0.306 0.102 0.073 0.405 0.272 0.189 0.135 0.061 0.043 0.008 0.000 0.000 0.012 0.000 0.112 0.023 0.031 0.001 0.000 0.690 
253 0.022 0.064 0.299 0.103 0.087 0.405 0.288 0.184 0.140 0.054 0.044 0.007 0.002 0.000 0.010 0.000 0.110 0.024 0.031 0.001 0.000 0.692 
254 0.022 0.059 0.297 0.105 0.084 0.396 0.298 0.190 0.143 0.053 0.041 0.007 0.002 0.000 0.011 0.000 0.117 0.020 0.029 0.001 0.000 0.687 
255 0.020 0.060 0.297 0.106 0.079 0.386 0.286 0.190 0.138 0.055 0.041 0.007 0.001 0.000 0.012 0.000 0.119 0.021 0.035 0.001 0.000 0.706 
256 0.021 0.052 0.300 0.108 0.079 0.386 0.278 0.185 0.128 0.056 0.042 0.007 0.001 0.000 0.009 0.000 0.124 0.021 0.039 0.001 0.000 0.681 
257 0.021 0.051 0.298 0.109 0.083 0.395 0.266 0.186 0.129 0.054 0.039 0.010 0.001 0.000 0.007 0.000 0.125 0.023 0.039 0.002 0.000 0.698 
258 0.020 0.050 0.303 0.111 0.081 0.394 0.262 0.181 0.124 0.054 0.041 0.009 0.001 0.000 0.006 0.000 0.120 0.025 0.034 0.004 0.000 0.680 
259 0.018 0.047 0.306 0.108 0.083 0.386 0.257 0.184 0.131 0.042 0.043 0.010 0.001 0.000 0.006 0.000 0.122 0.027 0.037 0.002 0.000 0.679 
260 0.016 0.050 0.303 0.105 0.085 0.391 0.262 0.174 0.142 0.044 0.047 0.009 0.001 0.000 0.006 0.000 0.116 0.026 0.039 0.002 0.000 0.675 
261 0.017 0.057 0.297 0.113 0.083 0.388 0.264 0.177 0.140 0.053 0.047 0.009 0.001 0.000 0.006 0.000 0.120 0.031 0.039 0.002 0.000 0.680 
262 0.019 0.055 0.293 0.113 0.092 0.372 0.260 0.183 0.139 0.059 0.053 0.009 0.001 0.000 0.006 0.000 0.120 0.031 0.037 0.002 0.000 0.676 
263 0.020 0.058 0.286 0.114 0.102 0.375 0.240 0.184 0.138 0.058 0.051 0.010 0.001 0.000 0.007 0.000 0.120 0.030 0.041 0.002 0.000 0.702 
264 0.017 0.067 0.295 0.108 0.106 0.371 0.246 0.181 0.164 0.060 0.050 0.010 0.000 0.000 0.007 0.000 0.118 0.030 0.042 0.002 0.000 0.697 
265 0.019 0.066 0.291 0.112 0.105 0.360 0.244 0.185 0.161 0.052 0.053 0.010 0.000 0.000 0.006 0.000 0.120 0.032 0.043 0.002 0.000 0.706 
266 0.020 0.072 0.291 0.115 0.111 0.350 0.235 0.189 0.159 0.057 0.049 0.011 0.000 0.000 0.006 0.000 0.118 0.029 0.042 0.002 0.000 0.706 
267 0.019 0.073 0.286 0.111 0.129 0.348 0.229 0.188 0.156 0.057 0.050 0.014 0.000 0.000 0.008 0.000 0.117 0.043 0.041 0.002 0.000 0.705 
268 0.019 0.074 0.281 0.130 0.135 0.339 0.234 0.187 0.153 0.058 0.054 0.013 0.000 0.000 0.008 0.000 0.117 0.042 0.037 0.002 0.000 0.696 
269 0.017 0.077 0.285 0.132 0.135 0.357 0.233 0.187 0.156 0.060 0.056 0.013 0.000 0.000 0.008 0.000 0.115 0.041 0.033 0.002 0.000 0.702 
270 0.017 0.072 0.290 0.129 0.130 0.343 0.228 0.187 0.160 0.060 0.054 0.013 0.000 0.000 0.009 0.000 0.113 0.043 0.029 0.002 0.000 0.701 
271 0.016 0.071 0.296 0.121 0.131 0.339 0.233 0.185 0.155 0.057 0.054 0.013 0.000 0.000 0.010 0.000 0.110 0.045 0.028 0.001 0.000 0.696 
272 0.014 0.073 0.294 0.121 0.132 0.345 0.228 0.188 0.162 0.060 0.052 0.014 0.000 0.000 0.010 0.000 0.107 0.041 0.029 0.001 0.000 0.705 
273 0.015 0.072 0.296 0.124 0.129 0.348 0.226 0.188 0.175 0.056 0.051 0.015 0.000 0.000 0.011 0.000 0.113 0.038 0.030 0.001 0.000 0.705 
274 0.013 0.075 0.289 0.127 0.129 0.355 0.223 0.191 0.173 0.052 0.046 0.015 0.000 0.000 0.013 0.000 0.112 0.040 0.030 0.000 0.000 0.701 
275 0.014 0.070 0.285 0.129 0.126 0.365 0.222 0.189 0.174 0.055 0.048 0.014 0.000 0.000 0.011 0.000 0.107 0.046 0.032 0.000 0.000 0.711 
276 0.016 0.072 0.294 0.128 0.125 0.359 0.228 0.185 0.175 0.056 0.047 0.014 0.000 0.000 0.010 0.000 0.113 0.042 0.035 0.000 0.000 0.706 
277 0.016 0.076 0.301 0.128 0.126 0.360 0.234 0.184 0.172 0.058 0.050 0.015 0.000 0.000 0.011 0.000 0.109 0.048 0.044 0.000 0.000 0.685 
278 0.015 0.077 0.304 0.131 0.122 0.362 0.212 0.190 0.170 0.056 0.054 0.015 0.000 0.000 0.011 0.000 0.111 0.045 0.042 0.000 0.000 0.679 
279 0.014 0.080 0.298 0.140 0.121 0.356 0.206 0.192 0.176 0.055 0.052 0.014 0.000 0.000 0.012 0.000 0.111 0.043 0.039 0.000 0.000 0.684 
280 0.015 0.080 0.293 0.131 0.121 0.348 0.193 0.187 0.182 0.052 0.049 0.014 0.000 0.000 0.013 0.000 0.115 0.043 0.039 0.000 0.000 0.692 
281 0.017 0.077 0.298 0.130 0.120 0.349 0.203 0.193 0.187 0.057 0.046 0.009 0.000 0.000 0.012 0.000 0.116 0.045 0.037 0.000 0.000 0.691 
282 0.018 0.077 0.300 0.137 0.126 0.349 0.203 0.191 0.189 0.054 0.045 0.009 0.000 0.000 0.014 0.000 0.113 0.041 0.039 0.000 0.000 0.691 
283 0.021 0.075 0.303 0.122 0.129 0.352 0.191 0.191 0.183 0.054 0.044 0.009 0.000 0.000 0.014 0.003 0.110 0.041 0.046 0.000 0.000 0.692 
284 0.021 0.084 0.304 0.116 0.139 0.358 0.189 0.188 0.186 0.052 0.042 0.007 0.000 0.000 0.013 0.003 0.112 0.042 0.048 0.000 0.000 0.680 
285 0.021 0.082 0.301 0.120 0.138 0.369 0.189 0.184 0.208 0.052 0.042 0.008 0.000 0.000 0.013 0.003 0.113 0.043 0.047 0.000 0.000 0.679 
286 0.024 0.083 0.297 0.129 0.145 0.363 0.184 0.188 0.206 0.060 0.044 0.008 0.000 0.000 0.013 0.003 0.117 0.048 0.041 0.000 0.000 0.697 
287 0.024 0.084 0.293 0.129 0.148 0.359 0.185 0.183 0.214 0.057 0.045 0.006 0.000 0.000 0.013 0.005 0.116 0.051 0.040 0.000 0.000 0.696 
288 0.025 0.094 0.293 0.123 0.152 0.344 0.187 0.180 0.207 0.054 0.047 0.005 0.000 0.000 0.014 0.005 0.119 0.050 0.046 0.000 0.000 0.682 
289 0.025 0.099 0.288 0.124 0.157 0.348 0.191 0.174 0.194 0.050 0.054 0.004 0.000 0.000 0.012 0.004 0.116 0.048 0.042 0.000 0.000 0.689 
290 0.026 0.097 0.294 0.127 0.158 0.339 0.196 0.170 0.199 0.056 0.050 0.005 0.000 0.000 0.011 0.004 0.112 0.058 0.039 0.000 0.000 0.718 
291 0.026 0.100 0.295 0.134 0.158 0.321 0.211 0.171 0.190 0.047 0.052 0.004 0.000 0.000 0.011 0.004 0.119 0.062 0.032 0.000 0.000 0.719 
292 0.026 0.096 0.293 0.135 0.159 0.324 0.214 0.170 0.190 0.042 0.055 0.004 0.000 0.000 0.010 0.007 0.116 0.061 0.033 0.000 0.000 0.715 
293 0.024 0.097 0.293 0.131 0.159 0.320 0.213 0.169 0.200 0.046 0.047 0.004 0.000 0.000 0.012 0.007 0.111 0.064 0.026 0.000 0.000 0.704 
294 0.024 0.093 0.281 0.136 0.159 0.318 0.207 0.168 0.215 0.043 0.046 0.003 0.000 0.000 0.010 0.004 0.114 0.064 0.035 0.000 0.000 0.718 
295 0.024 0.095 0.281 0.127 0.154 0.315 0.203 0.168 0.210 0.045 0.050 0.003 0.000 0.000 0.010 0.004 0.111 0.070 0.042 0.000 0.000 0.718 
296 0.024 0.098 0.283 0.129 0.151 0.325 0.194 0.168 0.218 0.046 0.046 0.003 0.000 0.000 0.011 0.003 0.108 0.072 0.037 0.000 0.000 0.718 
297 0.025 0.097 0.288 0.125 0.149 0.319 0.201 0.169 0.210 0.052 0.048 0.003 0.000 0.000 0.010 0.003 0.105 0.070 0.035 0.000 0.000 0.702 
298 0.025 0.094 0.287 0.125 0.155 0.318 0.197 0.170 0.210 0.050 0.045 0.004 0.000 0.000 0.010 0.003 0.100 0.068 0.038 0.000 0.000 0.686 
299 0.026 0.084 0.281 0.116 0.158 0.330 0.188 0.167 0.203 0.051 0.073 0.003 0.000 0.000 0.010 0.005 0.097 0.065 0.038 0.000 0.000 0.687 
300 0.026 0.078 0.288 0.136 0.154 0.325 0.179 0.167 0.207 0.051 0.070 0.003 0.000 0.000 0.011 0.005 0.098 0.067 0.031 0.000 0.000 0.683 
301 0.025 0.073 0.289 0.149 0.147 0.330 0.194 0.170 0.259 0.049 0.061 0.003 0.000 0.000 0.012 0.008 0.092 0.071 0.036 0.000 0.000 0.670 
302 0.025 0.073 0.287 0.155 0.148 0.325 0.201 0.164 0.254 0.054 0.065 0.003 0.000 0.000 0.012 0.008 0.094 0.067 0.035 0.000 0.000 0.683 
303 0.026 0.075 0.264 0.153 0.154 0.336 0.201 0.165 0.264 0.052 0.063 0.003 0.000 0.000 0.011 0.008 0.102 0.066 0.038 0.000 0.000 0.674 
304 0.027 0.071 0.260 0.146 0.154 0.332 0.198 0.174 0.250 0.049 0.066 0.003 0.000 0.000 0.010 0.008 0.105 0.064 0.037 0.000 0.000 0.668 
305 0.028 0.074 0.251 0.142 0.159 0.341 0.199 0.178 0.245 0.049 0.068 0.002 0.000 0.000 0.011 0.009 0.101 0.063 0.039 0.000 0.000 0.686 
306 0.031 0.078 0.252 0.148 0.157 0.340 0.200 0.181 0.240 0.049 0.063 0.002 0.000 0.000 0.011 0.009 0.099 0.064 0.035 0.000 0.000 0.679 
307 0.030 0.081 0.257 0.152 0.161 0.330 0.202 0.176 0.242 0.047 0.059 0.001 0.000 0.000 0.009 0.010 0.102 0.065 0.037 0.000 0.000 0.691 
308 0.032 0.081 0.254 0.161 0.162 0.338 0.210 0.175 0.246 0.046 0.059 0.001 0.000 0.000 0.009 0.010 0.095 0.069 0.034 0.000 0.000 0.696 
309 0.031 0.082 0.265 0.165 0.160 0.341 0.208 0.176 0.261 0.047 0.057 0.000 0.000 0.000 0.010 0.010 0.097 0.065 0.035 0.000 0.000 0.690 
310 0.031 0.085 0.272 0.161 0.159 0.342 0.206 0.175 0.271 0.042 0.057 0.000 0.000 0.000 0.011 0.010 0.099 0.066 0.032 0.000 0.000 0.693 
311 0.031 0.084 0.273 0.160 0.165 0.354 0.213 0.173 0.279 0.039 0.055 0.000 0.000 0.000 0.011 0.008 0.098 0.063 0.033 0.000 0.000 0.702 
312 0.032 0.081 0.269 0.166 0.152 0.359 0.203 0.169 0.271 0.041 0.054 0.000 0.000 0.000 0.010 0.009 0.096 0.067 0.030 0.000 0.000 0.700 
313 0.033 0.085 0.271 0.161 0.153 0.334 0.204 0.168 0.272 0.041 0.055 0.001 0.000 0.000 0.011 0.009 0.095 0.061 0.035 0.000 0.000 0.706 
314 0.034 0.087 0.257 0.164 0.164 0.334 0.196 0.168 0.274 0.039 0.056 0.001 0.000 0.000 0.013 0.008 0.094 0.061 0.042 0.000 0.000 0.722 
315 0.034 0.086 0.250 0.163 0.173 0.328 0.189 0.169 0.289 0.039 0.055 0.001 0.000 0.000 0.011 0.009 0.090 0.057 0.040 0.000 0.000 0.721 
316 0.033 0.089 0.251 0.170 0.178 0.322 0.189 0.168 0.275 0.040 0.057 0.001 0.000 0.000 0.013 0.009 0.095 0.061 0.045 0.000 0.000 0.735 
317 0.034 0.087 0.246 0.179 0.182 0.320 0.178 0.171 0.268 0.043 0.056 0.001 0.000 0.000 0.011 0.011 0.090 0.062 0.036 0.000 0.000 0.735 
318 0.034 0.088 0.245 0.185 0.184 0.302 0.183 0.179 0.260 0.043 0.058 0.001 0.000 0.000 0.011 0.014 0.090 0.068 0.036 0.000 0.000 0.733 
319 0.028 0.087 0.241 0.181 0.185 0.283 0.202 0.181 0.251 0.046 0.056 0.001 0.000 0.000 0.011 0.014 0.093 0.070 0.036 0.000 0.000 0.732 
320 0.026 0.090 0.239 0.183 0.184 0.283 0.210 0.175 0.251 0.045 0.051 0.001 0.000 0.000 0.011 0.013 0.096 0.066 0.034 0.000 0.000 0.727 
321 0.027 0.095 0.226 0.181 0.186 0.280 0.217 0.175 0.243 0.061 0.049 0.001 0.000 0.000 0.012 0.013 0.096 0.063 0.036 0.000 0.000 0.727 
322 0.027 0.090 0.221 0.180 0.187 0.289 0.219 0.175 0.248 0.071 0.039 0.001 0.000 0.000 0.013 0.013 0.093 0.064 0.041 0.000 0.000 0.728 
323 0.028 0.084 0.224 0.180 0.191 0.292 0.219 0.176 0.249 0.067 0.041 0.002 0.000 0.000 0.012 0.011 0.097 0.063 0.041 0.000 0.000 0.730 
324 0.027 0.084 0.223 0.181 0.194 0.293 0.215 0.174 0.239 0.071 0.043 0.002 0.000 0.000 0.011 0.013 0.098 0.062 0.043 0.000 0.000 0.732 
325 0.033 0.082 0.215 0.190 0.192 0.308 0.213 0.182 0.236 0.076 0.043 0.002 0.000 0.000 0.013 0.013 0.094 0.062 0.038 0.000 0.000 0.721 
326 0.036 0.084 0.213 0.194 0.191 0.323 0.210 0.188 0.245 0.074 0.043 0.002 0.000 0.000 0.013 0.011 0.095 0.065 0.041 0.000 0.000 0.722 
327 0.038 0.087 0.208 0.188 0.190 0.314 0.202 0.186 0.262 0.070 0.047 0.004 0.000 0.000 0.011 0.013 0.096 0.069 0.039 0.000 0.000 0.737 
328 0.037 0.083 0.211 0.185 0.197 0.299 0.202 0.180 0.271 0.068 0.046 0.002 0.000 0.000 0.010 0.013 0.094 0.071 0.034 0.000 0.000 0.730 
329 0.037 0.100 0.212 0.187 0.197 0.294 0.206 0.179 0.280 0.066 0.049 0.001 0.000 0.000 0.010 0.015 0.092 0.072 0.035 0.000 0.000 0.706 
330 0.038 0.106 0.207 0.185 0.206 0.300 0.207 0.180 0.275 0.063 0.048 0.001 0.000 0.000 0.011 0.013 0.092 0.067 0.038 0.000 0.000 0.688 
331 0.037 0.101 0.209 0.193 0.208 0.308 0.208 0.181 0.274 0.064 0.046 0.001 0.000 0.000 0.014 0.013 0.092 0.068 0.040 0.000 0.000 0.680 
332 0.040 0.103 0.214 0.199 0.203 0.302 0.193 0.185 0.272 0.065 0.048 0.001 0.000 0.000 0.013 0.012 0.092 0.064 0.040 0.000 0.000 0.682 
333 0.042 0.099 0.213 0.201 0.203 0.316 0.181 0.192 0.275 0.065 0.045 0.001 0.000 0.000 0.013 0.013 0.096 0.072 0.041 0.000 0.000 0.690 
334 0.037 0.096 0.208 0.199 0.200 0.322 0.181 0.197 0.253 0.081 0.047 0.001 0.000 0.000 0.012 0.010 0.100 0.076 0.038 0.000 0.000 0.689 
335 0.037 0.097 0.209 0.189 0.204 0.311 0.175 0.198 0.263 0.078 0.048 0.001 0.000 0.000 0.010 0.009 0.101 0.079 0.031 0.000 0.000 0.692 
336 0.037 0.102 0.204 0.189 0.197 0.311 0.180 0.192 0.275 0.076 0.048 0.001 0.000 0.000 0.012 0.009 0.097 0.074 0.031 0.000 0.000 0.698 
337 0.035 0.106 0.200 0.189 0.196 0.315 0.164 0.187 0.268 0.076 0.046 0.001 0.000 0.000 0.012 0.011 0.094 0.066 0.029 0.000 0.000 0.696 
338 0.039 0.103 0.190 0.180 0.189 0.315 0.177 0.184 0.257 0.075 0.048 0.001 0.000 0.000 0.013 0.012 0.102 0.058 0.025 0.000 0.000 0.723 
339 0.040 0.101 0.192 0.186 0.188 0.316 0.181 0.179 0.249 0.069 0.045 0.001 0.000 0.000 0.014 0.012 0.102 0.060 0.026 0.000 0.000 0.724 
340 0.037 0.118 0.191 0.175 0.181 0.315 0.191 0.179 0.245 0.070 0.049 0.001 0.000 0.000 0.014 0.013 0.098 0.064 0.023 0.000 0.000 0.689 
341 0.037 0.120 0.195 0.181 0.182 0.316 0.194 0.177 0.235 0.090 0.048 0.001 0.000 0.000 0.013 0.013 0.097 0.064 0.016 0.000 0.000 0.707 
342 0.037 0.124 0.187 0.179 0.184 0.315 0.194 0.176 0.220 0.089 0.046 0.001 0.000 0.000 0.013 0.015 0.096 0.062 0.013 0.000 0.000 0.725 
343 0.039 0.120 0.186 0.175 0.180 0.310 0.188 0.180 0.222 0.088 0.046 0.001 0.000 0.000 0.011 0.015 0.094 0.065 0.010 0.000 0.000 0.732 
344 0.036 0.120 0.186 0.176 0.179 0.306 0.187 0.179 0.216 0.087 0.045 0.001 0.000 0.000 0.012 0.016 0.095 0.063 0.010 0.000 0.000 0.740 
345 0.035 0.108 0.201 0.180 0.172 0.308 0.194 0.180 0.219 0.091 0.048 0.001 0.000 0.000 0.012 0.015 0.100 0.065 0.010 0.000 0.000 0.743 
346 0.038 0.108 0.199 0.178 0.170 0.319 0.200 0.186 0.220 0.091 0.051 0.001 0.001 0.000 0.012 0.016 0.098 0.066 0.009 0.000 0.000 0.717 
347 0.036 0.110 0.199 0.183 0.172 0.321 0.197 0.184 0.214 0.087 0.045 0.001 0.001 0.000 0.014 0.016 0.103 0.065 0.006 0.000 0.000 0.715 
348 0.035 0.107 0.197 0.177 0.174 0.318 0.195 0.184 0.212 0.083 0.046 0.001 0.001 0.000 0.012 0.013 0.104 0.060 0.006 0.000 0.000 0.676 
349 0.037 0.128 0.191 0.172 0.174 0.323 0.187 0.194 0.208 0.086 0.045 0.001 0.001 0.000 0.012 0.012 0.100 0.065 0.003 0.000 0.000 0.669 
350 0.041 0.134 0.189 0.175 0.173 0.331 0.179 0.197 0.207 0.081 0.048 0.001 0.001 0.000 0.012 0.010 0.101 0.064 0.003 0.000 0.000 0.665 
351 0.042 0.131 0.186 0.173 0.173 0.333 0.183 0.212 0.208 0.084 0.048 0.004 0.001 0.000 0.010 0.010 0.101 0.065 0.003 0.000 0.000 0.667 
352 0.040 0.126 0.194 0.166 0.188 0.327 0.187 0.203 0.201 0.089 0.049 0.003 0.001 0.000 0.008 0.010 0.100 0.061 0.003 0.000 0.000 0.683 
353 0.038 0.140 0.198 0.164 0.184 0.328 0.176 0.203 0.208 0.092 0.048 0.003 0.001 0.000 0.008 0.012 0.108 0.064 0.003 0.000 0.000 0.701 
354 0.039 0.136 0.193 0.162 0.187 0.330 0.175 0.202 0.203 0.093 0.044 0.004 0.001 0.000 0.008 0.012 0.109 0.061 0.003 0.000 0.000 0.696 
355 0.040 0.136 0.200 0.160 0.193 0.333 0.182 0.203 0.209 0.096 0.042 0.004 0.001 0.000 0.009 0.012 0.109 0.061 0.003 0.000 0.000 0.692 
356 0.039 0.133 0.201 0.168 0.190 0.332 0.185 0.207 0.207 0.100 0.042 0.004 0.001 0.000 0.009 0.012 0.106 0.059 0.003 0.000 0.000 0.713 
357 0.040 0.130 0.200 0.169 0.192 0.337 0.197 0.207 0.210 0.086 0.038 0.004 0.001 0.000 0.009 0.012 0.103 0.061 0.010 0.000 0.000 0.726 
358 0.040 0.124 0.197 0.169 0.187 0.327 0.191 0.224 0.208 0.077 0.044 0.004 0.001 0.000 0.010 0.014 0.107 0.061 0.009 0.000 0.000 0.711 
359 0.039 0.119 0.200 0.172 0.185 0.318 0.189 0.218 0.200 0.076 0.042 0.004 0.001 0.000 0.012 0.014 0.110 0.065 0.010 0.000 0.000 0.709 
360 0.042 0.124 0.201 0.168 0.181 0.317 0.188 0.214 0.205 0.083 0.041 0.005 0.001 0.000 0.012 0.014 0.111 0.062 0.010 0.000 0.000 0.716 
361 0.043 0.131 0.199 0.168 0.181 0.310 0.184 0.217 0.216 0.082 0.043 0.005 0.001 0.000 0.014 0.015 0.104 0.057 0.009 0.000 0.000 0.723 
362 0.048 0.123 0.201 0.165 0.181 0.312 0.186 0.222 0.211 0.079 0.045 0.005 0.001 0.000 0.013 0.017 0.105 0.058 0.007 0.000 0.000 0.718 
363 0.047 0.119 0.200 0.164 0.192 0.293 0.188 0.220 0.214 0.078 0.063 0.004 0.001 0.000 0.013 0.017 0.106 0.058 0.007 0.000 0.000 0.705 
364 0.055 0.112 0.209 0.156 0.187 0.283 0.194 0.219 0.216 0.072 0.062 0.004 0.001 0.000 0.011 0.017 0.105 0.059 0.007 0.000 0.000 0.695 
365 0.057 0.110 0.208 0.159 0.185 0.281 0.188 0.225 0.213 0.071 0.083 0.004 0.001 0.000 0.011 0.018 0.109 0.059 0.007 0.000 0.000 0.696 
366 0.058 0.115 0.214 0.158 0.180 0.296 0.184 0.227 0.218 0.073 0.079 0.004 0.001 0.000 0.011 0.019 0.105 0.054 0.007 0.000 0.000 0.705 
367 0.057 0.110 0.213 0.151 0.175 0.290 0.184 0.228 0.204 0.078 0.075 0.004 0.001 0.000 0.010 0.023 0.106 0.056 0.007 0.000 0.000 0.703 
368 0.060 0.107 0.206 0.159 0.175 0.286 0.176 0.237 0.202 0.086 0.080 0.005 0.001 0.000 0.010 0.024 0.104 0.057 0.007 0.000 0.000 0.720 
369 0.060 0.111 0.208 0.162 0.187 0.264 0.201 0.236 0.197 0.081 0.078 0.002 0.001 0.000 0.011 0.026 0.102 0.063 0.007 0.000 0.000 0.719 
370 0.058 0.112 0.211 0.167 0.184 0.274 0.195 0.241 0.204 0.080 0.076 0.002 0.001 0.000 0.011 0.030 0.102 0.054 0.006 0.000 0.000 0.704 
371 0.057 0.112 0.206 0.173 0.179 0.275 0.196 0.238 0.197 0.081 0.071 0.001 0.002 0.000 0.010 0.030 0.100 0.054 0.006 0.000 0.000 0.713 
372 0.058 0.103 0.214 0.177 0.176 0.283 0.207 0.237 0.199 0.075 0.070 0.001 0.002 0.000 0.009 0.032 0.095 0.053 0.015 0.000 0.000 0.731 
373 0.056 0.107 0.215 0.181 0.175 0.286 0.219 0.240 0.194 0.076 0.068 0.002 0.001 0.002 0.009 0.031 0.095 0.054 0.012 0.000 0.000 0.725 
374 0.056 0.102 0.211 0.179 0.174 0.294 0.212 0.237 0.201 0.080 0.068 0.001 0.002 0.002 0.008 0.033 0.101 0.059 0.012 0.000 0.000 0.707 
375 0.060 0.102 0.199 0.178 0.174 0.287 0.213 0.243 0.204 0.076 0.065 0.001 0.002 0.002 0.008 0.032 0.098 0.057 0.015 0.000 0.000 0.694 
376 0.062 0.105 0.200 0.173 0.177 0.301 0.217 0.237 0.196 0.076 0.072 0.001 0.002 0.002 0.008 0.032 0.100 0.055 0.017 0.000 0.000 0.695 
377 0.063 0.103 0.202 0.169 0.176 0.309 0.226 0.236 0.187 0.077 0.072 0.001 0.004 0.002 0.009 0.034 0.102 0.055 0.017 0.000 0.000 0.696 
378 0.059 0.100 0.203 0.171 0.180 0.312 0.230 0.250 0.197 0.076 0.072 0.001 0.004 0.002 0.008 0.035 0.103 0.053 0.015 0.000 0.000 0.700 
379 0.060 0.100 0.200 0.170 0.188 0.312 0.229 0.240 0.200 0.079 0.071 0.001 0.005 0.002 0.008 0.035 0.103 0.056 0.018 0.000 0.000 0.702 
380 0.058 0.102 0.202 0.169 0.191 0.301 0.229 0.236 0.195 0.075 0.070 0.001 0.005 0.002 0.009 0.033 0.109 0.055 0.018 0.000 0.000 0.712 
381 0.053 0.105 0.206 0.169 0.191 0.314 0.233 0.233 0.202 0.076 0.074 0.001 0.005 0.002 0.009 0.041 0.107 0.057 0.010 0.000 0.000 0.721 
382 0.056 0.099 0.204 0.172 0.192 0.321 0.242 0.234 0.204 0.077 0.072 0.001 0.006 0.000 0.011 0.042 0.103 0.059 0.010 0.000 0.000 0.721 
383 0.058 0.099 0.204 0.162 0.191 0.330 0.248 0.237 0.206 0.079 0.073 0.001 0.006 0.000 0.011 0.040 0.107 0.058 0.010 0.000 0.000 0.719 
384 0.059 0.097 0.199 0.165 0.189 0.342 0.254 0.240 0.206 0.075 0.075 0.001 0.006 0.000 0.010 0.042 0.109 0.055 0.010 0.000 0.000 0.728 
385 0.061 0.094 0.199 0.156 0.186 0.337 0.254 0.240 0.207 0.077 0.075 0.001 0.007 0.000 0.011 0.043 0.105 0.055 0.010 0.000 0.000 0.724 
386 0.060 0.092 0.197 0.158 0.185 0.325 0.241 0.241 0.217 0.075 0.075 0.001 0.007 0.000 0.011 0.044 0.098 0.053 0.011 0.000 0.000 0.726 
387 0.057 0.092 0.194 0.155 0.189 0.311 0.224 0.248 0.210 0.078 0.073 0.001 0.008 0.000 0.010 0.041 0.098 0.051 0.011 0.000 0.000 0.744 
388 0.059 0.093 0.199 0.153 0.184 0.301 0.221 0.244 0.223 0.079 0.075 0.001 0.007 0.000 0.010 0.039 0.092 0.047 0.011 0.000 0.000 0.751 
389 0.054 0.095 0.202 0.148 0.194 0.288 0.215 0.250 0.216 0.079 0.068 0.000 0.006 0.000 0.009 0.038 0.097 0.049 0.008 0.000 0.000 0.761 
390 0.055 0.091 0.201 0.152 0.199 0.289 0.220 0.250 0.207 0.081 0.068 0.000 0.007 0.000 0.009 0.040 0.087 0.045 0.007 0.000 0.000 0.751 
391 0.056 0.089 0.195 0.158 0.202 0.283 0.216 0.248 0.202 0.085 0.069 0.000 0.006 0.000 0.010 0.037 0.094 0.047 0.007 0.000 0.000 0.754 
392 0.052 0.086 0.192 0.164 0.203 0.287 0.226 0.245 0.229 0.085 0.068 0.000 0.005 0.000 0.008 0.036 0.090 0.046 0.007 0.000 0.000 0.748 
393 0.053 0.087 0.196 0.164 0.200 0.287 0.216 0.239 0.229 0.086 0.064 0.000 0.005 0.000 0.008 0.037 0.096 0.048 0.007 0.000 0.000 0.746 
394 0.054 0.092 0.193 0.168 0.198 0.289 0.213 0.237 0.214 0.087 0.060 0.000 0.005 0.000 0.008 0.038 0.093 0.048 0.007 0.000 0.000 0.741 
395 0.055 0.094 0.191 0.161 0.199 0.301 0.211 0.246 0.209 0.084 0.060 0.000 0.005 0.000 0.012 0.036 0.096 0.042 0.007 0.000 0.000 0.739 
396 0.055 0.094 0.195 0.155 0.192 0.322 0.217 0.246 0.214 0.081 0.059 0.000 0.004 0.000 0.013 0.036 0.097 0.043 0.011 0.000 0.000 0.738 
397 0.053 0.096 0.198 0.160 0.190 0.316 0.215 0.246 0.213 0.087 0.054 0.000 0.004 0.000 0.014 0.037 0.101 0.043 0.010 0.000 0.000 0.745 
398 0.052 0.094 0.195 0.155 0.187 0.323 0.226 0.248 0.206 0.082 0.055 0.000 0.003 0.000 0.014 0.036 0.101 0.043 0.010 0.000 0.000 0.738 
399 0.050 0.088 0.195 0.170 0.190 0.314 0.222 0.251 0.198 0.080 0.057 0.000 0.003 0.000 0.013 0.037 0.102 0.040 0.010 0.000 0.000 0.735 
400 0.049 0.091 0.194 0.172 0.183 0.317 0.223 0.248 0.195 0.079 0.063 0.000 0.002 0.000 0.012 0.039 0.101 0.042 0.012 0.000 0.000 0.729 
401 0.051 0.090 0.205 0.169 0.183 0.317 0.217 0.257 0.186 0.086 0.061 0.000 0.002 0.000 0.012 0.040 0.103 0.041 0.012 0.000 0.000 0.728 
402 0.051 0.092 0.200 0.172 0.178 0.323 0.209 0.259 0.195 0.081 0.061 0.000 0.002 0.000 0.013 0.039 0.102 0.041 0.012 0.000 0.000 0.715 
403 0.050 0.095 0.196 0.177 0.175 0.318 0.211 0.261 0.203 0.084 0.060 0.000 0.002 0.000 0.012 0.044 0.101 0.039 0.009 0.000 0.000 0.712 
404 0.054 0.096 0.192 0.176 0.167 0.310 0.204 0.261 0.196 0.088 0.060 0.000 0.002 0.000 0.012 0.044 0.099 0.040 0.010 0.000 0.000 0.709 
405 0.054 0.098 0.194 0.170 0.169 0.311 0.188 0.260 0.193 0.086 0.059 0.000 0.002 0.000 0.010 0.044 0.097 0.042 0.009 0.000 0.000 0.716 
406 0.055 0.100 0.198 0.170 0.171 0.304 0.188 0.260 0.179 0.079 0.059 0.000 0.003 0.000 0.011 0.048 0.100 0.041 0.010 0.000 0.000 0.727 
407 0.052 0.102 0.198 0.169 0.176 0.289 0.186 0.257 0.189 0.086 0.053 0.000 0.003 0.000 0.011 0.049 0.101 0.043 0.010 0.000 0.000 0.716 
408 0.053 0.103 0.193 0.164 0.182 0.278 0.188 0.261 0.188 0.086 0.055 0.000 0.002 0.000 0.012 0.052 0.101 0.041 0.013 0.000 0.000 0.723 
409 0.052 0.097 0.192 0.161 0.187 0.272 0.193 0.260 0.188 0.084 0.057 0.000 0.004 0.000 0.011 0.052 0.101 0.042 0.012 0.000 0.000 0.717 
410 0.053 0.095 0.183 0.164 0.183 0.271 0.186 0.263 0.186 0.082 0.061 0.000 0.004 0.000 0.011 0.048 0.102 0.042 0.012 0.000 0.000 0.723 
411 0.054 0.095 0.179 0.172 0.190 0.266 0.188 0.267 0.188 0.077 0.062 0.000 0.004 0.000 0.013 0.046 0.101 0.043 0.016 0.000 0.000 0.715 
412 0.051 0.099 0.188 0.169 0.197 0.254 0.180 0.270 0.184 0.075 0.058 0.000 0.002 0.000 0.013 0.047 0.101 0.046 0.016 0.000 0.000 0.708 
413 0.043 0.097 0.178 0.172 0.194 0.242 0.184 0.268 0.184 0.070 0.057 0.000 0.002 0.000 0.013 0.045 0.100 0.047 0.013 0.000 0.000 0.702 
414 0.042 0.096 0.180 0.173 0.190 0.252 0.195 0.262 0.176 0.071 0.060 0.000 0.002 0.000 0.012 0.048 0.098 0.053 0.009 0.000 0.000 0.699 
415 0.046 0.092 0.176 0.179 0.186 0.253 0.220 0.258 0.180 0.072 0.055 0.000 0.002 0.000 0.013 0.049 0.106 0.051 0.010 0.000 0.000 0.703 
416 0.050 0.090 0.176 0.173 0.192 0.243 0.211 0.254 0.172 0.075 0.074 0.000 0.002 0.000 0.012 0.053 0.107 0.058 0.011 0.000 0.000 0.711 
417 0.049 0.084 0.172 0.171 0.191 0.235 0.212 0.257 0.157 0.075 0.079 0.000 0.002 0.000 0.013 0.052 0.109 0.058 0.011 0.000 0.000 0.706 
418 0.051 0.086 0.179 0.175 0.192 0.249 0.212 0.260 0.152 0.079 0.079 0.000 0.002 0.000 0.012 0.053 0.107 0.061 0.011 0.000 0.000 0.700 
419 0.049 0.087 0.185 0.167 0.184 0.254 0.221 0.259 0.145 0.080 0.104 0.000 0.002 0.000 0.010 0.051 0.104 0.059 0.011 0.000 0.000 0.678 
420 0.047 0.090 0.180 0.165 0.184 0.265 0.274 0.261 0.170 0.079 0.103 0.000 0.003 0.000 0.010 0.050 0.102 0.061 0.011 0.000 0.000 0.679 
421 0.049 0.090 0.194 0.162 0.182 0.259 0.271 0.269 0.187 0.076 0.099 0.000 0.003 0.000 0.011 0.048 0.096 0.061 0.015 0.000 0.000 0.690 
422 0.046 0.084 0.187 0.165 0.188 0.246 0.270 0.270 0.179 0.083 0.103 0.000 0.001 0.000 0.012 0.050 0.100 0.055 0.016 0.000 0.000 0.677 
423 0.041 0.090 0.190 0.164 0.183 0.242 0.280 0.271 0.183 0.081 0.101 0.000 0.001 0.000 0.016 0.047 0.099 0.056 0.020 0.000 0.000 0.679 
424 0.044 0.094 0.194 0.180 0.181 0.249 0.274 0.275 0.179 0.080 0.099 0.000 0.001 0.000 0.015 0.052 0.107 0.056 0.018 0.000 0.000 0.695 
425 0.044 0.093 0.187 0.182 0.180 0.247 0.284 0.270 0.180 0.076 0.097 0.001 0.002 0.000 0.016 0.049 0.109 0.058 0.018 0.000 0.000 0.713 
426 0.046 0.089 0.189 0.179 0.181 0.266 0.282 0.270 0.191 0.078 0.101 0.001 0.002 0.000 0.016 0.048 0.107 0.056 0.017 0.000 0.000 0.737 
427 0.046 0.088 0.186 0.183 0.180 0.261 0.273 0.272 0.179 0.077 0.099 0.000 0.002 0.000 0.018 0.049 0.108 0.057 0.017 0.000 0.000 0.747 
428 0.043 0.091 0.182 0.186 0.180 0.276 0.270 0.272 0.166 0.085 0.108 0.000 0.001 0.000 0.019 0.048 0.110 0.057 0.015 0.000 0.000 0.743 
429 0.047 0.084 0.177 0.192 0.185 0.280 0.275 0.268 0.168 0.087 0.106 0.000 0.001 0.000 0.020 0.047 0.114 0.057 0.012 0.000 0.000 0.738 
430 0.043 0.088 0.192 0.184 0.191 0.268 0.277 0.270 0.174 0.087 0.101 0.000 0.001 0.000 0.022 0.048 0.113 0.059 0.012 0.000 0.000 0.734 
431 0.042 0.085 0.194 0.179 0.190 0.278 0.280 0.269 0.163 0.090 0.098 0.000 0.001 0.000 0.022 0.047 0.118 0.056 0.012 0.000 0.000 0.709 
432 0.041 0.083 0.192 0.175 0.200 0.278 0.288 0.263 0.164 0.088 0.094 0.000 0.001 0.000 0.022 0.045 0.121 0.055 0.015 0.000 0.000 0.713 
433 0.041 0.080 0.191 0.172 0.193 0.267 0.308 0.269 0.203 0.089 0.091 0.000 0.001 0.000 0.022 0.042 0.116 0.058 0.015 0.000 0.000 0.703 
434 0.045 0.080 0.186 0.178 0.186 0.263 0.299 0.271 0.204 0.093 0.087 0.000 0.001 0.000 0.020 0.044 0.114 0.056 0.016 0.000 0.000 0.691 
435 0.044 0.080 0.196 0.175 0.191 0.246 0.301 0.265 0.195 0.095 0.087 0.000 0.001 0.000 0.019 0.045 0.115 0.060 0.013 0.000 0.000 0.690 
436 0.045 0.081 0.197 0.175 0.191 0.246 0.300 0.264 0.193 0.096 0.085 0.000 0.001 0.000 0.018 0.045 0.117 0.058 0.009 0.000 0.000 0.683 
437 0.046 0.075 0.194 0.176 0.183 0.253 0.305 0.267 0.195 0.092 0.082 0.002 0.001 0.000 0.018 0.048 0.113 0.052 0.012 0.000 0.000 0.704 
438 0.046 0.075 0.190 0.177 0.191 0.242 0.311 0.272 0.206 0.094 0.080 0.004 0.001 0.000 0.019 0.049 0.116 0.054 0.014 0.000 0.000 0.700 
439 0.043 0.079 0.190 0.175 0.191 0.243 0.304 0.274 0.206 0.097 0.074 0.004 0.001 0.000 0.025 0.047 0.117 0.050 0.014 0.000 0.000 0.705 
440 0.045 0.079 0.193 0.179 0.193 0.253 0.306 0.274 0.199 0.094 0.075 0.004 0.001 0.000 0.023 0.047 0.121 0.049 0.014 0.000 0.000 0.705 
441 0.048 0.078 0.180 0.185 0.198 0.251 0.311 0.276 0.195 0.096 0.072 0.006 0.001 0.000 0.024 0.047 0.125 0.048 0.014 0.000 0.000 0.694 
442 0.051 0.078 0.178 0.185 0.197 0.259 0.312 0.279 0.191 0.101 0.067 0.005 0.001 0.000 0.023 0.048 0.122 0.046 0.023 0.000 0.000 0.697 
443 0.051 0.077 0.177 0.190 0.204 0.253 0.312 0.274 0.190 0.098 0.070 0.005 0.001 0.000 0.021 0.046 0.119 0.045 0.020 0.000 0.000 0.682 
444 0.049 0.080 0.171 0.185 0.207 0.238 0.325 0.273 0.241 0.099 0.075 0.003 0.001 0.000 0.023 0.047 0.124 0.043 0.021 0.000 0.000 0.692 
445 0.046 0.085 0.172 0.182 0.209 0.233 0.318 0.272 0.232 0.099 0.076 0.003 0.001 0.000 0.024 0.048 0.122 0.042 0.021 0.000 0.000 0.702 
446 0.043 0.083 0.173 0.179 0.214 0.237 0.330 0.269 0.249 0.093 0.076 0.003 0.001 0.000 0.025 0.048 0.115 0.042 0.021 0.000 0.000 0.697 
447 0.040 0.086 0.167 0.189 0.212 0.244 0.320 0.268 0.246 0.094 0.072 0.003 0.001 0.000 0.023 0.049 0.124 0.044 0.021 0.000 0.000 0.707 
448 0.037 0.084 0.177 0.194 0.212 0.229 0.328 0.264 0.237 0.103 0.072 0.003 0.001 0.000 0.023 0.050 0.127 0.047 0.031 0.000 0.000 0.708 
449 0.040 0.082 0.178 0.190 0.212 0.242 0.321 0.274 0.259 0.104 0.071 0.003 0.001 0.000 0.023 0.054 0.134 0.046 0.032 0.000 0.000 0.714 
450 0.042 0.080 0.180 0.188 0.213 0.230 0.328 0.278 0.245 0.101 0.067 0.003 0.001 0.000 0.023 0.054 0.133 0.049 0.025 0.000 0.000 0.693 
451 0.043 0.077 0.176 0.197 0.214 0.236 0.323 0.281 0.249 0.101 0.064 0.003 0.001 0.000 0.024 0.052 0.133 0.044 0.025 0.002 0.000 0.669 
452 0.046 0.077 0.173 0.199 0.211 0.228 0.326 0.280 0.257 0.106 0.086 0.003 0.001 0.000 0.024 0.051 0.137 0.041 0.025 0.002 0.000 0.656 
453 0.046 0.099 0.176 0.197 0.207 0.223 0.321 0.277 0.250 0.098 0.084 0.002 0.001 0.000 0.022 0.049 0.144 0.040 0.022 0.002 0.000 0.671 
454 0.045 0.100 0.177 0.192 0.213 0.222 0.337 0.279 0.250 0.090 0.085 0.002 0.001 0.000 0.022 0.050 0.143 0.046 0.022 0.002 0.000 0.671 
455 0.044 0.101 0.182 0.190 0.216 0.219 0.327 0.275 0.250 0.080 0.091 0.002 0.001 0.000 0.022 0.052 0.141 0.046 0.026 0.003 0.000 0.684 
456 0.045 0.097 0.184 0.193 0.223 0.231 0.316 0.278 0.251 0.083 0.098 0.002 0.001 0.000 0.022 0.058 0.140 0.047 0.047 0.003 0.000 0.694 
457 0.042 0.096 0.190 0.195 0.217 0.225 0.320 0.276 0.256 0.084 0.096 0.001 0.001 0.000 0.023 0.059 0.137 0.046 0.048 0.002 0.000 0.681 
458 0.042 0.090 0.187 0.199 0.217 0.221 0.333 0.280 0.259 0.083 0.096 0.001 0.001 0.000 0.023 0.056 0.137 0.046 0.044 0.002 0.000 0.694 
459 0.043 0.090 0.194 0.203 0.215 0.196 0.326 0.282 0.265 0.079 0.092 0.001 0.001 0.000 0.020 0.058 0.131 0.048 0.053 0.002 0.000 0.693 
460 0.044 0.084 0.201 0.202 0.214 0.190 0.330 0.281 0.255 0.077 0.090 0.001 0.001 0.000 0.021 0.059 0.135 0.045 0.056 0.002 0.000 0.680 
461 0.049 0.083 0.203 0.200 0.214 0.185 0.333 0.282 0.257 0.076 0.087 0.001 0.001 0.000 0.022 0.049 0.138 0.043 0.049 0.002 0.000 0.685 
462 0.050 0.082 0.199 0.192 0.211 0.188 0.332 0.281 0.256 0.069 0.093 0.001 0.002 0.000 0.025 0.042 0.138 0.042 0.052 0.002 0.000 0.693 
463 0.050 0.107 0.200 0.187 0.214 0.200 0.339 0.276 0.263 0.079 0.095 0.001 0.002 0.000 0.026 0.043 0.137 0.040 0.055 0.001 0.000 0.684 
464 0.050 0.106 0.204 0.190 0.215 0.212 0.342 0.278 0.267 0.081 0.096 0.001 0.002 0.000 0.025 0.042 0.134 0.039 0.054 0.002 0.000 0.681 
465 0.046 0.102 0.217 0.190 0.213 0.201 0.337 0.277 0.267 0.078 0.099 0.001 0.002 0.000 0.022 0.044 0.137 0.036 0.055 0.002 0.000 0.697 
466 0.045 0.106 0.220 0.203 0.210 0.191 0.334 0.276 0.266 0.081 0.098 0.001 0.002 0.000 0.025 0.046 0.138 0.038 0.054 0.002 0.000 0.692 
467 0.045 0.110 0.214 0.202 0.209 0.190 0.333 0.277 0.274 0.075 0.097 0.005 0.002 0.000 0.023 0.043 0.135 0.038 0.050 0.002 0.000 0.704 
468 0.044 0.104 0.216 0.205 0.210 0.196 0.330 0.278 0.280 0.069 0.097 0.004 0.002 0.000 0.022 0.044 0.130 0.034 0.051 0.002 0.000 0.702 
469 0.045 0.104 0.215 0.198 0.206 0.212 0.327 0.287 0.271 0.069 0.119 0.004 0.001 0.000 0.023 0.042 0.130 0.028 0.050 0.002 0.000 0.706 
470 0.047 0.106 0.220 0.199 0.211 0.211 0.315 0.288 0.260 0.067 0.126 0.004 0.001 0.000 0.022 0.041 0.132 0.030 0.050 0.002 0.000 0.700 
471 0.046 0.106 0.211 0.200 0.218 0.206 0.312 0.285 0.258 0.074 0.127 0.006 0.001 0.000 0.025 0.040 0.130 0.028 0.048 0.002 0.000 0.693 
472 0.047 0.107 0.210 0.202 0.226 0.209 0.301 0.280 0.264 0.074 0.139 0.006 0.001 0.000 0.023 0.042 0.134 0.028 0.049 0.001 0.000 0.678 
473 0.045 0.103 0.209 0.210 0.226 0.214 0.312 0.278 0.256 0.073 0.139 0.005 0.001 0.000 0.023 0.040 0.135 0.028 0.048 0.001 0.000 0.703 
474 0.045 0.111 0.210 0.217 0.231 0.214 0.320 0.280 0.249 0.079 0.130 0.005 0.001 0.000 0.023 0.038 0.139 0.026 0.046 0.001 0.000 0.693 
475 0.046 0.107 0.216 0.207 0.229 0.208 0.314 0.274 0.240 0.078 0.129 0.005 0.002 0.000 0.024 0.035 0.139 0.026 0.052 0.001 0.000 0.687 
476 0.044 0.100 0.213 0.206 0.227 0.209 0.319 0.271 0.241 0.083 0.125 0.005 0.003 0.000 0.023 0.034 0.129 0.041 0.053 0.001 0.000 0.684 
477 0.046 0.099 0.225 0.200 0.224 0.206 0.324 0.273 0.229 0.090 0.123 0.005 0.002 0.000 0.022 0.034 0.130 0.042 0.048 0.001 0.000 0.707 
478 0.051 0.093 0.227 0.202 0.223 0.217 0.317 0.271 0.224 0.095 0.121 0.005 0.004 0.000 0.022 0.035 0.122 0.054 0.049 0.001 0.000 0.721 
479 0.055 0.094 0.228 0.194 0.224 0.225 0.313 0.271 0.224 0.094 0.124 0.005 0.004 0.000 0.022 0.034 0.117 0.057 0.046 0.001 0.000 0.713 
480 0.053 0.092 0.222 0.192 0.226 0.219 0.307 0.266 0.231 0.086 0.126 0.005 0.004 0.000 0.021 0.036 0.123 0.057 0.046 0.001 0.000 0.698 
481 0.053 0.087 0.221 0.199 0.228 0.221 0.303 0.262 0.236 0.084 0.127 0.005 0.004 0.000 0.020 0.034 0.122 0.053 0.047 0.001 0.000 0.705 
482 0.052 0.084 0.215 0.203 0.229 0.220 0.293 0.264 0.224 0.085 0.125 0.006 0.004 0.000 0.018 0.030 0.121 0.051 0.044 0.001 0.000 0.712 
483 0.053 0.086 0.213 0.202 0.232 0.230 0.284 0.260 0.213 0.072 0.125 0.006 0.003 0.000 0.016 0.031 0.118 0.052 0.037 0.001 0.000 0.711 
484 0.053 0.086 0.225 0.211 0.233 0.218 0.288 0.269 0.238 0.062 0.119 0.006 0.003 0.000 0.016 0.030 0.121 0.053 0.033 0.001 0.000 0.712 
485 0.053 0.086 0.235 0.214 0.233 0.213 0.300 0.279 0.240 0.056 0.117 0.007 0.003 0.000 0.014 0.032 0.119 0.051 0.032 0.000 0.000 0.715 
486 0.049 0.085 0.237 0.220 0.231 0.215 0.297 0.280 0.247 0.062 0.113 0.009 0.003 0.000 0.013 0.031 0.123 0.054 0.023 0.000 0.000 0.720 
487 0.046 0.085 0.234 0.224 0.228 0.207 0.276 0.280 0.249 0.064 0.110 0.009 0.004 0.000 0.013 0.032 0.120 0.055 0.025 0.000 0.000 0.733 
488 0.046 0.086 0.232 0.224 0.229 0.210 0.276 0.276 0.236 0.062 0.115 0.008 0.002 0.000 0.014 0.030 0.123 0.060 0.022 0.000 0.000 0.727 
489 0.047 0.084 0.230 0.218 0.232 0.206 0.283 0.277 0.232 0.058 0.131 0.007 0.003 0.000 0.014 0.026 0.120 0.056 0.025 0.000 0.000 0.725 
490 0.050 0.080 0.226 0.224 0.231 0.204 0.291 0.272 0.228 0.054 0.125 0.007 0.003 0.000 0.019 0.025 0.114 0.053 0.031 0.000 0.000 0.732 
491 0.050 0.078 0.222 0.220 0.228 0.197 0.290 0.273 0.218 0.054 0.126 0.008 0.002 0.000 0.020 0.025 0.114 0.052 0.037 0.000 0.000 0.696 
492 0.050 0.081 0.219 0.220 0.222 0.190 0.292 0.272 0.218 0.052 0.130 0.008 0.002 0.000 0.022 0.029 0.113 0.048 0.034 0.000 0.000 0.687 
493 0.050 0.084 0.214 0.214 0.218 0.198 0.289 0.272 0.241 0.055 0.154 0.008 0.002 0.000 0.023 0.027 0.110 0.045 0.031 0.000 0.001 0.678 
494 0.048 0.085 0.216 0.213 0.210 0.208 0.300 0.271 0.250 0.052 0.158 0.009 0.002 0.000 0.021 0.029 0.107 0.043 0.035 0.000 0.001 0.683 
495 0.045 0.085 0.210 0.212 0.215 0.218 0.307 0.269 0.253 0.054 0.157 0.009 0.002 0.000 0.022 0.031 0.109 0.039 0.035 0.000 0.002 0.693 
496 0.040 0.085 0.201 0.209 0.215 0.209 0.299 0.272 0.261 0.053 0.157 0.010 0.002 0.000 0.021 0.025 0.106 0.041 0.034 0.000 0.002 0.689 
497 0.037 0.084 0.201 0.214 0.218 0.212 0.310 0.271 0.253 0.055 0.171 0.010 0.003 0.000 0.020 0.024 0.110 0.040 0.033 0.000 0.002 0.699 
498 0.041 0.087 0.205 0.214 0.222 0.210 0.299 0.279 0.247 0.055 0.182 0.012 0.003 0.000 0.017 0.023 0.105 0.048 0.033 0.000 0.002 0.714 
499 0.039 0.087 0.204 0.207 0.222 0.205 0.305 0.279 0.247 0.051 0.180 0.011 0.003 0.000 0.016 0.024 0.107 0.049 0.033 0.000 0.002 0.699 