0 244 456 77 55 198 14 64 472 178 242 368 372 563 602 26 172 226 540 66 213 2165 5239 
1 249 462 77 55 203 15 96 487 171 268 427 361 570 588 25 166 240 516 65 223 2171 5095 
2 257 469 92 52 212 17 130 635 176 273 471 367 577 571 23 163 245 508 64 221 2161 4850 
3 256 472 100 48 215 20 200 651 181 290 495 378 562 583 23 170 258 489 65 231 2209 4676 
4 257 459 111 50 211 19 213 669 173 305 508 376 568 574 23 174 260 474 64 253 2217 4735 
5 260 462 105 51 216 19 245 726 178 310 529 377 571 561 23 174 266 485 66 256 2246 4734 
6 273 460 102 48 218 21 253 755 170 311 569 363 563 582 24 171 277 467 66 265 2257 4750 
7 270 458 106 50 223 21 298 784 171 335 582 362 581 563 24 174 281 463 65 260 2294 4797 
8 268 487 110 48 226 22 310 780 167 339 603 346 603 553 23 177 303 458 65 296 2276 4808 
9 267 499 107 50 229 24 322 795 168 344 618 353 607 556 24 178 312 452 64 302 2283 4830 
10 263 499 105 50 228 25 329 801 175 341 618 359 640 516 25 168 318 457 65 307 2279 4877 
11 265 495 111 50 230 26 341 865 174 428 542 361 652 494 28 166 344 442 67 323 2264 4877 
12 271 500 110 48 231 27 358 875 181 433 561 352 648 478 28 169 350 445 66 318 2296 4920 
13 271 512 113 48 235 26 359 877 177 412 583 363 640 465 25 169 362 439 68 345 2311 4983 
14 270 525 114 50 234 25 355 875 173 424 593 360 650 460 23 164 386 421 80 353 2338 5039 
15 275 529 113 48 231 25 353 889 183 425 636 366 650 451 22 171 394 404 83 351 2346 5037 
16 277 530 112 50 218 25 364 893 179 423 641 376 681 424 23 177 408 406 82 358 2361 5038 
17 284 527 116 48 217 25 368 906 181 431 657 377 678 420 22 182 417 404 84 362 2371 5089 
18 280 528 115 50 217 25 368 909 184 422 671 380 687 425 21 179 423 404 83 359 2397 5132 
19 267 556 120 49 222 24 368 959 184 428 702 377 690 413 18 174 428 407 83 396 2316 5086 
20 265 564 122 48 226 26 376 960 184 440 708 373 690 413 19 177 432 413 88 454 2217 5127 
21 257 576 119 47 231 27 413 940 187 465 689 370 705 416 18 181 434 410 92 533 2112 5214 
22 262 582 125 47 234 29 433 965 220 472 694 356 732 420 18 178 440 422 91 546 2132 5241 
23 265 599 125 47 246 31 461 973 231 497 682 365 751 416 19 173 439 422 92 560 2137 5313 
24 276 607 125 61 231 30 475 972 235 562 642 375 776 416 20 176 443 423 95 569 2163 5341 
25 279 609 129 66 227 33 484 989 235 564 655 377 776 425 20 173 438 431 96 578 2201 5299 
26 277 609 153 63 234 31 528 1051 254 655 664 385 754 418 20 176 440 441 96 584 2229 5040 
27 281 629 155 63 239 32 620 1129 274 676 672 386 760 422 21 178 429 446 95 606 2239 4814 
28 308 620 163 58 234 31 664 1174 283 693 703 381 757 425 23 181 428 447 98 592 2247 4695 
29 309 637 176 55 235 33 682 1167 309 737 679 378 764 434 24 184 436 444 101 638 2222 4766 
30 317 652 176 54 238 32 705 1199 308 752 746 370 780 437 25 182 437 449 102 662 2232 4815 
31 373 606 187 54 244 33 732 1220 314 775 733 369 788 440 25 183 443 433 111 663 2267 4864 
32 385 613 192 55 247 32 751 1232 322 781 726 362 783 438 25 188 441 433 112 672 2268 4929 
33 396 604 186 55 247 34 771 1257 349 777 750 352 779 440 25 185 445 431 110 686 2271 4999 
34 410 616 193 55 251 34 804 1282 346 775 784 354 780 441 25 184 437 434 125 701 2307 5082 
35 404 637 201 52 249 36 804 1292 348 779 809 368 772 439 25 184 450 430 124 730 2280 5153 
36 404 637 203 52 246 41 818 1311 439 775 812 365 781 447 24 183 461 427 127 746 2289 5158 
37 398 656 200 55 250 37 840 1336 447 750 841 367 785 448 25 181 467 426 123 751 2318 5253 
38 425 670 200 54 264 36 900 1415 441 762 856 371 794 459 25 186 464 424 127 767 2348 5100 
39 436 668 205 53 261 34 922 1420 450 771 879 375 794 458 25 184 471 418 128 758 2364 5035 
40 431 670 236 50 263 42 891 1477 445 798 914 371 783 499 26 182 477 414 131 768 2374 4915 
41 436 686 216 49 267 60 912 1454 486 794 949 375 782 496 25 184 491 410 132 764 2390 4811 
42 437 701 217 48 272 57 1014 1508 495 795 951 377 817 445 26 183 492 409 137 781 2354 4634 
43 454 715 219 49 275 57 1006 1543 494 799 967 376 825 440 23 188 486 413 141 799 2279 4709 
44 466 712 212 50 259 73 1013 1588 483 813 996 367 843 436 23 186 492 413 142 853 2185 4771 
45 476 727 214 54 264 75 965 1663 502 835 1019 370 828 467 25 195 495 389 157 862 2123 4812 
46 486 741 218 50 268 72 922 1707 548 807 1030 364 842 467 26 196 500 379 153 877 2134 4868 
47 480 741 224 52 273 77 899 1736 560 831 1036 377 872 463 25 219 509 384 157 883 2145 4927 
48 488 746 231 49 273 79 878 1812 527 837 1050 374 876 459 26 195 514 379 175 887 2177 5008 
49 497 752 232 49 277 79 877 1893 476 855 1060 376 887 460 26 189 521 385 178 885 2201 5106 
50 497 750 236 50 280 76 835 1982 441 916 1078 375 878 465 26 188 531 370 196 865 2219 5170 
51 496 765 239 50 274 76 825 2007 407 988 1092 375 839 523 25 183 536 377 199 841 2262 5210 
52 495 776 247 48 270 77 813 2064 455 928 1152 366 781 543 24 187 539 384 206 818 2310 5225 
53 580 719 256 48 270 77 786 2128 491 924 1181 354 799 513 27 210 541 379 206 774 2363 5258 
54 543 762 264 47 274 76 786 2198 520 892 1208 353 803 505 24 209 505 378 241 843 2329 5273 
55 551 770 271 49 269 78 801 2226 564 849 1267 353 796 506 24 203 518 371 243 867 2339 5304 
56 519 800 283 51 272 77 833 2309 602 880 1288 348 826 497 24 211 523 374 247 839 2357 5161 
57 527 827 308 54 267 74 838 2360 597 976 1346 313 840 492 48 214 515 375 247 811 2358 5014 
58 525 840 311 49 270 86 889 2253 654 988 1363 323 883 456 46 214 559 368 249 811 2382 4909 
59 535 841 326 51 278 85 906 2211 718 1042 1385 332 891 439 45 209 603 365 253 824 2359 4806 
60 541 850 332 51 276 88 1008 2203 715 1091 1440 338 873 452 46 214 609 364 250 843 2306 4613 
61 574 830 334 51 275 87 1017 2086 717 1099 1394 323 858 461 49 217 724 367 272 825 2268 4694 
62 597 828 327 48 278 88 994 2109 727 1104 1391 319 850 473 49 222 736 364 277 849 2233 4758 
63 604 832 327 51 277 91 970 2179 745 1100 1371 323 845 468 45 240 745 374 263 897 2164 4801 
64 599 821 346 54 273 95 951 2258 720 1081 1349 325 821 481 84 236 759 395 258 896 2158 4861 
65 604 819 351 54 277 99 978 2253 758 1048 1346 325 784 504 87 237 777 394 240 891 2140 4914 
66 638 811 352 54 273 101 968 2317 746 1041 1313 320 798 486 113 233 792 397 233 944 2051 4953 
67 657 802 362 56 273 101 961 2368 763 1029 1360 323 798 487 114 228 793 411 233 921 2077 5023 
68 670 806 365 56 275 101 950 2389 817 971 1452 314 872 426 120 243 809 422 238 889 2116 4974 
69 694 792 370 57 282 103 934 2412 860 943 1468 316 879 433 121 247 799 417 227 866 2136 5027 
70 701 811 379 59 285 105 941 2446 854 987 1452 308 882 424 124 250 822 407 235 862 2167 5138 
71 694 852 372 59 290 103 957 2491 844 1034 1508 309 895 430 119 251 817 408 235 852 2187 5142 
72 731 844 374 58 290 104 923 2561 815 1037 1535 308 872 457 126 282 826 405 241 820 2214 5195 
73 747 846 382 61 299 129 971 2580 832 1148 1562 315 856 464 128 270 858 408 239 845 2214 4990 
74 755 853 386 63 306 132 962 2619 807 1174 1575 325 822 476 132 269 873 417 241 845 2218 4935 
75 800 827 400 63 316 137 1007 2621 857 1191 1578 305 802 488 137 269 888 410 244 837 2247 4836 
76 817 834 430 63 319 139 1050 2477 931 1156 1570 305 778 514 138 266 940 407 241 821 2252 4784 
77 826 841 440 64 331 136 1010 2441 969 1154 1558 309 793 496 146 273 976 401 242 778 2273 4764 
78 829 849 465 62 344 144 1040 2366 1060 1151 1524 306 811 467 148 278 1035 399 242 797 2272 4802 
79 836 858 478 82 342 149 1016 2406 1053 1169 1487 312 825 445 154 287 1068 390 251 813 2275 4837 
80 850 867 483 79 343 155 1000 2319 1042 1188 1489 319 819 454 160 290 1136 390 255 821 2304 4910 
81 847 883 495 79 349 160 982 2328 1059 1216 1432 331 825 451 185 288 1185 372 257 830 2333 4965 
82 856 911 501 77 348 166 974 2323 1078 1177 1444 335 825 437 200 286 1213 368 233 893 2348 5063 
83 874 923 510 75 347 169 993 2230 1149 1138 1426 337 833 438 209 277 1218 364 238 858 2387 5116 
84 868 946 525 72 346 168 962 2233 1149 1140 1410 347 837 436 215 294 1195 359 237 886 2302 5199 
85 874 978 529 70 349 174 982 2253 1135 1118 1422 346 857 421 215 292 1168 364 255 887 2252 5199 
86 887 984 536 70 352 183 996 2229 1138 1098 1434 345 878 419 217 314 1168 352 280 913 2206 5242 
87 882 1009 537 73 350 181 1026 2223 1126 1085 1462 354 891 422 216 339 1139 340 287 910 2170 5330 
88 899 1012 550 76 361 185 1051 2293 1128 1107 1414 354 885 405 277 359 1126 344 296 915 2121 5215 
89 939 997 531 95 353 201 1091 2368 1139 1134 1398 350 863 424 285 377 1097 344 297 891 2138 5007 
90 970 977 544 97 361 229 1054 2332 1117 1221 1380 372 815 442 291 378 1157 345 283 899 2135 4929 
91 988 975 505 156 350 271 1012 2411 1103 1215 1429 367 765 473 297 376 1167 338 272 908 2157 4739 
92 1024 960 523 161 354 293 1041 2377 1193 1173 1466 368 767 480 306 380 1197 326 289 915 2180 4562 
93 1050 948 532 168 348 303 1037 2361 1158 1174 1506 367 781 466 321 387 1245 338 293 915 2203 4633 
94 1051 973 545 165 349 322 983 2438 1169 1158 1530 363 794 461 319 385 1201 328 283 910 2225 4737 
95 1099 948 582 167 339 329 993 2420 1162 1118 1658 370 796 474 319 379 1261 331 261 883 2258 4779 
96 1117 981 599 158 366 342 969 2463 1142 1133 1657 384 802 467 321 423 1209 341 237 874 2271 4859 
97 1105 983 619 153 368 341 1019 2370 1117 1168 1657 393 784 499 278 435 1267 348 242 879 2296 4907 
98 1160 919 637 152 370 338 992 2371 1141 1149 1620 398 775 487 292 475 1309 351 246 867 2312 4966 
99 1143 900 663 169 364 341 981 2357 1149 1188 1604 405 779 481 309 481 1359 334 262 828 2333 5038 
100 1119 899 669 176 359 393 1004 2349 1132 1192 1573 428 803 461 327 478 1361 339 265 816 2350 5112 
101 1081 908 676 184 354 412 1017 2291 1154 1231 1529 430 803 460 330 482 1365 347 260 786 2355 5219 
102 1085 910 676 183 359 433 1009 2396 1158 1254 1530 428 810 447 337 510 1315 345 252 779 2363 5107 
103 1018 959 693 187 353 436 1032 2382 1115 1226 1537 425 825 440 358 538 1336 348 245 788 2373 5021 
104 951 991 708 189 353 445 1067 2482 1094 1291 1502 428 847 439 365 538 1281 348 249 802 2413 4857 
105 989 970 721 188 355 453 1077 2526 1081 1369 1497 436 849 442 369 556 1257 347 253 835 2363 4734 
106 1066 914 865 179 356 457 1078 2613 1089 1422 1464 434 841 432 380 560 1266 352 255 881 2269 4474 
107 1141 877 881 184 356 446 1095 2570 1090 1407 1448 439 851 432 397 572 1308 355 267 944 2176 4534 
108 1145 845 900 187 364 453 1100 2535 1082 1483 1369 443 871 430 405 582 1349 363 259 928 2159 4611 
109 1047 950 926 185 367 462 1125 2530 1049 1429 1424 442 881 434 407 589 1375 362 248 976 2051 4674 
110 1011 975 944 183 363 482 1085 2506 1035 1402 1496 438 881 440 407 593 1419 362 252 999 2061 4734 
111 1024 934 992 188 364 491 1097 2520 1058 1378 1526 436 877 452 416 611 1413 367 250 998 2078 4801 
112 1021 933 1003 185 364 454 1146 2498 1058 1357 1559 429 872 471 424 623 1453 372 257 979 2107 4853 
113 981 950 1039 188 360 470 1111 2554 1061 1341 1595 417 876 472 436 633 1461 350 257 999 2123 4933 
114 967 955 1038 193 368 519 1086 2529 1071 1338 1553 421 879 476 441 691 1412 349 256 976 2125 5036 
115 975 861 1111 200 371 525 1065 2540 1062 1336 1497 442 868 480 467 739 1359 352 264 951 2154 5101 
116 961 875 1145 199 365 529 1050 2573 1053 1394 1478 453 865 487 447 806 1297 352 266 925 2179 5160 
117 971 865 1161 205 365 529 1027 2587 1016 1431 1469 465 903 471 451 849 1255 364 264 911 2177 5251 
118 1069 780 1156 223 377 561 969 2600 1061 1433 1449 449 900 480 443 859 1214 368 272 891 2206 5209 
119 1094 790 1131 246 384 595 1013 2543 1081 1520 1332 471 858 498 485 867 1221 361 269 845 2229 5108 
120 1126 814 1215 242 378 614 1105 2536 1072 1514 1364 483 813 516 488 884 1237 360 264 825 2263 4907 
121 1138 837 1259 253 366 670 1084 2541 1109 1506 1431 487 806 509 488 938 1194 352 265 806 2284 4759 
122 1078 907 1327 247 368 669 1118 2552 1094 1494 1470 497 824 489 499 940 1225 356 275 779 2310 4665 
123 1027 968 1353 248 364 686 1108 2498 1090 1534 1451 503 800 483 504 953 1251 357 277 797 2323 4727 
124 1001 908 1398 250 362 737 1126 2489 1111 1522 1476 502 793 468 504 948 1276 374 275 816 2321 4797 
125 936 936 1422 255 357 699 1148 2496 1123 1485 1534 502 817 445 508 946 1318 384 273 834 2319 4884 
126 971 902 1475 233 383 676 1108 2501 1131 1400 1618 504 845 431 530 948 1338 426 258 866 2334 4930 
127 974 897 1504 248 386 664 1120 2556 1132 1367 1660 492 890 402 544 957 1279 436 260 855 2346 4969 
128 1005 900 1470 285 385 682 1149 2548 1125 1338 1691 496 898 408 539 965 1275 425 263 858 2355 5026 
129 1010 889 1462 289 394 653 1194 2492 1169 1328 1668 501 904 413 570 995 1270 437 262 877 2366 5072 
130 1030 895 1463 295 409 635 1192 2497 1132 1356 1663 507 916 420 582 1012 1274 419 266 911 2364 5140 
131 1032 914 1444 299 424 663 1153 2468 1128 1355 1619 502 910 435 619 1021 1273 412 264 872 2374 5200 
132 1071 877 1401 330 424 640 1212 2427 1112 1312 1594 499 901 437 659 1051 1287 412 273 841 2423 5237 
133 1071 865 1399 336 437 616 1261 2451 1092 1284 1625 502 891 447 685 1114 1214 408 268 892 2309 5238 
134 1062 875 1392 355 441 633 1232 2455 1061 1304 1598 505 825 475 723 1123 1189 411 272 928 2267 5357 
135 1113 873 1369 359 448 666 1226 2491 1096 1309 1564 527 801 480 769 1142 1180 417 278 1049 2124 5272 
136 1132 877 1302 363 478 789 1194 2528 1077 1404 1490 539 809 481 777 1183 1149 418 284 1010 2156 5073 
137 1166 872 1274 365 475 833 1214 2505 1073 1461 1444 546 805 486 809 1235 1143 430 290 999 2182 4980 
138 1102 977 1283 375 482 874 1211 2503 1070 1483 1468 554 811 493 818 1245 1185 427 294 1013 2170 4798 
139 1073 1017 1318 381 465 879 1332 2450 1076 1449 1495 568 826 448 842 1272 1193 424 293 999 2189 4645 
140 1041 1049 1324 411 476 844 1359 2436 1082 1451 1525 599 813 430 842 1303 1198 421 287 998 2221 4730 
141 980 1125 1374 383 475 827 1375 2492 1068 1436 1570 593 812 425 854 1319 1229 416 283 976 2258 4746 
142 977 1114 1415 388 483 845 1360 2414 1111 1406 1642 605 838 430 856 1347 1312 425 278 942 2276 4786 
143 999 1084 1454 395 492 857 1362 2393 1067 1430 1684 604 850 434 862 1261 1398 435 280 949 2301 4891 
144 1014 1059 1466 401 484 888 1338 2391 1066 1432 1719 608 869 440 881 1264 1307 437 274 931 2345 4950 
145 1047 1029 1396 435 488 945 1291 2353 1119 1471 1685 611 870 451 892 1275 1350 456 276 932 2374 4976 
146 1057 1001 1436 443 492 951 1239 2320 1067 1540 1673 648 864 467 907 1298 1402 462 268 911 2412 5075 
147 1060 990 1395 463 501 952 1235 2375 1032 1529 1655 651 861 465 917 1324 1386 461 263 979 2292 5139 
148 1085 888 1448 457 502 951 1252 2327 1027 1546 1630 664 881 450 936 1331 1414 468 265 990 2260 5202 
149 1110 891 1418 484 508 959 1251 2327 1028 1579 1566 679 891 454 956 1363 1405 474 260 965 2207 5309 
150 1142 898 1406 483 498 935 1275 2296 1037 1650 1492 680 865 470 1015 1365 1396 465 261 947 2201 5185 
151 1169 919 1380 512 507 986 1277 2314 1066 1662 1490 692 837 487 1029 1410 1399 428 258 929 2155 5047 
152 1127 949 1390 521 506 1044 1240 2321 1115 1664 1529 701 824 487 1058 1438 1400 419 300 944 2129 4912 
153 1095 1033 1355 524 507 1030 1268 2296 1128 1696 1456 716 790 513 1133 1436 1421 414 298 913 2161 4788 
154 1060 1073 1353 530 551 986 1274 2297 1139 1699 1487 720 859 456 1120 1446 1426 409 320 900 2186 4743 
155 956 1160 1330 565 566 994 1291 2277 1193 1692 1543 715 857 442 1158 1464 1428 377 331 877 2245 4693 
156 970 1160 1282 588 585 1021 1331 2324 1194 1657 1574 749 845 452 1201 1490 1341 387 367 855 2280 4738 
157 1060 1104 1272 618 582 1025 1329 2351 1183 1610 1607 741 871 449 1225 1490 1346 384 367 831 2313 4776 
158 1060 1108 1201 641 595 1062 1325 2317 1194 1605 1636 752 871 444 1252 1452 1418 385 379 820 2343 4841 
159 1069 1100 1199 640 607 1038 1300 2382 1126 1627 1542 780 889 442 1289 1477 1362 385 417 820 2360 4926 
160 1100 1082 1257 643 611 1025 1269 2476 1159 1679 1522 807 869 441 1336 1465 1313 385 416 801 2365 4912 
161 1120 1092 1301 662 610 998 1264 2514 1154 1677 1490 817 806 475 1400 1523 1274 388 426 763 2404 4970 
162 1086 1121 1322 675 606 1026 1255 2549 1172 1595 1560 823 751 496 1415 1393 1346 395 418 843 2356 5040 
163 991 1185 1377 703 622 1048 1202 2518 1197 1598 1571 817 758 479 1425 1407 1433 432 356 947 2251 5131 
164 1043 1113 1415 765 587 1049 1203 2507 1219 1576 1597 827 756 470 1449 1223 1559 436 351 963 2186 5219 
165 1048 1077 1439 794 588 1039 1259 2470 1231 1555 1607 823 797 446 1417 1284 1508 448 369 1006 2122 5246 
166 1076 1036 1423 803 611 1045 1281 2469 1239 1517 1603 883 807 444 1435 1309 1490 453 380 983 2147 5320 
167 1131 981 1441 819 615 1106 1308 2452 1317 1524 1630 906 828 425 1450 1315 1410 460 404 1020 2126 5078 
168 1154 971 1394 869 641 1090 1355 2359 1341 1498 1655 914 848 419 1444 1350 1402 474 434 972 2158 5023 
169 1188 933 1438 875 653 1102 1382 2376 1299 1553 1627 925 848 440 1465 1375 1377 459 466 957 2178 4885 
170 1181 946 1389 893 696 1101 1410 2407 1380 1520 1609 998 852 451 1482 1488 1254 447 482 908 2188 4733 
171 1208 909 1383 898 719 1107 1460 2378 1420 1478 1638 1023 861 459 1515 1474 1242 438 508 878 2203 4623 
172 1203 932 1332 901 766 1133 1487 2361 1356 1520 1633 1053 864 460 1495 1464 1269 428 502 860 2218 4635 
173 1208 915 1303 891 768 1171 1452 2372 1390 1490 1625 1079 868 465 1552 1380 1284 423 542 835 2234 4680 
174 1176 982 1245 904 815 1144 1443 2407 1397 1433 1646 1121 876 475 1584 1401 1207 412 575 865 2262 4748 
175 1097 1090 1238 918 852 1102 1441 2424 1411 1396 1640 1133 873 483 1669 1324 1190 412 563 882 2311 4815 
176 1080 1094 1269 923 866 1092 1451 2387 1433 1355 1638 1147 887 469 1692 1290 1184 413 581 892 2361 4920 
177 1083 1079 1352 939 856 1034 1468 2350 1447 1352 1621 1154 878 461 1705 1207 1233 435 603 908 2372 4941 
178 1049 1117 1390 936 905 1023 1462 2339 1438 1342 1639 1191 881 466 1739 1191 1234 461 564 913 2394 5022 
179 1057 1120 1446 899 909 1008 1472 2336 1431 1332 1613 1267 882 471 1754 1141 1237 459 605 950 2330 5121 
180 1039 1159 1414 899 924 1015 1401 2365 1453 1374 1533 1281 893 472 1835 1121 1226 494 594 988 2243 5135 
181 1042 1167 1409 929 935 965 1479 2312 1473 1388 1511 1309 881 476 1847 1133 1203 510 596 975 2234 5213 
182 1011 1219 1420 991 895 923 1529 2261 1521 1387 1495 1325 888 468 1856 1137 1236 498 606 972 2195 5070 
183 982 1216 1381 1072 903 932 1559 2259 1523 1411 1512 1304 912 472 1878 1170 1246 518 574 917 2211 4949 
184 1017 1208 1344 1090 910 951 1641 2198 1615 1411 1519 1337 939 473 1884 1199 1219 532 562 950 2136 4782 
185 1059 1178 1349 1086 896 1006 1669 2116 1672 1416 1482 1339 974 476 1969 1266 1230 536 544 953 2141 4642 
186 1087 1179 1314 1073 952 995 1646 2176 1688 1423 1463 1368 984 476 2017 1295 1215 548 535 921 2158 4716 
187 1109 1135 1358 1097 977 970 1646 2233 1709 1359 1553 1339 982 479 2063 1324 1211 543 523 909 2194 4750 
188 1138 1105 1346 1103 1009 954 1640 2277 1745 1322 1555 1364 1013 473 2099 1381 1188 547 510 894 2203 4835 
189 1147 1096 1341 1103 1034 899 1659 2249 1716 1327 1532 1415 1013 485 2116 1387 1189 562 523 892 2220 4905 
190 1185 1059 1330 1098 1054 968 1586 2316 1698 1302 1499 1434 1010 473 2190 1358 1173 566 537 856 2252 4933 
191 1174 984 1412 1034 1087 956 1605 2331 1684 1297 1501 1435 1018 483 2243 1282 1174 589 582 857 2271 5014 
192 1126 1022 1407 1066 1116 941 1579 2397 1674 1312 1464 1455 1026 482 2228 1310 1195 592 588 854 2270 5083 
193 1086 1071 1467 999 1104 921 1592 2453 1624 1426 1400 1469 1021 490 2271 1297 1187 598 574 867 2271 5163 
194 1079 1072 1534 910 1154 909 1619 2569 1545 1465 1389 1487 1046 490 2296 1257 1151 599 591 896 2261 5213 
195 1003 1132 1548 895 1165 921 1601 2544 1529 1497 1330 1516 1044 497 2352 1226 1167 600 619 904 2294 5263 
196 979 1115 1578 902 1203 894 1657 2521 1485 1498 1394 1504 1076 504 2366 1240 1172 620 599 934 2289 5326 
197 1002 1104 1550 919 1232 928 1678 2553 1502 1485 1427 1524 1073 511 2400 1205 1226 635 573 965 2301 5140 
198 1044 1120 1614 853 1304 931 1745 2480 1578 1497 1403 1539 1071 509 2450 1198 1273 647 568 978 2327 4980 
199 1064 1118 1563 880 1335 917 1751 2491 1548 1501 1411 1547 1063 516 2503 1141 1313 644 631 988 2341 4880 
200 1104 1098 1532 904 1362 955 1716 2470 1593 1585 1415 1582 1092 488 2520 1153 1356 648 623 1013 2326 4710 
201 1100 1063 1467 979 1410 939 1744 2459 1629 1539 1410 1638 1119 501 2570 1179 1366 652 638 972 2354 4728 
202 1134 1067 1437 995 1439 934 1786 2434 1663 1492 1413 1659 1125 504 2649 1187 1356 659 622 975 2358 4685 
203 1160 1013 1484 1014 1414 962 1807 2402 1691 1502 1416 1680 1115 516 2709 1245 1314 678 614 935 2382 4705 
204 1108 1038 1571 1034 1391 956 1754 2366 1671 1558 1419 1668 1135 522 2762 1266 1392 690 624 917 2418 4694 
205 1108 982 1596 1077 1378 1001 1672 2385 1662 1585 1323 1745 1155 492 2851 1308 1331 704 643 938 2348 4657 
206 1078 994 1601 1075 1351 1025 1664 2387 1701 1495 1407 1792 1169 465 2870 1238 1282 769 683 1010 2240 4715 
207 1055 984 1622 1010 1365 1041 1620 2388 1690 1489 1484 1817 1163 504 2788 1198 1365 768 699 1024 2200 4759 
208 1048 952 1641 987 1372 1061 1564 2394 1690 1465 1504 1953 1167 490 2676 1227 1344 785 658 1058 2145 4795 
209 1020 982 1629 978 1359 1086 1550 2461 1596 1529 1587 2045 1229 463 2570 1199 1334 817 649 1068 2167 4825 
210 1021 1006 1631 975 1324 1083 1552 2456 1589 1439 1753 2020 1268 464 2405 1207 1286 824 647 1029 2196 4897 
211 1026 1013 1692 992 1344 1064 1545 2453 1550 1505 1711 2010 1298 474 2450 1261 1320 810 618 1036 2202 4916 
212 1038 1039 1631 1007 1398 1107 1496 2403 1555 1527 1707 2015 1344 474 2473 1258 1379 765 607 1022 2222 4971 
213 1059 1065 1601 1043 1440 1117 1429 2396 1554 1551 1692 1994 1362 474 2551 1273 1403 753 610 1029 2227 5024 
214 1071 1092 1561 1062 1462 1124 1397 2306 1672 1446 1675 1951 1450 483 2619 1265 1475 750 616 1076 2220 5104 
215 1068 1137 1535 1106 1425 1139 1386 2306 1674 1387 1684 1933 1496 485 2659 1333 1437 759 612 1073 2240 5165 
216 1083 1107 1499 1106 1480 1154 1330 2287 1678 1355 1735 1884 1526 491 2661 1395 1429 748 637 1043 2301 5235 
217 1087 1077 1556 1077 1513 1150 1315 2279 1619 1425 1712 1890 1542 487 2584 1502 1447 727 601 1029 2300 5295 
218 1096 1076 1541 1082 1530 1123 1414 2188 1640 1391 1752 1846 1523 498 2587 1496 1436 726 630 1031 2312 5379 
219 1087 1078 1607 1030 1523 1110 1401 2207 1736 1400 1828 1801 1560 507 2518 1500 1424 744 630 986 2345 5221 
220 1127 1022 1642 1017 1511 1090 1395 2257 1698 1417 1776 1863 1578 531 2431 1522 1431 749 616 962 2367 5158 
221 1145 1042 1638 1031 1494 1104 1421 2305 1686 1421 1884 1872 1569 543 2389 1455 1524 753 573 940 2425 4972 
222 1174 1169 1525 1040 1443 1154 1449 2387 1703 1462 1919 1834 1586 556 2389 1462 1476 781 590 952 2441 4787 
223 1167 1215 1583 1021 1402 1135 1539 2466 1629 1490 1894 1964 1567 545 2355 1450 1427 818 603 918 2486 4605 
224 1089 1307 1572 988 1467 1133 1552 2508 1529 1565 1941 2039 1619 507 2302 1399 1395 865 633 959 2440 4682 
225 1044 1390 1531 968 1477 1221 1520 2549 1510 1580 1813 2133 1675 487 2374 1341 1403 882 638 1039 2339 4759 
226 1011 1345 1552 974 1504 1232 1523 2498 1537 1590 1741 2195 1726 492 2416 1370 1430 900 639 1054 2297 4793 
227 1053 1318 1581 946 1544 1227 1533 2498 1496 1564 1714 2245 1695 493 2525 1400 1401 919 659 1016 2297 4843 
228 1077 1331 1579 921 1565 1232 1478 2514 1496 1555 1656 2274 1675 482 2592 1464 1419 935 633 1066 2172 4888 
229 1059 1342 1539 953 1593 1204 1463 2525 1520 1572 1648 2227 1723 492 2648 1493 1402 950 643 1032 2189 4894 
230 1130 1277 1524 967 1667 1171 1423 2447 1591 1511 1613 2166 1696 502 2691 1518 1394 954 642 973 2254 4962 
231 1145 1258 1509 1052 1622 1186 1437 2439 1648 1509 1626 2128 1626 571 2709 1449 1351 881 759 978 2252 5010 
232 1184 1223 1614 967 1622 1237 1412 2442 1659 1493 1630 2121 1629 595 2783 1372 1319 869 761 985 2266 4969 
233 1214 1206 1621 972 1595 1207 1472 2423 1696 1487 1641 2055 1704 622 2744 1412 1341 882 738 959 2292 4931 
234 1225 1196 1605 986 1606 1219 1470 2398 1727 1487 1633 2026 1729 631 2755 1423 1332 890 740 923 2323 4989 
235 1195 1175 1651 944 1504 1278 1486 2376 1712 1489 1661 1973 1808 645 2710 1396 1230 908 796 907 2343 5031 
236 1143 1222 1684 920 1484 1303 1460 2375 1736 1435 1633 2018 1876 633 2607 1454 1287 864 816 872 2385 5079 
237 1121 1208 1677 963 1487 1239 1513 2351 1710 1430 1617 2032 1912 617 2636 1470 1287 886 827 854 2452 5142 
238 1147 1236 1655 987 1482 1207 1576 2264 1728 1468 1588 2079 1932 593 2582 1477 1280 896 813 896 2405 5213 
239 1156 1260 1655 1034 1462 1204 1547 2311 1734 1415 1573 2159 1948 570 2559 1485 1316 880 817 952 2309 5259 
240 1188 1247 1632 1057 1490 1228 1510 2365 1771 1368 1577 2181 1896 580 2578 1489 1353 896 824 925 2281 5353 
241 1185 1342 1649 1078 1548 1242 1607 2393 1761 1392 1582 2206 1831 602 2630 1467 1394 882 819 906 2264 5070 
242 1168 1400 1714 1101 1554 1256 1578 2512 1747 1403 1668 2223 1785 618 2568 1438 1359 858 808 929 2239 4934 
243 1172 1419 1767 1092 1596 1283 1580 2621 1739 1403 1677 2216 1826 627 2528 1430 1337 822 795 942 2185 4810 
244 1185 1481 1711 1055 1624 1350 1535 2584 1703 1475 1664 2153 1771 646 2597 1408 1324 825 785 894 2174 4733 
245 1218 1521 1732 1026 1582 1380 1465 2595 1702 1477 1591 2217 1767 646 2563 1420 1333 820 778 962 2146 4823 
246 1191 1527 1701 1054 1560 1384 1465 2577 1718 1492 1610 2166 1799 675 2525 1385 1299 807 810 973 2165 4895 
247 1156 1494 1715 1037 1494 1416 1463 2502 1681 1544 1572 2182 1779 686 2485 1404 1371 758 796 1014 2183 4995 
248 1153 1398 1835 1081 1492 1437 1408 2457 1724 1546 1536 2212 1729 679 2491 1416 1348 715 804 1061 2168 5016 
249 1161 1347 1815 1106 1518 1435 1424 2360 1724 1572 1526 2174 1751 681 2475 1465 1389 736 766 1070 2168 5102 
250 1153 1335 1796 1117 1557 1436 1387 2275 1825 1552 1524 2154 1794 708 2419 1545 1372 750 750 1045 2176 5179 
251 1162 1293 1849 1065 1594 1466 1370 2315 1832 1542 1571 2036 1837 716 2400 1562 1347 767 746 1053 2185 5223 
252 1159 1273 1831 1027 1639 1498 1317 2462 1860 1501 1611 2089 1794 722 2333 1569 1344 788 736 1010 2229 5029 
253 1176 1247 1854 1074 1662 1556 1332 2531 1909 1482 1603 2090 1865 724 2316 1655 1347 810 685 1003 2258 4820 
254 1229 1205 1827 1093 1678 1559 1291 2589 1946 1385 1676 2064 1871 735 2350 1604 1318 838 691 987 2299 4731 
255 1157 1340 1848 1107 1657 1553 1300 2559 1925 1361 1703 1986 1924 729 2348 1536 1378 828 664 945 2338 4626 
256 1116 1443 1847 1135 1572 1561 1291 2546 1934 1315 1705 2022 1879 732 2345 1523 1385 842 677 972 2372 4701 
257 1067 1518 1852 1093 1527 1641 1329 2523 1899 1311 1698 2020 1939 659 2319 1486 1381 856 680 999 2385 4760 
258 1102 1490 1946 1088 1464 1604 1343 2523 1860 1354 1692 2089 1845 676 2336 1478 1366 873 693 1017 2396 4801 
259 1115 1529 1879 1114 1497 1614 1376 2516 1848 1324 1741 2069 1830 708 2319 1434 1423 871 679 1041 2397 4837 
260 1135 1515 1903 1092 1490 1640 1405 2452 1860 1305 1775 2106 1895 684 2275 1461 1443 909 625 1045 2403 4835 
261 1162 1512 1900 1089 1479 1625 1412 2359 1865 1300 1784 2176 1878 670 2244 1494 1455 940 614 1103 2372 4904 
262 1177 1516 1857 1072 1537 1630 1370 2472 1816 1366 1754 2210 1878 675 2215 1529 1383 944 606 1118 2398 4977 
263 1201 1512 1851 1083 1583 1573 1346 2519 1759 1423 1739 2286 1795 748 2184 1550 1402 920 606 1090 2425 5042 
264 1220 1463 1830 1113 1626 1573 1310 2535 1769 1358 1807 2321 1749 768 2153 1598 1336 931 635 1068 2455 5117 
265 1233 1437 1865 1099 1648 1571 1247 2617 1788 1361 1804 2348 1811 729 2111 1613 1319 930 624 1064 2412 5123 
266 1166 1486 1895 1078 1577 1569 1249 2661 1780 1369 1771 2459 1765 715 2028 1643 1304 935 642 1109 2316 5195 
267 1148 1468 1892 1067 1574 1569 1256 2642 1766 1353 1769 2457 1611 698 2222 1558 1327 915 646 1116 2246 5262 
268 1125 1506 1921 1006 1582 1515 1292 2552 1764 1362 1729 2418 1587 692 2321 1548 1317 920 626 1122 2228 5303 
269 1122 1472 1944 970 1545 1535 1305 2510 1761 1353 1727 2440 1581 704 2374 1514 1284 949 625 1204 2147 5366 
270 1122 1578 1925 984 1548 1512 1303 2537 1752 1333 1792 2383 1588 708 2309 1457 1388 881 619 1234 2141 5136 
271 1167 1532 1906 1005 1521 1505 1326 2558 1812 1314 1854 2330 1608 693 2316 1420 1374 884 628 1220 2156 4910 
272 1186 1517 1899 1004 1551 1506 1326 2549 1801 1375 1830 2237 1724 660 2298 1465 1413 846 608 1209 2182 4791 
273 1221 1456 1948 1020 1570 1511 1295 2590 1830 1384 1805 2217 1746 660 2268 1541 1358 839 581 1166 2244 4714 
274 1247 1479 1901 1019 1592 1516 1315 2573 1844 1404 1850 2196 1800 681 2236 1578 1361 822 661 1114 2250 4733 
275 1260 1503 1858 1026 1646 1472 1323 2614 1788 1416 1812 2165 1863 691 2198 1613 1350 764 704 1098 2283 4847 
276 1295 1559 1717 1054 1699 1520 1325 2613 1816 1437 1885 2098 1865 692 2168 1699 1310 790 679 1119 2298 4829 
277 1301 1577 1652 1107 1729 1536 1258 2614 1896 1458 1838 2103 1834 710 2194 1659 1313 822 693 1085 2339 4855 
278 1293 1635 1601 1120 1734 1528 1246 2614 1896 1444 1856 2063 1793 720 2235 1606 1342 829 700 1103 2336 4954 
279 1269 1662 1629 1146 1736 1475 1272 2605 1870 1526 1762 2074 1766 741 2219 1569 1388 856 696 1148 2315 5011 
280 1221 1693 1679 1158 1671 1465 1296 2521 1900 1507 1725 2096 1748 782 2198 1553 1411 862 669 1185 2358 5082 
281 1162 1747 1685 1173 1678 1441 1314 2455 1915 1512 1725 2066 1717 800 2200 1532 1405 863 691 1170 2381 5171 
282 1190 1697 1719 1204 1676 1446 1325 2453 1850 1552 1788 1970 1721 806 2231 1495 1411 848 701 1114 2417 5245 
283 1148 1729 1789 1215 1607 1507 1302 2466 1832 1522 1874 2022 1670 816 2239 1537 1425 779 733 1057 2508 5072 
284 1194 1677 1839 1167 1553 1573 1299 2424 1875 1494 1874 2061 1646 797 2204 1537 1379 802 718 1048 2540 5019 
285 1244 1622 1848 1208 1552 1560 1280 2436 1876 1494 1929 2093 1738 737 2072 1614 1346 809 710 1024 2508 4893 
286 1263 1623 1955 1186 1509 1636 1274 2428 1901 1477 1970 2123 1793 690 2054 1657 1372 799 665 1090 2436 4710 
287 1298 1627 1957 1181 1532 1586 1319 2445 1884 1462 1907 2146 1824 692 2058 1679 1385 790 630 1114 2402 4752 
288 1336 1628 1918 1180 1582 1612 1313 2379 1877 1477 1872 2188 1846 703 2076 1723 1427 791 620 1179 2368 4814 
289 1355 1599 1938 1179 1623 1567 1275 2439 1859 1493 1845 2242 1792 748 2113 1682 1386 780 670 1262 2267 4826 
290 1396 1596 2011 1145 1676 1511 1271 2535 1851 1416 1840 2271 1735 784 2102 1650 1423 751 725 1293 2201 4895 
291 1386 1594 2026 1048 1726 1558 1251 2562 1896 1394 1798 2386 1636 813 2148 1603 1406 759 768 1247 2237 4881 
292 1386 1629 2004 1063 1775 1518 1223 2651 1920 1363 1782 2471 1569 835 2205 1546 1421 783 790 1227 2262 4935 
293 1311 1677 2093 1064 1734 1529 1162 2750 1925 1331 1789 2397 1639 836 2218 1531 1381 789 808 1208 2277 4936 
294 1237 1660 2106 1119 1702 1564 1165 2792 1842 1341 1803 2338 1709 855 2262 1477 1383 802 849 1183 2350 5044 
295 1263 1619 2129 1158 1631 1551 1180 2662 1917 1286 1747 2235 1769 853 2411 1467 1426 845 829 1145 2353 5144 
296 1324 1535 2208 1163 1607 1589 1158 2616 1894 1279 1758 2154 1885 805 2380 1514 1412 869 830 1145 2358 5202 
297 1340 1502 2255 1182 1644 1543 1172 2604 1835 1281 1749 2039 1995 805 2316 1524 1433 874 823 1129 2400 5279 
298 1368 1490 2326 1212 1634 1540 1165 2682 1840 1346 1784 2018 1996 785 2339 1561 1357 846 829 1116 2424 5073 
299 1426 1492 2334 1283 1484 1649 1192 2717 1885 1329 1751 2040 1965 801 2348 1591 1291 886 826 1150 2440 4922 
300 1441 1541 2325 1247 1549 1696 1264 2699 1860 1383 1695 2146 1951 790 2316 1657 1299 914 800 1162 2470 4747 
301 1479 1568 2332 1212 1674 1632 1280 2748 1870 1425 1707 2284 1870 806 2277 1680 1229 951 835 1200 2472 4580 
302 1379 1669 2330 1149 1726 1613 1317 2727 1857 1449 1660 2375 1846 784 2277 1674 1169 954 835 1172 2492 4606 
303 1329 1766 2359 1110 1771 1662 1292 2696 1838 1489 1613 2443 1812 767 2275 1708 1207 979 808 1151 2568 4624 
304 1344 1743 2310 1121 1805 1654 1293 2683 1860 1497 1584 2470 1772 778 2282 1679 1258 983 824 1134 2595 4687 
305 1381 1732 2255 1134 1788 1610 1320 2670 1852 1491 1542 2546 1705 816 2271 1631 1275 989 837 1173 2520 4755 
306 1423 1738 2215 1117 1813 1659 1300 2658 1874 1497 1521 2499 1748 821 2286 1562 1297 998 820 1265 2476 4784 
307 1443 1732 2127 1209 1697 1718 1287 2608 1896 1512 1599 2348 1873 833 2235 1576 1281 1016 840 1347 2414 4840 
308 1471 1700 2065 1270 1671 1777 1293 2576 1909 1515 1553 2300 1958 848 2239 1565 1298 944 862 1324 2367 4883 
309 1571 1610 2109 1304 1592 1759 1295 2550 1920 1444 1595 2268 1988 802 2243 1544 1370 909 892 1358 2327 4902 
310 1621 1589 2117 1308 1537 1711 1279 2672 1887 1415 1577 2344 1997 796 2180 1530 1434 867 885 1370 2299 4958 
311 1651 1583 2030 1297 1640 1751 1249 2638 1874 1423 1558 2306 2019 787 2217 1491 1403 873 906 1374 2316 5071 
312 1720 1505 2110 1250 1668 1732 1243 2636 1871 1427 1551 2303 1989 800 2179 1527 1402 815 899 1386 2337 5143 
313 1741 1524 2112 1235 1694 1728 1292 2588 1859 1427 1563 2233 1985 840 2226 1453 1424 820 887 1367 2353 5192 
314 1688 1593 2131 1197 1734 1710 1267 2541 1855 1424 1650 2129 1988 865 2194 1536 1409 806 849 1360 2377 5206 
315 1629 1708 2044 1187 1810 1706 1290 2506 1791 1423 1649 2099 1970 880 2211 1584 1423 818 830 1306 2436 5304 
316 1589 1748 2087 1134 1863 1711 1250 2499 1773 1409 1618 2087 1955 907 2236 1688 1398 840 876 1237 2454 5215 
317 1556 1748 2122 1112 1901 1731 1222 2501 1786 1362 1672 2049 1933 925 2295 1595 1443 863 856 1253 2449 5097 
318 1420 1787 2217 1126 1867 1682 1213 2605 1789 1383 1636 2112 1852 973 2343 1584 1378 885 858 1263 2450 4969 
319 1359 1817 2362 1096 1799 1691 1211 2699 1800 1379 1615 2147 1875 973 2323 1595 1306 940 854 1243 2464 4797 
320 1404 1807 2387 1088 1840 1700 1194 2692 1781 1360 1660 2242 1868 941 2263 1613 1357 959 814 1189 2501 4707 
321 1441 1799 2412 1095 1841 1677 1182 2682 1777 1355 1653 2352 1820 918 2223 1583 1360 944 820 1177 2523 4742 
322 1506 1754 2446 1068 1824 1628 1203 2634 1804 1365 1647 2438 1829 901 2187 1575 1354 927 826 1162 2577 4836 
323 1532 1757 2456 1075 1836 1594 1188 2646 1821 1383 1641 2273 1820 907 2251 1531 1413 928 832 1172 2595 4943 
324 1553 1767 2454 1091 1806 1642 1205 2589 1773 1387 1627 2263 1847 875 2280 1528 1409 929 815 1186 2620 4982 
325 1626 1722 2429 1088 1787 1597 1265 2488 1796 1397 1581 2254 1873 829 2272 1515 1418 903 811 1176 2667 5086 
326 1663 1704 2384 1072 1823 1595 1328 2457 1790 1402 1579 2285 1814 858 2291 1488 1427 929 819 1159 2694 5134 
327 1592 1754 2394 1001 1845 1600 1321 2355 1841 1372 1631 2204 1879 880 2209 1534 1439 973 765 1164 2683 5197 
328 1582 1766 2444 1039 1832 1585 1301 2395 1861 1322 1673 2158 1884 908 2234 1479 1422 983 800 1173 2663 5267 
329 1539 1767 2501 1053 1829 1603 1305 2492 1921 1297 1742 2115 1911 923 2216 1479 1420 979 810 1145 2700 5079 
330 1462 1847 2567 1081 1830 1650 1258 2588 1933 1256 1842 2124 1931 892 2187 1437 1403 976 797 1142 2727 4905 
331 1491 1768 2655 1103 1801 1634 1317 2731 1942 1260 1829 2140 1888 889 2306 1506 1354 1014 763 1134 2747 4675 
332 1442 1811 2659 1181 1711 1667 1340 2653 1946 1277 1797 2204 1835 902 2252 1525 1351 981 764 1142 2698 4741 
333 1425 1822 2663 1202 1731 1633 1386 2643 1887 1256 1840 2183 1893 878 2242 1560 1370 969 745 1236 2578 4792 
334 1413 1927 2609 1235 1707 1622 1391 2671 1847 1272 1821 2279 1855 904 2260 1609 1406 961 728 1217 2495 4817 
335 1315 1996 2604 1238 1670 1724 1352 2576 1812 1282 1795 2302 1834 938 2241 1628 1476 931 708 1247 2404 4889 
336 1382 1971 2635 1232 1693 1674 1318 2517 1847 1303 1779 2413 1863 960 2144 1698 1501 894 690 1252 2456 4908 
337 1397 2028 2529 1257 1726 1664 1300 2481 1860 1255 1780 2457 1819 1007 2117 1750 1426 885 709 1270 2465 4977 
338 1414 1982 2537 1228 1843 1667 1306 2475 1845 1242 1771 2498 1852 978 2194 1743 1450 901 704 1233 2519 5019 
339 1440 1970 2529 1210 1921 1683 1270 2440 1863 1238 1772 2448 1889 947 2294 1688 1476 926 692 1204 2592 5076 
340 1474 1941 2538 1230 1907 1710 1221 2434 1879 1212 1807 2402 1958 918 2337 1699 1485 941 684 1205 2631 5165 
341 1499 1950 2540 1200 1858 1725 1210 2439 1841 1280 1663 2345 1971 938 2528 1726 1478 991 649 1202 2651 5201 
342 1516 1927 2557 1170 1856 1682 1192 2418 1825 1257 1665 2339 2011 947 2515 1681 1466 1035 666 1207 2666 5299 
343 1595 1917 2509 1158 1830 1691 1196 2404 1848 1258 1626 2289 2098 967 2484 1707 1445 1029 668 1232 2693 5372 
344 1616 1947 2509 1168 1838 1700 1182 2384 1836 1248 1630 2262 2135 985 2478 1692 1482 984 697 1258 2618 5222 
345 1586 1963 2498 1208 1792 1720 1164 2355 1918 1220 1644 2257 2227 999 2365 1746 1450 971 686 1230 2610 5117 
346 1528 2024 2461 1182 1824 1728 1177 2343 1951 1211 1684 2257 2196 1024 2382 1708 1426 991 658 1288 2529 4981 
347 1560 1993 2555 1178 1834 1761 1188 2363 1959 1201 1690 2287 2168 1066 2412 1564 1464 938 721 1278 2504 4737 
348 1475 2088 2592 1140 1842 1707 1262 2367 1989 1212 1699 2289 2156 1099 2457 1593 1400 953 758 1325 2431 4582 
349 1530 2072 2643 1105 1857 1671 1266 2387 1974 1229 1739 2205 2097 1082 2534 1553 1426 1019 722 1355 2343 4679 
350 1572 2070 2599 1096 1885 1684 1257 2400 1886 1302 1757 2198 2072 1098 2464 1450 1391 1046 802 1296 2445 4778 
351 1622 2049 2587 1102 1879 1702 1221 2442 1846 1342 1772 2220 2027 1105 2465 1480 1379 1067 799 1271 2482 4811 
352 1624 2051 2605 1080 1879 1689 1228 2461 1823 1329 1841 2180 2021 1049 2430 1557 1373 1098 780 1249 2493 4853 
353 1663 2022 2661 1067 1903 1673 1227 2447 1826 1359 1938 2209 2001 988 2347 1574 1350 1075 789 1257 2535 4891 
354 1692 1964 2649 1057 1914 1683 1208 2464 1845 1365 1951 2215 1961 1007 2360 1614 1400 1031 792 1215 2535 4913 
355 1753 1879 2745 1047 1813 1730 1207 2505 1843 1353 1990 2128 2016 982 2382 1630 1409 1007 874 1166 2583 4970 
356 1777 1807 2733 1013 1770 1811 1155 2476 1853 1311 2006 2150 1964 981 2373 1657 1480 990 886 1151 2601 5014 
357 1703 1864 2695 1082 1757 1774 1159 2468 1877 1304 2036 2219 1872 1025 2417 1723 1520 962 890 1105 2626 5055 
358 1690 1894 2677 1107 1721 1789 1151 2464 1871 1233 2111 2229 1853 1040 2383 1641 1559 974 878 1193 2624 5081 
359 1655 1911 2613 1169 1687 1780 1230 2372 1863 1266 1984 2311 1855 1034 2323 1624 1632 953 858 1169 2688 5134 
360 1691 1879 2633 1199 1711 1776 1259 2351 1844 1312 1936 2385 1868 1032 2346 1622 1544 986 850 1198 2683 5173 
361 1654 1937 2578 1183 1762 1763 1312 2271 1821 1330 1918 2477 1936 950 2328 1578 1551 999 884 1210 2733 5195 
362 1535 2085 2540 1211 1810 1780 1292 2353 1790 1352 1918 2448 1935 990 2367 1615 1541 1004 862 1285 2751 5280 
363 1573 2112 2540 1221 1859 1771 1342 2391 1770 1382 1873 2455 1920 1033 2391 1629 1502 997 877 1429 2624 5173 
364 1608 2231 2420 1255 1893 1786 1344 2492 1774 1433 1776 2392 1968 1031 2430 1692 1452 1016 876 1459 2552 5018 
365 1649 2156 2469 1254 1935 1754 1358 2594 1801 1425 1742 2345 1964 1054 2479 1722 1455 1014 855 1430 2511 4859 
366 1719 2080 2473 1254 1957 1758 1361 2675 1808 1438 1766 2324 1966 1049 2446 1763 1452 1045 876 1389 2443 4755 
367 1757 2068 2468 1275 1982 1746 1399 2653 1758 1528 1793 2340 1911 1058 2394 1731 1443 1062 878 1405 2484 4621 
368 1817 2028 2465 1310 2015 1698 1429 2646 1841 1428 1768 2319 1931 1093 2412 1720 1471 1087 833 1397 2520 4642 
369 1833 1962 2514 1287 2044 1705 1464 2559 1818 1493 1774 2293 1900 1055 2424 1693 1529 1086 808 1425 2526 4686 
370 1942 1925 2472 1264 2027 1685 1465 2510 1835 1522 1748 2255 1947 1019 2428 1722 1513 1091 810 1357 2568 4753 
371 1917 1950 2444 1312 1983 1734 1480 2525 1843 1476 1777 2317 1899 1025 2332 1757 1487 1133 868 1354 2607 4761 
372 1915 1965 2392 1305 1984 1822 1427 2559 1832 1482 1737 2406 1849 1020 2268 1768 1501 1156 863 1356 2646 4840 
373 1859 2008 2374 1287 1994 1790 1403 2585 1808 1468 1743 2421 1804 1005 2241 1756 1509 1093 926 1375 2654 4892 
374 1833 2008 2386 1242 1952 1813 1414 2598 1768 1516 1733 2417 1869 970 2173 1736 1492 1056 962 1362 2702 4909 
375 1719 2049 2393 1208 1974 1799 1440 2579 1809 1494 1791 2391 1873 961 2124 1672 1464 1037 1043 1403 2600 4987 
376 1753 2017 2383 1212 1969 1807 1415 2570 1897 1437 1757 2411 1814 1033 2104 1613 1544 1021 1033 1503 2468 5013 
377 1662 2097 2436 1187 1978 1727 1397 2562 1836 1437 1774 2413 1769 1095 2089 1637 1528 941 1116 1505 2423 5136 
378 1621 2111 2428 1219 1929 1703 1443 2645 1839 1435 1793 2406 1681 1132 2106 1632 1478 968 1108 1487 2432 5096 
379 1599 2145 2482 1212 1944 1717 1381 2683 1864 1419 1806 2310 1777 1094 2117 1702 1448 964 1122 1450 2449 5136 
380 1635 2129 2444 1253 1880 1741 1375 2678 1867 1403 1793 2292 1834 1127 2081 1727 1440 991 1135 1428 2490 5224 
381 1625 2149 2453 1265 1798 1749 1389 2688 1883 1390 1758 2276 1902 1113 2071 1741 1509 991 1142 1348 2596 5239 
382 1666 2179 2513 1204 1767 1757 1370 2756 1850 1393 1773 2264 1989 1083 2025 1717 1480 978 1158 1374 2604 5267 
383 1725 2106 2554 1222 1760 1844 1328 2736 1861 1371 1758 2309 2055 1083 1907 1760 1457 1005 1154 1383 2615 5163 
384 1744 2139 2478 1220 1820 1816 1354 2700 1886 1338 1733 2306 2062 1054 2033 1619 1413 1009 1237 1351 2639 5078 
385 1778 2103 2472 1206 1960 1848 1349 2817 1859 1338 1657 2225 2161 1032 2133 1617 1381 1031 1173 1341 2696 4926 
386 1807 2131 2544 1137 2028 1844 1305 2850 1850 1340 1698 2190 2191 1006 2169 1620 1325 1056 1169 1350 2737 4764 
387 1848 2128 2607 1117 1917 1901 1276 2881 1905 1324 1715 2184 2224 943 2171 1627 1333 994 1169 1349 2749 4680 
388 1861 2093 2642 1145 1887 1883 1322 2868 1853 1358 1749 2110 2252 940 2215 1587 1250 975 1271 1330 2774 4768 
389 1890 2104 2691 1111 1913 1845 1371 2730 1896 1375 1698 2150 2252 919 2257 1579 1283 974 1285 1413 2716 4877 
390 1844 2133 2726 1104 1905 1820 1358 2689 1868 1384 1590 2310 2160 964 2265 1596 1367 974 1305 1393 2778 4997 
391 1836 2063 2900 1120 1842 1717 1405 2646 1816 1400 1592 2282 2204 950 2283 1601 1463 949 1320 1374 2783 5064 
392 1800 2073 2893 1111 1831 1687 1419 2574 1865 1411 1601 2374 2131 948 2277 1521 1522 895 1414 1384 2773 5177 
393 1779 2124 2946 1051 1871 1638 1419 2629 1901 1401 1559 2449 2144 951 2181 1492 1617 835 1456 1409 2698 4972 
394 1762 2153 2952 1042 1803 1650 1393 2642 1916 1397 1560 2368 2192 935 2168 1518 1585 843 1460 1395 2660 4908 
395 1786 2090 2958 1077 1815 1623 1393 2642 1883 1393 1575 2349 2152 924 2163 1499 1599 850 1477 1516 2485 4829 
396 1860 2054 2879 1110 1742 1694 1406 2632 1881 1443 1599 2310 2132 942 2158 1506 1571 878 1506 1484 2527 4676 
397 1922 2062 2861 1108 1779 1685 1456 2589 1894 1391 1701 2281 2061 922 2165 1521 1564 896 1469 1460 2575 4760 
398 1954 2038 2869 1104 1831 1650 1458 2598 1872 1357 1746 2273 2018 930 2166 1464 1603 949 1391 1489 2595 4814 
399 2036 1956 2834 1104 1878 1659 1454 2642 1766 1407 1771 2248 1975 928 2158 1477 1586 962 1342 1458 2630 4884 
400 2115 1920 2851 1098 1908 1656 1431 2676 1733 1378 1798 2234 1965 926 2160 1536 1534 976 1321 1431 2629 4936 
401 2107 1916 2804 1076 1976 1649 1416 2650 1714 1382 1760 2209 2021 883 2174 1542 1499 992 1292 1417 2667 5043 
402 2088 1948 2713 1085 1977 1657 1371 2698 1704 1414 1791 2157 2059 858 2131 1453 1487 994 1332 1400 2714 5025 
403 1960 2059 2688 1087 1974 1664 1361 2695 1678 1419 1820 2122 1969 869 2146 1538 1492 988 1295 1372 2750 5074 
404 1847 2176 2701 1127 1959 1639 1349 2623 1704 1456 1827 2258 1885 856 2113 1626 1410 973 1348 1325 2760 5150 
405 1793 2233 2671 1122 1971 1647 1354 2563 1704 1423 1868 2329 1849 872 2045 1734 1409 968 1308 1318 2781 5241 
406 1734 2307 2727 1075 1980 1660 1326 2616 1669 1424 1822 2412 1803 887 2137 1703 1435 965 1293 1302 2800 5044 
407 1775 2333 2757 1113 1933 1630 1255 2624 1734 1440 1899 2353 1818 892 2168 1723 1449 905 1302 1384 2735 4878 
408 1835 2318 2820 1123 1958 1623 1231 2649 1726 1442 1903 2364 1801 901 2234 1728 1509 851 1223 1476 2630 4663 
409 1905 2272 2766 1125 1910 1683 1233 2583 1732 1462 1954 2221 1845 952 2301 1639 1608 840 1216 1500 2536 4715 
410 1910 2279 2732 1209 1805 1674 1189 2600 1687 1451 1981 2209 1841 975 2296 1616 1585 853 1199 1561 2448 4790 
411 1933 2281 2741 1167 1816 1653 1156 2610 1654 1452 1941 2245 1801 980 2294 1673 1595 873 1155 1539 2464 4827 
412 1983 2258 2693 1163 1811 1707 1165 2534 1663 1481 1886 2226 1827 978 2304 1636 1598 900 1115 1536 2467 4908 
413 1941 2326 2618 1177 1852 1730 1165 2515 1618 1487 1904 2217 1812 997 2276 1604 1692 896 1093 1532 2483 4982 
414 1979 2278 2610 1179 1843 1754 1189 2437 1633 1472 1859 2162 1876 1027 2280 1611 1755 914 1093 1513 2523 5043 
415 2053 2229 2649 1150 1819 1742 1202 2466 1633 1476 1903 2072 1919 1051 2275 1589 1779 913 1101 1458 2563 5124 
416 2120 2174 2614 1151 1871 1750 1186 2569 1559 1494 1921 2037 1989 1073 2292 1583 1794 941 1082 1435 2607 5186 
417 1983 2245 2633 1127 1937 1740 1173 2643 1532 1404 1991 2102 2029 1084 2186 1625 1757 970 1089 1400 2639 5273 
418 1914 2267 2607 1108 2011 1760 1166 2675 1567 1385 1988 2157 2039 1069 2159 1576 1769 966 1133 1433 2665 5137 
419 1841 2281 2602 1103 2016 1841 1171 2613 1597 1457 1935 2193 2056 1065 2089 1571 1795 987 1131 1422 2710 4989 
420 1802 2282 2665 1088 2073 1800 1205 2633 1602 1464 1929 2313 2046 1050 2058 1566 1811 992 1132 1467 2727 4826 
421 1784 2352 2662 1071 2102 1795 1190 2613 1590 1489 1946 2411 1972 1049 2084 1552 1826 1013 1113 1491 2784 4793 
422 1832 2331 2626 1014 2098 1836 1207 2497 1633 1462 1991 2397 2038 1020 2005 1519 1843 997 1093 1461 2806 4758 
423 1885 2323 2669 1016 2032 1883 1202 2432 1628 1485 2054 2375 2020 1020 1976 1551 1855 975 1055 1392 2832 4623 
424 1943 2294 2811 909 1999 1873 1179 2428 1657 1419 2055 2359 2004 999 2034 1494 1896 942 1083 1440 2807 4674 
425 2020 2269 2777 960 1995 1903 1147 2444 1659 1367 2117 2310 1984 979 2044 1509 1940 915 1110 1401 2842 4701 
426 2086 2204 2797 972 1962 1893 1125 2404 1679 1332 2123 2349 1946 974 2000 1470 1902 908 1191 1345 2927 4740 
427 2082 2174 2811 996 1966 1850 1109 2497 1631 1376 2153 2321 1927 988 2078 1504 1878 929 1192 1321 2880 4738 
428 2013 2193 2869 1031 1963 1837 1084 2588 1589 1397 2132 2328 1922 1010 2156 1527 1844 934 1183 1300 2857 4769 
429 1950 2194 2904 1060 1932 1790 1078 2637 1562 1392 2161 2334 1880 1014 2246 1563 1792 930 1202 1312 2795 4826 
430 1924 2210 2849 1090 1907 1789 1021 2717 1614 1332 2184 2276 1906 1021 2352 1609 1721 928 1164 1354 2793 4908 
431 1900 2189 2841 1127 1916 1763 1061 2693 1644 1333 2118 2325 1907 1047 2295 1615 1714 915 1176 1378 2679 4964 
432 1814 2269 2765 1177 1921 1760 1043 2703 1641 1391 2123 2323 1900 1051 2286 1637 1740 851 1217 1438 2574 5037 
433 1853 2254 2743 1223 1911 1766 1081 2751 1632 1374 2088 2409 1850 1083 2272 1591 1764 824 1233 1404 2582 5085 
434 1926 2237 2750 1148 1897 1807 1070 2698 1678 1352 2102 2420 1790 1134 2192 1575 1790 768 1262 1412 2580 5139 
435 1958 2209 2805 1155 1845 1801 1033 2688 1700 1353 2036 2344 1785 1108 2367 1503 1799 776 1265 1498 2569 5215 
436 2014 2160 2882 1101 1829 1823 1041 2674 1713 1298 2040 2300 1782 1094 2439 1527 1793 795 1229 1479 2623 5117 
437 1954 2145 2928 1059 1892 1777 1064 2704 1799 1322 2012 2417 1812 1048 2423 1557 1753 804 1186 1440 2674 4869 
438 1921 2144 2948 1077 1898 1781 1029 2674 1811 1361 2001 2384 1798 1021 2439 1540 1717 826 1190 1421 2720 4792 
439 1935 2161 2929 1113 1913 1730 1070 2615 1799 1369 1974 2382 1843 985 2472 1497 1774 845 1146 1426 2738 4763 
440 1927 2139 2905 1155 1872 1833 1100 2605 1741 1440 1977 2299 1842 973 2494 1499 1692 878 1208 1447 2745 4714 
441 1930 2183 2868 1182 1923 1788 1185 2545 1767 1510 1962 2309 1809 1007 2518 1494 1706 843 1204 1418 2825 4552 
442 1960 2106 2883 1131 1986 1786 1190 2538 1738 1526 1910 2349 1783 1037 2484 1482 1719 852 1191 1413 2872 4567 
443 1892 2175 2856 1096 2008 1763 1192 2552 1730 1495 1967 2278 1839 1051 2484 1520 1656 870 1161 1394 2931 4606 
444 1842 2205 2795 1103 1991 1762 1202 2509 1768 1499 1981 2341 1894 1052 2350 1536 1652 892 1139 1425 2925 4622 
445 1818 2253 2745 1082 2043 1784 1145 2524 1774 1480 1964 2353 1943 1055 2345 1487 1622 885 1182 1443 2959 4717 
446 1831 2237 2797 1033 2101 1719 1137 2560 1795 1529 1956 2279 2013 1068 2342 1442 1589 871 1225 1410 2996 4734 
447 1902 2095 2817 1100 2068 1734 1146 2526 1790 1503 1967 2209 2015 1086 2344 1414 1588 898 1184 1341 3091 4811 
448 1905 2054 2810 1132 2038 1696 1181 2565 1815 1508 1941 2157 2066 1126 2342 1397 1507 908 1199 1333 3011 4852 
449 1943 2044 2795 1210 2040 1648 1212 2564 1837 1545 1844 2126 2128 1067 2406 1375 1495 923 1243 1349 2904 4906 
450 1996 2022 2805 1189 2063 1589 1215 2616 1743 1543 1813 2102 2106 1035 2464 1437 1464 929 1276 1338 2855 5028 
451 2084 1957 2776 1169 2050 1621 1215 2561 1792 1527 1876 2044 2070 1004 2487 1496 1449 966 1268 1355 2791 5162 
452 2107 2014 2713 1201 2079 1607 1210 2559 1774 1503 1859 2104 1959 1029 2546 1543 1423 971 1284 1356 2729 5248 
453 2099 2004 2707 1166 2068 1596 1215 2620 1778 1481 1813 2193 1959 1023 2501 1541 1350 987 1260 1417 2650 5106 
454 2114 1961 2751 1184 2059 1601 1215 2640 1776 1456 1794 2217 1949 1010 2503 1556 1337 988 1256 1485 2643 4976 
455 2089 1994 2761 1171 2035 1616 1195 2618 1774 1466 1780 2273 1951 1008 2482 1533 1320 998 1257 1513 2658 4874 
456 2002 2063 2711 1163 2057 1653 1172 2623 1758 1478 1783 2426 1923 990 2417 1459 1365 976 1280 1476 2720 4789 
457 1934 2122 2727 1163 2065 1630 1234 2587 1723 1515 1763 2459 1904 938 2487 1404 1321 991 1315 1531 2666 4575 
458 1889 2148 2687 1121 2093 1603 1171 2572 1732 1437 1859 2569 1884 942 2434 1384 1415 983 1370 1507 2668 4653 
459 1943 2104 2686 1143 2033 1610 1178 2584 1652 1488 1840 2631 1794 989 2368 1353 1442 942 1391 1518 2709 4678 
460 1922 2102 2696 1124 1994 1634 1163 2582 1676 1487 1865 2592 1720 1003 2386 1341 1511 911 1399 1571 2686 4695 
461 1939 2119 2772 1058 2007 1654 1189 2539 1655 1505 1902 2470 1779 1024 2487 1367 1556 914 1383 1568 2680 4666 
462 2026 2027 2820 1091 1960 1601 1244 2473 1651 1477 1897 2441 1804 1033 2463 1366 1538 888 1407 1587 2629 4735 
463 2049 1953 2843 1103 1968 1621 1216 2504 1609 1479 1952 2408 1879 1090 2324 1364 1537 849 1455 1543 2653 4811 
464 2095 1924 2869 1123 1941 1568 1243 2533 1625 1464 1935 2364 1903 1065 2328 1377 1483 855 1397 1553 2684 4879 
465 2157 1903 2831 1163 1944 1544 1233 2596 1608 1422 1962 2328 1961 1046 2397 1359 1407 921 1392 1488 2749 4985 
466 2171 1838 2866 1188 1876 1573 1198 2545 1631 1423 1987 2232 2093 1035 2366 1392 1430 944 1371 1429 2812 5002 
467 2151 1861 2857 1179 1916 1601 1193 2502 1640 1454 2005 2211 2119 1049 2333 1413 1447 934 1421 1394 2824 5042 
468 2181 1887 2854 1198 1906 1573 1211 2492 1605 1445 2019 2232 2046 1065 2379 1428 1430 954 1405 1377 2846 5074 
469 2233 1841 2854 1164 1916 1600 1169 2534 1648 1425 1998 2249 2009 1106 2365 1478 1388 975 1326 1404 2845 5145 
470 2195 1821 2892 1191 1902 1600 1162 2584 1636 1377 2025 2246 1955 1159 2356 1505 1382 998 1315 1408 2876 5172 
471 2185 1838 2854 1173 1916 1603 1164 2579 1657 1380 2000 2272 1944 1171 2350 1493 1366 1016 1324 1404 2885 5187 
472 2120 1901 2789 1204 1938 1615 1158 2568 1666 1384 2092 2112 1998 1159 2396 1477 1373 1057 1295 1394 2904 5231 
473 2067 1937 2719 1211 1953 1656 1178 2551 1689 1415 2075 2148 1990 1141 2288 1424 1405 1042 1290 1457 2918 5078 
474 2042 1961 2670 1203 1996 1646 1138 2631 1736 1474 2072 2124 1971 1197 2208 1372 1433 1045 1305 1398 2998 4926 
475 1926 2081 2703 1237 1907 1674 1141 2581 1750 1498 2129 2051 2019 1230 2207 1418 1385 1035 1362 1396 2926 4815 
476 2007 2034 2652 1260 1948 1678 1222 2525 1780 1505 2153 2138 2026 1146 2278 1416 1375 1037 1397 1485 2791 4596 
477 2052 2013 2683 1274 1921 1630 1221 2459 1752 1564 2145 2220 2077 1074 2200 1475 1508 923 1404 1466 2757 4632 
478 2098 1998 2741 1274 1884 1610 1211 2372 1755 1588 2133 2249 2059 1048 2210 1535 1519 942 1390 1487 2655 4710 
479 2166 1961 2831 1252 1826 1619 1221 2461 1813 1528 2135 2303 1986 1038 2211 1544 1518 1016 1373 1493 2589 4807 
480 2224 1919 2741 1243 1880 1661 1208 2583 1768 1531 2168 2355 2016 1020 2207 1538 1495 1036 1397 1427 2597 4879 
481 2171 1930 2748 1272 1792 1677 1202 2649 1745 1571 2131 2372 1961 1005 2244 1496 1504 1073 1357 1409 2632 4875 
482 2113 1982 2686 1310 1758 1657 1174 2729 1719 1534 2234 2304 1888 1101 2265 1494 1562 1027 1362 1375 2668 4914 
483 2045 2009 2653 1309 1822 1692 1138 2700 1732 1527 2136 2284 1958 1122 2240 1499 1570 1020 1359 1358 2708 4973 
484 1976 2033 2590 1343 1889 1672 1158 2675 1716 1529 2102 2277 1984 1139 2248 1477 1621 1022 1349 1294 2714 5023 
485 2013 2036 2587 1335 1940 1643 1178 2617 1725 1512 2042 2326 1998 1076 2228 1485 1613 996 1328 1366 2666 5064 
486 2064 1972 2560 1308 1974 1646 1199 2601 1728 1531 2063 2261 1988 1062 2232 1449 1670 942 1334 1366 2699 5103 
487 2073 2021 2531 1288 1995 1621 1213 2554 1776 1534 2020 2252 2046 1049 2155 1380 1705 933 1325 1381 2688 5173 
488 2136 1961 2510 1239 2033 1601 1222 2493 1813 1524 2051 2174 2028 1030 2201 1349 1728 876 1326 1404 2757 5256 
489 2198 1892 2513 1193 2060 1590 1249 2491 1842 1444 2054 2252 2082 989 2152 1213 1748 895 1344 1410 2778 5268 
490 2242 1865 2487 1203 2050 1584 1329 2426 1831 1459 2042 2310 2024 992 2121 1233 1801 918 1321 1396 2786 5126 
491 2295 1845 2498 1219 2054 1571 1349 2445 1859 1528 1972 2249 2043 1004 2206 1296 1744 956 1318 1375 2765 4954 
492 2219 1911 2470 1198 2051 1570 1380 2343 1858 1497 2016 2236 2026 1020 2228 1340 1770 1008 1320 1325 2779 4848 
493 2210 1891 2461 1218 2042 1579 1350 2491 1795 1514 2005 2258 1962 1093 2304 1378 1737 1038 1366 1305 2760 4768 
494 2146 2002 2447 1219 2048 1630 1301 2636 1756 1528 2004 2273 1916 1125 2363 1421 1721 1036 1402 1295 2802 4585 
495 2042 2040 2477 1209 2054 1646 1268 2733 1735 1532 1965 2231 1964 1144 2278 1406 1715 1080 1394 1337 2810 4648 
496 1992 2038 2497 1211 1994 1696 1267 2760 1699 1536 2044 2163 1940 1166 2217 1411 1690 1044 1454 1345 2835 4721 
497 1930 2124 2475 1224 1970 1715 1307 2741 1707 1519 2071 2288 1878 1194 2096 1444 1723 1017 1414 1379 2817 4740 
498 2006 2148 2455 1201 1967 1716 1357 2709 1742 1537 2017 2345 1858 1193 2094 1439 1719 1007 1412 1400 2796 4745 
499 2049 2135 2534 1204 1967 1657 1323 2752 1772 1518 1978 2438 1922 1174 2077 1493 1704 977 1455 1309 2833 4778 