0 0.000 0.039 0.104 0.000 0.000 0.500 0.188 0.182 0.000 0.041 0.000 0.000 0.000 0.000 0.000 0.000 0.000 0.000 0.000 0.000 0.000 0.724 
1 0.000 0.039 0.104 0.000 0.000 0.533 0.417 0.189 0.012 0.045 0.133 0.000 0.000 0.000 0.000 0.000 0.000 0.000 0.000 0.000 0.000 0.724 
2 0.000 0.038 0.185 0.000 0.000 0.471 0.492 0.323 0.028 0.044 0.180 0.000 0.000 0.000 0.000 0.000 0.000 0.000 0.000 0.000 0.000 0.712 
3 0.000 0.038 0.170 0.000 0.000 0.500 0.595 0.330 0.028 0.041 0.218 0.000 0.000 0.000 0.000 0.000 0.000 0.000 0.000 0.000 0.000 0.709 
4 0.000 0.046 0.153 0.000 0.000 0.474 0.559 0.314 0.029 0.039 0.215 0.000 0.000 0.000 0.000 0.000 0.000 0.000 0.000 0.000 0.000 0.702 
5 0.000 0.045 0.152 0.000 0.000 0.474 0.559 0.324 0.079 0.042 0.206 0.000 0.000 0.000 0.000 0.000 0.000 0.000 0.000 0.000 0.000 0.698 
6 0.000 0.043 0.147 0.000 0.000 0.429 0.538 0.303 0.082 0.035 0.237 0.000 0.000 0.000 0.000 0.000 0.000 0.000 0.000 0.000 0.000 0.698 
7 0.000 0.046 0.142 0.000 0.000 0.429 0.587 0.296 0.082 0.039 0.232 0.000 0.000 0.000 0.000 0.000 0.000 0.000 0.000 0.000 0.000 0.702 
8 0.000 0.113 0.145 0.000 0.000 0.409 0.571 0.282 0.084 0.041 0.221 0.000 0.000 0.000 0.000 0.000 0.033 0.000 0.000 0.000 0.000 0.698 
9 0.000 0.110 0.159 0.000 0.000 0.458 0.550 0.281 0.089 0.038 0.214 0.000 0.000 0.000 0.000 0.000 0.038 0.000 0.000 0.000 0.000 0.706 
10 0.000 0.106 0.162 0.000 0.000 0.440 0.526 0.283 0.086 0.038 0.214 0.000 0.000 0.000 0.000 0.000 0.038 0.000 0.000 0.000 0.000 0.709 
11 0.000 0.101 0.144 0.000 0.000 0.500 0.519 0.304 0.092 0.100 0.194 0.000 0.000 0.000 0.000 0.000 0.035 0.000 0.000 0.000 0.000 0.713 
12 0.000 0.102 0.145 0.000 0.000 0.481 0.506 0.305 0.105 0.102 0.187 0.000 0.000 0.000 0.000 0.000 0.034 0.000 0.000 0.000 0.000 0.717 
13 0.000 0.104 0.133 0.000 0.000 0.500 0.496 0.306 0.096 0.109 0.177 0.000 0.000 0.000 0.000 0.000 0.028 0.000 0.000 0.000 0.000 0.718 
14 0.000 0.101 0.140 0.000 0.000 0.560 0.513 0.305 0.092 0.101 0.184 0.000 0.000 0.000 0.000 0.000 0.026 0.000 0.000 0.000 0.000 0.721 
15 0.000 0.104 0.142 0.000 0.000 0.600 0.516 0.301 0.093 0.106 0.215 0.000 0.000 0.000 0.000 0.000 0.025 0.000 0.000 0.000 0.000 0.722 
16 0.000 0.106 0.134 0.000 0.000 0.680 0.522 0.318 0.084 0.106 0.220 0.000 0.000 0.000 0.000 0.000 0.025 0.000 0.000 0.000 0.000 0.722 
17 0.000 0.102 0.129 0.000 0.000 0.720 0.530 0.318 0.088 0.107 0.221 0.000 0.000 0.000 0.000 0.000 0.024 0.000 0.000 0.000 0.000 0.721 
18 0.000 0.106 0.139 0.000 0.000 0.680 0.562 0.321 0.082 0.111 0.222 0.000 0.000 0.000 0.000 0.000 0.031 0.000 0.000 0.000 0.000 0.722 
19 0.000 0.103 0.133 0.000 0.000 0.750 0.568 0.355 0.076 0.114 0.264 0.000 0.000 0.000 0.000 0.000 0.030 0.000 0.000 0.000 0.000 0.719 
20 0.000 0.106 0.131 0.000 0.000 0.692 0.574 0.354 0.082 0.130 0.261 0.000 0.000 0.000 0.000 0.000 0.028 0.000 0.000 0.000 0.000 0.718 
21 0.000 0.104 0.134 0.000 0.000 0.630 0.591 0.340 0.075 0.148 0.258 0.000 0.000 0.000 0.000 0.000 0.028 0.000 0.000 0.000 0.000 0.718 
22 0.000 0.101 0.128 0.000 0.000 0.586 0.605 0.338 0.209 0.148 0.258 0.000 0.000 0.000 0.000 0.000 0.027 0.000 0.000 0.000 0.000 0.714 
23 0.000 0.102 0.120 0.000 0.000 0.548 0.588 0.337 0.190 0.153 0.258 0.000 0.000 0.000 0.000 0.000 0.032 0.000 0.000 0.000 0.000 0.710 
24 0.000 0.102 0.128 0.000 0.000 0.500 0.581 0.348 0.183 0.215 0.249 0.000 0.000 0.000 0.000 0.000 0.032 0.000 0.000 0.000 0.000 0.708 
25 0.000 0.100 0.140 0.000 0.000 0.485 0.579 0.366 0.191 0.215 0.256 0.000 0.000 0.000 0.000 0.000 0.037 0.000 0.000 0.000 0.000 0.706 
26 0.000 0.100 0.288 0.000 0.000 0.419 0.581 0.381 0.252 0.299 0.250 0.000 0.000 0.000 0.000 0.000 0.039 0.000 0.000 0.000 0.000 0.699 
27 0.000 0.108 0.290 0.000 0.000 0.438 0.613 0.396 0.314 0.294 0.260 0.000 0.000 0.000 0.000 0.000 0.040 0.000 0.000 0.000 0.000 0.697 
28 0.006 0.110 0.282 0.000 0.000 0.452 0.613 0.417 0.314 0.286 0.276 0.000 0.000 0.000 0.000 0.000 0.040 0.000 0.000 0.000 0.000 0.697 
29 0.006 0.100 0.278 0.000 0.000 0.485 0.601 0.410 0.327 0.288 0.277 0.000 0.000 0.000 0.000 0.000 0.037 0.000 0.000 0.000 0.000 0.697 
30 0.006 0.101 0.278 0.000 0.000 0.500 0.569 0.418 0.318 0.278 0.304 0.000 0.000 0.000 0.000 0.000 0.039 0.000 0.000 0.000 0.000 0.692 
31 0.029 0.089 0.267 0.000 0.000 0.485 0.567 0.416 0.315 0.270 0.293 0.000 0.000 0.000 0.000 0.000 0.038 0.000 0.000 0.000 0.000 0.693 
32 0.029 0.095 0.276 0.000 0.000 0.562 0.545 0.407 0.304 0.264 0.300 0.003 0.000 0.000 0.000 0.000 0.039 0.000 0.000 0.000 0.000 0.695 
33 0.028 0.096 0.280 0.000 0.000 0.529 0.538 0.406 0.292 0.259 0.292 0.003 0.000 0.000 0.000 0.000 0.040 0.000 0.000 0.000 0.000 0.691 
34 0.027 0.102 0.275 0.000 0.000 0.529 0.530 0.397 0.280 0.259 0.282 0.003 0.000 0.000 0.000 0.000 0.037 0.000 0.008 0.000 0.000 0.692 
35 0.025 0.102 0.269 0.000 0.000 0.500 0.536 0.393 0.282 0.249 0.302 0.003 0.000 0.000 0.000 0.000 0.036 0.000 0.008 0.000 0.000 0.693 
36 0.025 0.102 0.276 0.000 0.000 0.488 0.546 0.394 0.401 0.250 0.298 0.003 0.000 0.000 0.000 0.000 0.035 0.000 0.008 0.000 0.000 0.692 
37 0.025 0.096 0.275 0.000 0.000 0.568 0.549 0.392 0.383 0.247 0.297 0.003 0.000 0.000 0.000 0.000 0.034 0.000 0.008 0.000 0.000 0.691 
38 0.031 0.118 0.290 0.000 0.000 0.639 0.568 0.402 0.385 0.268 0.293 0.000 0.000 0.000 0.000 0.000 0.034 0.000 0.008 0.000 0.000 0.686 
39 0.032 0.118 0.288 0.000 0.000 0.647 0.579 0.399 0.384 0.315 0.287 0.000 0.000 0.000 0.000 0.000 0.045 0.000 0.008 0.000 0.000 0.687 
40 0.032 0.121 0.364 0.000 0.000 0.786 0.593 0.404 0.402 0.316 0.299 0.000 0.000 0.000 0.000 0.000 0.040 0.000 0.008 0.000 0.000 0.689 
41 0.034 0.125 0.347 0.000 0.000 0.667 0.598 0.409 0.383 0.317 0.312 0.000 0.000 0.000 0.000 0.000 0.043 0.000 0.008 0.000 0.000 0.693 
42 0.034 0.124 0.359 0.000 0.000 0.684 0.627 0.422 0.368 0.321 0.306 0.000 0.000 0.000 0.000 0.000 0.047 0.000 0.007 0.000 0.000 0.695 
43 0.033 0.123 0.361 0.000 0.000 0.684 0.620 0.426 0.370 0.322 0.306 0.000 0.000 0.000 0.000 0.000 0.049 0.000 0.007 0.000 0.000 0.695 
44 0.043 0.115 0.363 0.000 0.000 0.534 0.612 0.424 0.375 0.317 0.305 0.000 0.000 0.000 0.000 0.000 0.049 0.000 0.007 0.000 0.000 0.693 
45 0.042 0.111 0.364 0.000 0.000 0.533 0.589 0.437 0.361 0.333 0.295 0.000 0.000 0.000 0.000 0.000 0.048 0.000 0.006 0.000 0.000 0.697 
46 0.037 0.108 0.358 0.000 0.000 0.542 0.587 0.432 0.363 0.322 0.291 0.000 0.000 0.000 0.000 0.000 0.048 0.000 0.007 0.000 0.000 0.705 
47 0.040 0.115 0.366 0.000 0.000 0.506 0.585 0.430 0.368 0.327 0.292 0.000 0.000 0.000 0.000 0.000 0.071 0.000 0.006 0.000 0.000 0.704 
48 0.041 0.114 0.355 0.000 0.000 0.506 0.583 0.427 0.343 0.324 0.292 0.000 0.000 0.000 0.000 0.000 0.072 0.000 0.006 0.000 0.000 0.703 
49 0.046 0.116 0.358 0.000 0.000 0.519 0.588 0.425 0.330 0.312 0.293 0.000 0.000 0.000 0.000 0.000 0.067 0.000 0.006 0.000 0.000 0.700 
50 0.046 0.116 0.360 0.000 0.000 0.553 0.583 0.424 0.320 0.323 0.292 0.000 0.000 0.000 0.000 0.000 0.066 0.000 0.005 0.000 0.000 0.699 
51 0.046 0.112 0.356 0.000 0.000 0.526 0.592 0.418 0.324 0.331 0.299 0.000 0.000 0.000 0.000 0.000 0.069 0.000 0.005 0.000 0.000 0.700 
52 0.046 0.101 0.356 0.000 0.000 0.532 0.593 0.420 0.374 0.329 0.294 0.000 0.000 0.000 0.000 0.000 0.071 0.000 0.005 0.000 0.000 0.699 
53 0.066 0.088 0.355 0.000 0.000 0.506 0.585 0.422 0.363 0.342 0.295 0.000 0.000 0.000 0.000 0.000 0.072 0.000 0.005 0.000 0.000 0.702 
54 0.050 0.094 0.360 0.000 0.000 0.566 0.589 0.430 0.360 0.349 0.286 0.000 0.000 0.000 0.000 0.000 0.071 0.000 0.025 0.000 0.000 0.704 
55 0.049 0.092 0.362 0.000 0.000 0.564 0.589 0.425 0.358 0.342 0.303 0.000 0.000 0.000 0.000 0.000 0.066 0.000 0.021 0.000 0.000 0.702 
56 0.040 0.102 0.424 0.000 0.000 0.571 0.591 0.429 0.380 0.347 0.304 0.000 0.000 0.000 0.000 0.000 0.061 0.000 0.020 0.000 0.000 0.700 
57 0.040 0.100 0.438 0.000 0.000 0.568 0.581 0.438 0.392 0.364 0.316 0.000 0.000 0.000 0.000 0.000 0.068 0.000 0.020 0.000 0.000 0.698 
58 0.042 0.101 0.421 0.000 0.000 0.558 0.597 0.436 0.419 0.368 0.313 0.000 0.000 0.000 0.000 0.000 0.095 0.000 0.020 0.000 0.000 0.706 
59 0.045 0.103 0.411 0.000 0.000 0.541 0.585 0.446 0.426 0.369 0.325 0.000 0.000 0.000 0.000 0.000 0.126 0.000 0.008 0.000 0.000 0.705 
60 0.046 0.100 0.407 0.020 0.000 0.568 0.592 0.443 0.457 0.399 0.324 0.000 0.000 0.000 0.000 0.000 0.125 0.000 0.008 0.000 0.000 0.703 
61 0.047 0.096 0.407 0.020 0.000 0.575 0.575 0.438 0.459 0.405 0.324 0.000 0.000 0.000 0.000 0.000 0.188 0.000 0.007 0.000 0.000 0.705 
62 0.045 0.094 0.401 0.021 0.000 0.591 0.578 0.439 0.473 0.401 0.329 0.000 0.000 0.000 0.000 0.000 0.181 0.000 0.007 0.000 0.000 0.702 
63 0.046 0.089 0.407 0.020 0.000 0.571 0.568 0.443 0.482 0.405 0.338 0.000 0.000 0.000 0.000 0.000 0.174 0.000 0.008 0.000 0.000 0.705 
64 0.050 0.093 0.399 0.019 0.000 0.558 0.560 0.445 0.469 0.398 0.340 0.000 0.000 0.000 0.179 0.000 0.162 0.000 0.008 0.000 0.000 0.702 
65 0.048 0.094 0.413 0.019 0.000 0.515 0.553 0.444 0.466 0.390 0.335 0.000 0.000 0.000 0.172 0.000 0.158 0.000 0.004 0.000 0.000 0.700 
66 0.061 0.118 0.406 0.019 0.000 0.515 0.550 0.442 0.456 0.386 0.340 0.000 0.000 0.000 0.204 0.000 0.159 0.000 0.004 0.000 0.000 0.700 
67 0.059 0.123 0.403 0.018 0.000 0.515 0.539 0.452 0.452 0.382 0.343 0.000 0.000 0.000 0.184 0.000 0.158 0.000 0.004 0.000 0.000 0.696 
68 0.058 0.125 0.403 0.018 0.000 0.535 0.535 0.458 0.477 0.398 0.355 0.000 0.000 0.000 0.167 0.000 0.157 0.000 0.004 0.000 0.000 0.690 
69 0.061 0.126 0.400 0.018 0.000 0.505 0.529 0.469 0.494 0.379 0.350 0.000 0.000 0.000 0.157 0.000 0.158 0.000 0.004 0.000 0.000 0.693 
70 0.060 0.123 0.396 0.017 0.000 0.495 0.524 0.471 0.489 0.385 0.347 0.000 0.000 0.000 0.145 0.000 0.151 0.000 0.004 0.000 0.000 0.688 
71 0.059 0.122 0.401 0.017 0.000 0.505 0.528 0.474 0.469 0.394 0.362 0.000 0.000 0.000 0.151 0.000 0.153 0.000 0.004 0.000 0.000 0.680 
72 0.063 0.116 0.396 0.017 0.000 0.510 0.553 0.473 0.458 0.398 0.364 0.000 0.000 0.000 0.143 0.000 0.156 0.000 0.008 0.000 0.000 0.682 
73 0.059 0.121 0.393 0.016 0.000 0.581 0.574 0.476 0.450 0.402 0.373 0.000 0.000 0.000 0.148 0.000 0.157 0.000 0.008 0.000 0.000 0.678 
74 0.054 0.116 0.386 0.016 0.000 0.561 0.578 0.470 0.457 0.405 0.369 0.000 0.000 0.000 0.152 0.000 0.155 0.000 0.012 0.000 0.000 0.688 
75 0.060 0.115 0.380 0.032 0.000 0.584 0.590 0.467 0.460 0.406 0.373 0.000 0.000 0.000 0.153 0.000 0.157 0.000 0.016 0.000 0.000 0.688 
76 0.058 0.126 0.391 0.032 0.000 0.604 0.590 0.464 0.463 0.407 0.375 0.000 0.000 0.000 0.152 0.000 0.165 0.000 0.017 0.000 0.000 0.695 
77 0.058 0.125 0.389 0.031 0.000 0.618 0.588 0.465 0.470 0.397 0.368 0.000 0.000 0.000 0.151 0.000 0.171 0.000 0.017 0.000 0.000 0.703 
78 0.058 0.125 0.376 0.032 0.000 0.569 0.588 0.446 0.484 0.398 0.363 0.000 0.000 0.000 0.135 0.000 0.198 0.000 0.017 0.000 0.000 0.705 
79 0.057 0.128 0.349 0.110 0.000 0.557 0.571 0.448 0.479 0.406 0.357 0.000 0.000 0.000 0.136 0.000 0.197 0.000 0.016 0.000 0.000 0.709 
80 0.058 0.131 0.352 0.101 0.000 0.548 0.560 0.439 0.469 0.411 0.359 0.000 0.000 0.000 0.131 0.000 0.230 0.000 0.016 0.000 0.000 0.705 
81 0.055 0.131 0.358 0.101 0.000 0.562 0.563 0.433 0.466 0.413 0.353 0.000 0.000 0.000 0.168 0.000 0.225 0.000 0.016 0.000 0.000 0.705 
82 0.055 0.130 0.365 0.091 0.000 0.548 0.555 0.437 0.458 0.402 0.351 0.000 0.000 0.000 0.195 0.000 0.224 0.000 0.021 0.000 0.000 0.700 
83 0.056 0.132 0.373 0.093 0.000 0.538 0.561 0.444 0.466 0.405 0.349 0.000 0.000 0.000 0.187 0.000 0.223 0.000 0.021 0.000 0.000 0.697 
84 0.052 0.134 0.377 0.111 0.000 0.536 0.545 0.454 0.463 0.401 0.348 0.000 0.000 0.000 0.191 0.010 0.224 0.000 0.021 0.000 0.000 0.701 
85 0.046 0.137 0.378 0.114 0.000 0.552 0.537 0.459 0.470 0.397 0.368 0.000 0.000 0.000 0.191 0.010 0.229 0.000 0.020 0.000 0.000 0.703 
86 0.047 0.137 0.397 0.086 0.000 0.536 0.559 0.460 0.476 0.389 0.366 0.000 0.000 0.000 0.189 0.010 0.235 0.000 0.018 0.000 0.000 0.697 
87 0.051 0.132 0.393 0.068 0.000 0.536 0.542 0.455 0.472 0.389 0.367 0.000 0.000 0.000 0.185 0.032 0.227 0.000 0.024 0.000 0.000 0.701 
88 0.053 0.135 0.387 0.066 0.000 0.530 0.548 0.461 0.486 0.414 0.353 0.000 0.000 0.000 0.227 0.031 0.228 0.000 0.024 0.000 0.000 0.692 
89 0.060 0.146 0.403 0.126 0.000 0.493 0.553 0.469 0.482 0.430 0.364 0.000 0.000 0.000 0.239 0.027 0.233 0.000 0.020 0.000 0.000 0.696 
90 0.064 0.156 0.390 0.124 0.000 0.524 0.568 0.456 0.496 0.423 0.364 0.005 0.000 0.000 0.237 0.029 0.252 0.000 0.018 0.000 0.000 0.697 
91 0.066 0.154 0.434 0.237 0.000 0.517 0.573 0.468 0.495 0.415 0.376 0.005 0.000 0.000 0.229 0.029 0.251 0.000 0.015 0.000 0.000 0.696 
92 0.069 0.164 0.451 0.224 0.000 0.512 0.586 0.467 0.510 0.396 0.385 0.005 0.000 0.000 0.225 0.026 0.257 0.000 0.010 0.000 0.000 0.691 
93 0.074 0.150 0.457 0.220 0.000 0.492 0.586 0.468 0.491 0.405 0.381 0.005 0.000 0.000 0.215 0.023 0.262 0.000 0.010 0.000 0.000 0.690 
94 0.075 0.147 0.453 0.224 0.000 0.509 0.581 0.468 0.499 0.398 0.379 0.006 0.000 0.000 0.207 0.023 0.261 0.000 0.011 0.000 0.000 0.688 
95 0.085 0.138 0.442 0.228 0.000 0.502 0.580 0.461 0.492 0.394 0.387 0.005 0.000 0.000 0.207 0.024 0.261 0.000 0.011 0.000 0.000 0.692 
96 0.078 0.133 0.429 0.228 0.005 0.497 0.578 0.454 0.504 0.395 0.388 0.005 0.000 0.000 0.199 0.047 0.263 0.000 0.013 0.000 0.000 0.692 
97 0.073 0.139 0.418 0.222 0.005 0.496 0.591 0.459 0.492 0.418 0.390 0.005 0.000 0.000 0.155 0.048 0.264 0.000 0.012 0.000 0.000 0.692 
98 0.080 0.134 0.407 0.237 0.005 0.512 0.594 0.459 0.493 0.421 0.383 0.005 0.000 0.000 0.171 0.046 0.264 0.000 0.012 0.000 0.000 0.691 
99 0.080 0.127 0.406 0.213 0.005 0.513 0.590 0.451 0.499 0.422 0.377 0.005 0.000 0.000 0.194 0.044 0.269 0.000 0.011 0.000 0.000 0.693 
100 0.080 0.135 0.381 0.216 0.006 0.499 0.594 0.452 0.496 0.429 0.378 0.019 0.000 0.000 0.229 0.044 0.266 0.000 0.008 0.000 0.000 0.694 
101 0.080 0.134 0.383 0.228 0.006 0.488 0.590 0.447 0.483 0.435 0.381 0.019 0.000 0.000 0.221 0.041 0.281 0.000 0.008 0.000 0.000 0.690 
102 0.078 0.134 0.395 0.235 0.006 0.497 0.573 0.470 0.480 0.429 0.388 0.016 0.000 0.000 0.217 0.069 0.285 0.000 0.008 0.001 0.000 0.687 
103 0.079 0.129 0.387 0.251 0.006 0.505 0.577 0.478 0.474 0.431 0.392 0.019 0.000 0.000 0.232 0.074 0.296 0.000 0.008 0.001 0.000 0.692 
104 0.075 0.132 0.404 0.249 0.006 0.497 0.566 0.479 0.485 0.443 0.389 0.016 0.000 0.000 0.227 0.078 0.290 0.000 0.008 0.001 0.000 0.689 
105 0.077 0.132 0.405 0.239 0.006 0.492 0.551 0.479 0.478 0.476 0.380 0.016 0.000 0.000 0.222 0.090 0.291 0.000 0.008 0.001 0.000 0.689 
106 0.080 0.136 0.480 0.235 0.006 0.484 0.555 0.486 0.476 0.496 0.374 0.016 0.000 0.000 0.245 0.095 0.285 0.000 0.008 0.001 0.000 0.690 
107 0.082 0.124 0.476 0.239 0.003 0.478 0.551 0.475 0.486 0.495 0.368 0.016 0.000 0.000 0.252 0.094 0.287 0.000 0.007 0.001 0.000 0.696 
108 0.083 0.128 0.462 0.235 0.003 0.488 0.547 0.473 0.491 0.491 0.369 0.018 0.000 0.000 0.242 0.095 0.288 0.000 0.012 0.001 0.000 0.697 
109 0.077 0.131 0.456 0.238 0.003 0.496 0.538 0.462 0.498 0.486 0.374 0.018 0.000 0.000 0.243 0.090 0.290 0.000 0.012 0.000 0.000 0.698 
110 0.080 0.128 0.449 0.251 0.003 0.504 0.540 0.468 0.504 0.479 0.382 0.018 0.000 0.000 0.238 0.096 0.290 0.000 0.012 0.000 0.000 0.702 
111 0.079 0.124 0.430 0.255 0.003 0.523 0.544 0.473 0.498 0.472 0.375 0.021 0.000 0.000 0.228 0.100 0.287 0.000 0.012 0.000 0.000 0.690 
112 0.077 0.123 0.439 0.254 0.003 0.502 0.545 0.470 0.499 0.476 0.377 0.021 0.000 0.000 0.226 0.098 0.289 0.000 0.012 0.000 0.000 0.695 
113 0.070 0.128 0.434 0.250 0.003 0.506 0.547 0.476 0.503 0.468 0.374 0.024 0.000 0.000 0.220 0.100 0.283 0.000 0.012 0.000 0.000 0.692 
114 0.071 0.128 0.424 0.254 0.003 0.513 0.551 0.473 0.507 0.469 0.375 0.024 0.000 0.000 0.229 0.122 0.277 0.000 0.016 0.000 0.000 0.690 
115 0.074 0.115 0.407 0.250 0.003 0.512 0.556 0.469 0.511 0.484 0.379 0.048 0.000 0.000 0.231 0.139 0.272 0.000 0.015 0.000 0.000 0.689 
116 0.077 0.118 0.402 0.256 0.003 0.526 0.555 0.465 0.511 0.470 0.380 0.046 0.000 0.000 0.221 0.155 0.267 0.000 0.023 0.000 0.000 0.692 
117 0.074 0.118 0.410 0.249 0.003 0.527 0.575 0.462 0.502 0.465 0.380 0.043 0.000 0.000 0.224 0.150 0.257 0.000 0.030 0.000 0.000 0.693 
118 0.083 0.112 0.407 0.265 0.000 0.535 0.576 0.463 0.500 0.459 0.380 0.045 0.000 0.000 0.223 0.149 0.255 0.000 0.029 0.000 0.000 0.697 
119 0.082 0.116 0.408 0.301 0.000 0.539 0.572 0.467 0.498 0.476 0.370 0.040 0.000 0.000 0.243 0.142 0.263 0.000 0.030 0.000 0.000 0.698 
120 0.078 0.117 0.438 0.310 0.000 0.534 0.588 0.469 0.498 0.481 0.371 0.039 0.000 0.000 0.250 0.141 0.276 0.000 0.027 0.000 0.000 0.693 
121 0.078 0.124 0.444 0.304 0.000 0.546 0.580 0.466 0.506 0.465 0.391 0.043 0.000 0.000 0.244 0.143 0.273 0.000 0.026 0.000 0.000 0.697 
122 0.076 0.118 0.452 0.283 0.000 0.553 0.576 0.472 0.499 0.464 0.384 0.042 0.000 0.000 0.253 0.139 0.270 0.000 0.029 0.000 0.000 0.696 
123 0.078 0.115 0.455 0.278 0.000 0.536 0.574 0.467 0.490 0.469 0.376 0.040 0.000 0.000 0.256 0.135 0.268 0.000 0.029 0.000 0.000 0.692 
124 0.075 0.102 0.440 0.292 0.000 0.524 0.569 0.466 0.515 0.455 0.375 0.040 0.000 0.000 0.250 0.136 0.266 0.000 0.029 0.000 0.000 0.684 
125 0.073 0.099 0.435 0.294 0.000 0.522 0.567 0.476 0.512 0.445 0.386 0.040 0.000 0.000 0.242 0.140 0.263 0.000 0.026 0.000 0.000 0.680 
126 0.077 0.094 0.448 0.292 0.029 0.540 0.549 0.488 0.505 0.447 0.391 0.040 0.000 0.000 0.240 0.139 0.261 0.002 0.019 0.002 0.000 0.682 
127 0.076 0.096 0.440 0.310 0.031 0.545 0.562 0.483 0.504 0.446 0.383 0.037 0.002 0.000 0.241 0.146 0.260 0.002 0.019 0.004 0.000 0.683 
128 0.071 0.103 0.446 0.358 0.031 0.532 0.552 0.489 0.506 0.448 0.383 0.036 0.002 0.000 0.237 0.152 0.254 0.002 0.019 0.005 0.000 0.684 
129 0.069 0.116 0.440 0.363 0.030 0.534 0.555 0.485 0.512 0.452 0.385 0.040 0.002 0.000 0.242 0.152 0.255 0.002 0.019 0.005 0.000 0.690 
130 0.071 0.116 0.435 0.373 0.034 0.535 0.560 0.488 0.505 0.449 0.384 0.039 0.002 0.000 0.239 0.156 0.257 0.002 0.019 0.004 0.000 0.691 
131 0.076 0.115 0.440 0.361 0.031 0.540 0.550 0.484 0.518 0.455 0.372 0.040 0.003 0.000 0.242 0.160 0.252 0.002 0.019 0.005 0.000 0.696 
132 0.074 0.115 0.438 0.373 0.031 0.550 0.540 0.478 0.529 0.466 0.366 0.042 0.003 0.000 0.252 0.161 0.261 0.002 0.022 0.004 0.000 0.704 
133 0.081 0.119 0.431 0.366 0.030 0.557 0.537 0.472 0.523 0.462 0.385 0.042 0.003 0.000 0.247 0.174 0.249 0.002 0.022 0.003 0.000 0.709 
134 0.079 0.122 0.429 0.375 0.029 0.561 0.526 0.479 0.526 0.463 0.378 0.044 0.002 0.000 0.245 0.177 0.249 0.002 0.022 0.003 0.000 0.705 
135 0.085 0.123 0.421 0.382 0.029 0.560 0.522 0.476 0.534 0.463 0.381 0.044 0.002 0.000 0.248 0.178 0.248 0.002 0.022 0.003 0.000 0.698 
136 0.087 0.145 0.417 0.380 0.067 0.594 0.530 0.473 0.524 0.470 0.377 0.043 0.002 0.000 0.233 0.179 0.255 0.002 0.021 0.003 0.000 0.704 
137 0.087 0.146 0.426 0.375 0.067 0.582 0.549 0.467 0.514 0.470 0.376 0.044 0.002 0.000 0.245 0.181 0.248 0.002 0.021 0.003 0.000 0.702 
138 0.078 0.145 0.428 0.368 0.073 0.605 0.538 0.473 0.523 0.473 0.393 0.045 0.002 0.000 0.253 0.182 0.262 0.002 0.020 0.002 0.000 0.699 
139 0.074 0.164 0.431 0.362 0.054 0.585 0.551 0.468 0.526 0.454 0.399 0.042 0.002 0.000 0.246 0.178 0.259 0.002 0.020 0.002 0.000 0.700 
140 0.076 0.159 0.432 0.343 0.057 0.575 0.543 0.470 0.533 0.449 0.397 0.040 0.004 0.000 0.247 0.179 0.261 0.002 0.017 0.002 0.000 0.697 
141 0.073 0.157 0.426 0.352 0.059 0.574 0.531 0.474 0.524 0.440 0.407 0.042 0.004 0.000 0.246 0.174 0.269 0.002 0.018 0.001 0.000 0.697 
142 0.076 0.158 0.426 0.353 0.062 0.567 0.512 0.471 0.518 0.439 0.420 0.041 0.004 0.000 0.249 0.174 0.281 0.002 0.018 0.001 0.000 0.694 
143 0.075 0.157 0.415 0.344 0.063 0.555 0.510 0.469 0.506 0.444 0.413 0.040 0.004 0.000 0.248 0.169 0.283 0.002 0.018 0.001 0.000 0.693 
144 0.081 0.150 0.411 0.347 0.064 0.563 0.522 0.466 0.505 0.451 0.407 0.039 0.003 0.000 0.247 0.166 0.279 0.005 0.022 0.001 0.000 0.695 
145 0.086 0.146 0.401 0.370 0.061 0.571 0.523 0.474 0.514 0.453 0.396 0.041 0.003 0.000 0.253 0.170 0.284 0.004 0.022 0.001 0.000 0.693 
146 0.085 0.146 0.416 0.361 0.065 0.578 0.522 0.473 0.508 0.473 0.392 0.039 0.005 0.000 0.267 0.170 0.295 0.004 0.022 0.002 0.000 0.686 
147 0.086 0.147 0.407 0.361 0.060 0.587 0.525 0.468 0.518 0.466 0.392 0.038 0.003 0.000 0.266 0.171 0.286 0.004 0.023 0.002 0.000 0.687 
148 0.094 0.137 0.399 0.376 0.058 0.575 0.538 0.467 0.516 0.457 0.391 0.036 0.001 0.000 0.257 0.169 0.291 0.004 0.019 0.002 0.000 0.690 
149 0.093 0.136 0.392 0.378 0.059 0.575 0.540 0.462 0.529 0.448 0.386 0.038 0.000 0.000 0.270 0.168 0.289 0.004 0.015 0.002 0.000 0.691 
150 0.090 0.141 0.394 0.379 0.058 0.595 0.555 0.464 0.542 0.459 0.386 0.040 0.000 0.000 0.281 0.170 0.293 0.002 0.015 0.002 0.000 0.692 
151 0.090 0.143 0.393 0.395 0.053 0.593 0.540 0.466 0.553 0.449 0.389 0.040 0.000 0.000 0.284 0.174 0.292 0.000 0.016 0.001 0.000 0.694 
152 0.083 0.144 0.381 0.393 0.059 0.597 0.522 0.467 0.560 0.444 0.404 0.039 0.000 0.000 0.281 0.172 0.284 0.000 0.057 0.001 0.000 0.684 
153 0.081 0.156 0.386 0.395 0.055 0.599 0.532 0.476 0.560 0.460 0.397 0.041 0.000 0.000 0.276 0.171 0.290 0.000 0.050 0.001 0.000 0.690 
154 0.076 0.148 0.384 0.383 0.093 0.584 0.549 0.479 0.550 0.471 0.394 0.043 0.000 0.000 0.272 0.172 0.287 0.000 0.066 0.001 0.000 0.697 
155 0.072 0.161 0.377 0.375 0.090 0.588 0.555 0.479 0.540 0.475 0.397 0.046 0.000 0.000 0.258 0.172 0.285 0.000 0.054 0.001 0.000 0.696 
156 0.075 0.158 0.368 0.374 0.108 0.570 0.551 0.486 0.519 0.465 0.388 0.043 0.000 0.000 0.266 0.172 0.284 0.000 0.071 0.001 0.000 0.697 
157 0.085 0.149 0.377 0.367 0.107 0.565 0.542 0.479 0.516 0.467 0.393 0.043 0.000 0.000 0.257 0.171 0.282 0.000 0.068 0.001 0.000 0.693 
158 0.084 0.143 0.387 0.359 0.119 0.562 0.550 0.476 0.511 0.467 0.389 0.041 0.000 0.000 0.249 0.165 0.295 0.000 0.069 0.001 0.000 0.694 
159 0.082 0.135 0.411 0.353 0.135 0.558 0.543 0.484 0.500 0.471 0.381 0.055 0.000 0.000 0.258 0.164 0.295 0.000 0.094 0.001 0.000 0.694 
160 0.078 0.140 0.401 0.355 0.134 0.562 0.530 0.482 0.509 0.483 0.384 0.050 0.000 0.000 0.262 0.158 0.297 0.000 0.087 0.001 0.000 0.691 
161 0.074 0.138 0.407 0.356 0.133 0.559 0.528 0.478 0.509 0.476 0.374 0.050 0.000 0.000 0.263 0.158 0.295 0.000 0.085 0.001 0.000 0.691 
162 0.075 0.128 0.410 0.350 0.140 0.557 0.517 0.477 0.509 0.480 0.379 0.051 0.000 0.000 0.269 0.151 0.288 0.000 0.084 0.007 0.000 0.692 
163 0.078 0.126 0.402 0.339 0.137 0.556 0.527 0.471 0.520 0.482 0.369 0.065 0.000 0.000 0.258 0.151 0.292 0.007 0.059 0.005 0.000 0.691 
164 0.085 0.119 0.392 0.335 0.129 0.560 0.530 0.465 0.522 0.475 0.364 0.069 0.000 0.000 0.257 0.136 0.282 0.007 0.057 0.013 0.000 0.691 
165 0.083 0.116 0.404 0.329 0.131 0.556 0.528 0.462 0.525 0.485 0.359 0.066 0.006 0.000 0.264 0.147 0.274 0.007 0.092 0.012 0.000 0.696 
166 0.079 0.120 0.400 0.324 0.134 0.541 0.533 0.459 0.528 0.480 0.356 0.083 0.006 0.000 0.264 0.147 0.276 0.007 0.087 0.012 0.000 0.698 
167 0.085 0.122 0.391 0.322 0.132 0.564 0.548 0.462 0.533 0.489 0.357 0.091 0.006 0.000 0.269 0.145 0.262 0.007 0.089 0.012 0.000 0.698 
168 0.088 0.123 0.385 0.342 0.153 0.574 0.556 0.465 0.534 0.497 0.369 0.089 0.015 0.000 0.265 0.146 0.277 0.006 0.092 0.011 0.000 0.697 
169 0.090 0.132 0.405 0.326 0.150 0.584 0.561 0.465 0.535 0.501 0.358 0.098 0.015 0.000 0.263 0.148 0.272 0.007 0.101 0.009 0.000 0.696 
170 0.087 0.135 0.403 0.339 0.174 0.589 0.552 0.456 0.551 0.500 0.360 0.118 0.015 0.000 0.269 0.147 0.273 0.007 0.114 0.011 0.000 0.693 
171 0.094 0.131 0.400 0.340 0.172 0.588 0.549 0.462 0.549 0.486 0.377 0.117 0.016 0.000 0.271 0.155 0.274 0.005 0.112 0.011 0.001 0.695 
172 0.090 0.144 0.399 0.339 0.192 0.584 0.554 0.454 0.541 0.491 0.367 0.119 0.015 0.000 0.270 0.153 0.271 0.005 0.108 0.010 0.001 0.696 
173 0.089 0.142 0.398 0.343 0.189 0.578 0.557 0.457 0.550 0.484 0.366 0.120 0.014 0.000 0.271 0.144 0.274 0.005 0.127 0.012 0.001 0.694 
174 0.087 0.152 0.406 0.352 0.196 0.573 0.547 0.457 0.540 0.493 0.365 0.127 0.011 0.000 0.265 0.140 0.265 0.005 0.130 0.012 0.001 0.696 
175 0.075 0.155 0.410 0.353 0.214 0.574 0.539 0.454 0.535 0.491 0.369 0.120 0.011 0.000 0.264 0.129 0.260 0.005 0.126 0.012 0.001 0.696 
176 0.075 0.154 0.407 0.359 0.207 0.571 0.533 0.450 0.540 0.487 0.372 0.126 0.011 0.000 0.261 0.126 0.257 0.002 0.122 0.012 0.001 0.696 
177 0.077 0.151 0.418 0.358 0.203 0.558 0.541 0.459 0.551 0.496 0.368 0.124 0.011 0.000 0.256 0.116 0.257 0.018 0.134 0.011 0.001 0.693 
178 0.080 0.150 0.414 0.358 0.203 0.569 0.540 0.466 0.546 0.502 0.367 0.120 0.011 0.000 0.252 0.115 0.259 0.024 0.131 0.011 0.000 0.691 
179 0.086 0.143 0.407 0.358 0.201 0.582 0.536 0.471 0.528 0.493 0.368 0.129 0.010 0.000 0.251 0.110 0.250 0.028 0.142 0.012 0.000 0.689 
180 0.082 0.154 0.405 0.362 0.201 0.574 0.536 0.460 0.535 0.497 0.370 0.131 0.010 0.000 0.259 0.113 0.252 0.040 0.136 0.010 0.000 0.685 
181 0.082 0.152 0.406 0.366 0.205 0.573 0.544 0.460 0.534 0.489 0.374 0.128 0.010 0.000 0.257 0.111 0.254 0.039 0.143 0.012 0.000 0.683 
182 0.079 0.166 0.413 0.357 0.208 0.596 0.565 0.460 0.546 0.472 0.375 0.123 0.010 0.000 0.255 0.108 0.251 0.042 0.144 0.011 0.000 0.678 
183 0.076 0.169 0.410 0.361 0.205 0.587 0.558 0.465 0.544 0.475 0.360 0.116 0.015 0.000 0.251 0.112 0.263 0.042 0.139 0.008 0.000 0.685 
184 0.076 0.168 0.407 0.361 0.203 0.589 0.562 0.457 0.552 0.467 0.359 0.120 0.034 0.000 0.242 0.109 0.263 0.064 0.137 0.008 0.000 0.690 
185 0.082 0.174 0.423 0.366 0.209 0.593 0.559 0.455 0.548 0.470 0.353 0.119 0.034 0.000 0.252 0.122 0.258 0.065 0.138 0.008 0.000 0.692 
186 0.086 0.176 0.422 0.352 0.222 0.595 0.560 0.460 0.548 0.481 0.360 0.120 0.034 0.000 0.247 0.125 0.252 0.060 0.136 0.011 0.000 0.691 
187 0.087 0.170 0.420 0.342 0.226 0.598 0.557 0.461 0.540 0.482 0.354 0.121 0.035 0.000 0.250 0.129 0.246 0.063 0.136 0.011 0.000 0.700 
188 0.086 0.169 0.420 0.337 0.231 0.592 0.546 0.467 0.547 0.480 0.354 0.121 0.033 0.000 0.252 0.125 0.251 0.060 0.139 0.012 0.000 0.698 
189 0.086 0.172 0.418 0.331 0.225 0.583 0.557 0.470 0.534 0.508 0.360 0.127 0.031 0.000 0.245 0.130 0.249 0.057 0.153 0.013 0.000 0.699 
190 0.090 0.170 0.421 0.331 0.227 0.576 0.547 0.473 0.527 0.515 0.361 0.125 0.032 0.000 0.254 0.125 0.256 0.058 0.158 0.015 0.000 0.699 
191 0.091 0.175 0.411 0.329 0.232 0.575 0.553 0.471 0.519 0.513 0.350 0.125 0.033 0.000 0.252 0.119 0.255 0.071 0.170 0.015 0.000 0.699 
192 0.083 0.179 0.418 0.326 0.223 0.583 0.541 0.481 0.525 0.506 0.348 0.121 0.033 0.000 0.250 0.123 0.256 0.071 0.172 0.015 0.000 0.695 
193 0.081 0.175 0.418 0.320 0.222 0.590 0.531 0.488 0.541 0.489 0.335 0.119 0.033 0.000 0.253 0.127 0.259 0.067 0.169 0.015 0.000 0.696 
194 0.081 0.177 0.420 0.326 0.228 0.587 0.530 0.486 0.539 0.482 0.340 0.122 0.034 0.002 0.252 0.125 0.255 0.068 0.164 0.016 0.000 0.695 
195 0.080 0.171 0.404 0.330 0.231 0.582 0.531 0.485 0.541 0.482 0.338 0.122 0.033 0.006 0.253 0.123 0.257 0.072 0.158 0.015 0.000 0.702 
196 0.078 0.178 0.391 0.336 0.229 0.576 0.535 0.477 0.527 0.478 0.347 0.117 0.041 0.008 0.259 0.126 0.257 0.081 0.155 0.015 0.000 0.699 
197 0.076 0.179 0.386 0.341 0.227 0.609 0.539 0.481 0.538 0.482 0.363 0.114 0.042 0.008 0.257 0.124 0.252 0.077 0.141 0.017 0.000 0.696 
198 0.080 0.179 0.396 0.339 0.238 0.598 0.546 0.490 0.525 0.479 0.352 0.118 0.041 0.008 0.265 0.122 0.262 0.079 0.137 0.018 0.000 0.697 
199 0.079 0.179 0.396 0.347 0.231 0.593 0.540 0.491 0.528 0.484 0.356 0.118 0.041 0.008 0.269 0.124 0.270 0.078 0.154 0.017 0.000 0.711 
200 0.086 0.173 0.392 0.345 0.233 0.619 0.529 0.496 0.536 0.504 0.358 0.119 0.040 0.008 0.265 0.129 0.274 0.079 0.156 0.015 0.000 0.707 
201 0.088 0.175 0.387 0.346 0.238 0.609 0.530 0.495 0.532 0.505 0.352 0.129 0.038 0.008 0.270 0.126 0.267 0.078 0.155 0.017 0.000 0.708 
202 0.085 0.174 0.383 0.349 0.238 0.621 0.519 0.502 0.542 0.510 0.357 0.131 0.039 0.008 0.273 0.121 0.272 0.080 0.148 0.015 0.001 0.705 
203 0.084 0.162 0.396 0.354 0.230 0.623 0.519 0.500 0.526 0.508 0.350 0.130 0.041 0.006 0.274 0.124 0.267 0.080 0.153 0.017 0.001 0.700 
204 0.085 0.154 0.407 0.357 0.236 0.617 0.529 0.496 0.521 0.524 0.354 0.130 0.041 0.006 0.272 0.116 0.277 0.078 0.155 0.017 0.001 0.700 
205 0.087 0.146 0.404 0.351 0.250 0.605 0.526 0.499 0.546 0.519 0.348 0.139 0.038 0.006 0.275 0.122 0.275 0.075 0.148 0.015 0.002 0.702 
206 0.084 0.146 0.401 0.364 0.247 0.591 0.527 0.501 0.536 0.520 0.361 0.133 0.039 0.004 0.275 0.119 0.259 0.094 0.151 0.014 0.001 0.703 
207 0.079 0.153 0.403 0.344 0.253 0.574 0.533 0.498 0.531 0.520 0.355 0.132 0.058 0.008 0.269 0.118 0.274 0.092 0.147 0.015 0.002 0.708 
208 0.078 0.161 0.394 0.357 0.258 0.571 0.541 0.500 0.532 0.516 0.360 0.146 0.058 0.006 0.268 0.127 0.283 0.101 0.140 0.012 0.001 0.703 
209 0.077 0.159 0.394 0.360 0.255 0.560 0.548 0.497 0.532 0.521 0.357 0.151 0.059 0.006 0.265 0.128 0.284 0.108 0.143 0.016 0.001 0.704 
210 0.081 0.161 0.389 0.370 0.256 0.548 0.555 0.494 0.544 0.516 0.365 0.151 0.070 0.006 0.254 0.130 0.280 0.103 0.156 0.014 0.002 0.705 
211 0.085 0.159 0.395 0.372 0.255 0.537 0.553 0.495 0.534 0.536 0.354 0.148 0.076 0.008 0.256 0.138 0.276 0.109 0.146 0.013 0.003 0.710 
212 0.086 0.163 0.390 0.372 0.260 0.553 0.552 0.488 0.534 0.544 0.361 0.141 0.074 0.008 0.254 0.132 0.263 0.108 0.158 0.012 0.003 0.709 
213 0.084 0.157 0.390 0.364 0.258 0.564 0.555 0.482 0.536 0.540 0.354 0.144 0.075 0.008 0.254 0.129 0.262 0.105 0.154 0.012 0.002 0.705 
214 0.083 0.168 0.391 0.363 0.253 0.561 0.565 0.478 0.551 0.528 0.356 0.145 0.092 0.008 0.250 0.127 0.268 0.104 0.169 0.012 0.002 0.701 
215 0.087 0.172 0.393 0.361 0.248 0.553 0.576 0.475 0.553 0.526 0.359 0.142 0.094 0.008 0.252 0.139 0.251 0.104 0.176 0.012 0.003 0.704 
216 0.087 0.173 0.399 0.366 0.260 0.558 0.581 0.475 0.545 0.534 0.343 0.150 0.092 0.010 0.248 0.146 0.250 0.106 0.174 0.012 0.003 0.703 
217 0.087 0.177 0.404 0.351 0.257 0.550 0.592 0.474 0.530 0.541 0.344 0.151 0.089 0.010 0.249 0.150 0.254 0.106 0.168 0.012 0.003 0.707 
218 0.088 0.187 0.401 0.348 0.256 0.537 0.578 0.466 0.531 0.547 0.348 0.151 0.089 0.012 0.244 0.156 0.256 0.109 0.159 0.012 0.003 0.706 
219 0.087 0.185 0.399 0.344 0.252 0.544 0.582 0.464 0.529 0.541 0.364 0.147 0.107 0.012 0.240 0.157 0.255 0.106 0.159 0.012 0.004 0.707 
220 0.091 0.178 0.400 0.337 0.263 0.538 0.584 0.463 0.524 0.552 0.359 0.155 0.117 0.013 0.232 0.166 0.248 0.109 0.164 0.015 0.004 0.709 
221 0.091 0.187 0.393 0.350 0.266 0.532 0.582 0.470 0.521 0.555 0.376 0.152 0.117 0.013 0.237 0.170 0.240 0.112 0.157 0.018 0.004 0.704 
222 0.089 0.234 0.374 0.355 0.265 0.532 0.585 0.470 0.530 0.560 0.359 0.154 0.120 0.011 0.240 0.173 0.234 0.113 0.164 0.020 0.004 0.705 
223 0.089 0.243 0.378 0.350 0.272 0.537 0.596 0.481 0.517 0.554 0.353 0.169 0.123 0.011 0.242 0.169 0.233 0.121 0.176 0.024 0.004 0.709 
224 0.085 0.247 0.377 0.343 0.282 0.533 0.590 0.482 0.524 0.557 0.343 0.167 0.122 0.012 0.235 0.162 0.227 0.135 0.186 0.022 0.004 0.707 
225 0.084 0.238 0.376 0.346 0.278 0.523 0.579 0.481 0.533 0.549 0.345 0.180 0.121 0.012 0.238 0.158 0.228 0.137 0.187 0.021 0.003 0.704 
226 0.085 0.232 0.374 0.336 0.281 0.516 0.563 0.486 0.535 0.553 0.338 0.177 0.113 0.014 0.236 0.156 0.249 0.136 0.183 0.021 0.003 0.701 
227 0.088 0.227 0.373 0.345 0.285 0.510 0.553 0.488 0.528 0.539 0.342 0.176 0.106 0.014 0.242 0.159 0.251 0.132 0.181 0.021 0.004 0.707 
228 0.086 0.231 0.376 0.345 0.288 0.524 0.547 0.489 0.525 0.543 0.339 0.177 0.106 0.015 0.243 0.158 0.247 0.136 0.175 0.015 0.003 0.705 
229 0.085 0.224 0.377 0.347 0.288 0.531 0.545 0.493 0.526 0.540 0.363 0.176 0.117 0.016 0.237 0.161 0.244 0.133 0.170 0.016 0.003 0.705 
230 0.104 0.211 0.374 0.351 0.300 0.531 0.562 0.484 0.543 0.540 0.372 0.178 0.120 0.018 0.242 0.161 0.240 0.132 0.168 0.016 0.004 0.707 
231 0.100 0.207 0.380 0.347 0.302 0.540 0.564 0.475 0.553 0.522 0.373 0.178 0.127 0.028 0.244 0.164 0.233 0.126 0.183 0.020 0.004 0.705 
232 0.101 0.199 0.397 0.335 0.292 0.552 0.568 0.478 0.558 0.514 0.376 0.177 0.131 0.034 0.241 0.153 0.231 0.132 0.179 0.020 0.004 0.706 
233 0.100 0.200 0.395 0.343 0.297 0.548 0.575 0.477 0.555 0.512 0.377 0.180 0.134 0.039 0.237 0.163 0.234 0.138 0.178 0.018 0.004 0.712 
234 0.099 0.202 0.387 0.345 0.293 0.546 0.576 0.481 0.543 0.520 0.375 0.179 0.135 0.036 0.234 0.166 0.238 0.136 0.176 0.014 0.004 0.711 
235 0.100 0.208 0.385 0.344 0.288 0.531 0.577 0.483 0.546 0.516 0.373 0.176 0.137 0.036 0.237 0.169 0.240 0.133 0.183 0.012 0.004 0.711 
236 0.104 0.216 0.370 0.365 0.277 0.529 0.554 0.493 0.542 0.531 0.369 0.177 0.136 0.038 0.232 0.173 0.245 0.128 0.178 0.011 0.004 0.710 
237 0.105 0.215 0.363 0.364 0.289 0.517 0.560 0.488 0.539 0.531 0.371 0.173 0.141 0.042 0.227 0.167 0.248 0.137 0.167 0.011 0.003 0.711 
238 0.102 0.235 0.356 0.368 0.289 0.514 0.563 0.481 0.541 0.533 0.367 0.170 0.142 0.040 0.228 0.164 0.259 0.135 0.164 0.011 0.003 0.710 
239 0.099 0.242 0.360 0.362 0.295 0.502 0.559 0.476 0.550 0.535 0.363 0.173 0.138 0.039 0.229 0.166 0.256 0.138 0.159 0.011 0.003 0.712 
240 0.104 0.245 0.363 0.367 0.295 0.500 0.554 0.485 0.553 0.550 0.354 0.174 0.131 0.041 0.231 0.156 0.258 0.137 0.154 0.013 0.004 0.703 
241 0.105 0.255 0.364 0.368 0.287 0.508 0.575 0.481 0.553 0.568 0.353 0.173 0.127 0.043 0.233 0.157 0.260 0.136 0.144 0.017 0.003 0.704 
242 0.102 0.244 0.386 0.368 0.284 0.514 0.577 0.480 0.548 0.570 0.350 0.175 0.123 0.050 0.231 0.160 0.263 0.133 0.136 0.020 0.002 0.700 
243 0.102 0.258 0.382 0.364 0.281 0.504 0.573 0.482 0.552 0.563 0.354 0.176 0.134 0.049 0.230 0.159 0.262 0.125 0.141 0.019 0.002 0.702 
244 0.101 0.266 0.368 0.373 0.291 0.504 0.578 0.490 0.543 0.575 0.346 0.174 0.135 0.048 0.236 0.157 0.258 0.122 0.157 0.020 0.003 0.705 
245 0.096 0.270 0.378 0.362 0.284 0.491 0.572 0.493 0.550 0.569 0.339 0.183 0.135 0.050 0.236 0.161 0.265 0.120 0.162 0.020 0.003 0.702 
246 0.093 0.271 0.383 0.361 0.292 0.493 0.569 0.490 0.554 0.566 0.332 0.184 0.143 0.055 0.234 0.164 0.262 0.113 0.184 0.024 0.002 0.693 
247 0.090 0.255 0.391 0.366 0.304 0.485 0.592 0.490 0.560 0.563 0.334 0.184 0.143 0.052 0.226 0.172 0.260 0.106 0.190 0.030 0.002 0.692 
248 0.104 0.223 0.409 0.371 0.298 0.493 0.590 0.490 0.574 0.554 0.337 0.191 0.143 0.053 0.228 0.170 0.251 0.105 0.184 0.027 0.002 0.684 
249 0.107 0.230 0.411 0.375 0.297 0.491 0.598 0.492 0.568 0.558 0.324 0.185 0.153 0.053 0.220 0.175 0.249 0.111 0.185 0.028 0.002 0.688 
250 0.108 0.221 0.403 0.386 0.295 0.505 0.596 0.483 0.573 0.550 0.331 0.185 0.153 0.059 0.219 0.180 0.255 0.112 0.180 0.028 0.003 0.688 
251 0.105 0.221 0.409 0.380 0.299 0.514 0.587 0.473 0.580 0.545 0.337 0.178 0.152 0.060 0.222 0.178 0.247 0.111 0.178 0.030 0.002 0.686 
252 0.103 0.220 0.412 0.380 0.305 0.515 0.591 0.481 0.577 0.550 0.338 0.177 0.145 0.058 0.223 0.183 0.245 0.112 0.181 0.030 0.003 0.688 
253 0.108 0.221 0.421 0.384 0.303 0.517 0.586 0.485 0.583 0.542 0.333 0.178 0.144 0.062 0.231 0.182 0.244 0.111 0.177 0.028 0.003 0.688 
254 0.111 0.245 0.413 0.392 0.302 0.511 0.578 0.485 0.574 0.542 0.344 0.175 0.141 0.059 0.231 0.174 0.243 0.121 0.178 0.029 0.003 0.691 
255 0.106 0.266 0.410 0.389 0.296 0.519 0.586 0.493 0.567 0.555 0.353 0.176 0.142 0.053 0.230 0.174 0.239 0.118 0.179 0.032 0.003 0.698 
256 0.100 0.270 0.414 0.381 0.293 0.505 0.591 0.494 0.553 0.546 0.351 0.180 0.132 0.053 0.224 0.173 0.240 0.115 0.186 0.033 0.003 0.695 
257 0.098 0.250 0.413 0.366 0.293 0.492 0.594 0.494 0.542 0.568 0.348 0.183 0.129 0.053 0.223 0.181 0.241 0.119 0.187 0.032 0.003 0.692 
258 0.103 0.246 0.411 0.355 0.286 0.488 0.585 0.504 0.530 0.569 0.356 0.184 0.126 0.062 0.211 0.182 0.249 0.119 0.199 0.032 0.003 0.694 
259 0.100 0.256 0.411 0.358 0.291 0.481 0.572 0.510 0.528 0.549 0.364 0.185 0.123 0.061 0.207 0.182 0.246 0.123 0.203 0.035 0.003 0.694 
260 0.098 0.257 0.403 0.352 0.294 0.485 0.572 0.513 0.529 0.555 0.373 0.185 0.125 0.063 0.206 0.180 0.246 0.136 0.186 0.033 0.002 0.696 
261 0.100 0.256 0.398 0.353 0.296 0.489 0.572 0.513 0.541 0.552 0.376 0.188 0.124 0.064 0.206 0.182 0.247 0.129 0.191 0.033 0.003 0.699 
262 0.098 0.262 0.393 0.350 0.298 0.490 0.573 0.506 0.537 0.539 0.372 0.188 0.126 0.061 0.206 0.181 0.247 0.128 0.198 0.034 0.003 0.692 
263 0.101 0.269 0.399 0.367 0.297 0.495 0.574 0.507 0.545 0.532 0.375 0.198 0.119 0.071 0.202 0.181 0.254 0.127 0.206 0.035 0.003 0.696 
264 0.096 0.274 0.391 0.376 0.292 0.511 0.576 0.499 0.560 0.512 0.381 0.199 0.120 0.069 0.200 0.185 0.251 0.134 0.213 0.030 0.004 0.702 
265 0.094 0.271 0.397 0.369 0.289 0.519 0.571 0.504 0.554 0.530 0.386 0.197 0.119 0.066 0.200 0.187 0.260 0.135 0.210 0.028 0.004 0.702 
266 0.091 0.271 0.401 0.375 0.283 0.512 0.567 0.504 0.552 0.533 0.384 0.198 0.118 0.070 0.193 0.186 0.258 0.143 0.207 0.026 0.004 0.702 
267 0.090 0.273 0.395 0.381 0.292 0.502 0.576 0.501 0.548 0.544 0.380 0.194 0.113 0.070 0.204 0.187 0.260 0.138 0.211 0.024 0.004 0.707 
268 0.092 0.281 0.399 0.375 0.297 0.494 0.570 0.500 0.554 0.546 0.375 0.189 0.116 0.075 0.206 0.187 0.263 0.148 0.203 0.022 0.004 0.708 
269 0.100 0.276 0.397 0.376 0.298 0.494 0.575 0.503 0.550 0.536 0.371 0.191 0.115 0.080 0.208 0.179 0.262 0.152 0.211 0.019 0.005 0.706 
270 0.104 0.298 0.398 0.378 0.310 0.493 0.575 0.505 0.550 0.543 0.374 0.189 0.125 0.076 0.207 0.175 0.280 0.135 0.199 0.035 0.004 0.702 
271 0.111 0.298 0.398 0.392 0.313 0.495 0.573 0.512 0.566 0.537 0.373 0.192 0.131 0.075 0.201 0.176 0.281 0.136 0.202 0.034 0.005 0.700 
272 0.112 0.310 0.398 0.396 0.313 0.497 0.577 0.510 0.561 0.551 0.370 0.190 0.139 0.071 0.206 0.175 0.274 0.118 0.196 0.036 0.005 0.701 
273 0.112 0.310 0.397 0.397 0.298 0.491 0.579 0.515 0.561 0.551 0.367 0.192 0.139 0.073 0.205 0.182 0.271 0.118 0.193 0.037 0.006 0.707 
274 0.111 0.305 0.397 0.399 0.296 0.482 0.589 0.516 0.560 0.533 0.373 0.192 0.139 0.070 0.198 0.179 0.266 0.111 0.192 0.033 0.006 0.708 
275 0.110 0.301 0.395 0.410 0.296 0.474 0.587 0.510 0.550 0.533 0.367 0.194 0.141 0.074 0.204 0.181 0.267 0.113 0.192 0.031 0.006 0.698 
276 0.108 0.308 0.399 0.405 0.297 0.472 0.587 0.506 0.549 0.546 0.366 0.189 0.137 0.079 0.207 0.188 0.265 0.113 0.196 0.028 0.006 0.695 
277 0.107 0.306 0.390 0.416 0.304 0.475 0.577 0.507 0.554 0.540 0.365 0.191 0.138 0.085 0.203 0.186 0.261 0.112 0.205 0.028 0.006 0.692 
278 0.104 0.303 0.394 0.416 0.306 0.472 0.573 0.512 0.547 0.543 0.363 0.188 0.139 0.083 0.210 0.186 0.257 0.109 0.199 0.024 0.007 0.692 
279 0.107 0.298 0.397 0.408 0.312 0.467 0.572 0.507 0.546 0.535 0.362 0.189 0.139 0.084 0.208 0.191 0.253 0.107 0.200 0.025 0.007 0.684 
280 0.112 0.294 0.407 0.415 0.312 0.466 0.568 0.500 0.546 0.527 0.362 0.187 0.142 0.081 0.206 0.194 0.256 0.111 0.199 0.032 0.008 0.684 
281 0.109 0.279 0.405 0.416 0.314 0.461 0.567 0.497 0.539 0.534 0.355 0.183 0.144 0.085 0.209 0.193 0.256 0.112 0.201 0.032 0.008 0.683 
282 0.110 0.269 0.397 0.405 0.308 0.463 0.555 0.500 0.537 0.534 0.357 0.181 0.142 0.078 0.209 0.195 0.249 0.106 0.195 0.029 0.008 0.687 
283 0.110 0.274 0.399 0.424 0.297 0.459 0.566 0.506 0.543 0.530 0.372 0.184 0.137 0.077 0.205 0.193 0.251 0.091 0.194 0.027 0.007 0.686 
284 0.121 0.277 0.405 0.424 0.300 0.467 0.570 0.507 0.551 0.527 0.381 0.192 0.137 0.077 0.201 0.202 0.255 0.100 0.192 0.037 0.007 0.685 
285 0.121 0.283 0.409 0.434 0.302 0.465 0.565 0.506 0.559 0.524 0.379 0.194 0.137 0.075 0.195 0.204 0.256 0.111 0.200 0.039 0.009 0.692 
286 0.127 0.283 0.407 0.434 0.305 0.472 0.561 0.512 0.555 0.521 0.378 0.195 0.131 0.071 0.193 0.208 0.251 0.108 0.192 0.040 0.008 0.694 
287 0.130 0.297 0.383 0.427 0.312 0.475 0.560 0.515 0.554 0.516 0.368 0.197 0.134 0.074 0.202 0.210 0.247 0.115 0.200 0.040 0.007 0.700 
288 0.129 0.301 0.385 0.423 0.314 0.481 0.563 0.518 0.551 0.506 0.369 0.191 0.134 0.073 0.204 0.201 0.258 0.118 0.203 0.040 0.006 0.700 
289 0.129 0.310 0.385 0.417 0.313 0.477 0.557 0.514 0.561 0.510 0.364 0.196 0.133 0.075 0.204 0.199 0.257 0.113 0.234 0.037 0.006 0.701 
290 0.131 0.311 0.386 0.413 0.317 0.470 0.554 0.514 0.566 0.506 0.367 0.196 0.133 0.084 0.201 0.189 0.254 0.113 0.262 0.041 0.006 0.704 
291 0.133 0.332 0.382 0.408 0.324 0.479 0.547 0.512 0.561 0.501 0.374 0.201 0.128 0.086 0.203 0.186 0.248 0.113 0.264 0.045 0.007 0.709 
292 0.135 0.326 0.384 0.406 0.318 0.476 0.552 0.513 0.559 0.503 0.369 0.201 0.124 0.087 0.200 0.190 0.249 0.116 0.253 0.045 0.008 0.706 
293 0.133 0.321 0.404 0.404 0.315 0.478 0.558 0.512 0.559 0.509 0.377 0.196 0.125 0.087 0.204 0.187 0.250 0.119 0.249 0.047 0.007 0.708 
294 0.136 0.311 0.403 0.415 0.311 0.478 0.561 0.519 0.550 0.502 0.373 0.190 0.132 0.091 0.207 0.186 0.259 0.130 0.234 0.052 0.008 0.705 
295 0.139 0.311 0.396 0.412 0.320 0.484 0.569 0.506 0.555 0.498 0.366 0.193 0.137 0.089 0.210 0.187 0.275 0.136 0.229 0.054 0.008 0.700 
296 0.144 0.311 0.386 0.429 0.327 0.481 0.572 0.502 0.559 0.507 0.366 0.191 0.136 0.086 0.211 0.187 0.275 0.138 0.219 0.055 0.009 0.698 
297 0.147 0.313 0.385 0.433 0.332 0.470 0.567 0.507 0.565 0.504 0.369 0.194 0.145 0.088 0.204 0.188 0.274 0.134 0.219 0.050 0.007 0.697 
298 0.146 0.314 0.387 0.433 0.324 0.472 0.577 0.500 0.569 0.523 0.371 0.191 0.146 0.087 0.203 0.191 0.271 0.130 0.212 0.054 0.007 0.692 
299 0.149 0.318 0.388 0.433 0.314 0.485 0.582 0.498 0.568 0.526 0.362 0.194 0.146 0.084 0.210 0.193 0.276 0.135 0.206 0.050 0.007 0.692 
300 0.147 0.340 0.387 0.430 0.314 0.491 0.591 0.499 0.559 0.522 0.371 0.199 0.144 0.089 0.209 0.192 0.278 0.142 0.205 0.050 0.008 0.686 
301 0.146 0.335 0.392 0.428 0.330 0.485 0.574 0.507 0.557 0.517 0.364 0.203 0.136 0.088 0.205 0.187 0.269 0.155 0.208 0.049 0.007 0.696 
302 0.140 0.326 0.400 0.433 0.328 0.486 0.569 0.495 0.551 0.514 0.363 0.201 0.137 0.089 0.205 0.185 0.273 0.160 0.211 0.048 0.007 0.702 
303 0.141 0.317 0.402 0.425 0.324 0.498 0.558 0.499 0.531 0.510 0.371 0.201 0.140 0.093 0.215 0.189 0.282 0.161 0.204 0.049 0.010 0.698 
304 0.150 0.313 0.406 0.423 0.330 0.479 0.557 0.492 0.534 0.513 0.366 0.206 0.145 0.087 0.213 0.174 0.283 0.160 0.220 0.048 0.011 0.697 
305 0.155 0.310 0.400 0.442 0.341 0.469 0.546 0.492 0.529 0.510 0.364 0.205 0.151 0.088 0.214 0.175 0.281 0.159 0.220 0.047 0.011 0.701 
306 0.160 0.320 0.407 0.440 0.335 0.465 0.537 0.491 0.535 0.510 0.368 0.198 0.148 0.094 0.216 0.176 0.289 0.155 0.211 0.063 0.012 0.704 
307 0.157 0.324 0.415 0.443 0.325 0.468 0.535 0.495 0.547 0.509 0.363 0.198 0.151 0.090 0.204 0.178 0.288 0.155 0.213 0.062 0.012 0.709 
308 0.162 0.332 0.414 0.435 0.318 0.472 0.538 0.495 0.545 0.504 0.363 0.205 0.149 0.088 0.200 0.182 0.286 0.141 0.219 0.063 0.013 0.709 
309 0.179 0.324 0.417 0.433 0.316 0.466 0.547 0.497 0.549 0.500 0.360 0.202 0.150 0.090 0.205 0.180 0.294 0.134 0.217 0.066 0.012 0.711 
310 0.176 0.326 0.422 0.424 0.325 0.456 0.529 0.509 0.553 0.504 0.358 0.197 0.151 0.094 0.201 0.183 0.292 0.126 0.198 0.065 0.013 0.706 
311 0.174 0.335 0.427 0.414 0.335 0.461 0.533 0.513 0.554 0.500 0.352 0.193 0.153 0.100 0.201 0.183 0.290 0.132 0.214 0.071 0.013 0.703 
312 0.176 0.338 0.436 0.402 0.344 0.461 0.540 0.510 0.547 0.509 0.338 0.199 0.156 0.107 0.200 0.189 0.287 0.125 0.212 0.069 0.014 0.699 
313 0.175 0.328 0.429 0.405 0.348 0.459 0.558 0.511 0.543 0.499 0.337 0.191 0.157 0.115 0.204 0.183 0.296 0.124 0.211 0.068 0.016 0.697 
314 0.175 0.332 0.435 0.393 0.352 0.460 0.567 0.517 0.544 0.496 0.329 0.189 0.159 0.119 0.205 0.184 0.289 0.135 0.211 0.068 0.014 0.702 
315 0.169 0.330 0.426 0.393 0.365 0.468 0.570 0.511 0.542 0.500 0.324 0.191 0.158 0.118 0.214 0.180 0.297 0.133 0.211 0.067 0.017 0.701 
316 0.171 0.324 0.435 0.386 0.356 0.473 0.566 0.505 0.556 0.508 0.324 0.191 0.161 0.116 0.217 0.186 0.290 0.135 0.204 0.059 0.017 0.706 
317 0.174 0.319 0.421 0.392 0.355 0.471 0.588 0.509 0.552 0.512 0.328 0.193 0.162 0.111 0.216 0.174 0.291 0.130 0.202 0.061 0.018 0.706 
318 0.158 0.318 0.420 0.396 0.358 0.466 0.590 0.521 0.543 0.524 0.333 0.197 0.156 0.118 0.215 0.173 0.287 0.132 0.198 0.059 0.018 0.706 
319 0.153 0.323 0.424 0.398 0.352 0.468 0.583 0.527 0.552 0.537 0.337 0.202 0.162 0.117 0.215 0.175 0.273 0.144 0.206 0.060 0.017 0.706 
320 0.160 0.318 0.421 0.393 0.357 0.478 0.588 0.526 0.551 0.523 0.356 0.200 0.159 0.121 0.216 0.174 0.287 0.141 0.201 0.056 0.018 0.706 
321 0.169 0.319 0.423 0.392 0.359 0.467 0.580 0.528 0.563 0.523 0.356 0.198 0.159 0.115 0.212 0.174 0.285 0.145 0.187 0.054 0.017 0.698 
322 0.173 0.315 0.426 0.389 0.357 0.466 0.578 0.523 0.568 0.523 0.358 0.199 0.155 0.112 0.213 0.175 0.284 0.146 0.189 0.051 0.017 0.693 
323 0.170 0.315 0.418 0.393 0.366 0.469 0.578 0.520 0.559 0.508 0.363 0.193 0.157 0.116 0.219 0.172 0.287 0.150 0.188 0.050 0.018 0.689 
324 0.174 0.317 0.421 0.396 0.368 0.473 0.591 0.509 0.555 0.503 0.368 0.193 0.158 0.114 0.218 0.174 0.292 0.161 0.189 0.051 0.018 0.688 
325 0.176 0.318 0.425 0.397 0.367 0.473 0.598 0.502 0.552 0.493 0.371 0.191 0.153 0.112 0.218 0.177 0.293 0.155 0.186 0.048 0.019 0.686 
326 0.180 0.320 0.415 0.399 0.379 0.471 0.596 0.512 0.560 0.482 0.372 0.195 0.154 0.112 0.213 0.179 0.285 0.161 0.183 0.047 0.020 0.685 
327 0.176 0.318 0.414 0.402 0.376 0.472 0.590 0.510 0.561 0.474 0.364 0.194 0.158 0.113 0.202 0.188 0.284 0.159 0.183 0.043 0.019 0.691 
328 0.171 0.321 0.423 0.408 0.374 0.477 0.588 0.505 0.557 0.471 0.368 0.193 0.164 0.110 0.205 0.182 0.286 0.158 0.198 0.042 0.020 0.692 
329 0.170 0.323 0.429 0.405 0.364 0.466 0.586 0.512 0.556 0.472 0.371 0.191 0.162 0.106 0.202 0.186 0.295 0.153 0.198 0.041 0.019 0.692 
330 0.163 0.317 0.432 0.410 0.360 0.466 0.564 0.515 0.546 0.467 0.378 0.202 0.164 0.107 0.203 0.182 0.296 0.152 0.203 0.043 0.019 0.692 
331 0.168 0.312 0.432 0.417 0.356 0.487 0.570 0.522 0.541 0.472 0.376 0.203 0.158 0.108 0.208 0.189 0.296 0.154 0.187 0.046 0.019 0.697 
332 0.165 0.311 0.432 0.439 0.341 0.475 0.575 0.522 0.542 0.469 0.372 0.211 0.157 0.124 0.205 0.191 0.298 0.148 0.185 0.047 0.020 0.696 
333 0.164 0.311 0.434 0.426 0.348 0.464 0.579 0.515 0.531 0.472 0.371 0.210 0.159 0.125 0.206 0.194 0.304 0.148 0.181 0.044 0.020 0.702 
334 0.156 0.322 0.426 0.422 0.352 0.459 0.587 0.514 0.537 0.467 0.367 0.208 0.158 0.129 0.215 0.193 0.300 0.147 0.169 0.044 0.020 0.699 
335 0.148 0.309 0.429 0.419 0.349 0.456 0.582 0.512 0.533 0.479 0.363 0.209 0.161 0.130 0.212 0.194 0.328 0.150 0.158 0.047 0.020 0.704 
336 0.163 0.313 0.436 0.419 0.343 0.461 0.582 0.504 0.535 0.487 0.356 0.215 0.164 0.127 0.207 0.199 0.328 0.151 0.155 0.046 0.020 0.708 
337 0.161 0.323 0.428 0.418 0.346 0.471 0.569 0.506 0.538 0.490 0.354 0.212 0.164 0.130 0.209 0.194 0.318 0.154 0.164 0.050 0.020 0.708 
338 0.164 0.316 0.425 0.419 0.360 0.472 0.564 0.505 0.537 0.505 0.361 0.212 0.162 0.137 0.204 0.198 0.310 0.151 0.155 0.053 0.018 0.713 
339 0.163 0.326 0.427 0.409 0.360 0.480 0.561 0.504 0.534 0.505 0.365 0.205 0.167 0.141 0.207 0.201 0.310 0.151 0.153 0.058 0.018 0.713 
340 0.162 0.324 0.423 0.415 0.358 0.482 0.568 0.512 0.532 0.502 0.370 0.200 0.172 0.135 0.210 0.201 0.306 0.147 0.149 0.056 0.017 0.707 
341 0.159 0.324 0.432 0.411 0.357 0.478 0.582 0.509 0.533 0.498 0.368 0.202 0.177 0.134 0.214 0.198 0.306 0.154 0.145 0.050 0.018 0.704 
342 0.162 0.320 0.433 0.408 0.368 0.472 0.591 0.510 0.538 0.484 0.378 0.200 0.175 0.132 0.213 0.194 0.310 0.158 0.147 0.050 0.017 0.703 
343 0.173 0.315 0.436 0.416 0.360 0.469 0.594 0.503 0.543 0.479 0.381 0.199 0.180 0.135 0.211 0.190 0.307 0.171 0.147 0.053 0.016 0.698 
344 0.172 0.325 0.449 0.399 0.363 0.463 0.591 0.502 0.545 0.480 0.373 0.194 0.178 0.138 0.219 0.187 0.310 0.161 0.141 0.059 0.016 0.699 
345 0.166 0.331 0.453 0.401 0.362 0.481 0.598 0.496 0.544 0.482 0.378 0.193 0.177 0.139 0.209 0.196 0.309 0.169 0.152 0.060 0.017 0.695 
346 0.171 0.333 0.458 0.393 0.361 0.494 0.605 0.496 0.548 0.484 0.381 0.193 0.176 0.143 0.204 0.198 0.304 0.179 0.152 0.064 0.015 0.689 
347 0.177 0.326 0.463 0.390 0.359 0.489 0.612 0.499 0.552 0.479 0.389 0.202 0.181 0.147 0.194 0.185 0.305 0.172 0.178 0.062 0.015 0.687 
348 0.178 0.326 0.453 0.396 0.356 0.482 0.612 0.502 0.558 0.488 0.385 0.198 0.172 0.153 0.197 0.195 0.304 0.172 0.187 0.060 0.016 0.688 
349 0.178 0.326 0.446 0.383 0.351 0.468 0.600 0.496 0.555 0.488 0.379 0.198 0.171 0.153 0.199 0.197 0.309 0.175 0.175 0.054 0.017 0.689 
350 0.191 0.331 0.436 0.384 0.363 0.461 0.593 0.498 0.540 0.500 0.378 0.195 0.169 0.155 0.196 0.201 0.318 0.171 0.178 0.059 0.020 0.685 
351 0.192 0.328 0.434 0.383 0.359 0.477 0.601 0.505 0.524 0.484 0.387 0.197 0.162 0.158 0.189 0.205 0.310 0.179 0.180 0.057 0.021 0.683 
352 0.194 0.333 0.433 0.388 0.362 0.471 0.598 0.503 0.532 0.475 0.378 0.193 0.166 0.145 0.189 0.214 0.316 0.177 0.176 0.059 0.022 0.680 
353 0.194 0.328 0.442 0.383 0.363 0.449 0.588 0.494 0.534 0.474 0.374 0.198 0.169 0.129 0.182 0.206 0.317 0.172 0.157 0.060 0.021 0.685 
354 0.193 0.334 0.444 0.397 0.363 0.458 0.591 0.494 0.543 0.469 0.371 0.197 0.163 0.129 0.182 0.208 0.321 0.164 0.150 0.062 0.021 0.687 
355 0.197 0.334 0.442 0.397 0.352 0.460 0.602 0.489 0.552 0.466 0.358 0.200 0.164 0.129 0.188 0.208 0.321 0.169 0.164 0.056 0.021 0.688 
356 0.209 0.322 0.443 0.395 0.362 0.472 0.605 0.492 0.563 0.456 0.357 0.198 0.161 0.137 0.190 0.199 0.326 0.177 0.161 0.056 0.022 0.686 
357 0.198 0.320 0.434 0.413 0.359 0.471 0.601 0.497 0.562 0.462 0.351 0.196 0.157 0.141 0.188 0.201 0.314 0.180 0.156 0.049 0.021 0.690 
358 0.210 0.323 0.432 0.412 0.354 0.475 0.592 0.491 0.564 0.468 0.351 0.203 0.156 0.144 0.183 0.200 0.321 0.183 0.155 0.065 0.022 0.694 
359 0.211 0.322 0.436 0.412 0.363 0.470 0.607 0.484 0.564 0.479 0.344 0.206 0.155 0.146 0.183 0.198 0.326 0.174 0.160 0.064 0.022 0.695 
360 0.215 0.311 0.436 0.410 0.362 0.468 0.604 0.485 0.569 0.473 0.349 0.205 0.153 0.147 0.184 0.211 0.319 0.173 0.159 0.066 0.022 0.698 
361 0.212 0.318 0.438 0.411 0.371 0.479 0.594 0.491 0.563 0.480 0.350 0.208 0.158 0.149 0.187 0.211 0.320 0.173 0.167 0.069 0.020 0.699 
362 0.208 0.326 0.436 0.407 0.364 0.476 0.587 0.493 0.561 0.477 0.349 0.204 0.159 0.146 0.188 0.204 0.316 0.175 0.171 0.065 0.019 0.699 
363 0.210 0.331 0.429 0.395 0.369 0.491 0.579 0.496 0.546 0.481 0.351 0.204 0.156 0.143 0.189 0.196 0.316 0.177 0.166 0.066 0.017 0.701 
364 0.204 0.343 0.427 0.381 0.373 0.496 0.581 0.496 0.558 0.478 0.356 0.209 0.161 0.141 0.196 0.201 0.313 0.181 0.164 0.062 0.018 0.698 
365 0.208 0.340 0.437 0.372 0.378 0.491 0.588 0.503 0.556 0.484 0.357 0.204 0.157 0.144 0.196 0.203 0.325 0.182 0.166 0.056 0.018 0.698 
366 0.216 0.343 0.437 0.372 0.381 0.490 0.591 0.502 0.560 0.489 0.362 0.204 0.154 0.146 0.188 0.202 0.323 0.186 0.169 0.051 0.020 0.695 
367 0.223 0.353 0.436 0.365 0.383 0.487 0.601 0.507 0.553 0.507 0.358 0.205 0.152 0.152 0.190 0.203 0.324 0.188 0.177 0.056 0.018 0.694 
368 0.223 0.357 0.427 0.377 0.377 0.486 0.591 0.517 0.555 0.494 0.362 0.204 0.150 0.152 0.197 0.205 0.324 0.191 0.168 0.065 0.017 0.696 
369 0.218 0.353 0.430 0.361 0.387 0.496 0.592 0.524 0.555 0.488 0.359 0.204 0.145 0.152 0.203 0.199 0.331 0.194 0.167 0.069 0.017 0.696 
370 0.220 0.352 0.427 0.368 0.388 0.494 0.589 0.522 0.552 0.489 0.356 0.204 0.154 0.147 0.198 0.202 0.326 0.193 0.159 0.069 0.018 0.698 
371 0.223 0.353 0.424 0.378 0.387 0.501 0.579 0.531 0.542 0.490 0.351 0.203 0.156 0.146 0.191 0.203 0.316 0.192 0.182 0.069 0.017 0.703 
372 0.224 0.354 0.422 0.382 0.391 0.496 0.580 0.531 0.538 0.482 0.341 0.208 0.152 0.151 0.179 0.200 0.310 0.189 0.177 0.069 0.017 0.701 
373 0.217 0.359 0.426 0.376 0.393 0.501 0.584 0.528 0.540 0.482 0.349 0.208 0.152 0.147 0.180 0.200 0.311 0.179 0.190 0.067 0.016 0.700 
374 0.221 0.357 0.438 0.374 0.381 0.498 0.589 0.517 0.536 0.482 0.346 0.211 0.154 0.141 0.182 0.201 0.314 0.176 0.199 0.070 0.016 0.701 
375 0.217 0.355 0.438 0.380 0.381 0.494 0.590 0.509 0.538 0.483 0.352 0.202 0.153 0.147 0.186 0.199 0.318 0.176 0.206 0.068 0.017 0.697 
376 0.218 0.351 0.433 0.394 0.385 0.494 0.586 0.505 0.541 0.469 0.354 0.204 0.154 0.156 0.177 0.198 0.324 0.174 0.197 0.063 0.019 0.697 
377 0.212 0.342 0.442 0.388 0.388 0.492 0.588 0.508 0.546 0.475 0.348 0.196 0.152 0.156 0.179 0.210 0.321 0.168 0.195 0.061 0.019 0.693 
378 0.208 0.340 0.439 0.378 0.387 0.487 0.582 0.506 0.549 0.471 0.350 0.195 0.146 0.155 0.177 0.205 0.319 0.171 0.199 0.059 0.019 0.694 
379 0.208 0.339 0.434 0.374 0.380 0.492 0.576 0.505 0.551 0.483 0.350 0.182 0.147 0.157 0.179 0.201 0.310 0.170 0.194 0.053 0.019 0.695 
380 0.206 0.344 0.432 0.381 0.374 0.489 0.580 0.506 0.548 0.493 0.342 0.181 0.150 0.150 0.180 0.197 0.308 0.173 0.181 0.050 0.021 0.694 
381 0.201 0.343 0.432 0.386 0.380 0.495 0.585 0.508 0.545 0.486 0.330 0.185 0.155 0.150 0.183 0.195 0.304 0.172 0.177 0.048 0.022 0.694 
382 0.209 0.337 0.425 0.387 0.381 0.491 0.589 0.517 0.538 0.484 0.325 0.185 0.156 0.140 0.186 0.195 0.301 0.175 0.170 0.053 0.023 0.693 
383 0.219 0.340 0.422 0.381 0.378 0.500 0.590 0.523 0.545 0.481 0.321 0.194 0.158 0.136 0.177 0.205 0.298 0.175 0.166 0.054 0.023 0.689 
384 0.221 0.349 0.422 0.383 0.382 0.501 0.587 0.522 0.547 0.468 0.317 0.197 0.161 0.135 0.187 0.183 0.304 0.171 0.190 0.056 0.024 0.694 
385 0.224 0.357 0.420 0.374 0.391 0.507 0.589 0.524 0.543 0.468 0.315 0.193 0.161 0.133 0.191 0.185 0.291 0.174 0.182 0.056 0.022 0.688 
386 0.231 0.377 0.428 0.366 0.390 0.507 0.603 0.523 0.545 0.470 0.322 0.197 0.163 0.131 0.185 0.196 0.290 0.169 0.169 0.059 0.022 0.685 
387 0.227 0.373 0.430 0.358 0.390 0.511 0.596 0.525 0.536 0.466 0.332 0.202 0.162 0.133 0.184 0.197 0.305 0.161 0.161 0.061 0.023 0.692 
388 0.221 0.370 0.438 0.374 0.389 0.498 0.592 0.526 0.549 0.449 0.322 0.200 0.157 0.133 0.186 0.191 0.314 0.157 0.174 0.062 0.023 0.691 
389 0.219 0.375 0.433 0.365 0.401 0.495 0.587 0.520 0.550 0.458 0.326 0.198 0.155 0.124 0.184 0.189 0.309 0.160 0.164 0.062 0.022 0.685 
390 0.218 0.369 0.428 0.363 0.387 0.496 0.594 0.517 0.540 0.469 0.326 0.206 0.148 0.130 0.183 0.188 0.323 0.158 0.162 0.065 0.022 0.686 
391 0.225 0.371 0.431 0.369 0.378 0.498 0.600 0.504 0.530 0.476 0.323 0.205 0.149 0.129 0.179 0.187 0.339 0.153 0.159 0.066 0.023 0.682 
392 0.225 0.368 0.426 0.378 0.374 0.499 0.598 0.510 0.539 0.474 0.318 0.208 0.142 0.137 0.183 0.179 0.333 0.143 0.158 0.066 0.021 0.679 
393 0.224 0.371 0.427 0.369 0.379 0.502 0.579 0.520 0.543 0.468 0.311 0.207 0.142 0.132 0.177 0.185 0.334 0.140 0.153 0.070 0.021 0.681 
394 0.226 0.381 0.428 0.369 0.377 0.514 0.576 0.527 0.546 0.466 0.310 0.205 0.149 0.123 0.175 0.186 0.329 0.142 0.151 0.069 0.020 0.688 
395 0.245 0.367 0.431 0.358 0.372 0.532 0.577 0.528 0.549 0.467 0.321 0.204 0.152 0.132 0.190 0.182 0.330 0.144 0.150 0.063 0.021 0.694 
396 0.251 0.368 0.428 0.372 0.376 0.521 0.571 0.525 0.551 0.473 0.320 0.202 0.158 0.130 0.186 0.187 0.338 0.142 0.150 0.063 0.021 0.695 
397 0.250 0.373 0.426 0.371 0.372 0.516 0.578 0.525 0.542 0.465 0.315 0.195 0.157 0.126 0.192 0.182 0.335 0.144 0.153 0.064 0.023 0.693 
398 0.250 0.380 0.428 0.358 0.380 0.507 0.578 0.524 0.537 0.459 0.317 0.195 0.158 0.129 0.190 0.180 0.333 0.148 0.150 0.063 0.024 0.689 
399 0.260 0.377 0.428 0.351 0.380 0.504 0.578 0.528 0.535 0.469 0.309 0.197 0.157 0.124 0.190 0.183 0.338 0.147 0.150 0.062 0.022 0.694 
400 0.258 0.382 0.430 0.350 0.379 0.501 0.585 0.521 0.538 0.478 0.306 0.194 0.158 0.125 0.188 0.182 0.331 0.144 0.148 0.060 0.021 0.693 
401 0.257 0.389 0.429 0.339 0.374 0.503 0.588 0.514 0.544 0.477 0.305 0.195 0.165 0.118 0.191 0.183 0.326 0.143 0.152 0.064 0.023 0.690 
402 0.258 0.399 0.426 0.349 0.377 0.499 0.589 0.512 0.545 0.488 0.291 0.199 0.166 0.120 0.196 0.188 0.311 0.156 0.151 0.065 0.023 0.689 
403 0.250 0.394 0.418 0.339 0.381 0.504 0.600 0.508 0.552 0.484 0.297 0.202 0.158 0.127 0.195 0.191 0.313 0.150 0.146 0.066 0.023 0.690 
404 0.243 0.391 0.414 0.338 0.383 0.505 0.601 0.503 0.560 0.481 0.292 0.202 0.158 0.124 0.195 0.196 0.309 0.153 0.148 0.060 0.023 0.693 
405 0.240 0.387 0.407 0.337 0.378 0.505 0.600 0.502 0.568 0.472 0.294 0.201 0.163 0.125 0.194 0.196 0.322 0.151 0.147 0.064 0.022 0.691 
406 0.234 0.391 0.413 0.340 0.377 0.504 0.596 0.504 0.572 0.470 0.293 0.200 0.156 0.126 0.198 0.200 0.328 0.148 0.147 0.066 0.022 0.694 
407 0.243 0.385 0.419 0.354 0.370 0.512 0.592 0.508 0.588 0.467 0.309 0.201 0.155 0.130 0.195 0.199 0.331 0.135 0.149 0.067 0.021 0.689 
408 0.244 0.388 0.423 0.362 0.373 0.503 0.595 0.523 0.578 0.469 0.312 0.201 0.149 0.128 0.198 0.202 0.332 0.129 0.144 0.073 0.021 0.697 
409 0.255 0.379 0.424 0.352 0.373 0.501 0.606 0.534 0.574 0.469 0.312 0.191 0.152 0.128 0.196 0.192 0.324 0.130 0.141 0.069 0.021 0.704 
410 0.254 0.374 0.424 0.374 0.371 0.507 0.606 0.537 0.567 0.466 0.320 0.194 0.151 0.130 0.196 0.186 0.311 0.144 0.146 0.067 0.022 0.700 
411 0.246 0.375 0.419 0.371 0.376 0.508 0.601 0.530 0.556 0.464 0.317 0.198 0.154 0.133 0.191 0.180 0.315 0.144 0.145 0.064 0.025 0.702 
412 0.242 0.378 0.417 0.365 0.386 0.504 0.607 0.527 0.558 0.470 0.308 0.204 0.160 0.136 0.189 0.180 0.313 0.149 0.151 0.069 0.026 0.695 
413 0.240 0.384 0.412 0.375 0.385 0.510 0.610 0.526 0.554 0.475 0.299 0.198 0.159 0.139 0.195 0.181 0.309 0.144 0.142 0.070 0.027 0.688 
414 0.247 0.390 0.413 0.373 0.391 0.506 0.590 0.525 0.556 0.463 0.300 0.198 0.162 0.144 0.193 0.185 0.324 0.143 0.148 0.073 0.026 0.696 
415 0.253 0.391 0.422 0.365 0.398 0.499 0.577 0.522 0.552 0.463 0.292 0.192 0.166 0.147 0.201 0.184 0.326 0.143 0.148 0.074 0.026 0.688 
416 0.259 0.394 0.416 0.365 0.400 0.490 0.575 0.523 0.544 0.464 0.302 0.195 0.165 0.146 0.201 0.186 0.313 0.145 0.149 0.072 0.025 0.686 
417 0.252 0.385 0.414 0.360 0.400 0.487 0.569 0.519 0.553 0.464 0.319 0.194 0.161 0.147 0.197 0.180 0.310 0.158 0.147 0.071 0.025 0.683 
418 0.252 0.376 0.413 0.359 0.408 0.482 0.569 0.514 0.561 0.478 0.318 0.189 0.159 0.146 0.198 0.177 0.308 0.156 0.160 0.073 0.025 0.682 
419 0.248 0.379 0.422 0.373 0.407 0.487 0.580 0.512 0.562 0.485 0.311 0.192 0.159 0.145 0.196 0.176 0.310 0.155 0.155 0.072 0.024 0.691 
420 0.250 0.375 0.426 0.377 0.404 0.489 0.566 0.518 0.554 0.497 0.309 0.194 0.159 0.146 0.195 0.177 0.306 0.155 0.157 0.071 0.023 0.690 
421 0.249 0.377 0.427 0.382 0.402 0.495 0.566 0.516 0.548 0.501 0.302 0.198 0.152 0.140 0.191 0.174 0.312 0.154 0.149 0.072 0.024 0.688 
422 0.251 0.377 0.425 0.375 0.398 0.497 0.577 0.513 0.549 0.492 0.308 0.202 0.158 0.142 0.186 0.180 0.317 0.152 0.143 0.073 0.026 0.693 
423 0.254 0.375 0.425 0.373 0.390 0.494 0.582 0.512 0.563 0.519 0.311 0.196 0.164 0.138 0.179 0.178 0.328 0.151 0.142 0.070 0.026 0.697 
424 0.249 0.374 0.429 0.377 0.388 0.494 0.566 0.518 0.555 0.506 0.311 0.194 0.154 0.139 0.191 0.179 0.328 0.141 0.145 0.071 0.025 0.702 
425 0.249 0.385 0.418 0.386 0.388 0.495 0.567 0.514 0.562 0.500 0.307 0.197 0.150 0.143 0.188 0.184 0.329 0.136 0.141 0.071 0.025 0.700 
426 0.254 0.380 0.418 0.395 0.392 0.491 0.567 0.518 0.568 0.501 0.315 0.199 0.142 0.154 0.193 0.189 0.335 0.132 0.161 0.073 0.026 0.701 
427 0.255 0.375 0.417 0.406 0.395 0.496 0.570 0.520 0.561 0.519 0.305 0.196 0.146 0.154 0.197 0.189 0.334 0.137 0.159 0.074 0.026 0.706 
428 0.247 0.378 0.410 0.408 0.394 0.502 0.566 0.520 0.558 0.520 0.306 0.189 0.138 0.152 0.195 0.193 0.328 0.139 0.160 0.077 0.026 0.710 
429 0.237 0.387 0.411 0.413 0.399 0.499 0.557 0.521 0.556 0.517 0.319 0.182 0.143 0.151 0.199 0.191 0.324 0.142 0.159 0.074 0.024 0.708 
430 0.236 0.390 0.413 0.408 0.391 0.507 0.557 0.518 0.554 0.499 0.329 0.178 0.143 0.150 0.202 0.184 0.321 0.145 0.148 0.082 0.024 0.700 
431 0.249 0.400 0.413 0.412 0.389 0.508 0.553 0.519 0.557 0.496 0.321 0.182 0.141 0.153 0.200 0.182 0.317 0.141 0.149 0.080 0.023 0.699 
432 0.248 0.389 0.420 0.418 0.394 0.512 0.550 0.522 0.561 0.502 0.315 0.177 0.145 0.151 0.203 0.183 0.319 0.128 0.160 0.076 0.024 0.695 
433 0.247 0.379 0.413 0.424 0.392 0.521 0.547 0.523 0.558 0.494 0.313 0.182 0.145 0.151 0.200 0.185 0.314 0.121 0.161 0.072 0.026 0.688 
434 0.247 0.382 0.423 0.426 0.387 0.512 0.564 0.509 0.573 0.492 0.317 0.185 0.142 0.154 0.193 0.180 0.312 0.113 0.169 0.076 0.026 0.685 
435 0.247 0.379 0.439 0.424 0.383 0.508 0.569 0.506 0.567 0.486 0.313 0.180 0.148 0.153 0.201 0.175 0.318 0.115 0.170 0.075 0.025 0.688 
436 0.243 0.380 0.447 0.412 0.382 0.510 0.573 0.510 0.577 0.485 0.314 0.172 0.149 0.160 0.205 0.171 0.318 0.119 0.171 0.076 0.026 0.685 
437 0.240 0.378 0.445 0.413 0.393 0.509 0.562 0.518 0.580 0.492 0.323 0.188 0.155 0.160 0.202 0.179 0.318 0.117 0.167 0.063 0.031 0.685 
438 0.243 0.382 0.444 0.403 0.391 0.508 0.564 0.518 0.582 0.492 0.325 0.189 0.154 0.153 0.201 0.178 0.322 0.113 0.164 0.063 0.032 0.686 
439 0.254 0.380 0.439 0.398 0.397 0.514 0.553 0.517 0.580 0.488 0.319 0.187 0.156 0.152 0.206 0.163 0.328 0.117 0.162 0.065 0.032 0.691 
440 0.247 0.383 0.439 0.397 0.387 0.518 0.555 0.516 0.580 0.489 0.320 0.193 0.155 0.160 0.203 0.165 0.317 0.114 0.170 0.067 0.032 0.693 
441 0.247 0.395 0.438 0.396 0.390 0.510 0.565 0.509 0.570 0.485 0.324 0.192 0.151 0.162 0.200 0.163 0.311 0.115 0.168 0.068 0.033 0.688 
442 0.242 0.398 0.435 0.397 0.390 0.512 0.563 0.518 0.570 0.476 0.315 0.200 0.156 0.164 0.201 0.163 0.301 0.134 0.163 0.070 0.034 0.684 
443 0.239 0.387 0.437 0.408 0.390 0.504 0.546 0.516 0.571 0.478 0.314 0.194 0.158 0.157 0.197 0.163 0.301 0.139 0.168 0.075 0.033 0.689 
444 0.242 0.387 0.431 0.405 0.387 0.513 0.537 0.510 0.573 0.480 0.306 0.202 0.154 0.161 0.193 0.165 0.306 0.145 0.162 0.074 0.033 0.697 
445 0.237 0.388 0.424 0.397 0.394 0.517 0.518 0.510 0.587 0.482 0.308 0.201 0.154 0.158 0.193 0.166 0.301 0.147 0.164 0.073 0.033 0.699 
446 0.240 0.384 0.434 0.408 0.389 0.510 0.519 0.508 0.580 0.492 0.315 0.196 0.151 0.152 0.197 0.166 0.313 0.145 0.171 0.065 0.034 0.701 
447 0.262 0.372 0.437 0.409 0.386 0.511 0.526 0.513 0.572 0.489 0.309 0.194 0.149 0.156 0.201 0.170 0.316 0.158 0.166 0.065 0.036 0.702 
448 0.267 0.374 0.446 0.409 0.387 0.506 0.535 0.510 0.574 0.489 0.310 0.189 0.151 0.155 0.199 0.168 0.313 0.153 0.163 0.064 0.036 0.704 
449 0.266 0.373 0.440 0.413 0.399 0.511 0.540 0.507 0.575 0.493 0.300 0.191 0.150 0.147 0.204 0.169 0.316 0.148 0.160 0.064 0.036 0.702 
450 0.261 0.375 0.439 0.410 0.409 0.525 0.543 0.511 0.570 0.491 0.301 0.190 0.159 0.140 0.207 0.167 0.311 0.154 0.160 0.061 0.036 0.696 
451 0.262 0.382 0.438 0.411 0.403 0.522 0.545 0.506 0.569 0.483 0.305 0.188 0.156 0.139 0.208 0.164 0.315 0.164 0.158 0.063 0.035 0.685 
452 0.255 0.400 0.431 0.404 0.404 0.518 0.557 0.505 0.570 0.485 0.302 0.190 0.145 0.145 0.212 0.163 0.311 0.162 0.159 0.063 0.034 0.684 
453 0.261 0.400 0.426 0.402 0.402 0.524 0.577 0.511 0.572 0.498 0.317 0.197 0.144 0.145 0.211 0.159 0.297 0.160 0.156 0.069 0.035 0.686 
454 0.266 0.402 0.423 0.410 0.395 0.519 0.582 0.517 0.579 0.510 0.315 0.195 0.147 0.145 0.209 0.159 0.297 0.158 0.154 0.070 0.034 0.696 
455 0.264 0.410 0.427 0.412 0.391 0.527 0.578 0.516 0.590 0.511 0.314 0.196 0.158 0.145 0.201 0.159 0.298 0.152 0.154 0.066 0.036 0.700 
456 0.265 0.398 0.427 0.408 0.390 0.526 0.581 0.509 0.593 0.520 0.326 0.195 0.151 0.143 0.192 0.154 0.308 0.152 0.157 0.066 0.036 0.702 
457 0.265 0.398 0.429 0.417 0.389 0.521 0.601 0.504 0.591 0.521 0.324 0.193 0.154 0.141 0.201 0.150 0.311 0.159 0.154 0.063 0.035 0.710 
458 0.265 0.399 0.428 0.404 0.399 0.522 0.588 0.509 0.592 0.509 0.335 0.197 0.154 0.142 0.196 0.151 0.318 0.156 0.148 0.063 0.037 0.710 
459 0.269 0.395 0.429 0.419 0.399 0.525 0.586 0.509 0.593 0.511 0.331 0.202 0.153 0.142 0.194 0.152 0.317 0.144 0.147 0.067 0.036 0.707 
460 0.270 0.396 0.427 0.424 0.397 0.523 0.588 0.511 0.585 0.508 0.334 0.199 0.156 0.144 0.198 0.152 0.324 0.143 0.146 0.066 0.036 0.711 
461 0.269 0.398 0.430 0.420 0.403 0.518 0.597 0.508 0.582 0.501 0.321 0.196 0.155 0.142 0.196 0.151 0.321 0.143 0.144 0.066 0.036 0.711 
462 0.284 0.386 0.432 0.432 0.392 0.510 0.600 0.503 0.589 0.504 0.321 0.195 0.157 0.142 0.191 0.156 0.327 0.146 0.151 0.066 0.034 0.708 
463 0.283 0.382 0.435 0.432 0.391 0.513 0.606 0.506 0.584 0.510 0.310 0.197 0.160 0.150 0.188 0.147 0.328 0.147 0.148 0.061 0.034 0.710 
464 0.290 0.376 0.435 0.438 0.397 0.507 0.598 0.518 0.571 0.512 0.310 0.195 0.163 0.155 0.187 0.151 0.303 0.144 0.142 0.066 0.035 0.707 
465 0.284 0.380 0.430 0.433 0.395 0.502 0.599 0.528 0.570 0.509 0.326 0.189 0.169 0.164 0.185 0.166 0.297 0.165 0.148 0.064 0.035 0.700 
466 0.285 0.375 0.429 0.434 0.397 0.505 0.593 0.524 0.570 0.500 0.343 0.190 0.170 0.173 0.184 0.167 0.310 0.169 0.141 0.059 0.037 0.700 
467 0.282 0.375 0.433 0.428 0.402 0.500 0.577 0.526 0.582 0.493 0.345 0.191 0.168 0.175 0.181 0.158 0.303 0.166 0.141 0.062 0.037 0.695 
468 0.282 0.394 0.433 0.418 0.399 0.501 0.571 0.515 0.584 0.507 0.336 0.191 0.163 0.175 0.187 0.158 0.305 0.169 0.137 0.062 0.037 0.691 
469 0.284 0.398 0.426 0.427 0.398 0.496 0.564 0.512 0.587 0.513 0.339 0.187 0.162 0.170 0.189 0.157 0.296 0.169 0.138 0.068 0.033 0.688 
470 0.282 0.393 0.428 0.421 0.395 0.494 0.571 0.512 0.586 0.520 0.334 0.188 0.161 0.170 0.192 0.158 0.286 0.176 0.148 0.067 0.032 0.687 
471 0.284 0.388 0.418 0.414 0.389 0.491 0.576 0.514 0.582 0.513 0.336 0.186 0.161 0.177 0.198 0.162 0.291 0.170 0.147 0.066 0.031 0.688 
472 0.288 0.391 0.418 0.411 0.386 0.490 0.571 0.513 0.579 0.511 0.332 0.183 0.163 0.176 0.204 0.165 0.300 0.168 0.143 0.065 0.031 0.691 
473 0.292 0.398 0.417 0.400 0.384 0.492 0.576 0.516 0.574 0.512 0.332 0.189 0.167 0.178 0.200 0.166 0.298 0.165 0.142 0.066 0.030 0.694 
474 0.283 0.398 0.417 0.401 0.387 0.497 0.578 0.515 0.577 0.510 0.339 0.191 0.168 0.180 0.199 0.168 0.290 0.177 0.143 0.062 0.031 0.696 
475 0.277 0.388 0.420 0.411 0.380 0.499 0.580 0.515 0.562 0.503 0.345 0.192 0.172 0.178 0.207 0.165 0.289 0.179 0.148 0.058 0.031 0.704 
476 0.280 0.374 0.421 0.408 0.385 0.501 0.606 0.516 0.552 0.510 0.353 0.197 0.172 0.170 0.205 0.155 0.295 0.171 0.145 0.059 0.030 0.703 
477 0.279 0.374 0.418 0.407 0.379 0.495 0.607 0.516 0.549 0.501 0.356 0.196 0.171 0.169 0.206 0.157 0.298 0.163 0.142 0.056 0.030 0.701 
478 0.283 0.367 0.422 0.400 0.381 0.501 0.604 0.520 0.557 0.502 0.354 0.200 0.170 0.160 0.208 0.165 0.296 0.166 0.135 0.056 0.029 0.700 
479 0.286 0.365 0.424 0.401 0.373 0.503 0.599 0.520 0.559 0.495 0.352 0.200 0.161 0.155 0.210 0.172 0.289 0.173 0.129 0.053 0.031 0.694 
480 0.282 0.361 0.427 0.411 0.376 0.507 0.594 0.520 0.553 0.492 0.361 0.195 0.161 0.154 0.203 0.171 0.288 0.173 0.132 0.058 0.032 0.694 
481 0.280 0.367 0.424 0.413 0.374 0.512 0.599 0.528 0.559 0.493 0.364 0.196 0.161 0.159 0.200 0.169 0.290 0.169 0.123 0.060 0.032 0.695 
482 0.282 0.378 0.423 0.411 0.381 0.514 0.595 0.527 0.553 0.493 0.378 0.187 0.163 0.160 0.200 0.167 0.293 0.158 0.129 0.059 0.033 0.695 
483 0.287 0.379 0.422 0.408 0.370 0.520 0.593 0.516 0.547 0.498 0.377 0.186 0.163 0.160 0.207 0.174 0.304 0.161 0.127 0.059 0.034 0.693 
484 0.287 0.384 0.420 0.413 0.373 0.517 0.601 0.522 0.552 0.500 0.375 0.191 0.165 0.162 0.207 0.165 0.300 0.157 0.121 0.059 0.034 0.695 
485 0.282 0.388 0.423 0.414 0.377 0.512 0.604 0.518 0.537 0.516 0.369 0.195 0.162 0.155 0.209 0.160 0.299 0.157 0.117 0.062 0.032 0.697 
486 0.286 0.392 0.430 0.411 0.379 0.504 0.601 0.515 0.547 0.523 0.364 0.197 0.165 0.153 0.207 0.157 0.298 0.146 0.123 0.066 0.030 0.701 
487 0.289 0.394 0.434 0.411 0.381 0.500 0.597 0.511 0.550 0.522 0.360 0.210 0.164 0.154 0.199 0.150 0.303 0.153 0.126 0.067 0.028 0.701 
488 0.291 0.389 0.431 0.414 0.389 0.491 0.584 0.505 0.548 0.518 0.356 0.200 0.164 0.159 0.207 0.148 0.302 0.155 0.127 0.073 0.028 0.699 
489 0.288 0.394 0.432 0.420 0.397 0.501 0.594 0.504 0.537 0.519 0.370 0.209 0.168 0.166 0.205 0.142 0.305 0.155 0.132 0.075 0.028 0.696 
490 0.291 0.390 0.437 0.418 0.400 0.504 0.606 0.514 0.532 0.539 0.366 0.206 0.171 0.163 0.208 0.145 0.311 0.159 0.132 0.072 0.028 0.697 
491 0.291 0.396 0.444 0.417 0.406 0.505 0.584 0.521 0.524 0.541 0.368 0.200 0.171 0.163 0.204 0.143 0.306 0.164 0.134 0.069 0.027 0.701 
492 0.287 0.392 0.439 0.421 0.400 0.501 0.590 0.524 0.529 0.531 0.376 0.203 0.172 0.160 0.204 0.142 0.312 0.174 0.133 0.074 0.027 0.706 
493 0.286 0.391 0.439 0.419 0.402 0.498 0.593 0.540 0.521 0.530 0.373 0.210 0.168 0.164 0.205 0.144 0.299 0.167 0.133 0.067 0.027 0.702 
494 0.284 0.410 0.435 0.413 0.400 0.502 0.585 0.541 0.519 0.530 0.376 0.212 0.168 0.158 0.203 0.146 0.288 0.169 0.133 0.069 0.029 0.698 
495 0.281 0.404 0.434 0.415 0.405 0.500 0.589 0.534 0.533 0.516 0.367 0.208 0.180 0.158 0.202 0.146 0.290 0.164 0.126 0.076 0.030 0.703 
496 0.280 0.394 0.431 0.415 0.399 0.485 0.598 0.531 0.546 0.511 0.365 0.212 0.177 0.161 0.202 0.146 0.290 0.171 0.127 0.077 0.030 0.700 
497 0.276 0.385 0.431 0.408 0.396 0.492 0.581 0.536 0.551 0.501 0.354 0.224 0.167 0.159 0.197 0.144 0.288 0.163 0.123 0.083 0.030 0.700 
498 0.278 0.382 0.427 0.413 0.399 0.494 0.600 0.531 0.564 0.496 0.343 0.223 0.169 0.158 0.203 0.149 0.289 0.157 0.125 0.080 0.031 0.696 
499 0.283 0.373 0.426 0.421 0.401 0.476 0.584 0.531 0.572 0.492 0.334 0.227 0.170 0.158 0.198 0.153 0.293 0.158 0.130 0.072 0.031 0.700 