0 336 458 69 119 213 4 46 410 195 258 371 348 674 563 28 231 254 584 128 219 2236 459 
1 336 465 69 124 217 19 48 411 202 255 382 360 680 558 28 240 259 574 129 223 2242 443 
2 342 468 70 128 217 20 46 407 207 245 386 366 678 563 29 245 275 553 127 317 2197 454 
3 357 459 69 128 218 20 49 422 237 207 389 397 666 553 30 251 298 550 126 332 2196 471 
4 351 464 68 131 228 22 68 427 238 203 391 420 676 536 29 253 327 520 128 340 2196 455 
5 350 473 69 132 234 19 77 421 240 201 395 427 687 531 29 258 333 527 132 345 2180 465 
6 352 481 71 128 227 20 77 426 254 188 402 437 708 492 29 254 339 522 138 397 2162 464 
7 355 497 75 131 234 23 81 438 248 191 396 443 700 495 28 249 341 521 143 389 2208 468 
8 365 478 102 125 236 24 83 441 200 235 387 474 713 481 27 250 344 521 138 352 2271 468 
9 372 466 104 132 242 25 82 451 196 244 377 484 742 460 27 247 347 504 153 381 2261 472 
10 378 465 103 134 244 24 80 451 219 229 360 506 771 426 26 255 351 491 161 386 2285 473 
11 383 474 76 159 243 24 85 453 216 234 357 516 777 417 23 258 357 475 169 413 2279 488 
12 380 488 77 163 245 23 88 458 210 235 343 519 784 420 20 257 355 484 168 426 2320 500 
13 373 484 75 159 252 26 93 464 201 241 355 521 789 419 20 268 363 480 172 487 2308 496 
14 366 494 114 163 225 15 91 458 200 246 361 520 802 415 20 265 352 464 197 502 2309 509 
15 363 500 115 170 227 12 93 464 199 236 365 522 808 412 20 268 365 432 196 531 2319 512 
16 349 523 113 167 225 12 90 465 199 243 361 523 825 416 19 270 378 428 208 539 2328 529 
17 351 525 117 165 225 11 91 466 223 251 321 560 838 415 19 270 399 401 203 561 2323 511 
18 349 522 121 165 229 11 113 474 230 250 326 547 882 415 17 265 397 407 215 621 2283 482 
19 352 524 126 171 230 11 118 481 220 260 326 562 895 419 16 261 410 413 218 607 2335 491 
20 349 534 127 173 233 12 130 474 214 263 330 646 818 425 17 267 414 407 226 632 2320 474 
21 349 542 129 171 237 13 133 485 211 262 331 655 790 422 17 268 416 416 225 644 2352 475 
22 322 583 131 177 246 13 138 470 206 265 334 664 808 435 17 281 411 415 222 647 2368 482 
23 313 599 165 144 241 14 138 453 210 267 339 669 820 439 16 283 425 419 226 651 2404 470 
24 306 600 162 138 240 15 142 461 199 261 336 685 845 451 16 279 427 417 223 691 2354 475 
25 275 609 162 130 239 14 142 467 194 260 336 684 854 452 16 290 404 421 224 761 2274 482 
26 280 591 172 131 239 15 145 473 192 260 338 691 874 459 17 286 406 422 232 786 2228 492 
27 289 576 179 127 243 16 148 457 194 261 371 663 880 454 17 286 377 468 234 798 2213 497 
28 287 574 180 128 246 18 156 466 191 262 374 667 893 455 18 298 376 464 244 845 2164 517 
29 291 584 165 128 254 17 185 461 189 259 379 671 903 452 18 303 382 447 240 889 2121 487 
30 292 579 166 129 250 17 193 468 215 224 371 710 878 444 18 317 392 441 237 824 2196 491 
31 309 551 180 138 253 19 197 466 221 221 385 747 818 469 18 312 385 455 253 810 2248 484 
32 313 562 181 141 253 20 210 480 226 226 390 757 798 460 17 317 387 462 259 770 2327 456 
33 315 560 188 140 257 18 209 484 219 234 396 759 793 471 17 312 398 465 250 782 2364 455 
34 318 579 190 147 261 19 212 489 220 236 390 754 800 465 16 309 371 467 244 850 2351 461 
35 327 595 194 146 267 16 205 495 216 241 370 788 804 465 14 315 417 408 248 871 2347 475 
36 328 600 196 149 269 17 206 494 192 270 367 768 836 473 15 318 443 388 247 885 2374 475 
37 335 623 194 154 274 19 214 505 204 267 362 775 832 469 15 334 430 389 246 885 2387 475 
38 349 603 233 166 278 20 219 516 206 248 382 779 828 479 14 339 411 395 230 894 2349 480 
39 361 599 201 165 309 36 220 529 200 247 393 796 839 494 14 338 406 407 206 932 2283 489 
40 384 530 231 155 306 44 211 532 210 255 385 840 844 474 14 350 397 401 215 951 2236 509 
41 388 501 249 153 281 71 219 547 187 268 395 832 898 434 15 325 423 414 212 945 2197 529 
42 393 517 268 159 293 72 225 543 191 260 381 832 900 446 15 327 387 449 207 963 2128 499 
43 394 522 298 161 294 76 226 545 192 253 383 853 861 446 15 324 429 412 207 962 2180 474 
44 366 538 304 163 287 71 232 546 175 251 356 895 836 442 14 328 432 382 228 947 2196 463 
45 375 540 379 136 303 68 232 553 174 247 356 897 825 441 14 321 442 380 233 928 2254 423 
46 382 549 384 132 310 70 234 563 169 244 361 963 753 446 12 327 405 377 258 868 2319 419 
47 390 547 387 129 311 72 231 566 170 247 387 942 771 450 11 329 390 431 208 856 2367 419 
48 392 549 402 127 321 65 229 568 163 267 416 902 763 458 10 335 389 429 214 827 2428 419 
49 391 561 395 125 323 75 226 582 172 252 434 870 785 456 10 342 378 447 218 845 2382 430 
50 394 545 391 157 324 77 233 601 172 250 426 846 802 464 10 354 383 456 217 876 2289 427 
51 398 550 410 157 319 77 243 611 167 253 408 837 825 469 10 365 369 483 216 889 2250 427 
52 392 559 417 193 298 76 249 594 169 251 411 815 836 480 10 376 404 444 209 947 2162 433 
53 389 560 422 200 300 77 247 587 162 242 376 838 838 477 10 372 386 449 212 960 2131 431 
54 389 560 426 202 303 73 257 580 159 261 343 851 841 486 10 375 392 442 217 983 2111 434 
55 390 561 432 198 307 70 270 592 147 241 360 859 856 494 10 355 405 432 274 981 2127 437 
56 396 573 443 199 307 71 273 584 145 228 361 862 893 464 10 353 413 434 271 977 2140 453 
57 403 579 432 211 300 73 284 550 136 229 383 865 859 467 10 356 479 420 276 968 2154 458 
58 410 588 431 209 308 75 283 583 133 235 391 892 855 443 9 350 461 416 265 951 2172 472 
59 373 643 436 202 278 106 297 602 130 232 416 860 867 449 9 354 447 411 265 932 2214 486 
60 373 648 438 204 283 110 309 608 131 242 419 879 845 454 0 355 481 401 229 951 2226 480 
61 373 644 454 205 279 112 308 567 125 235 413 900 849 447 0 355 501 405 250 929 2235 499 
62 379 639 461 202 281 115 307 566 123 246 387 925 779 486 0 365 496 424 243 905 2271 508 
63 399 631 470 208 276 118 291 548 124 245 369 910 794 484 0 376 527 438 264 853 2286 519 
64 407 625 473 211 280 117 305 560 122 263 356 880 824 490 0 378 526 455 262 849 2302 524 
65 415 600 553 212 279 117 313 560 122 256 359 890 827 500 0 375 506 431 306 840 2339 483 
66 432 604 551 216 284 113 320 572 128 253 373 850 847 494 0 388 504 401 328 835 2360 476 
67 424 613 566 221 285 115 332 582 125 253 378 794 863 512 0 392 502 415 317 827 2363 467 
68 430 622 560 215 277 115 341 612 131 254 362 817 890 481 0 387 474 415 319 800 2380 465 
69 446 589 584 218 276 113 341 629 136 246 366 825 921 439 0 390 444 443 318 845 2295 472 
70 453 608 591 220 275 109 339 654 133 247 367 845 927 432 0 394 434 449 312 832 2296 472 
71 455 611 611 219 277 109 340 660 134 245 366 856 893 457 0 403 490 423 288 845 2261 477 
72 460 628 599 214 259 137 349 690 120 246 370 883 841 494 0 413 469 399 301 885 2171 482 
73 472 629 605 219 259 135 354 692 112 244 350 897 854 485 0 420 480 405 292 906 2100 484 
74 478 638 628 225 253 139 355 675 117 249 354 924 800 497 0 426 462 421 278 913 2118 499 
75 483 649 640 222 261 129 355 644 131 226 366 907 789 480 0 431 482 434 279 945 2088 508 
76 494 643 645 227 267 130 359 640 134 227 379 911 768 476 0 438 489 438 270 919 2096 521 
77 558 593 646 234 272 133 415 594 130 227 370 910 777 468 0 441 493 435 252 883 2160 512 
78 548 583 668 231 267 138 437 596 132 230 375 880 771 487 0 452 454 441 276 845 2214 516 
79 548 584 698 238 266 142 492 581 137 233 401 857 785 486 0 447 452 472 280 810 2245 464 
80 554 616 698 246 270 141 497 576 136 237 394 839 827 460 1 463 472 449 270 833 2246 446 
81 573 611 665 249 266 164 510 591 130 233 376 837 852 455 1 462 438 456 286 828 2266 446 
82 616 581 667 243 267 166 525 592 121 227 386 795 858 454 1 465 436 458 258 824 2274 452 
83 635 586 649 239 266 167 539 623 121 222 385 810 872 417 2 473 442 422 261 786 2308 456 
84 649 598 647 242 273 172 549 632 125 225 380 816 883 419 2 475 433 400 274 792 2311 459 
85 664 597 604 285 272 168 586 627 129 233 368 771 1009 384 3 494 437 410 258 819 2320 452 
86 667 599 601 289 274 176 613 643 129 235 372 781 983 377 3 504 424 423 260 791 2323 457 
87 656 613 628 288 282 173 626 637 135 234 373 838 943 372 3 506 419 421 270 776 2360 459 
88 663 607 587 279 283 221 616 648 160 216 362 837 917 372 2 506 415 434 287 780 2390 458 
89 671 606 572 305 250 245 543 715 161 219 363 850 873 390 2 502 416 429 288 822 2319 453 
90 678 623 579 309 247 236 531 729 157 221 340 858 807 432 1 503 402 433 288 827 2275 443 
91 691 623 561 311 245 249 543 741 156 213 340 853 764 494 1 505 402 437 290 859 2243 450 
92 707 623 560 328 244 248 547 775 146 224 343 861 770 497 1 513 400 449 279 970 2163 430 
93 724 596 596 341 252 247 604 731 127 242 352 860 786 486 1 527 381 425 305 1010 2103 431 
94 726 596 597 348 294 215 556 776 124 237 355 862 795 484 1 539 392 419 309 992 2111 434 
95 742 595 606 356 291 215 541 798 116 235 346 872 833 461 1 540 402 433 271 1040 2074 446 
96 756 596 612 358 290 218 511 831 115 238 347 885 839 443 1 542 404 428 296 990 2127 455 
97 774 599 629 368 292 211 513 850 99 258 355 876 854 439 1 550 410 438 289 976 2134 458 
98 733 643 626 374 289 207 525 867 98 256 357 878 868 438 1 547 432 407 284 937 2188 458 
99 692 640 688 377 293 205 535 868 94 269 358 885 924 419 1 546 441 406 286 926 2179 469 
100 643 658 710 381 295 204 546 883 105 246 370 900 871 431 11 548 444 399 280 909 2217 478 
101 651 666 724 381 301 205 555 899 105 238 365 936 832 420 11 562 425 399 287 850 2247 497 
102 655 680 728 386 305 212 566 916 106 215 385 902 847 420 12 516 441 398 322 849 2256 499 
103 668 690 741 380 320 193 579 927 107 222 389 883 842 425 10 518 442 398 302 840 2269 510 
104 663 692 719 385 337 187 579 941 111 225 390 885 800 459 10 524 441 378 318 849 2265 507 
105 666 737 690 381 360 188 575 943 106 228 401 879 800 466 10 528 435 386 317 816 2322 491 
106 670 738 681 390 356 190 581 955 114 233 402 850 805 467 9 534 428 410 300 812 2338 483 
107 696 726 682 395 359 192 590 957 109 235 394 830 782 507 9 534 432 413 295 816 2383 486 
108 644 826 639 401 355 230 567 887 110 234 381 804 817 499 9 532 483 415 292 839 2277 500 
109 657 842 628 406 361 231 560 898 111 231 373 799 828 494 8 546 482 425 278 845 2202 514 
110 665 878 618 404 363 233 557 924 109 231 388 779 827 477 10 557 409 427 336 914 2090 492 
111 679 894 633 416 362 240 554 941 113 227 350 804 834 469 10 555 408 444 330 915 2083 482 
112 658 908 640 422 365 241 550 943 111 233 356 798 854 463 10 551 413 436 330 897 2105 487 
113 682 906 659 425 365 243 538 976 113 232 368 782 920 431 11 572 406 442 333 817 2164 475 
114 687 923 652 430 386 226 513 992 108 236 376 824 871 444 11 583 413 448 348 780 2198 491 
115 677 954 659 430 400 239 498 1009 111 233 383 822 881 451 10 585 420 450 348 787 2200 495 
116 648 1015 681 432 397 241 542 970 112 233 371 862 831 473 10 591 424 432 368 797 2229 506 
117 656 1001 684 436 382 257 540 951 115 234 368 882 798 498 10 582 439 431 373 812 2234 510 
118 674 996 712 438 387 261 581 918 120 234 370 886 805 465 10 586 464 431 354 808 2263 517 
119 687 954 711 433 397 280 588 918 118 241 396 891 800 439 10 595 506 418 333 841 2219 523 
120 704 941 696 433 392 272 618 855 122 244 422 885 784 437 10 582 547 393 335 865 2231 539 
121 675 910 708 439 433 267 633 935 122 252 421 896 792 424 10 610 525 396 322 873 2253 461 
122 678 871 672 487 440 286 594 972 127 260 395 928 793 436 9 596 541 403 309 916 2217 461 
123 685 857 692 491 444 287 575 991 151 235 401 927 798 438 9 602 563 370 303 891 2239 427 
124 694 840 770 417 452 288 589 989 171 211 376 940 817 434 8 608 566 371 297 905 2255 433 
125 688 854 810 390 458 276 588 1019 171 214 359 898 845 427 18 602 555 368 312 885 2235 443 
126 720 823 809 389 472 301 582 1029 176 209 372 832 871 433 20 610 533 385 297 827 2295 447 
127 744 791 849 348 476 304 557 1070 175 211 398 836 842 438 20 616 515 377 343 772 2346 470 
128 746 761 857 341 492 311 538 1079 174 216 391 819 855 442 22 617 499 380 354 781 2353 467 
129 767 764 833 346 496 315 537 1072 153 234 392 832 859 461 20 643 486 381 344 763 2379 469 
130 702 840 813 399 473 312 510 1117 157 227 394 839 849 461 22 654 494 380 329 917 2213 475 
131 704 836 808 406 470 303 504 1149 155 248 357 838 855 462 23 660 491 387 333 1009 2055 492 
132 714 810 889 403 440 305 497 1178 152 261 343 856 854 465 24 631 490 403 317 1012 2073 485 
133 716 824 893 406 438 303 473 1223 152 255 356 867 879 464 24 613 492 401 327 990 2092 476 
134 723 829 872 409 464 287 484 1248 148 255 349 890 870 453 25 589 490 379 415 911 2135 467 
135 718 840 916 385 473 283 467 1289 146 242 330 930 873 462 27 609 483 382 413 892 2171 464 
136 767 799 873 402 470 279 459 1288 148 219 361 921 893 464 26 616 454 395 450 859 2180 464 
137 767 812 862 410 473 281 469 1258 144 222 391 925 855 478 29 618 433 391 463 837 2207 469 
138 778 829 837 411 503 272 520 1211 144 220 436 927 768 506 31 632 448 391 465 821 2211 481 
139 803 845 810 429 512 276 518 1211 137 225 459 855 802 511 32 642 457 388 473 872 2155 465 
140 827 869 788 429 511 276 520 1141 139 227 479 832 808 502 32 629 473 380 468 917 2168 466 
141 820 890 774 443 533 279 499 1175 137 228 490 790 850 495 34 632 479 383 466 900 2162 472 
142 833 915 800 450 501 280 464 1254 134 232 495 805 870 450 30 652 462 386 446 936 2168 478 
143 859 906 748 456 511 314 401 1315 137 234 483 828 862 438 30 695 468 399 397 961 2166 485 
144 905 845 745 463 511 325 463 1265 125 231 458 850 868 444 29 615 495 392 412 1015 2140 489 
145 886 864 743 470 523 344 538 1151 128 258 460 824 875 442 29 575 538 406 401 1041 2144 507 
146 879 885 736 489 515 377 511 1099 132 267 457 842 900 445 25 564 561 420 388 1035 2197 516 
147 852 924 731 486 526 348 578 1008 136 273 492 802 902 444 25 564 604 449 383 1009 2214 520 
148 838 943 707 487 574 322 572 1023 137 271 494 821 882 439 25 584 600 439 395 985 2226 546 
149 831 967 692 486 572 317 574 1042 140 260 509 811 859 441 28 580 622 429 383 945 2275 528 
150 808 1003 693 483 586 308 565 1058 143 260 522 824 840 438 32 593 610 437 386 942 2284 504 
151 809 1017 695 496 585 298 539 1067 146 261 523 820 840 439 32 614 629 438 377 969 2263 501 
152 823 1051 674 499 620 297 527 1098 149 264 512 817 840 435 35 640 670 395 387 937 2278 466 
153 836 1008 712 506 628 312 509 1113 157 266 488 870 793 443 38 647 669 396 383 919 2310 471 
154 850 946 769 527 636 301 480 1140 161 268 491 877 769 465 37 645 668 404 385 877 2356 476 
155 856 922 763 552 632 312 465 1173 159 254 492 900 776 474 37 665 640 410 394 844 2388 475 
156 863 842 815 545 667 317 449 1194 156 253 484 921 753 466 35 694 632 416 381 867 2331 483 
157 886 829 859 514 670 317 431 1205 157 238 509 890 787 478 39 664 651 421 370 879 2248 489 
158 888 837 888 490 690 326 465 1173 153 241 515 879 786 478 42 638 661 425 371 942 2161 493 
159 886 885 825 482 700 360 458 1190 150 244 524 853 798 486 44 595 656 427 379 992 2114 494 
160 884 903 817 483 712 362 434 1215 148 233 523 865 814 494 43 640 613 428 374 990 2137 502 
161 886 913 818 471 716 372 415 1173 147 235 528 841 862 463 43 663 624 441 366 958 2148 513 
162 886 944 790 469 730 369 420 1193 150 245 523 856 856 460 47 671 609 442 344 994 2140 528 
163 899 963 769 459 767 349 422 1197 145 247 489 883 877 451 47 654 631 443 349 956 2199 545 
164 916 988 780 468 752 329 440 1202 142 254 494 886 876 443 49 630 628 443 339 949 2242 550 
165 876 999 825 444 719 326 496 1226 144 259 471 890 897 451 47 643 630 452 329 977 2236 506 
166 845 979 870 477 657 320 509 1262 151 249 447 901 866 476 49 616 572 477 359 980 2234 482 
167 801 1015 790 527 670 319 519 1303 155 245 464 842 859 492 48 575 535 472 356 1002 2246 468 
168 759 1066 724 533 683 309 537 1280 163 240 454 837 807 529 45 574 542 490 362 991 2249 466 
169 808 1017 731 534 692 297 580 1229 159 240 465 828 760 551 46 585 542 470 354 981 2264 478 
170 813 1012 701 507 723 314 538 1265 161 244 465 804 798 537 48 593 528 458 356 940 2316 473 
171 861 920 748 506 738 329 511 1252 156 244 459 836 788 534 45 594 465 486 353 942 2321 484 
172 881 912 755 502 715 344 516 1228 161 245 445 862 793 523 43 578 486 466 347 958 2338 493 
173 888 892 816 488 655 342 531 1180 156 252 431 881 799 518 42 589 505 468 330 966 2377 498 
174 912 893 805 499 670 368 536 1160 154 251 425 889 808 489 38 595 530 440 321 1047 2269 501 
175 912 886 816 439 725 381 543 1140 159 258 419 881 811 482 37 604 536 449 310 1061 2201 518 
176 900 886 814 445 753 387 538 1154 158 256 383 927 813 472 34 611 544 454 312 1076 2173 524 
177 925 881 784 450 782 360 511 1192 162 261 377 922 840 429 53 597 550 433 334 1043 2172 545 
178 938 829 767 441 802 393 522 1258 160 258 416 806 960 407 52 626 559 439 343 1049 2123 488 
179 936 806 768 460 728 422 569 1269 176 229 410 827 953 412 54 637 569 442 329 1033 2142 456 
180 937 825 714 502 701 431 556 1306 174 228 403 840 957 409 54 662 565 440 297 1059 2153 470 
181 903 877 687 513 724 469 520 1265 170 234 388 855 905 440 54 694 576 451 283 1056 2115 477 
182 892 895 684 511 735 417 590 1197 169 232 396 876 897 449 65 693 570 454 284 1048 2133 487 
183 874 919 682 488 735 414 587 1162 174 235 391 897 839 458 85 654 627 446 261 1008 2192 489 
184 858 909 670 488 751 408 612 1141 170 235 441 910 798 445 81 626 644 451 266 987 2202 508 
185 872 914 675 419 815 356 663 1049 166 245 439 918 781 445 78 625 666 451 277 964 2264 516 
186 873 914 672 416 838 336 680 1047 159 255 453 883 789 457 80 606 682 471 274 953 2272 503 
187 927 867 615 450 836 356 663 1066 156 262 449 878 799 457 79 595 704 443 276 945 2280 510 
188 925 871 621 455 832 362 661 1040 157 251 433 865 795 461 80 603 718 424 273 940 2312 525 
189 950 813 723 442 797 358 653 1049 151 258 430 833 793 460 79 564 716 413 277 958 2329 527 
190 966 788 731 442 790 362 649 1078 147 253 436 809 796 461 80 576 717 398 275 975 2303 530 
191 963 775 756 444 778 376 675 1091 150 249 436 815 813 471 80 586 711 414 277 939 2336 499 
192 953 750 787 449 785 388 634 1162 177 219 451 826 823 473 80 599 706 420 257 910 2389 493 
193 969 756 824 460 753 389 620 1233 171 220 458 828 826 476 81 614 695 426 258 1014 2241 452 
194 979 758 805 465 741 416 592 1241 172 222 418 846 839 490 83 631 673 428 253 1044 2161 468 
195 961 796 804 471 748 434 542 1285 165 226 401 857 844 490 82 640 631 432 275 1149 2068 465 
196 982 813 774 478 750 417 533 1288 158 241 396 875 843 490 80 659 620 424 281 1120 2094 474 
197 995 845 747 487 752 415 534 1309 158 252 377 896 844 485 78 677 609 429 283 1062 2113 489 
198 997 854 719 510 754 413 530 1343 163 261 369 903 847 481 78 642 569 436 282 1075 2112 498 
199 998 861 714 531 719 407 526 1354 167 255 372 918 865 480 77 626 603 445 279 1031 2145 513 
200 1023 848 723 527 712 409 506 1367 166 244 377 897 871 486 76 627 640 449 271 1010 2168 527 
201 1001 852 761 501 701 392 483 1399 167 233 374 867 909 485 75 624 640 457 259 1023 2195 531 
202 978 862 786 507 670 403 456 1428 165 231 372 799 931 482 76 635 674 462 250 996 2207 538 
203 955 872 753 491 701 443 479 1361 166 236 396 779 900 500 76 653 738 432 241 975 2188 519 
204 925 890 708 500 711 444 492 1308 162 246 376 776 862 535 96 647 728 427 268 936 2197 508 
205 858 957 728 521 670 431 518 1311 158 250 363 782 835 541 97 640 733 420 268 923 2243 454 
206 893 947 718 531 668 417 528 1340 163 247 357 777 841 524 101 677 714 420 268 877 2282 453 
207 918 925 691 499 689 425 543 1329 162 248 360 753 776 552 144 674 721 411 318 805 2303 454 
208 942 887 688 488 704 441 596 1267 164 248 362 739 785 555 148 664 722 416 312 783 2319 462 
209 957 893 673 479 737 421 618 1267 170 250 317 787 832 512 149 663 707 416 339 756 2368 464 
210 971 899 668 488 751 403 605 1297 194 249 308 806 829 505 166 669 706 425 323 776 2365 478 
211 998 887 668 473 781 407 594 1298 188 255 309 824 827 507 158 669 693 432 316 794 2385 487 
212 1017 864 655 481 768 395 602 1333 188 253 307 833 822 498 165 656 666 445 305 803 2375 488 
213 1009 875 604 520 757 397 591 1353 189 246 299 832 853 467 168 650 674 447 301 861 2292 486 
214 1019 872 637 524 757 398 603 1384 191 241 303 838 855 463 165 643 681 447 309 925 2218 503 
215 1053 851 635 526 758 398 600 1394 192 247 302 860 857 457 154 640 659 448 299 1036 2099 508 
216 1049 879 625 532 739 398 627 1351 190 247 309 857 881 439 162 631 637 454 302 1035 2125 518 
217 996 942 613 507 754 426 622 1340 185 249 311 857 874 447 164 586 681 457 301 1007 2134 503 
218 1001 930 583 515 729 439 624 1318 189 250 313 867 864 442 161 590 691 466 315 979 2170 514 
219 976 957 552 523 738 436 619 1312 187 254 312 884 868 454 162 598 670 470 327 978 2188 540 
220 957 928 605 511 765 432 614 1339 188 263 318 889 879 455 157 599 651 468 324 985 2210 536 
221 939 908 609 506 777 433 605 1347 200 256 321 900 868 454 159 625 644 474 318 974 2211 530 
222 929 849 657 508 785 493 614 1308 201 264 348 893 863 464 136 628 682 474 316 985 2216 481 
223 900 893 666 502 793 514 626 1318 162 281 358 895 861 471 139 613 659 481 311 992 2236 479 
224 888 916 678 488 802 518 588 1313 188 258 358 898 879 483 142 629 727 467 283 1055 2184 454 
225 827 984 681 484 813 506 595 1277 223 227 364 918 897 476 136 638 753 459 318 1005 2198 462 
226 816 1012 671 488 792 497 650 1240 215 232 368 880 887 483 157 654 761 450 349 942 2234 466 
227 882 966 682 479 791 499 634 1257 189 260 372 879 826 477 179 656 780 447 351 930 2238 468 
228 857 959 676 434 837 503 624 1219 163 285 376 842 827 478 187 665 816 437 350 908 2253 481 
229 857 921 713 428 828 496 607 1242 163 288 373 831 816 462 198 632 818 441 352 894 2278 482 
230 877 913 695 446 831 494 586 1287 161 287 347 860 766 496 204 621 809 442 353 873 2302 484 
231 890 917 704 464 805 454 589 1297 166 296 348 847 795 483 197 594 804 429 377 880 2314 485 
232 895 924 683 481 790 477 576 1363 158 291 347 854 783 486 209 580 775 407 374 838 2349 496 
233 911 924 664 512 753 502 601 1373 160 288 357 831 799 472 210 599 789 412 382 791 2394 519 
234 949 898 661 572 699 536 575 1413 166 278 408 797 783 467 210 619 754 438 381 861 2285 532 
235 977 892 684 586 713 525 567 1459 179 264 404 846 800 408 216 623 729 453 337 1031 2148 541 
236 983 880 688 589 717 517 577 1439 193 269 401 824 817 414 224 626 700 486 302 1034 2108 510 
237 1003 855 671 600 721 534 624 1386 200 260 380 840 829 428 220 645 710 497 266 1050 2156 493 
238 1006 845 695 571 741 524 628 1364 204 259 373 854 830 431 217 664 723 524 230 997 2197 492 
239 1040 798 643 571 749 542 650 1332 216 246 351 879 830 427 216 662 732 522 252 934 2211 476 
240 1061 800 650 562 761 525 730 1214 222 238 360 899 853 410 221 637 730 534 254 960 2212 486 
241 1079 806 620 496 848 526 737 1205 219 238 370 917 872 404 227 612 751 511 248 949 2253 493 
242 1055 826 657 462 835 516 757 1145 239 216 370 897 864 402 224 607 744 510 292 930 2281 497 
243 1081 859 662 459 826 480 738 1174 234 219 376 889 894 371 220 601 711 510 308 914 2288 505 
244 968 963 700 438 841 431 780 1236 219 221 373 889 837 371 248 647 636 549 336 845 2289 505 
245 942 927 735 426 856 438 784 1236 200 228 389 851 830 392 247 644 696 529 337 810 2322 512 
246 948 936 706 411 877 409 765 1276 203 229 393 811 810 400 275 646 720 529 343 791 2369 536 
247 988 883 667 435 914 410 783 1268 200 233 398 806 782 404 272 651 730 511 361 780 2366 514 
248 1008 856 631 443 967 419 776 1282 205 232 398 822 781 407 278 649 750 494 380 862 2316 508 
249 993 858 626 440 953 423 750 1329 203 238 398 828 779 403 275 662 742 481 386 904 2303 476 
250 1019 844 617 455 926 476 760 1378 194 246 398 832 790 401 285 671 716 475 410 878 2336 404 
251 1031 856 612 478 922 479 739 1443 190 245 408 836 793 409 293 685 705 496 413 854 2349 416 
252 1050 842 650 495 927 489 745 1390 182 248 398 845 787 416 289 694 742 519 420 848 2364 426 
253 1054 859 665 500 893 502 757 1273 281 251 392 849 816 403 289 690 779 527 440 885 2298 434 
254 1065 855 671 522 871 522 732 1233 262 256 373 848 829 414 317 662 834 527 453 906 2324 435 
255 1081 859 683 535 859 518 714 1207 273 261 313 847 830 411 389 717 851 535 440 880 2329 432 
256 1085 843 699 535 828 516 685 1220 278 261 309 838 859 415 404 710 841 567 408 864 2298 447 
257 1117 853 702 546 819 529 680 1165 318 253 316 847 888 386 404 746 812 573 376 845 2315 450 
258 1071 896 732 508 838 526 646 1202 323 255 316 867 847 404 413 745 808 542 388 828 2334 462 
259 1039 918 732 512 847 530 641 1235 312 260 320 861 837 409 415 722 810 533 386 835 2322 457 
260 1035 936 733 505 851 518 652 1249 308 256 321 895 789 406 446 689 806 522 388 798 2379 464 
261 1105 865 719 510 856 514 615 1362 311 229 326 908 783 438 413 680 804 510 377 902 2257 476 
262 1136 809 719 489 873 532 664 1286 322 230 331 905 794 440 431 684 836 518 368 991 2160 488 
263 1071 846 732 468 874 541 643 1288 327 231 344 915 810 446 433 670 834 539 371 1065 2053 511 
264 1050 859 741 444 889 554 641 1240 333 240 345 897 813 452 434 684 847 516 366 1020 2095 517 
265 1047 875 688 455 915 580 641 1222 339 244 343 862 849 456 430 674 835 523 376 1007 2108 516 
266 1034 896 655 488 914 556 647 1215 343 240 355 821 854 450 431 642 809 518 364 974 2147 519 
267 1024 882 665 494 935 529 648 1224 324 235 354 837 867 451 437 625 809 492 419 954 2168 514 
268 946 971 627 488 957 606 629 1249 335 239 394 784 893 461 429 619 771 499 453 912 2184 449 
269 968 919 578 480 936 649 639 1219 338 242 405 799 869 463 431 634 805 499 444 919 2183 449 
270 939 911 575 484 871 697 611 1221 346 239 399 794 806 471 480 683 791 516 405 921 2203 442 
271 958 896 603 503 847 690 625 1230 345 232 404 809 746 475 509 698 804 511 399 902 2205 444 
272 951 917 618 494 861 681 614 1241 321 239 416 809 783 439 512 700 817 514 402 858 2244 452 
273 961 906 668 469 867 662 611 1254 343 234 459 781 802 437 509 716 831 516 395 883 2251 454 
274 992 872 703 454 826 700 600 1251 356 234 407 791 806 433 564 728 812 520 392 876 2270 456 
275 998 865 689 450 850 701 605 1230 352 243 412 802 815 432 569 708 788 532 401 912 2275 456 
276 1000 855 689 414 884 700 605 1258 338 252 405 806 833 426 580 716 765 525 396 915 2279 464 
277 1000 872 663 420 888 705 593 1235 379 256 382 812 852 440 595 687 726 536 405 928 2298 483 
278 995 875 666 427 906 651 637 1198 386 266 382 842 880 442 569 662 769 514 427 928 2314 477 
279 1016 884 670 432 921 644 630 1190 395 248 379 872 902 437 565 684 799 514 384 904 2353 490 
280 1005 881 695 438 928 637 638 1171 404 250 360 892 873 430 587 701 788 525 392 874 2397 495 
281 1048 830 758 419 955 614 632 1140 391 251 364 951 865 429 551 725 826 526 373 906 2351 509 
282 1070 831 754 422 961 611 642 1111 399 257 309 981 838 434 592 731 850 546 370 1004 2180 518 
283 1084 841 763 435 979 625 593 1072 449 248 320 969 820 441 593 749 850 551 351 1060 2030 484 
284 1136 821 753 438 931 662 552 1047 475 231 342 962 777 454 630 749 839 586 336 1024 2064 489 
285 1074 901 750 463 898 652 536 1058 472 194 367 929 789 454 639 754 858 568 325 1025 2043 476 
286 1070 883 824 473 865 601 536 1062 459 197 374 884 802 435 656 752 882 531 340 972 2112 471 
287 1063 855 789 524 830 608 520 1022 490 201 384 888 814 445 649 738 847 542 353 982 2107 480 
288 985 893 792 538 835 592 508 1078 489 197 396 869 816 446 674 732 816 550 342 947 2155 487 
289 1011 902 839 549 835 544 502 1071 476 218 349 862 837 450 691 742 822 552 323 978 2136 500 
290 1050 879 845 550 849 535 473 1118 464 221 351 856 855 456 697 748 817 550 356 988 2104 508 
291 1085 818 853 563 862 529 473 1137 465 221 346 855 866 475 694 765 801 553 360 975 2138 502 
292 1095 797 853 582 867 531 468 1144 460 232 354 832 882 478 694 720 787 533 381 994 2135 516 
293 1106 762 850 587 888 542 440 1191 454 238 356 826 887 468 699 669 786 524 410 973 2165 528 
294 1120 786 867 577 902 543 471 1186 417 245 368 795 903 478 712 659 793 527 410 986 2178 539 
295 1129 804 866 589 901 566 466 1159 385 241 372 859 845 483 718 693 815 531 376 1008 2200 503 
296 1156 813 866 620 855 569 513 1109 374 245 374 887 806 476 750 744 832 541 385 927 2198 464 
297 1085 866 876 617 822 565 526 1088 373 247 386 908 816 452 766 754 854 553 379 910 2170 461 
298 1092 856 830 647 805 598 543 1071 391 247 397 921 803 465 762 776 839 559 388 840 2209 443 
299 1093 855 763 579 935 566 562 1053 391 262 374 937 761 473 790 792 740 599 386 876 2220 443 
300 1072 825 778 533 973 569 575 1077 360 256 374 939 773 479 790 813 743 607 393 875 2197 452 
301 1061 820 781 494 1024 559 565 1042 360 263 378 914 772 485 813 803 755 569 420 861 2226 474 
302 1036 838 794 512 1019 556 558 1014 361 270 389 884 772 489 815 805 733 583 411 908 2186 471 
303 1008 841 792 518 980 553 580 1058 332 273 390 856 790 497 835 796 716 578 408 967 2156 468 
304 1008 846 811 530 949 574 584 1092 307 271 382 826 803 486 866 758 734 581 414 931 2195 480 
305 1055 822 791 566 935 582 562 1117 310 268 384 808 821 481 882 766 733 580 399 925 2216 477 
306 1063 804 744 612 933 601 553 1161 294 270 364 819 861 452 883 786 738 592 376 917 2178 465 
307 1040 808 752 639 892 584 578 1120 287 270 334 859 867 445 892 780 706 618 380 919 2174 467 
308 1005 851 753 632 910 586 551 1119 273 277 319 868 910 429 852 779 724 624 372 915 2201 481 
309 975 860 783 577 981 609 516 1061 324 276 327 878 844 473 850 750 749 623 375 901 2199 491 
310 966 835 819 571 989 613 496 1050 349 274 340 897 868 476 812 755 766 616 353 889 2211 480 
311 915 851 853 555 1019 613 498 1060 348 288 334 904 846 483 797 786 776 622 339 837 2251 508 
312 892 871 838 548 1049 607 493 1071 356 291 337 931 781 544 809 774 807 657 318 855 2262 513 
313 882 857 814 548 1057 608 487 1100 326 283 360 916 778 542 832 726 854 602 338 868 2271 505 
314 889 852 850 569 1003 606 470 1107 342 273 387 891 802 536 842 692 832 614 341 888 2268 517 
315 915 816 886 571 999 574 482 1120 340 268 397 878 805 547 841 674 824 613 353 859 2316 528 
316 970 787 856 594 974 580 493 1134 353 265 385 841 879 533 860 668 869 600 347 873 2310 520 
317 989 762 850 635 942 599 463 1142 347 273 383 836 913 506 863 687 848 609 357 883 2319 520 
318 993 797 857 644 897 637 472 1161 359 271 383 813 889 513 883 686 826 616 349 889 2324 505 
319 992 817 848 646 871 642 484 1194 351 267 352 847 895 501 874 697 810 621 335 883 2356 509 
320 1036 794 799 679 876 680 488 1224 350 268 360 832 879 484 903 720 792 626 342 906 2353 453 
321 1030 831 796 668 888 686 519 1186 357 268 357 825 871 482 889 727 772 625 334 870 2390 454 
322 1032 854 796 688 895 628 551 1144 386 267 360 827 834 473 882 765 769 631 340 879 2297 461 
323 1006 874 837 664 906 633 550 1170 367 267 360 846 850 473 828 762 747 647 347 902 2218 457 
324 987 865 835 643 922 636 560 1136 356 277 366 880 833 466 777 729 773 660 343 973 2165 463 
325 980 837 857 590 943 650 539 1126 375 287 376 910 817 457 771 711 812 644 344 965 2142 462 
326 975 820 872 590 986 660 511 1119 362 298 385 906 760 472 777 697 824 656 345 1012 2056 477 
327 929 840 897 593 1006 657 512 1063 379 280 416 926 759 482 792 693 858 635 365 938 2098 476 
328 889 876 883 637 1018 667 513 1037 385 283 406 917 770 490 802 722 892 617 372 966 2066 479 
329 867 856 869 660 1038 655 510 1001 391 280 346 947 811 469 820 718 928 580 380 956 2102 478 
330 902 814 878 640 1021 671 511 992 402 289 353 913 829 476 833 749 900 578 405 933 2138 456 
331 884 820 875 628 1011 684 524 982 376 311 354 899 912 441 804 798 846 586 419 945 2165 457 
332 906 789 875 595 1033 722 521 943 375 313 370 873 918 455 799 804 822 643 377 956 2176 474 
333 898 788 905 583 1087 688 506 918 362 337 366 848 907 486 811 806 800 641 361 962 2198 478 
334 932 745 926 614 1060 696 501 936 362 334 378 862 891 493 819 796 780 650 359 964 2215 480 
335 933 779 933 624 1059 675 493 996 348 340 375 870 837 493 886 743 825 654 357 978 2239 475 
336 940 793 934 638 1026 676 486 1013 338 355 386 876 786 504 901 714 834 668 360 966 2285 486 
337 943 809 930 701 1006 677 502 1020 303 386 416 885 807 484 857 662 863 639 357 990 2337 494 
338 956 828 880 728 1007 676 509 1039 291 379 454 848 811 469 843 693 882 629 360 927 2399 495 
339 969 844 869 714 1056 664 516 1045 280 369 450 888 856 451 783 707 879 612 367 921 2342 506 
340 986 824 875 662 1066 705 527 1086 284 358 416 878 863 444 800 733 839 622 383 1020 2201 508 
341 1004 845 866 652 1064 700 566 1081 272 358 429 837 865 439 820 728 815 644 392 985 2197 519 
342 978 897 832 647 1054 688 571 1110 264 359 422 801 893 453 830 734 794 639 389 973 2175 525 
343 925 919 881 630 1072 662 564 1050 325 308 439 815 872 475 825 759 789 651 404 1006 2126 530 
344 948 896 873 623 1057 667 496 1087 316 320 442 822 859 474 837 767 826 664 401 994 2165 539 
345 938 876 902 607 988 714 517 1079 306 322 443 828 797 482 891 753 860 668 385 965 2222 510 
346 940 826 1005 594 963 646 532 1065 310 321 429 798 783 487 944 780 891 680 362 946 2257 474 
347 922 860 909 585 976 717 565 1093 276 320 407 822 796 495 943 763 858 695 379 939 2277 474 
348 915 884 925 532 1046 696 561 1138 267 313 413 860 865 419 892 800 798 716 373 920 2282 465 
349 886 887 959 523 1077 684 561 1163 223 355 416 861 871 424 880 786 799 701 388 880 2305 466 
350 876 905 947 528 1094 692 537 1219 225 360 409 878 882 434 881 789 743 684 378 841 2368 467 
351 891 889 946 552 1099 684 529 1197 218 372 400 896 885 435 859 780 749 683 362 797 2441 481 
352 948 862 961 557 1117 680 530 1177 217 376 399 901 865 443 841 758 758 673 372 895 2347 486 
353 951 862 954 569 1126 683 536 1112 261 380 355 887 833 447 914 745 779 658 413 916 2282 499 
354 973 866 935 647 1063 667 556 1056 286 360 382 907 814 445 922 760 773 648 422 916 2240 499 
355 980 880 917 635 1071 665 520 1077 281 351 383 923 796 437 927 729 775 613 451 960 2176 503 
356 990 892 901 633 1050 637 524 1061 280 343 386 889 839 439 927 741 800 598 442 960 2135 516 
357 1012 894 910 631 1072 656 542 1033 275 334 389 897 835 431 905 736 805 582 437 945 2148 528 
358 958 925 922 623 1098 649 534 1091 273 344 388 904 856 444 895 721 810 580 422 938 2165 496 
359 891 988 918 634 1090 626 513 1146 257 353 396 885 886 422 883 696 887 563 367 961 2193 501 
360 916 952 946 620 1108 606 506 1207 251 358 404 923 853 418 834 673 883 561 368 950 2186 503 
361 920 935 938 631 1144 607 519 1219 248 360 411 919 846 416 842 675 876 487 462 934 2224 499 
362 922 924 944 609 1195 582 498 1205 254 356 401 907 824 420 854 707 874 494 450 898 2277 501 
363 929 920 932 626 1214 579 500 1139 261 353 378 927 779 425 846 720 900 532 414 896 2289 502 
364 947 904 933 614 1222 555 499 1092 262 352 377 904 793 436 838 714 907 541 431 892 2283 506 
365 951 903 901 628 1183 579 485 1077 270 353 371 852 783 451 904 726 939 548 424 895 2281 502 
366 1009 842 903 613 1149 583 520 1071 280 359 395 855 806 437 862 743 906 568 433 908 2300 494 
367 1005 843 896 624 1163 589 511 1064 278 374 423 791 824 442 862 754 908 572 434 909 2320 475 
368 1033 848 888 611 1155 579 511 1109 265 378 437 789 836 439 856 719 919 580 452 920 2345 473 
369 1065 797 943 584 1156 576 474 1156 255 392 431 802 839 443 838 663 926 577 458 955 2370 473 
370 1073 805 944 609 1157 567 489 1196 241 397 428 815 855 435 825 679 883 609 454 910 2422 466 
371 1079 790 928 606 1107 618 501 1229 203 400 419 814 879 439 838 683 903 609 419 925 2347 473 
372 1059 815 937 619 1061 632 519 1237 204 408 398 821 904 437 824 690 862 574 489 946 2291 486 
373 1081 795 949 646 1039 663 553 1184 215 403 397 841 896 444 812 698 862 567 486 933 2246 469 
374 1086 813 927 675 1077 649 582 1154 220 379 428 837 839 434 837 724 858 561 510 954 2166 477 
375 1086 826 927 671 1110 652 617 1106 229 375 426 860 862 450 788 704 898 521 537 973 2145 482 
376 1065 862 920 676 1130 665 639 1053 251 357 433 883 833 467 805 696 892 532 530 992 2112 493 
377 1065 875 921 622 1188 653 662 1049 258 381 387 876 828 468 830 723 873 535 532 968 2131 507 
378 1050 841 954 642 1111 646 674 1031 279 389 386 879 821 478 840 750 849 541 507 947 2190 517 
379 1052 823 993 630 1069 626 696 1031 282 383 395 880 811 490 842 763 814 561 516 941 2217 533 
380 1007 825 1039 601 1057 602 720 1000 262 368 391 890 809 496 833 692 856 551 560 918 2254 537 
381 997 807 1033 621 1007 630 703 1025 241 380 380 906 802 501 840 680 848 574 588 907 2288 532 
382 984 814 1005 653 1020 631 736 1031 222 380 383 922 795 496 850 641 896 544 605 911 2306 521 
383 978 829 964 658 1035 682 718 1065 219 371 393 881 786 501 873 643 872 524 659 844 2373 514 
384 977 857 998 671 980 669 730 1078 220 371 413 852 814 479 880 647 805 560 693 807 2416 505 
385 965 856 977 672 999 696 715 1109 257 367 408 831 903 405 904 682 794 562 674 849 2315 488 
386 939 827 975 684 1058 641 712 1126 265 367 406 833 917 404 878 694 807 548 670 865 2242 483 
387 888 878 999 705 1087 623 683 1140 263 368 413 831 901 411 863 709 782 556 661 861 2207 477 
388 848 889 991 733 1095 595 657 1209 297 366 423 832 870 385 846 776 771 573 609 909 2155 422 
389 859 907 956 757 1127 582 654 1179 321 355 420 843 809 441 818 705 837 591 619 938 2069 421 
390 871 893 1000 746 1179 623 638 1118 332 347 473 812 779 442 804 665 846 592 636 930 2069 432 
391 872 901 992 741 1205 610 653 1061 339 344 465 793 782 447 841 665 841 596 686 826 2139 426 
392 906 873 968 793 1184 609 652 1074 347 349 459 797 785 447 872 667 829 619 688 810 2174 439 
393 964 826 990 790 1204 576 646 1078 349 349 443 791 791 455 888 693 794 610 650 758 2217 452 
394 978 803 992 811 1204 583 618 1085 350 332 457 795 814 439 920 706 789 621 611 794 2199 452 
395 998 806 994 787 1190 597 622 1090 359 356 419 792 850 435 901 711 797 627 600 795 2207 462 
396 963 820 1003 769 1162 598 591 1162 323 357 409 825 859 427 867 711 770 636 552 846 2219 472 
397 928 804 1025 743 1181 586 594 1140 332 369 409 853 878 428 822 704 788 630 554 858 2255 478 
398 892 816 1007 755 1185 581 578 1123 331 361 400 869 898 417 810 737 783 643 541 882 2259 495 
399 877 792 1061 765 1166 555 550 1163 332 355 420 884 828 440 835 744 763 660 539 861 2281 503 
400 882 830 985 793 1139 599 524 1184 323 398 397 884 814 428 817 712 756 664 570 916 2259 516 
401 909 796 984 759 1160 584 476 1252 328 391 402 878 779 434 812 721 741 634 614 925 2303 511 
402 910 786 1054 731 1125 626 493 1257 329 394 403 889 792 435 802 726 738 658 582 991 2285 479 
403 940 767 1062 729 1140 613 514 1174 350 389 414 906 789 438 813 721 787 638 590 980 2319 471 
404 948 752 1051 727 1156 568 533 1132 361 359 459 910 784 442 815 730 799 633 587 971 2335 468 
405 954 739 1045 734 1182 570 551 1106 384 378 429 917 802 440 819 759 815 585 556 977 2361 437 
406 975 736 1063 710 1183 576 572 1080 378 349 425 919 810 453 835 765 814 563 554 959 2390 443 
407 992 735 1069 694 1143 564 548 1075 385 348 419 947 818 455 811 782 826 550 542 968 2322 454 
408 1008 754 1071 700 1131 572 537 1127 384 319 467 880 843 463 810 789 792 560 542 978 2264 426 
409 995 754 1042 743 1130 559 556 1129 359 347 482 845 838 476 819 791 772 556 537 972 2217 431 
410 960 758 1043 750 1130 565 547 1175 351 339 473 839 860 478 833 787 778 567 532 1046 2125 435 
411 947 773 995 783 1104 599 547 1231 320 343 461 823 866 484 830 812 794 574 512 1001 2159 444 
412 938 788 966 777 1152 613 550 1225 333 357 441 799 872 492 831 837 784 586 537 949 2203 454 
413 921 806 932 849 1119 632 572 1203 357 350 437 824 860 490 851 832 783 583 529 939 2212 461 
414 886 821 958 817 1129 625 598 1157 366 331 453 861 871 489 823 835 764 549 555 921 2232 457 
415 858 836 1000 820 1074 611 629 1105 415 364 436 870 891 476 833 777 739 535 603 929 2271 459 
416 876 840 953 810 1083 603 613 1102 406 377 432 867 883 484 841 756 723 538 591 935 2304 471 
417 912 802 935 790 1062 623 591 1121 409 381 428 902 885 489 832 750 716 534 612 949 2304 477 
418 938 765 947 784 1049 616 591 1131 454 362 420 909 887 495 854 749 704 553 619 934 2332 440 
419 956 757 949 757 1038 623 536 1132 474 376 379 922 898 494 864 755 713 505 658 917 2348 455 
420 957 766 968 675 1125 642 498 1131 477 358 385 888 902 438 923 781 700 480 660 881 2377 462 
421 971 759 974 666 1131 631 500 1099 477 339 410 906 849 449 914 774 698 479 658 897 2424 474 
422 933 795 1008 642 1132 616 492 1085 489 341 461 849 808 474 922 797 691 496 671 916 2363 490 
423 889 812 1023 671 1084 626 492 1091 480 321 465 813 822 479 906 807 723 497 688 965 2279 507 
424 897 817 1058 718 1051 601 504 1116 470 338 443 856 768 502 899 818 731 513 663 1074 2164 482 
425 814 891 1034 740 989 608 494 1124 492 344 430 868 802 498 877 832 747 508 650 1087 2121 481 
426 827 886 1016 759 1023 599 498 1145 478 355 413 903 839 472 877 841 756 532 616 1106 2109 481 
427 813 916 1045 759 1047 609 480 1164 483 355 389 905 848 463 885 855 750 549 601 1087 2132 448 
428 821 918 1027 794 1043 592 511 1166 478 366 379 926 844 463 888 846 761 548 595 1083 2138 448 
429 839 914 991 794 1074 598 523 1192 470 357 378 917 854 458 894 862 772 562 617 1027 2169 453 
430 849 874 1001 821 1076 601 529 1218 477 368 378 906 887 452 895 865 790 570 601 1054 2156 459 
431 880 841 1015 800 1086 570 551 1179 490 415 395 873 870 424 907 919 800 596 554 1081 2132 465 
432 918 782 1024 784 1102 569 541 1210 475 427 406 828 850 436 895 937 787 590 543 1075 2157 471 
433 942 807 1008 775 1095 585 548 1205 440 460 407 814 827 437 882 895 824 535 583 1054 2179 476 
434 956 810 1004 752 1108 584 559 1223 419 466 438 794 782 457 859 854 839 522 605 996 2191 487 
435 960 837 988 735 1120 586 565 1239 406 480 404 835 800 456 865 861 825 543 578 990 2219 495 
436 968 833 985 728 1162 600 562 1259 384 502 419 880 805 468 812 822 799 550 593 1004 2210 489 
437 985 840 1022 690 1193 598 538 1301 374 488 429 894 809 477 787 858 801 560 553 992 2233 499 
438 1019 861 1000 701 1182 593 531 1296 367 490 401 911 817 479 780 866 806 563 528 992 2257 500 
439 1022 875 981 737 1152 567 528 1316 374 510 358 930 824 482 796 872 805 561 510 1010 2258 515 
440 1017 892 999 730 1149 544 538 1278 409 480 352 893 825 486 790 891 801 576 509 1017 2244 512 
441 1014 894 980 701 1194 536 535 1235 447 445 362 883 845 492 799 915 788 599 519 986 2261 516 
442 996 913 972 698 1172 559 573 1191 465 431 374 863 840 487 824 914 776 603 517 935 2303 534 
443 948 948 952 692 1164 551 564 1214 449 440 373 848 843 484 833 882 755 633 524 926 2331 537 
444 890 968 932 702 1149 550 554 1248 447 436 376 832 839 493 848 882 732 643 492 900 2351 558 
445 854 991 894 689 1184 552 543 1276 438 403 409 817 860 487 844 877 747 654 497 871 2391 561 
446 891 952 886 691 1178 547 523 1313 427 403 411 834 859 485 857 874 776 638 514 919 2292 564 
447 930 919 877 706 1171 544 514 1297 452 405 426 852 861 474 853 849 786 617 529 1008 2158 534 
448 1035 820 1003 662 1116 545 495 1282 441 401 435 845 881 468 844 845 838 582 541 996 2121 513 
449 1086 781 1036 667 1115 543 534 1263 419 403 438 839 874 455 884 836 865 568 545 1000 2148 491 
450 1079 773 1066 687 1106 494 548 1249 401 402 441 844 886 434 869 824 881 559 560 995 2180 481 
451 1002 798 1042 713 1130 497 545 1286 390 401 438 870 890 416 870 836 866 539 589 988 2210 446 
452 981 803 1028 731 1115 521 551 1206 462 412 452 867 883 426 880 834 874 530 600 957 2197 449 
453 988 830 1001 758 1110 539 531 1238 461 424 455 884 838 441 876 816 894 541 594 947 2231 463 
454 953 843 982 742 1097 539 509 1304 457 437 460 878 811 445 894 780 878 552 640 957 2257 474 
455 958 823 1023 796 1000 524 494 1334 481 431 458 890 791 447 906 788 889 557 636 903 2312 460 
456 989 792 1024 774 1034 517 497 1344 481 434 455 907 795 450 893 797 891 574 641 873 2357 473 
457 1015 761 1021 735 1074 514 491 1356 505 439 463 916 807 460 873 807 885 602 649 840 2383 484 
458 1033 771 1026 708 1106 493 499 1375 503 446 470 901 831 469 838 863 892 616 600 821 2394 477 
459 1023 785 1011 699 1102 509 493 1386 497 405 512 783 827 475 928 879 873 631 595 936 2223 484 
460 1063 762 972 708 1138 526 468 1419 487 397 498 781 840 468 893 902 871 628 550 972 2129 489 
461 1042 790 962 727 1171 521 494 1411 487 400 480 787 834 478 918 900 851 640 537 932 2172 497 
462 1067 804 898 739 1220 545 492 1451 489 402 478 818 840 471 872 938 784 644 581 913 2144 502 
463 980 873 855 772 1238 559 488 1470 483 413 454 826 856 481 862 945 764 663 556 916 2149 502 
464 1027 842 853 790 1210 582 474 1495 474 431 451 857 904 457 821 939 773 680 546 876 2207 513 
465 1020 876 833 791 1193 614 462 1505 471 430 453 864 873 454 792 940 804 676 535 863 2248 522 
466 1027 883 814 788 1200 610 442 1473 470 460 453 867 848 468 822 944 809 686 525 839 2276 538 
467 1039 891 831 797 1137 636 441 1445 473 472 470 860 840 470 816 913 840 655 491 886 2323 537 
468 1045 874 847 776 1123 638 464 1423 494 496 412 889 775 477 855 901 855 645 481 905 2322 497 
469 1059 863 841 793 1114 643 470 1452 459 496 419 879 798 470 871 902 918 600 457 918 2356 471 
470 1089 872 864 794 1119 651 480 1476 451 489 417 874 803 472 868 831 963 570 483 981 2334 467 
471 1097 850 896 814 1067 644 493 1496 460 473 423 886 799 472 877 802 954 547 473 995 2357 478 
472 1117 820 925 817 1085 641 469 1563 455 466 431 900 802 472 863 816 891 577 504 978 2379 492 
473 1147 788 936 745 1133 645 453 1594 473 451 435 911 809 470 867 825 861 582 506 1072 2281 494 
474 1052 829 992 762 1073 636 412 1649 460 478 435 931 810 475 878 823 832 598 527 1175 2143 501 
475 1037 833 998 779 1062 627 415 1667 477 458 434 921 838 455 898 820 837 601 536 1123 2198 512 
476 995 876 991 748 1064 641 388 1633 536 443 448 901 856 463 915 838 847 625 532 1104 2200 529 
477 970 857 1054 717 1022 639 391 1666 542 433 460 896 867 467 909 850 890 623 517 1110 2218 518 
478 987 837 1060 701 1030 653 392 1676 532 427 466 895 859 473 929 855 907 640 523 1096 2250 527 
479 935 893 1052 706 1040 638 426 1688 512 428 478 902 855 481 883 902 907 618 517 1127 2263 493 
480 944 882 1055 691 1042 630 446 1700 466 430 486 906 864 488 868 907 911 571 519 1121 2284 504 
481 972 854 1033 700 1056 615 460 1704 463 436 495 845 879 485 860 920 912 580 531 1120 2320 473 
482 999 808 1027 732 1044 606 485 1677 475 416 510 857 878 483 824 927 916 578 562 1110 2310 466 
483 1020 786 1016 717 1081 586 494 1672 464 421 480 873 861 491 904 895 928 626 537 1076 2321 470 
484 1016 790 1051 701 1084 602 542 1613 457 415 484 896 867 490 900 863 980 647 546 1056 2355 438 
485 1044 760 1039 675 1120 592 565 1546 456 414 505 900 880 494 909 842 1040 661 556 1012 2375 440 
486 1058 727 1034 685 1126 597 570 1489 461 458 513 903 878 501 916 841 1032 668 528 1047 2360 443 
487 1077 739 1072 707 1143 546 588 1482 409 508 487 919 865 496 928 813 1029 677 521 1020 2395 454 
488 1079 768 1033 721 1120 577 586 1478 402 508 485 908 884 472 954 826 1003 678 552 986 2393 450 
489 1097 759 1028 739 1084 601 600 1449 401 521 481 889 955 446 969 820 980 671 572 959 2397 458 
490 1123 754 1069 725 1077 599 604 1448 378 541 477 905 962 427 975 833 954 669 589 955 2411 475 
491 1106 825 1100 712 1051 609 594 1457 382 549 470 913 919 448 973 804 897 684 595 974 2360 487 
492 1119 840 1130 666 1074 635 575 1452 377 553 469 937 918 456 958 833 899 638 606 983 2323 488 
493 1140 843 1114 672 1064 678 540 1462 399 520 473 999 935 434 854 828 880 605 662 1042 2227 497 
494 1142 861 1107 702 1019 713 527 1451 425 504 474 1011 953 425 856 772 865 625 652 1084 2152 503 
495 1116 885 1103 703 1000 716 509 1411 386 504 481 955 983 393 864 736 921 620 684 1124 2165 517 
496 1051 930 1091 694 1055 692 554 1428 385 508 473 964 972 397 867 726 921 621 680 1117 2188 521 
497 1041 959 1077 693 1093 689 558 1447 425 454 461 952 957 399 940 700 958 629 665 1181 2149 527 
498 1078 932 1082 697 1107 683 570 1444 432 443 484 952 891 405 962 709 981 621 654 1144 2198 525 
499 1107 894 1078 693 1132 685 553 1485 413 450 467 903 884 416 1034 747 981 633 625 1082 2249 528 