0 0.000 0.002 0.000 0.000 0.000 0.000 0.087 0.000 0.000 0.000 0.000 0.000 0.000 0.000 0.000 0.000 0.000 0.000 0.000 0.000 0.000 0.664 
1 0.000 0.002 0.000 0.000 0.000 0.579 0.062 0.000 0.000 0.000 0.003 0.000 0.000 0.000 0.000 0.000 0.000 0.000 0.000 0.000 0.000 0.664 
2 0.000 0.002 0.000 0.000 0.000 0.550 0.065 0.000 0.000 0.000 0.003 0.000 0.000 0.000 0.000 0.000 0.000 0.000 0.000 0.000 0.000 0.667 
3 0.000 0.002 0.000 0.000 0.000 0.600 0.061 0.000 0.000 0.000 0.003 0.000 0.000 0.000 0.000 0.000 0.000 0.000 0.000 0.000 0.000 0.650 
4 0.000 0.002 0.000 0.000 0.000 0.545 0.294 0.000 0.000 0.000 0.003 0.000 0.000 0.000 0.000 0.000 0.000 0.000 0.000 0.000 0.000 0.644 
5 0.000 0.002 0.000 0.000 0.000 0.632 0.260 0.000 0.000 0.000 0.003 0.000 0.000 0.000 0.000 0.000 0.000 0.000 0.000 0.000 0.000 0.649 
6 0.000 0.004 0.000 0.000 0.000 0.600 0.273 0.000 0.000 0.000 0.000 0.000 0.000 0.000 0.000 0.000 0.000 0.000 0.000 0.000 0.000 0.668 
7 0.000 0.004 0.000 0.000 0.000 0.522 0.272 0.000 0.000 0.000 0.000 0.000 0.000 0.000 0.000 0.000 0.000 0.000 0.000 0.000 0.000 0.699 
8 0.000 0.008 0.000 0.000 0.000 0.500 0.265 0.000 0.000 0.000 0.000 0.000 0.000 0.000 0.000 0.000 0.000 0.000 0.000 0.000 0.000 0.731 
9 0.000 0.011 0.000 0.000 0.000 0.480 0.268 0.000 0.000 0.000 0.000 0.000 0.000 0.000 0.000 0.000 0.000 0.000 0.000 0.000 0.000 0.739 
10 0.000 0.011 0.000 0.000 0.000 0.500 0.275 0.002 0.000 0.000 0.000 0.000 0.000 0.000 0.000 0.000 0.000 0.000 0.000 0.000 0.000 0.753 
11 0.000 0.011 0.000 0.000 0.000 0.583 0.247 0.002 0.000 0.000 0.000 0.000 0.000 0.000 0.000 0.000 0.000 0.000 0.000 0.000 0.000 0.734 
12 0.000 0.012 0.000 0.000 0.000 0.609 0.239 0.002 0.000 0.000 0.000 0.000 0.000 0.000 0.000 0.000 0.000 0.000 0.000 0.000 0.000 0.732 
13 0.000 0.014 0.000 0.000 0.000 0.577 0.237 0.002 0.000 0.004 0.000 0.000 0.000 0.000 0.000 0.000 0.000 0.000 0.000 0.000 0.000 0.740 
14 0.000 0.014 0.079 0.000 0.000 0.533 0.253 0.002 0.000 0.004 0.000 0.000 0.000 0.000 0.000 0.000 0.000 0.000 0.000 0.000 0.000 0.719 
15 0.000 0.014 0.078 0.000 0.000 0.583 0.247 0.002 0.000 0.004 0.000 0.000 0.000 0.000 0.000 0.000 0.000 0.000 0.000 0.000 0.000 0.705 
16 0.000 0.015 0.080 0.000 0.000 0.667 0.278 0.002 0.000 0.004 0.000 0.000 0.000 0.000 0.000 0.000 0.000 0.000 0.000 0.000 0.000 0.701 
17 0.000 0.015 0.085 0.000 0.000 0.636 0.253 0.026 0.000 0.004 0.000 0.000 0.000 0.000 0.000 0.000 0.000 0.000 0.000 0.000 0.000 0.706 
18 0.000 0.017 0.091 0.000 0.000 0.727 0.425 0.025 0.000 0.004 0.000 0.000 0.000 0.000 0.000 0.000 0.000 0.000 0.000 0.000 0.000 0.710 
19 0.000 0.019 0.087 0.000 0.000 0.727 0.415 0.025 0.000 0.004 0.000 0.000 0.000 0.000 0.000 0.000 0.000 0.000 0.000 0.000 0.000 0.705 
20 0.000 0.019 0.079 0.000 0.000 0.750 0.485 0.025 0.000 0.004 0.000 0.000 0.000 0.000 0.000 0.000 0.000 0.000 0.000 0.000 0.000 0.703 
21 0.000 0.018 0.062 0.000 0.000 0.692 0.474 0.023 0.000 0.004 0.000 0.000 0.000 0.000 0.000 0.000 0.000 0.000 0.000 0.000 0.000 0.701 
22 0.000 0.015 0.061 0.000 0.000 0.692 0.457 0.026 0.000 0.004 0.000 0.000 0.000 0.000 0.000 0.000 0.000 0.000 0.000 0.000 0.000 0.695 
23 0.000 0.038 0.048 0.000 0.000 0.643 0.442 0.026 0.000 0.004 0.000 0.000 0.000 0.000 0.000 0.000 0.000 0.000 0.000 0.000 0.000 0.683 
24 0.000 0.037 0.049 0.000 0.000 0.600 0.430 0.028 0.000 0.004 0.000 0.000 0.000 0.000 0.000 0.000 0.000 0.000 0.000 0.000 0.000 0.674 
25 0.000 0.038 0.049 0.000 0.000 0.643 0.394 0.026 0.000 0.004 0.000 0.000 0.000 0.000 0.000 0.000 0.000 0.000 0.000 0.000 0.000 0.666 
26 0.000 0.041 0.047 0.000 0.000 0.600 0.393 0.027 0.000 0.004 0.000 0.000 0.000 0.000 0.000 0.000 0.000 0.000 0.000 0.000 0.000 0.679 
27 0.000 0.040 0.045 0.000 0.000 0.562 0.399 0.028 0.000 0.004 0.000 0.000 0.000 0.000 0.000 0.000 0.000 0.000 0.000 0.000 0.000 0.682 
28 0.000 0.040 0.050 0.000 0.000 0.500 0.391 0.028 0.000 0.004 0.000 0.000 0.000 0.000 0.000 0.000 0.000 0.000 0.000 0.000 0.000 0.662 
29 0.000 0.038 0.055 0.000 0.000 0.471 0.486 0.028 0.000 0.004 0.000 0.000 0.000 0.000 0.000 0.000 0.000 0.000 0.000 0.000 0.000 0.647 
30 0.000 0.038 0.054 0.000 0.000 0.529 0.482 0.024 0.000 0.004 0.000 0.000 0.000 0.000 0.000 0.000 0.000 0.000 0.000 0.000 0.000 0.654 
31 0.003 0.040 0.050 0.000 0.000 0.526 0.472 0.024 0.000 0.000 0.000 0.000 0.000 0.000 0.000 0.000 0.000 0.000 0.000 0.000 0.000 0.680 
32 0.003 0.044 0.050 0.000 0.000 0.550 0.490 0.027 0.000 0.000 0.000 0.000 0.000 0.000 0.000 0.000 0.000 0.000 0.000 0.000 0.000 0.671 
33 0.003 0.043 0.048 0.000 0.000 0.556 0.488 0.025 0.000 0.000 0.000 0.000 0.000 0.000 0.000 0.000 0.000 0.000 0.000 0.000 0.000 0.690 
34 0.003 0.041 0.047 0.000 0.000 0.579 0.491 0.025 0.000 0.000 0.000 0.000 0.000 0.000 0.000 0.000 0.000 0.000 0.000 0.000 0.000 0.679 
35 0.003 0.042 0.046 0.000 0.000 0.625 0.478 0.022 0.000 0.000 0.000 0.000 0.000 0.000 0.000 0.000 0.000 0.000 0.000 0.000 0.000 0.674 
36 0.003 0.040 0.041 0.000 0.000 0.588 0.481 0.022 0.000 0.000 0.000 0.000 0.000 0.000 0.000 0.000 0.000 0.000 0.000 0.000 0.000 0.676 
37 0.003 0.039 0.041 0.000 0.000 0.526 0.472 0.022 0.000 0.000 0.000 0.000 0.000 0.000 0.000 0.000 0.000 0.000 0.000 0.000 0.000 0.684 
38 0.003 0.036 0.043 0.000 0.000 0.500 0.475 0.019 0.000 0.000 0.000 0.000 0.000 0.000 0.000 0.000 0.000 0.000 0.000 0.000 0.000 0.690 
39 0.003 0.035 0.030 0.000 0.003 0.389 0.445 0.019 0.000 0.000 0.000 0.000 0.000 0.000 0.000 0.000 0.000 0.000 0.000 0.000 0.000 0.693 
40 0.010 0.019 0.065 0.000 0.003 0.318 0.460 0.017 0.000 0.000 0.000 0.000 0.000 0.000 0.000 0.000 0.000 0.000 0.000 0.000 0.000 0.672 
41 0.010 0.022 0.060 0.000 0.004 0.197 0.443 0.013 0.000 0.000 0.000 0.000 0.000 0.000 0.000 0.000 0.000 0.000 0.000 0.000 0.000 0.667 
42 0.010 0.056 0.060 0.000 0.003 0.194 0.440 0.015 0.000 0.000 0.000 0.000 0.000 0.000 0.000 0.000 0.003 0.000 0.000 0.000 0.000 0.673 
43 0.010 0.061 0.128 0.000 0.003 0.171 0.438 0.017 0.000 0.000 0.000 0.000 0.000 0.000 0.000 0.000 0.002 0.000 0.000 0.000 0.000 0.656 
44 0.011 0.061 0.122 0.000 0.003 0.169 0.431 0.015 0.000 0.000 0.000 0.000 0.000 0.000 0.000 0.000 0.002 0.000 0.000 0.000 0.000 0.674 
45 0.011 0.061 0.179 0.000 0.003 0.176 0.427 0.014 0.000 0.000 0.000 0.000 0.000 0.000 0.000 0.000 0.002 0.000 0.000 0.000 0.000 0.667 
46 0.010 0.062 0.167 0.000 0.003 0.171 0.436 0.014 0.000 0.000 0.000 0.000 0.000 0.000 0.000 0.000 0.002 0.000 0.000 0.000 0.000 0.680 
47 0.013 0.064 0.160 0.000 0.003 0.167 0.433 0.018 0.000 0.000 0.000 0.000 0.000 0.000 0.000 0.000 0.003 0.000 0.000 0.000 0.000 0.714 
48 0.010 0.066 0.152 0.000 0.003 0.185 0.437 0.019 0.000 0.000 0.000 0.000 0.000 0.000 0.000 0.000 0.003 0.000 0.000 0.000 0.000 0.735 
49 0.010 0.061 0.154 0.000 0.006 0.187 0.442 0.021 0.000 0.000 0.000 0.000 0.000 0.000 0.000 0.000 0.003 0.000 0.000 0.000 0.000 0.726 
50 0.010 0.059 0.148 0.045 0.006 0.195 0.433 0.022 0.000 0.000 0.000 0.000 0.000 0.000 0.000 0.000 0.003 0.000 0.000 0.000 0.000 0.742 
51 0.010 0.060 0.144 0.051 0.006 0.182 0.416 0.021 0.000 0.000 0.000 0.000 0.000 0.000 0.000 0.000 0.003 0.000 0.000 0.000 0.000 0.745 
52 0.010 0.059 0.141 0.041 0.007 0.171 0.418 0.020 0.000 0.000 0.000 0.000 0.000 0.000 0.000 0.000 0.002 0.000 0.000 0.000 0.000 0.751 
53 0.010 0.061 0.133 0.045 0.007 0.156 0.409 0.022 0.000 0.000 0.000 0.000 0.000 0.000 0.000 0.000 0.003 0.000 0.000 0.000 0.000 0.763 
54 0.010 0.064 0.129 0.045 0.007 0.164 0.401 0.021 0.000 0.000 0.000 0.000 0.000 0.000 0.000 0.000 0.003 0.000 0.000 0.000 0.000 0.760 
55 0.010 0.062 0.127 0.045 0.007 0.157 0.393 0.020 0.000 0.000 0.000 0.000 0.000 0.000 0.000 0.000 0.002 0.000 0.000 0.000 0.000 0.757 
56 0.010 0.066 0.129 0.050 0.007 0.169 0.399 0.022 0.000 0.000 0.000 0.000 0.000 0.000 0.000 0.000 0.002 0.000 0.000 0.000 0.000 0.737 
57 0.010 0.066 0.137 0.047 0.007 0.164 0.394 0.024 0.000 0.000 0.000 0.000 0.000 0.000 0.000 0.000 0.002 0.000 0.000 0.000 0.000 0.729 
58 0.010 0.065 0.139 0.048 0.006 0.147 0.392 0.021 0.000 0.000 0.000 0.000 0.000 0.000 0.000 0.000 0.002 0.000 0.000 0.000 0.000 0.714 
59 0.011 0.061 0.135 0.054 0.004 0.123 0.380 0.020 0.000 0.000 0.000 0.000 0.000 0.000 0.000 0.000 0.002 0.000 0.000 0.000 0.000 0.693 
60 0.008 0.063 0.130 0.054 0.004 0.127 0.379 0.018 0.000 0.000 0.000 0.000 0.000 0.000 -nan 0.000 0.002 0.000 0.000 0.000 0.000 0.696 
61 0.008 0.065 0.134 0.054 0.004 0.116 0.393 0.014 0.000 0.000 0.000 0.000 0.000 0.000 -nan 0.000 0.004 0.000 0.000 0.000 0.000 0.677 
62 0.008 0.070 0.130 0.054 0.004 0.113 0.397 0.014 0.000 0.000 0.000 0.000 0.000 0.000 -nan 0.000 0.004 0.000 0.000 0.000 0.000 0.671 
63 0.013 0.071 0.126 0.048 0.004 0.102 0.381 0.036 0.000 0.000 0.000 0.000 0.000 0.000 -nan 0.000 0.004 0.000 0.000 0.000 0.000 0.667 
64 0.012 0.070 0.123 0.052 0.004 0.094 0.393 0.037 0.000 0.000 0.000 0.000 0.000 0.000 -nan 0.000 0.004 0.000 0.000 0.000 0.000 0.676 
65 0.012 0.073 0.161 0.052 0.004 0.094 0.387 0.041 0.000 0.000 0.000 0.000 0.000 0.000 -nan 0.000 0.004 0.000 0.000 0.000 0.000 0.683 
66 0.012 0.078 0.160 0.056 0.004 0.088 0.412 0.042 0.000 0.000 0.000 0.000 0.000 0.000 -nan 0.000 0.004 0.000 0.000 0.000 0.000 0.689 
67 0.009 0.078 0.159 0.059 0.004 0.078 0.407 0.041 0.000 0.000 0.000 0.000 0.000 0.000 -nan 0.000 0.004 0.000 0.000 0.000 0.000 0.692 
68 0.009 0.077 0.155 0.060 0.004 0.078 0.402 0.041 0.000 0.000 0.000 0.000 0.000 0.000 -nan 0.000 0.002 0.000 0.000 0.000 0.000 0.690 
69 0.009 0.080 0.151 0.060 0.004 0.080 0.405 0.041 0.000 0.000 0.000 0.000 0.000 0.000 -nan 0.000 0.002 0.000 0.000 0.000 0.000 0.691 
70 0.009 0.082 0.152 0.055 0.004 0.073 0.398 0.041 0.000 0.000 0.000 0.000 0.000 0.000 -nan 0.000 0.005 0.000 0.000 0.000 0.000 0.718 
71 0.009 0.083 0.151 0.050 0.004 0.083 0.394 0.042 0.000 0.000 0.000 0.000 0.000 0.000 -nan 0.000 0.004 0.000 0.000 0.000 0.000 0.717 
72 0.009 0.088 0.147 0.051 0.004 0.073 0.401 0.042 0.000 0.000 0.000 0.000 0.000 0.000 -nan 0.000 0.004 0.000 0.000 0.000 0.000 0.689 
73 0.008 0.094 0.152 0.055 0.004 0.074 0.404 0.039 0.000 0.000 0.000 0.000 0.000 0.000 -nan 0.000 0.004 0.000 0.000 0.000 0.000 0.684 
74 0.008 0.092 0.151 0.044 0.004 0.072 0.411 0.037 0.000 0.000 0.000 0.000 0.000 0.000 -nan 0.000 0.004 0.000 0.000 0.000 0.000 0.677 
75 0.008 0.097 0.145 0.045 0.004 0.070 0.431 0.037 0.000 0.000 0.000 0.000 0.000 0.000 -nan 0.000 0.006 0.000 0.000 0.000 0.000 0.693 
76 0.008 0.093 0.144 0.044 0.004 0.077 0.423 0.036 0.000 0.000 0.000 0.000 0.000 0.000 -nan 0.000 0.006 0.000 0.000 0.000 0.000 0.685 
77 0.016 0.094 0.146 0.043 0.004 0.075 0.378 0.032 0.000 0.000 0.000 0.000 0.000 0.000 -nan 0.000 0.006 0.000 0.000 0.000 0.000 0.691 
78 0.016 0.087 0.147 0.043 0.004 0.072 0.362 0.030 0.000 0.000 0.000 0.000 0.000 0.000 -nan 0.000 0.007 0.000 0.000 0.000 0.000 0.698 
79 0.016 0.106 0.146 0.042 0.004 0.070 0.398 0.033 0.000 0.000 0.000 0.000 0.000 0.000 -nan 0.000 0.007 0.000 0.000 0.000 0.000 0.690 
80 0.014 0.127 0.140 0.037 0.004 0.050 0.398 0.033 0.000 0.000 0.000 0.000 0.000 0.000 0.000 0.000 0.004 0.000 0.000 0.000 0.000 0.675 
81 0.016 0.126 0.144 0.032 0.000 0.067 0.388 0.032 0.000 0.000 0.000 0.000 0.000 0.000 0.000 0.000 0.005 0.000 0.000 0.000 0.000 0.691 
82 0.016 0.134 0.142 0.037 0.000 0.066 0.370 0.030 0.000 0.000 0.000 0.000 0.000 0.000 0.000 0.000 0.005 0.000 0.000 0.000 0.000 0.690 
83 0.016 0.131 0.146 0.038 0.000 0.066 0.364 0.029 0.000 0.000 0.000 0.000 0.000 0.000 0.000 0.000 0.002 0.000 0.000 0.000 0.000 0.697 
84 0.015 0.132 0.139 0.041 0.000 0.064 0.364 0.028 0.000 0.000 0.000 0.000 0.000 0.000 0.000 0.000 0.002 0.000 0.000 0.000 0.000 0.697 
85 0.017 0.132 0.136 0.063 0.000 0.065 0.379 0.027 0.000 0.000 0.000 0.000 0.000 0.000 0.000 0.000 0.002 0.000 0.000 0.000 0.000 0.688 
86 0.015 0.134 0.146 0.059 0.000 0.074 0.380 0.030 0.000 0.000 0.000 0.000 0.000 0.000 0.000 0.000 0.002 0.000 0.000 0.000 0.000 0.700 
87 0.014 0.126 0.151 0.062 0.000 0.069 0.375 0.031 0.000 0.000 0.000 0.000 0.000 0.000 0.000 0.000 0.002 0.000 0.000 0.000 0.000 0.706 
88 0.014 0.122 0.152 0.068 0.000 0.090 0.375 0.029 0.000 0.000 0.000 0.000 0.000 0.000 0.000 0.000 0.002 0.000 0.000 0.000 0.000 0.710 
89 0.012 0.120 0.149 0.072 0.000 0.082 0.344 0.088 0.000 0.000 0.000 0.000 0.000 0.000 0.000 0.000 0.002 0.000 0.000 0.000 0.000 0.720 
90 0.012 0.128 0.140 0.078 0.000 0.089 0.348 0.088 0.000 0.000 0.000 0.000 0.000 0.000 0.000 0.000 0.002 0.000 0.000 0.000 0.000 0.731 
91 0.013 0.125 0.148 0.074 0.000 0.104 0.346 0.085 0.000 0.000 0.000 0.000 0.000 0.000 0.000 0.000 0.002 0.000 0.000 0.000 0.000 0.722 
92 0.014 0.127 0.150 0.070 0.000 0.097 0.356 0.099 0.000 0.000 0.000 0.000 0.000 0.000 0.000 0.000 0.003 0.000 0.000 0.000 0.000 0.742 
93 0.019 0.117 0.156 0.067 0.000 0.097 0.346 0.103 0.000 0.000 0.000 0.000 0.000 0.000 0.000 0.000 0.003 0.000 0.000 0.000 0.000 0.761 
94 0.018 0.124 0.164 0.069 0.000 0.140 0.327 0.111 0.000 0.000 0.000 0.000 0.000 0.000 0.000 0.000 0.003 0.000 0.000 0.000 0.000 0.760 
95 0.018 0.121 0.168 0.065 0.000 0.126 0.338 0.108 0.000 0.000 0.000 0.000 0.000 0.000 0.000 0.000 0.002 0.000 0.000 0.000 0.000 0.742 
96 0.017 0.126 0.163 0.061 0.000 0.124 0.341 0.119 0.000 0.000 0.000 0.000 0.000 0.000 0.000 0.000 0.002 0.000 0.000 0.000 0.000 0.723 
97 0.017 0.125 0.164 0.062 0.000 0.128 0.343 0.116 0.000 0.000 0.000 0.000 0.000 0.000 0.000 0.000 0.002 0.000 0.000 0.000 0.000 0.707 
98 0.016 0.120 0.163 0.061 0.000 0.126 0.333 0.114 0.000 0.000 0.000 0.000 0.000 0.000 0.000 0.000 0.002 0.000 0.000 0.000 0.000 0.727 
99 0.016 0.113 0.160 0.058 0.000 0.132 0.333 0.114 0.000 0.000 0.000 0.000 0.000 0.000 0.000 0.000 0.002 0.000 0.000 0.000 0.000 0.719 
100 0.016 0.102 0.163 0.063 0.000 0.123 0.322 0.116 0.000 0.000 0.000 0.000 0.000 0.000 0.000 0.000 0.002 0.000 0.000 0.000 0.000 0.705 
101 0.017 0.099 0.156 0.066 0.000 0.122 0.323 0.122 0.000 0.000 0.000 0.000 0.000 0.000 0.000 0.000 0.002 0.000 0.000 0.000 0.000 0.690 
102 0.017 0.099 0.157 0.065 0.000 0.123 0.329 0.118 0.000 0.000 0.000 0.000 0.000 0.000 0.000 0.000 0.002 0.000 0.000 0.000 0.000 0.703 
103 0.018 0.096 0.158 0.068 0.003 0.109 0.316 0.118 0.000 0.000 0.000 0.000 0.000 0.000 0.000 0.000 0.002 0.000 0.000 0.000 0.000 0.690 
104 0.021 0.100 0.156 0.068 0.015 0.107 0.316 0.111 0.000 0.000 0.000 0.000 0.000 0.000 0.000 0.000 0.002 0.000 0.000 0.000 0.000 0.696 
105 0.021 0.133 0.152 0.073 0.025 0.101 0.325 0.110 0.000 0.000 0.000 0.000 0.000 0.000 0.000 0.000 0.002 0.000 0.000 0.000 0.000 0.666 
106 0.019 0.138 0.157 0.074 0.025 0.111 0.317 0.109 0.000 0.000 0.000 0.000 0.000 0.000 0.000 0.000 0.002 0.000 0.000 0.000 0.000 0.677 
107 0.017 0.143 0.158 0.071 0.022 0.109 0.307 0.104 0.000 0.000 0.000 0.000 0.000 0.000 0.000 0.000 0.002 0.000 0.000 0.000 0.000 0.669 
108 0.016 0.139 0.144 0.077 0.023 0.170 0.303 0.101 0.000 0.000 0.000 0.000 0.000 0.000 0.000 0.000 0.023 0.000 0.000 0.000 0.000 0.670 
109 0.014 0.139 0.139 0.081 0.022 0.173 0.279 0.117 0.000 0.000 0.000 0.000 0.000 0.000 0.000 0.000 0.023 0.000 0.000 0.000 0.000 0.661 
110 0.012 0.154 0.141 0.082 0.022 0.159 0.289 0.111 0.000 0.000 0.000 0.000 0.000 0.000 0.000 0.000 0.027 0.000 0.000 0.000 0.000 0.661 
111 0.012 0.153 0.141 0.082 0.025 0.158 0.285 0.109 0.000 0.000 0.000 0.000 0.000 0.000 0.000 0.000 0.022 0.000 0.000 0.000 0.000 0.691 
112 0.012 0.149 0.145 0.085 0.025 0.162 0.282 0.107 0.000 0.000 0.000 0.000 0.000 0.000 0.000 0.000 0.022 0.000 0.000 0.000 0.000 0.700 
113 0.012 0.146 0.146 0.092 0.027 0.169 0.290 0.112 0.000 0.000 0.000 0.000 0.000 0.000 0.000 0.000 0.022 0.000 0.000 0.000 0.000 0.707 
114 0.012 0.144 0.143 0.093 0.039 0.173 0.308 0.117 0.000 0.000 0.000 0.000 0.000 0.000 0.000 0.000 0.022 0.000 0.000 0.000 0.000 0.707 
115 0.019 0.135 0.144 0.091 0.037 0.180 0.299 0.117 0.000 0.000 0.000 0.000 0.000 0.000 0.000 0.000 0.024 0.000 0.000 0.000 0.000 0.715 
116 0.017 0.129 0.144 0.090 0.033 0.183 0.293 0.113 0.000 0.000 0.000 0.000 0.000 0.000 0.000 0.000 0.031 0.000 0.000 0.000 0.000 0.704 
117 0.021 0.124 0.151 0.089 0.037 0.163 0.302 0.118 0.000 0.000 0.000 0.000 0.000 0.000 0.000 0.000 0.030 0.000 0.000 0.000 0.000 0.704 
118 0.022 0.120 0.149 0.087 0.041 0.169 0.291 0.113 0.000 0.000 0.000 0.000 0.000 0.000 0.000 0.000 0.030 0.000 0.000 0.000 0.000 0.694 
119 0.022 0.118 0.156 0.088 0.038 0.168 0.284 0.113 0.000 0.000 0.000 0.000 0.000 0.000 0.000 0.000 0.030 0.000 0.000 0.000 0.000 0.700 
120 0.028 0.117 0.154 0.085 0.036 0.158 0.272 0.113 0.000 0.000 0.000 0.000 0.000 0.000 0.000 0.000 0.029 0.000 0.000 0.000 0.000 0.685 
121 0.028 0.103 0.158 0.084 0.062 0.161 0.269 0.167 0.000 0.000 0.000 0.000 0.000 0.000 0.000 0.000 0.030 0.000 0.000 0.000 0.000 0.666 
122 0.028 0.109 0.162 0.090 0.055 0.161 0.276 0.168 0.000 0.000 0.000 0.000 0.000 0.000 0.000 0.000 0.026 0.000 0.000 0.000 0.000 0.675 
123 0.029 0.102 0.179 0.084 0.054 0.153 0.280 0.172 0.000 0.000 0.000 0.000 0.000 0.000 0.000 0.000 0.025 0.000 0.000 0.000 0.000 0.693 
124 0.035 0.104 0.178 0.072 0.051 0.149 0.268 0.178 0.000 0.000 0.000 0.000 0.000 0.000 0.000 0.000 0.023 0.000 0.000 0.000 0.000 0.691 
125 0.033 0.098 0.178 0.067 0.055 0.149 0.262 0.178 0.000 0.000 0.000 0.000 0.000 0.000 0.000 0.000 0.023 0.000 0.000 0.000 0.000 0.693 
126 0.033 0.097 0.178 0.067 0.049 0.153 0.254 0.175 0.006 0.000 0.000 0.000 0.000 0.000 0.000 0.000 0.021 0.003 0.000 0.000 0.000 0.702 
127 0.031 0.101 0.177 0.063 0.048 0.141 0.257 0.179 0.006 0.000 0.000 0.000 0.000 0.000 0.000 0.000 0.021 0.003 0.000 0.000 0.000 0.713 
128 0.031 0.104 0.170 0.062 0.047 0.138 0.273 0.178 0.006 0.000 0.000 0.000 0.000 0.000 0.000 0.000 0.020 0.000 0.003 0.000 0.000 0.722 
129 0.029 0.102 0.164 0.066 0.052 0.133 0.274 0.179 0.007 0.000 0.000 0.000 0.000 0.000 0.000 0.000 0.023 0.000 0.003 0.000 0.000 0.712 
130 0.031 0.094 0.157 0.075 0.053 0.141 0.263 0.179 0.006 0.000 0.000 0.000 0.000 0.000 0.000 0.000 0.026 0.000 0.003 0.000 0.000 0.705 
131 0.030 0.087 0.160 0.076 0.053 0.139 0.272 0.178 0.006 0.000 0.000 0.000 0.000 0.000 0.000 0.000 0.026 0.000 0.003 0.000 0.000 0.691 
132 0.029 0.099 0.156 0.077 0.034 0.154 0.270 0.173 0.007 0.000 0.000 0.000 0.000 0.000 0.000 0.000 0.027 0.000 0.003 0.000 0.000 0.689 
133 0.028 0.114 0.147 0.074 0.034 0.158 0.262 0.180 0.007 0.000 0.000 0.000 0.000 0.000 0.000 0.000 0.026 0.000 0.000 0.000 0.000 0.685 
134 0.028 0.113 0.140 0.076 0.039 0.167 0.269 0.183 0.007 0.000 0.000 0.000 0.000 0.000 0.000 0.000 0.024 0.000 0.000 0.000 0.000 0.700 
135 0.026 0.114 0.148 0.075 0.038 0.159 0.259 0.182 0.007 0.000 0.000 0.000 0.000 0.000 0.000 0.000 0.023 0.000 0.000 0.000 0.000 0.679 
136 0.035 0.109 0.145 0.085 0.040 0.154 0.259 0.181 0.007 0.000 0.000 0.000 0.000 0.000 0.000 0.000 0.022 0.000 0.002 0.000 0.000 0.694 
137 0.033 0.110 0.148 0.088 0.040 0.157 0.256 0.180 0.014 0.000 0.000 0.000 0.000 0.000 0.000 0.000 0.025 0.000 0.002 0.000 0.000 0.697 
138 0.032 0.112 0.145 0.085 0.048 0.165 0.250 0.174 0.014 0.000 0.000 0.000 0.000 0.000 0.000 0.000 0.022 0.000 0.002 0.000 0.000 0.694 
139 0.034 0.115 0.141 0.100 0.051 0.167 0.257 0.192 0.007 0.000 0.000 0.000 0.000 0.000 0.000 0.000 0.015 0.000 0.002 0.000 0.000 0.692 
140 0.030 0.113 0.140 0.103 0.051 0.185 0.248 0.187 0.007 0.000 0.000 0.000 0.000 0.000 0.000 0.000 0.036 0.000 0.002 0.000 0.000 0.708 
141 0.032 0.115 0.149 0.097 0.051 0.186 0.255 0.183 0.007 0.000 0.000 0.000 0.000 0.000 0.000 0.000 0.040 0.000 0.000 0.000 0.000 0.716 
142 0.032 0.115 0.146 0.096 0.048 0.189 0.261 0.183 0.007 0.000 0.000 0.000 0.000 0.000 0.000 0.000 0.035 0.000 0.000 0.000 0.000 0.728 
143 0.040 0.110 0.138 0.096 0.047 0.207 0.232 0.188 0.015 0.000 0.000 0.000 0.000 0.000 0.000 0.000 0.034 0.000 0.000 0.000 0.000 0.728 
144 0.040 0.123 0.144 0.104 0.047 0.200 0.238 0.176 0.016 0.000 0.000 0.000 0.000 0.000 0.000 0.000 0.034 0.000 0.000 0.000 0.000 0.718 
145 0.038 0.118 0.137 0.102 0.046 0.198 0.240 0.175 0.016 0.000 0.000 0.000 0.000 0.000 0.000 0.000 0.039 0.000 0.000 0.000 0.000 0.710 
146 0.038 0.128 0.130 0.104 0.045 0.215 0.221 0.167 0.015 0.000 0.000 0.000 0.000 0.000 0.000 0.000 0.045 0.000 0.000 0.000 0.000 0.709 
147 0.040 0.124 0.129 0.105 0.048 0.198 0.216 0.166 0.015 0.000 0.000 0.000 0.000 0.000 0.000 0.000 0.055 0.000 0.000 0.000 0.000 0.719 
148 0.039 0.137 0.126 0.111 0.056 0.193 0.222 0.171 0.015 0.000 0.000 0.000 0.000 0.000 0.000 0.000 0.050 0.000 0.000 0.000 0.000 0.689 
149 0.043 0.141 0.121 0.117 0.056 0.189 0.213 0.176 0.014 0.000 0.000 0.000 0.000 0.000 0.000 0.000 0.048 0.000 0.000 0.000 0.000 0.701 
150 0.042 0.141 0.117 0.114 0.056 0.192 0.227 0.171 0.014 0.000 0.000 0.000 0.000 0.000 0.000 0.000 0.046 0.000 0.000 0.000 0.000 0.700 
151 0.043 0.139 0.114 0.117 0.053 0.198 0.215 0.181 0.014 0.000 0.000 0.000 0.000 0.000 0.000 0.002 0.051 0.000 0.000 0.000 0.000 0.697 
152 0.043 0.147 0.116 0.114 0.068 0.189 0.224 0.179 0.013 0.000 0.000 0.000 0.000 0.000 0.000 0.002 0.048 0.000 0.000 0.000 0.000 0.700 
153 0.042 0.144 0.119 0.123 0.067 0.189 0.234 0.181 0.013 0.000 0.000 0.000 0.000 0.000 0.000 0.002 0.045 0.000 0.000 0.000 0.000 0.699 
154 0.039 0.143 0.126 0.121 0.064 0.193 0.237 0.182 0.012 0.000 0.000 0.000 0.000 0.000 0.000 0.002 0.045 0.000 0.000 0.000 0.000 0.697 
155 0.046 0.129 0.136 0.120 0.065 0.205 0.247 0.177 0.013 0.000 0.000 0.000 0.000 0.000 0.000 0.002 0.041 0.000 0.000 0.000 0.000 0.722 
156 0.046 0.140 0.130 0.112 0.066 0.208 0.261 0.179 0.013 0.000 0.000 0.000 0.000 0.000 0.000 0.001 0.041 0.000 0.000 0.000 0.000 0.712 
157 0.049 0.140 0.127 0.107 0.066 0.211 0.248 0.182 0.013 0.000 0.000 0.000 0.000 0.000 0.000 0.002 0.040 0.000 0.000 0.000 0.000 0.724 
158 0.047 0.142 0.123 0.100 0.065 0.206 0.249 0.179 0.013 0.000 0.000 0.000 0.000 0.000 0.000 0.002 0.047 0.000 0.000 0.000 0.000 0.718 
159 0.044 0.138 0.115 0.102 0.064 0.200 0.249 0.173 0.013 0.000 0.000 0.000 0.000 0.000 0.000 0.002 0.043 0.005 0.000 0.000 0.000 0.737 
160 0.044 0.137 0.109 0.110 0.065 0.199 0.253 0.171 0.014 0.000 0.000 0.000 0.000 0.000 0.000 0.002 0.044 0.005 0.000 0.000 0.000 0.721 
161 0.043 0.137 0.110 0.110 0.068 0.199 0.251 0.173 0.014 0.000 0.000 0.000 0.000 0.000 0.000 0.002 0.046 0.005 0.000 0.000 0.000 0.715 
162 0.040 0.133 0.110 0.115 0.066 0.182 0.264 0.171 0.020 0.000 0.000 0.000 0.000 0.000 0.000 0.001 0.044 0.005 0.000 0.000 0.000 0.703 
163 0.042 0.131 0.112 0.111 0.066 0.201 0.261 0.173 0.021 0.000 0.000 0.000 0.000 0.000 0.000 0.000 0.040 0.005 0.000 0.000 0.000 0.699 
164 0.038 0.131 0.112 0.115 0.068 0.201 0.261 0.173 0.021 0.000 0.000 0.000 0.000 0.000 0.000 0.000 0.040 0.002 0.000 0.000 0.000 0.693 
165 0.037 0.128 0.109 0.122 0.064 0.206 0.331 0.172 0.021 0.000 0.000 0.000 0.000 0.000 0.000 0.000 0.038 0.002 0.000 0.000 0.000 0.670 
166 0.037 0.131 0.108 0.117 0.062 0.197 0.348 0.181 0.020 0.000 0.000 0.000 0.000 0.000 0.000 0.000 0.033 0.008 0.008 0.000 0.000 0.654 
167 0.037 0.133 0.113 0.116 0.064 0.197 0.345 0.183 0.019 0.000 0.000 0.000 0.000 0.000 0.000 0.000 0.036 0.008 0.008 0.000 0.000 0.673 
168 0.041 0.127 0.113 0.118 0.069 0.197 0.330 0.181 0.018 0.000 0.000 0.000 0.000 0.000 0.000 0.000 0.042 0.008 0.011 0.000 0.000 0.678 
169 0.043 0.126 0.119 0.114 0.068 0.195 0.324 0.176 0.019 0.000 0.000 0.000 0.000 0.000 0.000 0.000 0.044 0.009 0.011 0.000 0.000 0.688 
170 0.044 0.123 0.111 0.112 0.062 0.207 0.284 0.195 0.019 0.000 0.000 0.000 0.000 0.000 0.000 0.000 0.038 0.009 0.011 0.000 0.000 0.708 
171 0.049 0.121 0.116 0.109 0.061 0.225 0.272 0.190 0.019 0.000 0.000 0.000 0.000 0.000 0.000 0.000 0.032 0.012 0.011 0.000 0.000 0.715 
172 0.049 0.126 0.115 0.106 0.062 0.230 0.287 0.192 0.019 0.000 0.000 0.000 0.000 0.000 0.000 0.000 0.033 0.013 0.012 0.000 0.000 0.716 
173 0.045 0.128 0.114 0.102 0.064 0.228 0.294 0.180 0.019 0.000 0.000 0.000 0.000 0.000 0.000 0.000 0.034 0.013 0.009 0.000 0.000 0.717 
174 0.044 0.123 0.116 0.104 0.064 0.228 0.278 0.182 0.026 0.000 0.000 0.000 0.000 0.000 0.000 0.000 0.042 0.011 0.009 0.000 0.000 0.719 
175 0.043 0.125 0.113 0.098 0.074 0.220 0.274 0.182 0.025 0.000 0.000 0.000 0.000 0.000 0.000 0.000 0.041 0.011 0.006 0.000 0.000 0.710 
176 0.040 0.126 0.106 0.097 0.073 0.204 0.271 0.177 0.025 0.000 0.000 0.000 0.000 0.000 0.000 0.000 0.039 0.007 0.006 0.000 0.000 0.718 
177 0.046 0.124 0.103 0.096 0.079 0.194 0.274 0.178 0.025 0.000 0.000 0.000 0.000 0.000 0.000 0.000 0.038 0.007 0.009 0.000 0.000 0.703 
178 0.055 0.115 0.111 0.098 0.079 0.201 0.285 0.195 0.025 0.000 0.000 0.000 0.000 0.000 0.000 0.000 0.039 0.007 0.009 0.000 0.000 0.678 
179 0.054 0.117 0.116 0.104 0.077 0.232 0.297 0.187 0.023 0.000 0.000 0.000 0.000 0.000 0.000 0.000 0.040 0.007 0.009 0.000 0.000 0.691 
180 0.054 0.119 0.116 0.110 0.081 0.230 0.299 0.181 0.017 0.000 0.000 0.000 0.000 0.000 0.000 0.000 0.041 0.007 0.007 0.000 0.000 0.685 
181 0.054 0.114 0.119 0.107 0.080 0.230 0.315 0.175 0.018 0.000 0.000 0.000 0.000 0.000 0.000 0.001 0.045 0.007 0.007 0.000 0.000 0.688 
182 0.050 0.111 0.123 0.104 0.075 0.221 0.315 0.173 0.012 0.000 0.000 0.000 0.000 0.000 0.000 0.000 0.047 0.007 0.007 0.000 0.000 0.690 
183 0.050 0.106 0.125 0.105 0.078 0.225 0.310 0.168 0.011 0.000 0.000 0.000 0.000 0.000 0.000 0.000 0.046 0.004 0.004 0.000 0.000 0.706 
184 0.051 0.103 0.128 0.105 0.080 0.243 0.291 0.170 0.012 0.000 0.000 0.000 0.000 0.000 0.000 0.000 0.043 0.004 0.004 0.000 0.000 0.711 
185 0.050 0.106 0.127 0.095 0.085 0.228 0.299 0.161 0.012 0.000 0.000 0.000 0.000 0.000 0.000 0.000 0.057 0.004 0.007 0.000 0.000 0.717 
186 0.050 0.105 0.134 0.089 0.082 0.229 0.291 0.174 0.013 0.000 0.000 0.000 0.000 0.000 0.000 0.000 0.060 0.004 0.007 0.000 0.000 0.704 
187 0.055 0.104 0.132 0.098 0.080 0.258 0.279 0.175 0.013 0.000 0.000 0.000 0.000 0.000 0.000 0.000 0.061 0.005 0.007 0.000 0.000 0.694 
188 0.053 0.101 0.137 0.097 0.079 0.271 0.274 0.165 0.013 0.000 0.000 0.000 0.000 0.000 0.000 0.000 0.065 0.002 0.007 0.000 0.000 0.705 
189 0.054 0.101 0.138 0.093 0.072 0.291 0.274 0.163 0.013 0.000 0.000 0.000 0.000 0.000 0.000 0.000 0.063 0.000 0.007 0.000 0.000 0.706 
190 0.056 0.093 0.141 0.090 0.076 0.287 0.267 0.170 0.014 0.000 0.000 0.000 0.000 0.000 0.000 0.000 0.059 0.000 0.007 0.000 0.000 0.702 
191 0.060 0.098 0.140 0.090 0.077 0.271 0.304 0.175 0.013 0.000 0.000 0.000 0.000 0.000 0.000 0.000 0.058 0.000 0.014 0.000 0.000 0.701 
192 0.063 0.100 0.144 0.087 0.074 0.273 0.290 0.184 0.011 0.000 0.000 0.000 0.000 0.000 0.000 0.000 0.054 0.000 0.016 0.000 0.000 0.708 
193 0.063 0.098 0.136 0.091 0.072 0.278 0.294 0.215 0.012 0.000 0.000 0.000 0.000 0.000 0.000 0.000 0.058 0.000 0.016 0.000 0.000 0.692 
194 0.064 0.098 0.132 0.095 0.073 0.276 0.299 0.223 0.012 0.000 0.000 0.000 0.000 0.000 0.000 0.000 0.065 0.000 0.016 0.000 0.000 0.688 
195 0.069 0.099 0.128 0.098 0.074 0.286 0.301 0.223 0.012 0.000 0.000 0.000 0.000 0.000 0.000 0.000 0.068 0.000 0.018 0.000 0.000 0.699 
196 0.066 0.109 0.116 0.103 0.072 0.285 0.300 0.219 0.038 0.000 0.000 0.000 0.000 0.000 0.000 0.000 0.069 0.000 0.014 0.000 0.000 0.700 
197 0.067 0.112 0.116 0.105 0.068 0.277 0.296 0.222 0.038 0.000 0.000 0.000 0.000 0.000 0.000 0.000 0.064 0.000 0.014 0.000 0.000 0.685 
198 0.066 0.114 0.111 0.106 0.066 0.276 0.289 0.217 0.031 0.000 0.000 0.000 0.000 0.000 0.000 0.000 0.065 0.002 0.014 0.000 0.000 0.697 
199 0.064 0.118 0.109 0.105 0.061 0.283 0.278 0.221 0.030 0.000 0.000 0.000 0.000 0.000 0.000 0.000 0.063 0.002 0.014 0.000 0.000 0.704 
200 0.063 0.120 0.111 0.108 0.062 0.303 0.265 0.219 0.030 0.000 0.000 0.000 0.000 0.000 0.000 0.000 0.077 0.002 0.015 0.000 0.000 0.704 
201 0.065 0.119 0.110 0.112 0.061 0.304 0.259 0.221 0.018 0.000 0.000 0.000 0.000 0.000 0.000 0.000 0.078 0.002 0.012 0.000 0.000 0.727 
202 0.066 0.118 0.106 0.108 0.063 0.298 0.268 0.214 0.018 0.000 0.000 0.000 0.000 0.000 0.000 0.000 0.077 0.004 0.012 0.000 0.000 0.706 
203 0.066 0.120 0.101 0.108 0.064 0.296 0.280 0.204 0.018 0.000 0.000 0.000 0.000 0.000 0.000 0.000 0.089 0.005 0.012 0.000 0.000 0.705 
204 0.064 0.120 0.105 0.102 0.066 0.293 0.278 0.208 0.012 0.000 0.000 0.000 0.000 0.000 0.000 0.000 0.089 0.005 0.011 0.000 0.000 0.715 
205 0.065 0.116 0.111 0.096 0.067 0.288 0.307 0.223 0.013 0.000 0.000 0.000 0.000 0.000 0.000 0.000 0.090 0.005 0.011 0.000 0.000 0.711 
206 0.067 0.120 0.106 0.096 0.070 0.293 0.297 0.219 0.012 0.000 0.000 0.000 0.000 0.000 0.000 0.000 0.088 0.005 0.011 0.000 0.000 0.724 
207 0.072 0.121 0.101 0.092 0.067 0.308 0.295 0.223 0.012 0.000 0.000 0.000 0.000 0.000 0.000 0.000 0.087 0.005 0.009 0.000 0.000 0.729 
208 0.074 0.125 0.100 0.096 0.065 0.320 0.290 0.215 0.012 0.000 0.000 0.000 0.000 0.000 0.000 0.000 0.083 0.005 0.016 0.000 0.000 0.732 
209 0.076 0.122 0.104 0.096 0.069 0.316 0.286 0.211 0.012 0.000 0.000 0.000 0.000 0.000 0.000 0.000 0.086 0.005 0.018 0.000 0.000 0.748 
210 0.075 0.123 0.106 0.094 0.072 0.345 0.274 0.204 0.067 0.000 0.000 0.000 0.000 0.000 0.000 0.000 0.088 0.005 0.019 0.000 0.000 0.732 
211 0.070 0.124 0.106 0.091 0.072 0.349 0.274 0.205 0.074 0.000 0.000 0.000 0.000 0.000 0.000 0.000 0.087 0.005 0.019 0.000 0.000 0.721 
212 0.069 0.128 0.115 0.089 0.072 0.349 0.259 0.208 0.074 0.000 0.000 0.000 0.000 0.000 0.000 0.000 0.078 0.011 0.020 0.000 0.000 0.717 
213 0.070 0.129 0.113 0.087 0.077 0.353 0.274 0.207 0.074 0.000 0.000 0.000 0.000 0.000 0.000 0.000 0.077 0.011 0.020 0.000 0.000 0.722 
214 0.067 0.127 0.115 0.088 0.082 0.347 0.267 0.210 0.068 0.000 0.000 0.000 0.000 0.000 0.000 0.000 0.076 0.013 0.019 0.000 0.000 0.702 
215 0.066 0.127 0.113 0.086 0.084 0.349 0.262 0.204 0.073 0.000 0.000 0.000 0.000 0.000 0.000 0.000 0.080 0.011 0.017 0.000 0.000 0.695 
216 0.065 0.126 0.117 0.088 0.077 0.344 0.255 0.208 0.068 0.000 0.000 0.000 0.000 0.000 0.000 0.000 0.077 0.011 0.017 0.000 0.000 0.689 
217 0.062 0.122 0.113 0.093 0.082 0.362 0.262 0.207 0.065 0.000 0.000 0.000 0.000 0.000 0.000 0.000 0.082 0.009 0.013 0.000 0.000 0.694 
218 0.064 0.126 0.118 0.093 0.082 0.342 0.268 0.209 0.053 0.000 0.000 0.000 0.000 0.000 0.000 0.000 0.082 0.009 0.013 0.000 0.000 0.702 
219 0.054 0.127 0.125 0.096 0.084 0.353 0.271 0.205 0.053 0.000 0.000 0.000 0.000 0.000 0.000 0.000 0.078 0.011 0.015 0.000 0.000 0.683 
220 0.056 0.127 0.129 0.096 0.086 0.347 0.272 0.211 0.059 0.000 0.000 0.000 0.000 0.000 0.000 0.000 0.080 0.011 0.015 0.000 0.000 0.675 
221 0.058 0.134 0.128 0.095 0.086 0.353 0.274 0.214 0.055 0.000 0.000 0.000 0.000 0.000 0.000 0.000 0.081 0.008 0.016 0.000 0.000 0.696 
222 0.057 0.134 0.129 0.104 0.088 0.371 0.274 0.209 0.060 0.000 0.000 0.000 0.000 0.000 0.000 0.000 0.095 0.008 0.016 0.000 0.000 0.688 
223 0.054 0.130 0.137 0.102 0.084 0.354 0.276 0.206 0.062 0.000 0.000 0.000 0.000 0.000 0.000 0.000 0.099 0.008 0.019 0.000 0.000 0.699 
224 0.051 0.126 0.143 0.107 0.081 0.371 0.272 0.212 0.059 0.000 0.000 0.000 0.000 0.000 0.000 0.000 0.107 0.004 0.014 0.001 0.000 0.692 
225 0.047 0.120 0.142 0.103 0.079 0.375 0.276 0.206 0.049 0.000 0.000 0.000 0.000 0.000 0.000 0.000 0.117 0.002 0.013 0.001 0.000 0.695 
226 0.054 0.116 0.130 0.098 0.085 0.382 0.282 0.205 0.042 0.000 0.000 0.000 0.000 0.000 0.000 0.000 0.112 0.002 0.011 0.001 0.000 0.704 
227 0.060 0.115 0.123 0.098 0.086 0.389 0.274 0.208 0.042 0.004 0.000 0.000 0.000 0.000 0.000 0.000 0.110 0.002 0.011 0.001 0.000 0.701 
228 0.065 0.109 0.120 0.097 0.092 0.378 0.280 0.212 0.043 0.014 0.000 0.000 0.000 0.000 0.000 0.000 0.114 0.002 0.011 0.001 0.000 0.692 
229 0.067 0.105 0.118 0.103 0.098 0.375 0.288 0.217 0.043 0.014 0.000 0.000 0.000 0.000 0.000 0.000 0.109 0.002 0.009 0.001 0.000 0.703 
230 0.064 0.111 0.118 0.105 0.091 0.385 0.288 0.219 0.037 0.014 0.000 0.000 0.000 0.000 0.000 0.000 0.108 0.005 0.008 0.000 0.000 0.713 
231 0.062 0.109 0.126 0.108 0.091 0.383 0.289 0.221 0.036 0.014 0.000 0.000 0.000 0.000 0.000 0.000 0.102 0.007 0.008 0.000 0.000 0.718 
232 0.063 0.110 0.126 0.112 0.087 0.371 0.285 0.226 0.032 0.010 0.000 0.000 0.000 0.000 0.000 0.005 0.086 0.007 0.008 0.000 0.000 0.728 
233 0.064 0.111 0.122 0.115 0.081 0.359 0.290 0.221 0.031 0.007 0.000 0.000 0.000 0.000 0.000 0.005 0.086 0.007 0.003 0.000 0.000 0.711 
234 0.064 0.111 0.121 0.119 0.077 0.351 0.283 0.218 0.030 0.007 0.000 0.000 0.000 0.000 0.000 0.008 0.084 0.014 0.003 0.000 0.000 0.716 
235 0.068 0.112 0.115 0.118 0.077 0.356 0.279 0.219 0.028 0.008 0.000 0.000 0.000 0.000 0.000 0.008 0.082 0.013 0.003 0.000 0.000 0.701 
236 0.069 0.114 0.125 0.115 0.074 0.360 0.288 0.212 0.067 0.007 0.000 0.000 0.000 0.000 0.000 0.008 0.081 0.019 0.003 0.000 0.000 0.720 
237 0.068 0.111 0.130 0.110 0.074 0.367 0.279 0.209 0.060 0.008 0.000 0.000 0.000 0.000 0.000 0.011 0.080 0.020 0.000 0.001 0.000 0.704 
238 0.068 0.112 0.137 0.105 0.072 0.361 0.268 0.202 0.059 0.008 0.000 0.000 0.000 0.000 0.000 0.011 0.095 0.019 0.000 0.001 0.000 0.715 
239 0.072 0.109 0.128 0.103 0.076 0.351 0.282 0.200 0.079 0.000 0.000 0.000 0.000 0.000 0.000 0.011 0.112 0.015 0.016 0.000 0.000 0.727 
240 0.073 0.109 0.128 0.101 0.081 0.350 0.285 0.187 0.077 0.000 0.000 0.000 0.000 0.000 0.000 0.009 0.108 0.017 0.016 0.001 0.000 0.724 
241 0.076 0.108 0.132 0.099 0.087 0.344 0.278 0.188 0.078 0.000 0.000 0.000 0.000 0.000 0.000 0.011 0.104 0.012 0.016 0.001 0.000 0.726 
242 0.073 0.119 0.140 0.091 0.091 0.345 0.272 0.184 0.071 0.000 0.000 0.000 0.000 0.000 0.000 0.013 0.099 0.010 0.058 0.001 0.000 0.722 
243 0.073 0.114 0.150 0.096 0.113 0.329 0.270 0.193 0.068 0.000 0.000 0.000 0.000 0.000 0.000 0.013 0.100 0.010 0.058 0.001 0.000 0.721 
244 0.065 0.117 0.156 0.091 0.111 0.320 0.269 0.198 0.059 0.000 0.000 0.000 0.000 0.000 0.000 0.012 0.088 0.016 0.068 0.001 0.000 0.707 
245 0.069 0.118 0.146 0.089 0.109 0.329 0.263 0.197 0.065 0.000 0.000 0.000 0.000 0.000 0.000 0.012 0.096 0.015 0.068 0.001 0.000 0.693 
246 0.072 0.118 0.144 0.092 0.107 0.325 0.267 0.208 0.064 0.000 0.000 0.000 0.000 0.000 0.000 0.012 0.097 0.013 0.067 0.001 0.000 0.692 
247 0.079 0.118 0.135 0.097 0.108 0.329 0.280 0.205 0.060 0.000 0.000 0.000 0.000 0.000 0.000 0.011 0.096 0.014 0.061 0.001 0.000 0.689 
248 0.082 0.117 0.135 0.099 0.113 0.329 0.282 0.210 0.044 0.000 0.000 0.000 0.000 0.000 0.000 0.011 0.092 0.014 0.058 0.001 0.000 0.695 
249 0.076 0.122 0.142 0.098 0.105 0.338 0.288 0.214 0.049 0.000 0.000 0.000 0.000 0.000 0.000 0.011 0.097 0.019 0.062 0.002 0.000 0.693 
250 0.075 0.127 0.149 0.097 0.106 0.366 0.299 0.211 0.046 0.000 0.000 0.000 0.000 0.000 0.000 0.010 0.096 0.023 0.063 0.002 0.000 0.688 
251 0.073 0.121 0.155 0.096 0.104 0.370 0.298 0.211 0.042 0.000 0.000 0.000 0.000 0.000 0.000 0.010 0.096 0.024 0.065 0.001 0.000 0.673 
252 0.074 0.116 0.154 0.097 0.108 0.366 0.295 0.199 0.038 0.000 0.000 0.000 0.000 0.000 0.000 0.012 0.117 0.029 0.062 0.001 0.000 0.678 
253 0.072 0.115 0.150 0.110 0.106 0.363 0.291 0.192 0.096 0.000 0.000 0.000 0.000 0.000 0.000 0.010 0.114 0.027 0.057 0.001 0.000 0.677 
254 0.074 0.118 0.146 0.102 0.111 0.356 0.286 0.192 0.095 0.000 0.000 0.000 0.000 0.000 0.000 0.011 0.121 0.027 0.057 0.001 0.000 0.678 
255 0.074 0.115 0.145 0.101 0.113 0.349 0.286 0.191 0.114 0.000 0.000 0.000 0.000 0.000 0.000 0.010 0.121 0.024 0.064 0.001 0.000 0.704 
256 0.076 0.117 0.149 0.103 0.104 0.345 0.272 0.199 0.112 0.000 0.000 0.000 0.000 0.000 0.000 0.010 0.119 0.028 0.054 0.001 0.000 0.691 
257 0.073 0.111 0.151 0.101 0.110 0.338 0.281 0.185 0.151 0.000 0.000 0.000 0.000 0.000 0.000 0.012 0.119 0.028 0.051 0.002 0.000 0.691 
258 0.073 0.116 0.150 0.093 0.109 0.329 0.279 0.193 0.139 0.000 0.000 0.000 0.000 0.000 0.000 0.011 0.119 0.028 0.049 0.002 0.000 0.699 
259 0.072 0.121 0.141 0.092 0.107 0.332 0.275 0.194 0.141 0.000 0.000 0.000 0.000 0.000 0.000 0.011 0.122 0.026 0.044 0.001 0.000 0.707 
260 0.071 0.121 0.143 0.081 0.113 0.322 0.271 0.186 0.143 0.000 0.000 0.000 0.000 0.000 0.000 0.010 0.123 0.023 0.044 0.003 0.000 0.718 
261 0.070 0.120 0.145 0.088 0.112 0.319 0.257 0.192 0.145 0.000 0.000 0.000 0.000 0.000 0.000 0.007 0.122 0.025 0.042 0.002 0.000 0.706 
262 0.075 0.114 0.139 0.086 0.117 0.316 0.256 0.183 0.146 0.000 0.000 0.000 0.000 0.000 0.000 0.009 0.122 0.025 0.046 0.001 0.000 0.691 
263 0.072 0.119 0.143 0.090 0.111 0.312 0.249 0.188 0.159 0.000 0.000 0.000 0.000 0.000 0.000 0.007 0.119 0.024 0.043 0.001 0.000 0.689 
264 0.071 0.115 0.146 0.090 0.111 0.325 0.243 0.183 0.159 0.000 0.000 0.000 0.000 0.000 0.000 0.007 0.119 0.021 0.046 0.001 0.000 0.675 
265 0.073 0.113 0.150 0.090 0.110 0.317 0.243 0.173 0.171 0.000 0.000 0.000 0.000 0.000 0.000 0.006 0.121 0.029 0.045 0.001 0.000 0.676 
266 0.070 0.112 0.150 0.102 0.112 0.322 0.238 0.176 0.160 0.000 0.000 0.000 0.000 0.000 0.000 0.008 0.124 0.027 0.044 0.001 0.000 0.657 
267 0.068 0.118 0.147 0.103 0.120 0.327 0.230 0.174 0.154 0.000 0.000 0.000 0.000 0.000 0.000 0.008 0.130 0.035 0.038 0.001 0.000 0.663 
268 0.064 0.120 0.142 0.109 0.114 0.358 0.250 0.177 0.197 0.000 0.000 0.000 0.000 0.000 0.000 0.008 0.125 0.034 0.035 0.001 0.000 0.619 
269 0.069 0.118 0.138 0.108 0.113 0.334 0.263 0.166 0.195 0.000 0.000 0.000 0.000 0.000 0.000 0.008 0.128 0.034 0.032 0.004 0.000 0.635 
270 0.070 0.117 0.139 0.105 0.116 0.306 0.249 0.169 0.199 0.000 0.000 0.000 0.000 0.000 0.000 0.010 0.134 0.039 0.027 0.005 0.000 0.654 
271 0.069 0.127 0.139 0.103 0.115 0.297 0.248 0.161 0.206 0.000 0.000 0.000 0.000 0.000 0.000 0.013 0.128 0.033 0.028 0.006 0.000 0.664 
272 0.072 0.121 0.142 0.097 0.115 0.304 0.230 0.160 0.212 0.000 0.000 0.000 0.000 0.000 0.000 0.011 0.121 0.035 0.025 0.003 0.001 0.668 
273 0.069 0.119 0.139 0.096 0.115 0.305 0.227 0.157 0.210 0.000 0.000 0.000 0.000 0.000 0.000 0.013 0.118 0.033 0.023 0.003 0.001 0.692 
274 0.073 0.109 0.145 0.099 0.122 0.286 0.225 0.160 0.213 0.000 0.000 0.000 0.000 0.000 0.000 0.014 0.119 0.033 0.020 0.003 0.001 0.706 
275 0.072 0.118 0.158 0.100 0.128 0.282 0.231 0.159 0.205 0.000 0.000 0.000 0.000 0.000 0.000 0.013 0.122 0.032 0.025 0.003 0.001 0.704 
276 0.075 0.119 0.158 0.104 0.128 0.284 0.235 0.160 0.204 0.000 0.000 0.000 0.000 0.000 0.000 0.014 0.118 0.029 0.028 0.003 0.001 0.692 
277 0.076 0.122 0.154 0.102 0.125 0.268 0.245 0.158 0.214 0.000 0.000 0.000 0.000 0.000 0.000 0.013 0.118 0.032 0.025 0.004 0.001 0.692 
278 0.077 0.115 0.159 0.101 0.124 0.257 0.262 0.158 0.194 0.000 0.000 0.000 0.000 0.000 0.000 0.014 0.124 0.035 0.026 0.004 0.001 0.706 
279 0.076 0.120 0.173 0.100 0.125 0.245 0.259 0.158 0.177 0.000 0.000 0.000 0.000 0.000 0.000 0.013 0.123 0.029 0.034 0.004 0.001 0.706 
280 0.080 0.117 0.168 0.103 0.123 0.235 0.260 0.163 0.168 0.000 0.000 0.000 0.000 0.000 0.000 0.014 0.119 0.027 0.028 0.005 0.001 0.699 
281 0.083 0.120 0.154 0.100 0.123 0.249 0.258 0.159 0.159 0.000 0.000 0.000 0.000 0.000 0.000 0.019 0.126 0.030 0.024 0.004 0.001 0.684 
282 0.084 0.117 0.151 0.104 0.124 0.237 0.254 0.153 0.165 0.000 0.000 0.000 0.000 0.000 0.000 0.019 0.124 0.027 0.022 0.003 0.001 0.683 
283 0.083 0.113 0.168 0.110 0.124 0.256 0.250 0.157 0.171 0.000 0.000 0.000 0.000 0.000 0.000 0.019 0.127 0.029 0.020 0.003 0.001 0.698 
284 0.083 0.108 0.169 0.119 0.119 0.251 0.250 0.152 0.160 0.000 0.000 0.000 0.000 0.000 0.000 0.019 0.123 0.036 0.021 0.003 0.001 0.697 
285 0.084 0.104 0.172 0.132 0.114 0.270 0.259 0.153 0.163 0.000 0.000 0.000 0.000 0.000 0.000 0.020 0.124 0.037 0.018 0.004 0.000 0.695 
286 0.087 0.110 0.174 0.144 0.114 0.270 0.254 0.151 0.161 0.000 0.000 0.000 0.000 0.000 0.000 0.020 0.120 0.040 0.024 0.004 0.000 0.718 
287 0.085 0.111 0.172 0.162 0.118 0.275 0.254 0.158 0.161 0.000 0.000 0.000 0.000 0.000 0.000 0.018 0.119 0.039 0.031 0.004 0.000 0.708 
288 0.088 0.106 0.170 0.158 0.117 0.280 0.260 0.157 0.157 0.000 0.000 0.000 0.000 0.000 0.000 0.018 0.115 0.042 0.029 0.003 0.000 0.721 
289 0.086 0.106 0.179 0.164 0.115 0.279 0.257 0.156 0.153 0.014 0.000 0.000 0.000 0.000 0.000 0.018 0.107 0.040 0.028 0.003 0.000 0.712 
290 0.091 0.101 0.187 0.158 0.114 0.267 0.247 0.158 0.155 0.018 0.000 0.000 0.000 0.000 0.000 0.017 0.108 0.033 0.025 0.002 0.000 0.699 
291 0.093 0.097 0.193 0.156 0.109 0.274 0.256 0.150 0.155 0.018 0.000 0.000 0.000 0.000 0.000 0.017 0.109 0.029 0.025 0.003 0.000 0.693 
292 0.094 0.104 0.195 0.153 0.108 0.273 0.250 0.155 0.152 0.026 0.000 0.000 0.000 0.000 0.000 0.018 0.109 0.030 0.026 0.004 0.000 0.696 
293 0.091 0.110 0.188 0.153 0.110 0.288 0.273 0.154 0.152 0.025 0.000 0.000 0.000 0.000 0.000 0.018 0.103 0.031 0.039 0.004 0.000 0.684 
294 0.089 0.104 0.186 0.159 0.104 0.293 0.268 0.145 0.158 0.029 0.000 0.000 0.000 0.000 0.000 0.018 0.102 0.038 0.041 0.003 0.000 0.681 
295 0.086 0.097 0.187 0.153 0.107 0.316 0.266 0.147 0.153 0.029 0.000 0.000 0.000 0.000 0.000 0.026 0.102 0.041 0.040 0.003 0.000 0.678 
296 0.086 0.096 0.193 0.153 0.105 0.308 0.312 0.142 0.166 0.029 0.000 0.000 0.000 0.000 0.000 0.024 0.106 0.041 0.036 0.003 0.000 0.668 
297 0.080 0.100 0.188 0.156 0.106 0.313 0.304 0.131 0.164 0.028 0.000 0.000 0.000 0.000 0.000 0.025 0.107 0.042 0.042 0.003 0.000 0.655 
298 0.077 0.098 0.181 0.161 0.099 0.314 0.297 0.128 0.210 0.028 0.000 0.000 0.000 0.000 0.000 0.024 0.110 0.039 0.046 0.002 0.000 0.646 
299 0.076 0.101 0.178 0.157 0.129 0.302 0.276 0.131 0.205 0.027 0.000 0.000 0.000 0.000 0.000 0.025 0.107 0.043 0.047 0.002 0.000 0.664 
300 0.077 0.098 0.192 0.141 0.140 0.292 0.282 0.150 0.147 0.027 0.000 0.000 0.000 0.000 0.000 0.025 0.108 0.043 0.043 0.001 0.000 0.673 
301 0.074 0.094 0.188 0.138 0.147 0.270 0.276 0.151 0.144 0.034 0.000 0.000 0.000 0.000 0.000 0.025 0.115 0.044 0.038 0.001 0.000 0.671 
302 0.071 0.105 0.180 0.143 0.141 0.286 0.274 0.154 0.158 0.033 0.000 0.000 0.000 0.000 0.000 0.026 0.108 0.050 0.039 0.001 0.000 0.682 
303 0.070 0.101 0.184 0.147 0.147 0.264 0.271 0.151 0.154 0.033 0.000 0.000 0.000 0.000 0.000 0.026 0.108 0.055 0.037 0.001 0.000 0.690 
304 0.067 0.098 0.186 0.149 0.136 0.254 0.264 0.151 0.150 0.033 0.000 0.000 0.000 0.000 0.000 0.026 0.104 0.053 0.036 0.000 0.000 0.688 
305 0.069 0.099 0.192 0.154 0.138 0.254 0.263 0.150 0.135 0.034 0.000 0.000 0.000 0.000 0.000 0.026 0.108 0.055 0.038 0.000 0.000 0.694 
306 0.071 0.100 0.191 0.165 0.129 0.266 0.275 0.150 0.139 0.033 0.000 0.000 0.000 0.000 0.000 0.022 0.112 0.059 0.040 0.000 0.000 0.695 
307 0.067 0.104 0.188 0.156 0.130 0.272 0.273 0.148 0.136 0.033 0.000 0.000 0.000 0.000 0.000 0.022 0.110 0.065 0.039 0.000 0.000 0.715 
308 0.065 0.100 0.198 0.158 0.129 0.270 0.272 0.147 0.147 0.036 0.000 0.000 0.000 0.000 0.000 0.023 0.110 0.062 0.038 0.001 0.000 0.723 
309 0.064 0.094 0.202 0.153 0.135 0.263 0.262 0.148 0.151 0.036 0.000 0.000 0.000 0.000 0.000 0.024 0.116 0.063 0.035 0.001 0.000 0.725 
310 0.068 0.096 0.192 0.151 0.140 0.261 0.266 0.167 0.140 0.040 0.000 0.000 0.000 0.000 0.000 0.023 0.114 0.062 0.037 0.001 0.000 0.706 
311 0.060 0.098 0.202 0.151 0.139 0.263 0.261 0.171 0.135 0.038 0.000 0.000 0.000 0.000 0.000 0.020 0.113 0.063 0.038 0.001 0.000 0.699 
312 0.057 0.098 0.206 0.151 0.140 0.265 0.249 0.171 0.138 0.041 0.000 0.000 0.000 0.000 0.000 0.022 0.116 0.058 0.038 0.001 0.000 0.706 
313 0.058 0.098 0.209 0.162 0.142 0.270 0.246 0.166 0.129 0.042 0.000 0.000 0.000 0.000 0.000 0.022 0.114 0.058 0.038 0.003 0.000 0.699 
314 0.060 0.092 0.212 0.174 0.133 0.282 0.238 0.163 0.132 0.044 0.000 0.000 0.000 0.000 0.000 0.020 0.112 0.065 0.035 0.003 0.000 0.694 
315 0.058 0.098 0.207 0.177 0.131 0.272 0.247 0.164 0.138 0.049 0.000 0.000 0.000 0.000 0.000 0.021 0.108 0.067 0.037 0.003 0.000 0.688 
316 0.067 0.098 0.206 0.177 0.134 0.271 0.243 0.163 0.136 0.049 0.000 0.000 0.000 0.000 0.000 0.022 0.105 0.065 0.043 0.003 0.000 0.687 
317 0.068 0.105 0.207 0.176 0.124 0.279 0.235 0.164 0.138 0.048 0.000 0.000 0.000 0.000 0.000 0.022 0.101 0.064 0.053 0.003 0.000 0.687 
318 0.063 0.105 0.208 0.174 0.126 0.303 0.231 0.158 0.134 0.041 0.000 0.000 0.000 0.000 0.000 0.020 0.100 0.060 0.060 0.003 0.000 0.677 
319 0.062 0.099 0.211 0.175 0.125 0.304 0.231 0.157 0.125 0.041 0.000 0.000 0.000 0.000 0.000 0.022 0.105 0.058 0.060 0.002 0.000 0.676 
320 0.066 0.098 0.212 0.180 0.122 0.301 0.225 0.170 0.123 0.041 0.000 0.000 0.000 0.000 0.000 0.019 0.105 0.056 0.058 0.002 0.000 0.678 
321 0.063 0.097 0.215 0.181 0.123 0.296 0.227 0.177 0.129 0.045 0.000 0.000 0.000 0.000 0.000 0.018 0.106 0.053 0.066 0.002 0.000 0.670 
322 0.065 0.097 0.217 0.170 0.120 0.290 0.230 0.170 0.135 0.045 0.000 0.000 0.000 0.000 0.000 0.017 0.114 0.054 0.062 0.002 0.000 0.685 
323 0.063 0.093 0.213 0.181 0.116 0.294 0.256 0.172 0.128 0.045 0.000 0.000 0.000 0.000 0.000 0.018 0.108 0.060 0.066 0.002 0.000 0.676 
324 0.057 0.102 0.214 0.194 0.115 0.288 0.266 0.156 0.126 0.043 0.000 0.000 0.000 0.000 0.000 0.018 0.129 0.059 0.070 0.003 0.000 0.667 
325 0.058 0.103 0.214 0.186 0.124 0.295 0.269 0.157 0.125 0.042 0.000 0.000 0.000 0.000 0.000 0.020 0.128 0.054 0.064 0.002 0.000 0.684 
326 0.065 0.100 0.212 0.188 0.133 0.283 0.264 0.154 0.133 0.037 0.000 0.000 0.000 0.000 0.000 0.020 0.129 0.052 0.067 0.002 0.000 0.696 
327 0.062 0.100 0.207 0.187 0.133 0.286 0.266 0.151 0.137 0.039 0.002 0.000 0.000 0.000 0.000 0.022 0.135 0.057 0.066 0.002 0.000 0.714 
328 0.055 0.102 0.206 0.176 0.127 0.286 0.265 0.141 0.132 0.039 0.002 0.000 0.000 0.000 0.000 0.021 0.131 0.057 0.067 0.003 0.000 0.704 
329 0.058 0.105 0.206 0.171 0.132 0.275 0.257 0.140 0.128 0.039 0.003 0.000 0.000 0.000 0.000 0.022 0.131 0.053 0.068 0.003 0.000 0.715 
330 0.063 0.102 0.222 0.172 0.133 0.276 0.252 0.138 0.122 0.042 0.003 0.000 0.000 0.000 0.000 0.021 0.134 0.054 0.084 0.003 0.000 0.728 
331 0.061 0.101 0.218 0.174 0.131 0.269 0.265 0.129 0.114 0.058 0.003 0.000 0.000 0.000 0.000 0.025 0.131 0.063 0.081 0.003 0.000 0.720 
332 0.061 0.103 0.199 0.173 0.129 0.280 0.267 0.125 0.112 0.058 0.003 0.000 0.000 0.000 0.000 0.025 0.134 0.070 0.080 0.003 0.000 0.698 
333 0.061 0.100 0.201 0.173 0.133 0.270 0.292 0.127 0.122 0.062 0.000 0.000 0.000 0.000 0.000 0.030 0.134 0.067 0.080 0.003 0.000 0.697 
334 0.061 0.102 0.197 0.174 0.134 0.277 0.303 0.127 0.116 0.063 0.000 0.000 0.000 0.000 0.000 0.030 0.136 0.065 0.084 0.003 0.000 0.704 
335 0.059 0.113 0.193 0.178 0.136 0.271 0.312 0.136 0.092 0.056 0.000 0.000 0.000 0.000 0.000 0.027 0.135 0.060 0.078 0.003 0.000 0.724 
336 0.059 0.111 0.190 0.176 0.139 0.278 0.309 0.145 0.080 0.059 0.000 0.000 0.000 0.000 0.000 0.024 0.133 0.060 0.078 0.003 0.000 0.704 
337 0.059 0.111 0.188 0.177 0.140 0.275 0.317 0.147 0.083 0.060 0.000 0.000 0.000 0.000 0.000 0.024 0.129 0.059 0.078 0.003 0.000 0.704 
338 0.059 0.109 0.198 0.176 0.146 0.272 0.312 0.144 0.076 0.063 0.000 0.000 0.000 0.000 0.000 0.023 0.122 0.065 0.086 0.002 0.000 0.707 
339 0.057 0.109 0.206 0.169 0.157 0.256 0.324 0.142 0.075 0.057 0.000 0.000 0.000 0.000 0.000 0.023 0.124 0.069 0.084 0.002 0.000 0.729 
340 0.059 0.107 0.208 0.163 0.156 0.251 0.326 0.140 0.067 0.056 0.000 0.000 0.000 0.000 0.000 0.022 0.129 0.063 0.091 0.002 0.000 0.713 
341 0.058 0.110 0.211 0.164 0.161 0.250 0.311 0.139 0.066 0.059 0.000 0.000 0.000 0.000 0.000 0.023 0.130 0.062 0.084 0.002 0.000 0.713 
342 0.054 0.109 0.209 0.162 0.157 0.259 0.310 0.135 0.068 0.061 0.000 0.000 0.000 0.000 0.000 0.023 0.132 0.061 0.075 0.002 0.000 0.707 
343 0.054 0.109 0.211 0.152 0.159 0.255 0.319 0.135 0.071 0.071 0.000 0.000 0.000 0.000 0.000 0.025 0.134 0.061 0.074 0.002 0.000 0.709 
344 0.056 0.109 0.215 0.151 0.158 0.243 0.345 0.132 0.063 0.066 0.000 0.000 0.000 0.000 0.000 0.022 0.133 0.060 0.072 0.002 0.000 0.690 
345 0.054 0.114 0.233 0.155 0.154 0.244 0.329 0.137 0.059 0.068 0.000 0.000 0.000 0.000 0.000 0.019 0.133 0.064 0.070 0.004 0.000 0.688 
346 0.055 0.120 0.231 0.155 0.153 0.249 0.316 0.162 0.055 0.062 0.000 0.000 0.000 0.000 0.000 0.019 0.136 0.066 0.069 0.004 0.000 0.688 
347 0.056 0.114 0.223 0.156 0.157 0.247 0.306 0.161 0.047 0.062 0.000 0.000 0.000 0.000 0.000 0.021 0.131 0.060 0.079 0.003 0.000 0.690 
348 0.056 0.117 0.223 0.135 0.163 0.240 0.301 0.162 0.045 0.061 0.000 0.000 0.000 0.000 0.000 0.028 0.127 0.059 0.083 0.003 0.000 0.701 
349 0.054 0.113 0.214 0.141 0.163 0.244 0.305 0.158 0.040 0.059 0.000 0.000 0.000 0.000 0.000 0.027 0.128 0.058 0.082 0.003 0.000 0.715 
350 0.056 0.117 0.210 0.150 0.156 0.246 0.302 0.153 0.044 0.053 0.000 0.000 0.000 0.000 0.000 0.025 0.125 0.057 0.090 0.002 0.000 0.719 
351 0.056 0.121 0.196 0.172 0.159 0.247 0.293 0.161 0.041 0.054 0.000 0.000 0.000 0.000 0.000 0.026 0.130 0.056 0.091 0.004 0.000 0.709 
352 0.060 0.115 0.203 0.165 0.158 0.238 0.296 0.161 0.046 0.056 0.000 0.000 0.000 0.000 0.000 0.026 0.125 0.053 0.089 0.002 0.000 0.698 
353 0.060 0.115 0.209 0.162 0.159 0.237 0.299 0.157 0.088 0.058 0.000 0.000 0.000 0.000 0.000 0.024 0.121 0.052 0.087 0.002 0.000 0.691 
354 0.063 0.119 0.199 0.165 0.162 0.240 0.293 0.153 0.115 0.061 0.003 0.000 0.000 0.000 0.000 0.025 0.120 0.049 0.088 0.002 0.000 0.699 
355 0.062 0.122 0.201 0.173 0.169 0.239 0.300 0.158 0.110 0.057 0.003 0.000 0.000 0.000 0.000 0.026 0.125 0.047 0.093 0.002 0.000 0.700 
356 0.060 0.121 0.201 0.171 0.177 0.237 0.294 0.157 0.107 0.055 0.005 0.000 0.000 0.000 0.000 0.026 0.126 0.048 0.102 0.002 0.000 0.700 
357 0.058 0.121 0.205 0.165 0.180 0.235 0.297 0.151 0.105 0.057 0.005 0.000 0.000 0.000 0.000 0.026 0.128 0.048 0.092 0.003 0.000 0.697 
358 0.056 0.119 0.215 0.164 0.186 0.231 0.285 0.165 0.114 0.058 0.005 0.000 0.000 0.000 0.000 0.022 0.123 0.048 0.088 0.003 0.000 0.694 
359 0.061 0.118 0.209 0.164 0.185 0.224 0.285 0.161 0.117 0.062 0.005 0.000 0.000 0.000 0.000 0.020 0.126 0.048 0.079 0.005 0.000 0.685 
360 0.064 0.112 0.207 0.161 0.188 0.221 0.273 0.168 0.127 0.061 0.005 0.000 0.000 0.000 0.000 0.021 0.129 0.046 0.073 0.005 0.000 0.690 
361 0.063 0.118 0.204 0.166 0.186 0.221 0.274 0.164 0.129 0.064 0.005 0.000 0.000 0.000 0.000 0.022 0.129 0.045 0.080 0.005 0.000 0.697 
362 0.061 0.114 0.197 0.174 0.188 0.223 0.259 0.163 0.130 0.067 0.005 0.000 0.000 0.000 0.000 0.021 0.130 0.043 0.084 0.006 0.000 0.693 
363 0.062 0.120 0.188 0.173 0.181 0.218 0.278 0.148 0.123 0.068 0.005 0.000 0.000 0.000 0.000 0.018 0.141 0.049 0.094 0.006 0.000 0.693 
364 0.067 0.114 0.190 0.171 0.179 0.232 0.273 0.144 0.122 0.074 0.005 0.000 0.000 0.000 0.000 0.017 0.141 0.048 0.088 0.006 0.000 0.688 
365 0.069 0.111 0.191 0.159 0.183 0.244 0.280 0.138 0.122 0.076 0.011 0.000 0.000 0.000 0.000 0.019 0.143 0.046 0.090 0.006 0.000 0.701 
366 0.076 0.101 0.195 0.152 0.181 0.228 0.300 0.140 0.121 0.075 0.010 0.000 0.000 0.000 0.000 0.019 0.143 0.048 0.097 0.007 0.000 0.706 
367 0.077 0.104 0.201 0.154 0.176 0.236 0.292 0.159 0.126 0.075 0.009 0.000 0.000 0.000 0.000 0.017 0.137 0.049 0.094 0.006 0.000 0.705 
368 0.075 0.104 0.207 0.154 0.175 0.244 0.290 0.158 0.113 0.074 0.009 0.000 0.000 0.000 0.000 0.017 0.136 0.045 0.091 0.007 0.000 0.708 
369 0.073 0.104 0.207 0.149 0.181 0.238 0.306 0.160 0.114 0.071 0.009 0.000 0.000 0.000 0.000 0.015 0.136 0.045 0.085 0.008 0.000 0.715 
370 0.071 0.104 0.193 0.161 0.183 0.233 0.333 0.161 0.104 0.068 0.009 0.000 0.000 0.000 0.000 0.019 0.134 0.044 0.086 0.007 0.000 0.700 
371 0.073 0.104 0.188 0.153 0.181 0.227 0.345 0.156 0.113 0.070 0.007 0.000 0.000 0.000 0.001 0.018 0.131 0.046 0.084 0.005 0.000 0.687 
372 0.070 0.114 0.184 0.162 0.174 0.241 0.337 0.154 0.123 0.064 0.008 0.000 0.000 0.000 0.001 0.017 0.124 0.040 0.084 0.004 0.000 0.683 
373 0.068 0.104 0.180 0.164 0.172 0.235 0.363 0.155 0.116 0.062 0.008 0.000 0.000 0.000 0.001 0.017 0.131 0.039 0.086 0.003 0.000 0.676 
374 0.067 0.107 0.182 0.167 0.173 0.239 0.356 0.151 0.118 0.063 0.014 0.000 0.000 0.000 0.001 0.015 0.141 0.043 0.082 0.002 0.000 0.673 
375 0.069 0.108 0.180 0.162 0.177 0.244 0.348 0.150 0.118 0.061 0.014 0.000 0.000 0.000 0.001 0.017 0.135 0.042 0.073 0.001 0.000 0.693 
376 0.069 0.102 0.184 0.160 0.176 0.238 0.330 0.154 0.124 0.059 0.016 0.000 0.000 0.000 0.001 0.017 0.136 0.039 0.075 0.001 0.000 0.694 
377 0.068 0.104 0.181 0.164 0.177 0.233 0.314 0.153 0.124 0.060 0.016 0.000 0.000 0.000 0.001 0.015 0.129 0.045 0.077 0.001 0.000 0.690 
378 0.068 0.101 0.179 0.193 0.165 0.218 0.307 0.146 0.136 0.057 0.016 0.000 0.000 0.000 0.001 0.019 0.127 0.044 0.071 0.001 0.000 0.692 
379 0.067 0.104 0.191 0.178 0.168 0.216 0.312 0.145 0.131 0.052 0.018 0.000 0.000 0.000 0.001 0.017 0.125 0.052 0.074 0.001 0.000 0.679 
380 0.066 0.107 0.188 0.191 0.169 0.208 0.306 0.144 0.130 0.057 0.018 0.000 0.000 0.000 0.001 0.014 0.129 0.051 0.070 0.001 0.000 0.661 
381 0.061 0.109 0.191 0.192 0.170 0.205 0.304 0.152 0.108 0.058 0.018 0.000 0.000 0.000 0.001 0.013 0.121 0.056 0.077 0.002 0.000 0.675 
382 0.058 0.109 0.190 0.185 0.179 0.200 0.317 0.151 0.104 0.058 0.018 0.000 0.000 0.000 0.001 0.014 0.114 0.057 0.064 0.004 0.000 0.653 
383 0.060 0.104 0.180 0.185 0.177 0.211 0.305 0.157 0.110 0.059 0.015 0.000 0.000 0.000 0.001 0.016 0.115 0.057 0.065 0.002 0.000 0.658 
384 0.057 0.113 0.183 0.189 0.169 0.203 0.314 0.158 0.109 0.065 0.017 0.000 0.000 0.000 0.001 0.014 0.107 0.066 0.063 0.002 0.000 0.677 
385 0.060 0.107 0.179 0.196 0.170 0.220 0.320 0.156 0.218 0.063 0.020 0.000 0.000 0.000 0.001 0.016 0.101 0.068 0.062 0.002 0.000 0.641 
386 0.060 0.100 0.184 0.194 0.177 0.225 0.319 0.159 0.219 0.057 0.025 0.000 0.000 0.000 0.001 0.016 0.103 0.069 0.058 0.003 0.000 0.667 
387 0.055 0.099 0.184 0.191 0.179 0.223 0.313 0.156 0.205 0.057 0.019 0.000 0.000 0.000 0.001 0.016 0.095 0.070 0.062 0.003 0.000 0.665 
388 0.058 0.097 0.184 0.179 0.187 0.218 0.317 0.157 0.266 0.060 0.017 0.000 0.000 0.000 0.001 0.017 0.099 0.073 0.071 0.003 0.000 0.656 
389 0.055 0.098 0.183 0.182 0.181 0.237 0.315 0.168 0.240 0.059 0.017 0.000 0.000 0.000 0.001 0.016 0.093 0.069 0.073 0.003 0.000 0.682 
390 0.056 0.099 0.186 0.186 0.178 0.241 0.313 0.159 0.235 0.058 0.017 0.000 0.000 0.000 0.001 0.017 0.095 0.066 0.071 0.002 0.000 0.685 
391 0.056 0.095 0.192 0.186 0.173 0.248 0.300 0.166 0.230 0.052 0.019 0.000 0.000 0.000 0.001 0.017 0.095 0.064 0.066 0.001 0.000 0.714 
392 0.057 0.090 0.191 0.190 0.171 0.241 0.285 0.165 0.225 0.054 0.017 0.000 0.000 0.000 0.001 0.016 0.090 0.061 0.067 0.001 0.000 0.733 
393 0.058 0.086 0.191 0.199 0.173 0.241 0.289 0.162 0.226 0.054 0.018 0.000 0.000 0.000 0.001 0.019 0.092 0.057 0.072 0.000 0.000 0.717 
394 0.058 0.088 0.197 0.200 0.180 0.252 0.303 0.162 0.223 0.057 0.018 0.000 0.000 0.000 0.001 0.017 0.086 0.058 0.077 0.004 0.000 0.715 
395 0.057 0.096 0.194 0.194 0.188 0.256 0.302 0.157 0.220 0.051 0.021 0.000 0.000 0.000 0.000 0.017 0.100 0.059 0.075 0.004 0.000 0.706 
396 0.055 0.099 0.195 0.195 0.182 0.266 0.288 0.172 0.180 0.050 0.020 0.000 0.000 0.000 0.000 0.018 0.106 0.060 0.067 0.011 0.000 0.693 
397 0.055 0.096 0.205 0.195 0.192 0.259 0.290 0.164 0.214 0.049 0.020 0.000 0.000 0.000 0.000 0.018 0.104 0.063 0.065 0.010 0.000 0.695 
398 0.057 0.093 0.205 0.200 0.187 0.265 0.299 0.163 0.202 0.047 0.015 0.001 0.000 0.000 0.000 0.024 0.103 0.059 0.061 0.009 0.000 0.679 
399 0.065 0.092 0.207 0.203 0.185 0.268 0.302 0.171 0.202 0.045 0.014 0.001 0.000 0.000 0.000 0.023 0.093 0.061 0.063 0.009 0.000 0.674 
400 0.068 0.102 0.198 0.203 0.184 0.275 0.307 0.173 0.192 0.043 0.013 0.001 0.000 0.000 0.000 0.024 0.090 0.057 0.056 0.009 0.000 0.676 
401 0.068 0.103 0.202 0.206 0.184 0.264 0.305 0.178 0.198 0.038 0.012 0.001 0.000 0.000 0.000 0.024 0.088 0.050 0.067 0.009 0.000 0.681 
402 0.060 0.093 0.231 0.192 0.185 0.278 0.316 0.167 0.204 0.036 0.010 0.001 0.000 0.000 0.000 0.023 0.093 0.052 0.069 0.007 0.000 0.643 
403 0.061 0.087 0.225 0.191 0.183 0.264 0.323 0.149 0.223 0.033 0.014 0.001 0.000 0.000 0.000 0.024 0.109 0.050 0.069 0.007 0.000 0.652 
404 0.060 0.090 0.245 0.187 0.179 0.248 0.326 0.149 0.216 0.039 0.013 0.001 0.000 0.000 0.000 0.025 0.105 0.047 0.077 0.006 0.000 0.665 
405 0.062 0.084 0.244 0.191 0.172 0.258 0.323 0.157 0.214 0.034 0.016 0.001 0.000 0.000 0.000 0.025 0.102 0.046 0.085 0.006 0.000 0.677 
406 0.058 0.083 0.241 0.183 0.174 0.255 0.302 0.156 0.212 0.029 0.024 0.001 0.000 0.000 0.000 0.025 0.100 0.048 0.087 0.007 0.000 0.698 
407 0.058 0.095 0.240 0.187 0.171 0.250 0.297 0.164 0.213 0.026 0.026 0.001 0.000 0.000 0.000 0.027 0.103 0.049 0.081 0.006 0.000 0.711 
408 0.057 0.093 0.257 0.189 0.173 0.236 0.292 0.169 0.221 0.025 0.026 0.000 0.001 0.000 0.000 0.029 0.109 0.046 0.081 0.004 0.000 0.697 
409 0.055 0.089 0.248 0.210 0.179 0.234 0.282 0.170 0.209 0.046 0.025 0.000 0.001 0.000 0.000 0.032 0.108 0.045 0.084 0.003 0.000 0.698 
410 0.058 0.084 0.233 0.213 0.181 0.244 0.280 0.168 0.208 0.041 0.023 0.000 0.001 0.000 0.000 0.030 0.109 0.044 0.088 0.002 0.000 0.690 
411 0.058 0.084 0.226 0.227 0.175 0.247 0.285 0.162 0.216 0.044 0.020 0.000 0.001 0.000 0.000 0.032 0.110 0.042 0.090 0.001 0.000 0.696 
412 0.059 0.086 0.220 0.232 0.178 0.251 0.285 0.164 0.198 0.062 0.018 0.000 0.001 0.000 0.000 0.032 0.111 0.036 0.091 0.001 0.000 0.703 
413 0.060 0.079 0.208 0.244 0.183 0.242 0.281 0.164 0.199 0.063 0.018 0.000 0.001 0.000 0.000 0.032 0.112 0.029 0.093 0.001 0.000 0.696 
414 0.053 0.080 0.217 0.242 0.182 0.240 0.279 0.166 0.191 0.060 0.015 0.000 0.001 0.000 0.000 0.034 0.106 0.033 0.097 0.001 0.000 0.722 
415 0.054 0.084 0.223 0.230 0.176 0.239 0.270 0.160 0.195 0.058 0.014 0.000 0.001 0.000 0.000 0.031 0.100 0.036 0.088 0.003 0.000 0.715 
416 0.055 0.088 0.225 0.225 0.171 0.240 0.274 0.166 0.190 0.056 0.012 0.000 0.001 0.000 0.000 0.030 0.100 0.035 0.088 0.004 0.000 0.709 
417 0.059 0.090 0.226 0.229 0.175 0.223 0.286 0.166 0.188 0.050 0.012 0.000 0.001 0.000 0.000 0.033 0.101 0.034 0.080 0.007 0.000 0.704 
418 0.059 0.097 0.225 0.236 0.162 0.226 0.281 0.165 0.260 0.047 0.014 0.000 0.001 0.000 0.000 0.035 0.101 0.042 0.076 0.003 0.000 0.684 
419 0.058 0.095 0.222 0.234 0.162 0.234 0.278 0.163 0.262 0.045 0.013 0.000 0.001 0.000 0.000 0.034 0.102 0.034 0.068 0.003 0.000 0.677 
420 0.055 0.091 0.237 0.215 0.172 0.223 0.287 0.164 0.258 0.047 0.013 0.000 0.001 0.000 0.000 0.032 0.109 0.033 0.065 0.003 0.000 0.686 
421 0.054 0.091 0.231 0.210 0.172 0.228 0.290 0.164 0.249 0.050 0.012 0.000 0.001 0.000 0.000 0.030 0.107 0.033 0.067 0.003 0.000 0.688 
422 0.056 0.089 0.233 0.207 0.167 0.226 0.305 0.171 0.243 0.053 0.011 0.000 0.001 0.000 0.000 0.039 0.101 0.032 0.066 0.002 0.000 0.669 
423 0.053 0.085 0.240 0.204 0.164 0.219 0.307 0.170 0.240 0.056 0.011 0.000 0.000 0.000 0.000 0.037 0.104 0.032 0.070 0.001 0.000 0.669 
424 0.056 0.086 0.237 0.208 0.164 0.223 0.300 0.180 0.236 0.062 0.009 0.000 0.000 0.000 0.000 0.039 0.109 0.037 0.066 0.001 0.000 0.666 
425 0.055 0.086 0.245 0.212 0.163 0.237 0.306 0.182 0.226 0.064 0.007 0.000 0.000 0.000 0.000 0.043 0.108 0.037 0.066 0.001 0.000 0.672 
426 0.057 0.091 0.233 0.217 0.168 0.230 0.315 0.177 0.232 0.062 0.012 0.000 0.000 0.000 0.000 0.045 0.114 0.043 0.068 0.001 0.000 0.684 
427 0.059 0.085 0.256 0.213 0.167 0.225 0.308 0.185 0.238 0.056 0.015 0.000 0.000 0.000 0.000 0.043 0.111 0.042 0.070 0.001 0.000 0.670 
428 0.057 0.096 0.241 0.215 0.171 0.218 0.317 0.168 0.245 0.052 0.018 0.000 0.000 0.000 0.002 0.041 0.114 0.042 0.077 0.001 0.000 0.674 
429 0.057 0.102 0.241 0.210 0.170 0.221 0.314 0.174 0.243 0.053 0.013 0.000 0.000 0.000 0.002 0.041 0.111 0.039 0.073 0.001 0.000 0.695 
430 0.058 0.103 0.237 0.214 0.167 0.228 0.318 0.184 0.226 0.060 0.016 0.000 0.000 0.000 0.002 0.042 0.113 0.039 0.070 0.001 0.000 0.706 
431 0.058 0.111 0.238 0.207 0.168 0.237 0.312 0.176 0.204 0.111 0.015 0.000 0.000 0.000 0.002 0.044 0.115 0.040 0.067 0.001 0.000 0.705 
432 0.059 0.111 0.235 0.199 0.163 0.243 0.303 0.184 0.198 0.108 0.012 0.000 0.000 0.000 0.002 0.042 0.118 0.041 0.064 0.001 0.000 0.699 
433 0.058 0.109 0.236 0.205 0.165 0.243 0.281 0.185 0.198 0.117 0.012 0.000 0.000 0.000 0.002 0.042 0.117 0.039 0.060 0.001 0.000 0.708 
434 0.059 0.107 0.235 0.206 0.171 0.238 0.277 0.183 0.200 0.118 0.011 0.000 0.000 0.000 0.002 0.042 0.122 0.036 0.063 0.001 0.000 0.721 
435 0.056 0.114 0.233 0.211 0.178 0.225 0.288 0.190 0.204 0.113 0.015 0.000 0.000 0.000 0.002 0.046 0.122 0.042 0.057 0.001 0.000 0.711 
436 0.058 0.112 0.234 0.210 0.176 0.230 0.290 0.192 0.203 0.114 0.014 0.000 0.000 0.000 0.001 0.049 0.126 0.042 0.057 0.002 0.000 0.722 
437 0.059 0.114 0.229 0.203 0.179 0.239 0.281 0.195 0.203 0.119 0.016 0.000 0.000 0.000 0.001 0.047 0.124 0.043 0.058 0.002 0.000 0.721 
438 0.058 0.110 0.226 0.215 0.180 0.234 0.281 0.187 0.213 0.118 0.015 0.000 0.000 0.000 0.001 0.047 0.128 0.044 0.055 0.002 0.001 0.732 
439 0.058 0.113 0.231 0.223 0.181 0.226 0.294 0.190 0.203 0.116 0.014 0.000 0.000 0.000 0.001 0.041 0.123 0.043 0.057 0.002 0.001 0.740 
440 0.054 0.110 0.243 0.219 0.189 0.215 0.310 0.193 0.222 0.090 0.014 0.000 0.000 0.000 0.000 0.038 0.120 0.049 0.059 0.002 0.000 0.740 
441 0.052 0.113 0.242 0.218 0.183 0.226 0.318 0.192 0.221 0.088 0.014 0.000 0.000 0.000 0.000 0.047 0.118 0.053 0.050 0.002 0.000 0.733 
442 0.052 0.107 0.246 0.221 0.180 0.245 0.305 0.196 0.213 0.088 0.013 0.000 0.000 0.000 0.000 0.047 0.120 0.053 0.058 0.002 0.000 0.728 
443 0.054 0.101 0.244 0.217 0.181 0.230 0.303 0.192 0.207 0.093 0.013 0.000 0.000 0.000 0.000 0.046 0.117 0.049 0.057 0.002 0.000 0.721 
444 0.055 0.098 0.248 0.218 0.181 0.238 0.296 0.188 0.217 0.094 0.016 0.000 0.000 0.000 0.000 0.043 0.120 0.047 0.061 0.002 0.000 0.706 
445 0.055 0.101 0.244 0.210 0.180 0.243 0.295 0.187 0.215 0.089 0.024 0.000 0.000 0.000 0.000 0.040 0.124 0.044 0.062 0.002 0.000 0.693 
446 0.065 0.100 0.244 0.207 0.181 0.243 0.291 0.184 0.211 0.089 0.027 0.000 0.000 0.000 0.000 0.042 0.121 0.039 0.062 0.002 0.000 0.702 
447 0.068 0.098 0.241 0.222 0.177 0.232 0.304 0.183 0.246 0.089 0.026 0.000 0.000 0.000 0.000 0.042 0.118 0.042 0.057 0.005 0.000 0.693 
448 0.071 0.088 0.241 0.224 0.174 0.226 0.303 0.186 0.240 0.092 0.025 0.000 0.000 0.000 0.000 0.041 0.129 0.041 0.059 0.005 0.000 0.694 
449 0.068 0.086 0.241 0.223 0.170 0.234 0.313 0.195 0.241 0.087 0.027 0.000 0.000 0.000 0.000 0.041 0.123 0.040 0.057 0.005 0.000 0.690 
450 0.070 0.087 0.248 0.220 0.165 0.243 0.305 0.193 0.254 0.087 0.027 0.000 0.000 0.000 0.000 0.042 0.132 0.038 0.054 0.004 0.000 0.696 
451 0.068 0.090 0.237 0.209 0.167 0.247 0.294 0.213 0.233 0.092 0.032 0.000 0.000 0.000 0.000 0.049 0.126 0.039 0.054 0.004 0.000 0.691 
452 0.070 0.091 0.230 0.213 0.170 0.269 0.276 0.216 0.253 0.090 0.031 0.000 0.000 0.000 0.000 0.048 0.127 0.042 0.055 0.005 0.000 0.690 
453 0.070 0.093 0.230 0.210 0.170 0.269 0.271 0.222 0.245 0.087 0.029 0.000 0.000 0.000 0.000 0.044 0.129 0.041 0.059 0.006 0.000 0.670 
454 0.073 0.094 0.236 0.213 0.170 0.269 0.273 0.225 0.241 0.078 0.028 0.000 0.000 0.000 0.000 0.045 0.123 0.042 0.061 0.005 0.000 0.673 
455 0.073 0.095 0.222 0.221 0.165 0.275 0.273 0.228 0.268 0.079 0.028 0.000 0.000 0.000 0.000 0.043 0.123 0.041 0.061 0.006 0.000 0.663 
456 0.074 0.088 0.226 0.216 0.176 0.275 0.280 0.227 0.268 0.078 0.033 0.000 0.000 0.000 0.000 0.044 0.129 0.042 0.064 0.006 0.000 0.668 
457 0.073 0.092 0.225 0.224 0.176 0.268 0.289 0.230 0.267 0.080 0.032 0.000 0.000 0.000 0.000 0.043 0.125 0.055 0.065 0.005 0.000 0.671 
458 0.074 0.093 0.218 0.232 0.173 0.264 0.287 0.231 0.272 0.081 0.032 0.000 0.000 0.000 0.000 0.049 0.123 0.058 0.065 0.005 0.000 0.694 
459 0.072 0.098 0.223 0.232 0.179 0.269 0.286 0.231 0.274 0.079 0.033 0.000 0.000 0.000 0.000 0.049 0.129 0.057 0.062 0.005 0.000 0.688 
460 0.071 0.102 0.221 0.227 0.173 0.274 0.286 0.233 0.273 0.078 0.034 0.000 0.000 0.000 0.000 0.047 0.129 0.057 0.058 0.004 0.000 0.710 
461 0.071 0.101 0.223 0.224 0.174 0.274 0.283 0.230 0.281 0.080 0.025 0.000 0.000 0.000 0.000 0.048 0.125 0.061 0.056 0.004 0.000 0.706 
462 0.067 0.098 0.218 0.219 0.181 0.279 0.289 0.234 0.276 0.095 0.023 0.000 0.000 0.000 0.000 0.047 0.121 0.062 0.059 0.004 0.000 0.701 
463 0.079 0.093 0.218 0.218 0.179 0.270 0.289 0.233 0.277 0.085 0.024 0.000 0.000 0.000 0.001 0.051 0.127 0.068 0.063 0.005 0.000 0.721 
464 0.075 0.094 0.219 0.230 0.175 0.275 0.285 0.235 0.266 0.097 0.027 0.000 0.000 0.000 0.002 0.050 0.135 0.068 0.062 0.008 0.000 0.731 
465 0.072 0.106 0.224 0.225 0.173 0.274 0.273 0.236 0.265 0.095 0.024 0.000 0.000 0.000 0.003 0.052 0.131 0.067 0.058 0.008 0.000 0.718 
466 0.074 0.104 0.237 0.220 0.171 0.269 0.265 0.238 0.249 0.111 0.024 0.000 0.000 0.000 0.004 0.049 0.137 0.064 0.063 0.007 0.000 0.712 
467 0.074 0.104 0.241 0.216 0.164 0.266 0.252 0.247 0.237 0.108 0.023 0.000 0.000 0.000 0.004 0.049 0.138 0.058 0.055 0.014 0.000 0.706 
468 0.076 0.105 0.241 0.214 0.167 0.254 0.291 0.252 0.243 0.101 0.024 0.001 0.000 0.000 0.004 0.051 0.142 0.060 0.056 0.012 0.000 0.738 
469 0.081 0.108 0.237 0.212 0.164 0.246 0.274 0.269 0.242 0.095 0.026 0.000 0.000 0.000 0.003 0.051 0.145 0.045 0.057 0.013 0.000 0.722 
470 0.078 0.109 0.238 0.196 0.168 0.246 0.269 0.268 0.253 0.096 0.031 0.000 0.000 0.000 0.003 0.047 0.137 0.046 0.054 0.017 0.000 0.713 
471 0.083 0.111 0.241 0.200 0.168 0.248 0.268 0.271 0.254 0.089 0.033 0.000 0.000 0.000 0.003 0.046 0.135 0.046 0.053 0.021 0.000 0.699 
472 0.084 0.106 0.239 0.200 0.167 0.248 0.264 0.274 0.259 0.086 0.035 0.000 0.000 0.000 0.003 0.049 0.140 0.050 0.050 0.021 0.000 0.709 
473 0.082 0.099 0.231 0.204 0.164 0.251 0.260 0.276 0.252 0.089 0.037 0.000 0.000 0.000 0.005 0.048 0.148 0.050 0.051 0.018 0.000 0.713 
474 0.079 0.100 0.233 0.209 0.157 0.247 0.235 0.270 0.235 0.103 0.034 0.001 0.000 0.000 0.005 0.052 0.150 0.050 0.055 0.015 0.000 0.725 
475 0.079 0.097 0.227 0.203 0.153 0.254 0.229 0.268 0.231 0.107 0.035 0.001 0.000 0.000 0.006 0.056 0.152 0.048 0.052 0.016 0.000 0.727 
476 0.077 0.099 0.235 0.197 0.159 0.267 0.222 0.265 0.243 0.099 0.038 0.002 0.000 0.000 0.005 0.053 0.151 0.051 0.047 0.015 0.000 0.730 
477 0.084 0.092 0.227 0.195 0.159 0.279 0.220 0.271 0.242 0.104 0.037 0.003 0.000 0.000 0.004 0.054 0.152 0.055 0.041 0.014 0.000 0.708 
478 0.083 0.092 0.227 0.193 0.163 0.274 0.224 0.270 0.242 0.110 0.036 0.003 0.000 0.000 0.004 0.054 0.151 0.052 0.040 0.013 0.000 0.696 
479 0.089 0.093 0.223 0.194 0.170 0.271 0.249 0.281 0.234 0.110 0.036 0.003 0.000 0.000 0.005 0.050 0.150 0.055 0.043 0.013 0.000 0.712 
480 0.087 0.086 0.216 0.190 0.170 0.276 0.258 0.278 0.223 0.109 0.035 0.003 0.000 0.000 0.005 0.046 0.154 0.054 0.042 0.011 0.000 0.696 
481 0.092 0.085 0.215 0.193 0.168 0.275 0.259 0.290 0.227 0.117 0.036 0.004 0.000 0.000 0.006 0.046 0.156 0.057 0.053 0.008 0.001 0.672 
482 0.095 0.084 0.222 0.214 0.170 0.264 0.280 0.287 0.227 0.113 0.037 0.004 0.000 0.000 0.007 0.043 0.155 0.057 0.053 0.011 0.001 0.676 
483 0.096 0.081 0.228 0.213 0.161 0.256 0.283 0.289 0.220 0.116 0.040 0.003 0.000 0.000 0.009 0.044 0.150 0.056 0.054 0.010 0.001 0.670 
484 0.098 0.084 0.236 0.223 0.153 0.276 0.310 0.282 0.217 0.130 0.041 0.002 0.000 0.000 0.010 0.038 0.150 0.056 0.057 0.012 0.001 0.651 
485 0.098 0.092 0.230 0.218 0.160 0.272 0.304 0.268 0.219 0.133 0.038 0.002 0.000 0.000 0.010 0.034 0.160 0.059 0.065 0.016 0.001 0.670 
486 0.098 0.091 0.232 0.213 0.161 0.270 0.311 0.260 0.234 0.138 0.037 0.002 0.000 0.000 0.010 0.033 0.155 0.061 0.070 0.015 0.001 0.679 
487 0.097 0.093 0.230 0.209 0.167 0.277 0.306 0.257 0.225 0.148 0.037 0.002 0.000 0.000 0.010 0.028 0.154 0.064 0.067 0.012 0.002 0.676 
488 0.096 0.098 0.229 0.204 0.166 0.267 0.307 0.261 0.229 0.157 0.039 0.002 0.000 0.000 0.010 0.029 0.154 0.063 0.069 0.010 0.002 0.702 
489 0.097 0.097 0.217 0.206 0.170 0.281 0.298 0.259 0.229 0.152 0.044 0.002 0.000 0.000 0.011 0.028 0.149 0.063 0.073 0.010 0.002 0.701 
490 0.093 0.103 0.210 0.210 0.176 0.257 0.298 0.254 0.241 0.148 0.034 0.002 0.000 0.000 0.011 0.026 0.148 0.075 0.075 0.010 0.001 0.688 
491 0.090 0.110 0.206 0.211 0.168 0.261 0.311 0.245 0.241 0.144 0.032 0.002 0.000 0.000 0.013 0.026 0.145 0.080 0.076 0.009 0.001 0.688 
492 0.088 0.112 0.206 0.194 0.173 0.263 0.313 0.251 0.239 0.139 0.032 0.003 0.000 0.000 0.014 0.031 0.151 0.072 0.078 0.009 0.001 0.699 
493 0.087 0.107 0.194 0.192 0.170 0.263 0.319 0.248 0.251 0.121 0.032 0.003 0.000 0.000 0.013 0.031 0.158 0.079 0.074 0.010 0.001 0.704 
494 0.081 0.107 0.192 0.195 0.162 0.258 0.324 0.252 0.252 0.123 0.030 0.002 0.002 0.000 0.009 0.035 0.157 0.085 0.072 0.007 0.001 0.700 
495 0.088 0.108 0.193 0.189 0.161 0.250 0.322 0.257 0.262 0.123 0.027 0.001 0.002 0.000 0.009 0.029 0.160 0.087 0.076 0.008 0.001 0.692 
496 0.094 0.106 0.189 0.192 0.164 0.240 0.321 0.257 0.247 0.120 0.025 0.001 0.002 0.000 0.010 0.026 0.156 0.092 0.075 0.008 0.001 0.693 
497 0.092 0.106 0.188 0.195 0.163 0.238 0.330 0.261 0.228 0.115 0.030 0.001 0.001 0.000 0.012 0.024 0.159 0.091 0.069 0.008 0.000 0.704 
498 0.094 0.109 0.192 0.185 0.167 0.239 0.333 0.260 0.218 0.117 0.031 0.001 0.001 0.000 0.011 0.024 0.153 0.092 0.070 0.008 0.000 0.705 
499 0.099 0.111 0.196 0.186 0.165 0.242 0.335 0.261 0.211 0.124 0.028 0.001 0.001 0.000 0.013 0.025 0.147 0.092 0.070 0.008 0.000 0.712 