0 225 480 57 82 171 4 11 395 178 226 350 369 604 545 14 153 226 558 98 166 2273 515 
1 241 452 73 83 172 4 11 393 176 227 351 367 610 520 15 154 241 546 93 177 2288 528 
2 250 438 71 80 168 4 11 396 164 229 352 371 627 514 15 160 243 550 92 177 2331 542 
3 247 433 73 79 171 4 11 390 183 238 342 364 655 485 30 163 250 534 114 187 2323 519 
4 253 431 77 78 174 5 9 405 184 232 342 361 660 481 27 170 249 516 131 192 2334 493 
5 248 433 80 80 171 5 9 421 186 246 340 360 664 467 29 175 256 508 130 214 2337 478 
6 247 440 79 77 168 5 8 432 190 250 345 368 692 449 30 172 271 492 134 227 2337 476 
7 244 455 79 76 166 4 8 432 194 257 364 369 691 438 46 175 275 490 159 215 2378 451 
8 242 461 82 73 159 4 9 424 195 260 363 376 699 436 47 180 288 484 157 230 2312 461 
9 244 448 90 73 156 4 9 427 188 251 364 372 712 435 46 183 290 466 179 246 2275 469 
10 236 458 93 68 159 4 10 432 188 254 375 375 719 434 47 187 307 444 182 313 2196 481 
11 232 452 98 68 169 4 22 443 179 247 372 377 724 438 47 188 327 419 198 400 2079 487 
12 233 464 95 65 168 4 20 460 183 227 375 380 731 435 48 188 350 401 208 401 2085 495 
13 236 464 94 66 163 3 21 457 184 222 371 388 720 465 47 190 350 404 188 429 2095 496 
14 234 468 93 64 161 3 20 459 188 214 376 397 733 466 48 195 352 395 182 436 2127 500 
15 236 459 91 64 163 3 19 470 202 222 356 411 746 460 48 195 354 411 187 431 2133 504 
16 230 478 89 66 165 3 20 474 201 227 377 386 748 459 49 191 356 409 189 426 2169 506 
17 232 473 85 66 163 3 21 476 192 223 385 389 751 468 47 193 358 418 194 425 2196 509 
18 231 464 86 67 169 2 20 471 188 228 380 392 765 482 47 197 348 423 190 443 2203 517 
19 224 460 86 68 174 2 20 478 175 226 380 385 758 482 49 194 331 417 203 446 2236 520 
20 217 454 93 56 173 2 20 475 175 222 379 358 766 477 81 192 336 421 202 441 2258 533 
21 212 472 93 58 174 23 18 462 192 222 385 380 751 470 79 191 343 402 218 505 2213 484 
22 214 473 93 57 168 24 19 467 197 227 395 381 752 474 82 192 372 398 206 515 2241 474 
23 201 488 110 59 172 28 21 475 192 228 391 384 765 478 81 190 365 394 222 515 2264 475 
24 203 490 109 57 167 29 21 483 193 231 391 392 775 482 79 185 354 395 232 571 2241 481 
25 202 480 116 57 170 29 22 482 191 229 394 386 777 498 78 184 345 390 227 596 2259 489 
26 208 478 117 58 167 30 22 493 184 224 386 396 843 440 70 179 354 381 231 591 2279 484 
27 205 481 120 58 168 32 22 499 183 229 388 397 866 442 71 177 353 387 231 619 2259 483 
28 208 479 125 57 169 33 22 507 183 235 396 402 842 441 104 178 334 389 239 625 2274 495 
29 214 492 128 57 172 35 22 516 179 241 404 406 861 435 106 180 338 384 245 619 2300 503 
30 215 485 130 57 177 32 23 513 164 243 400 403 862 439 111 176 356 376 253 622 2297 501 
31 221 489 133 55 177 32 22 527 173 233 411 399 864 445 112 182 360 366 253 637 2313 512 
32 225 493 131 57 179 29 21 526 177 232 396 402 859 455 130 188 365 364 228 677 2320 527 
33 228 493 132 54 178 25 20 521 179 235 390 404 852 458 132 190 372 366 226 700 2329 523 
34 234 487 128 57 177 23 21 526 175 231 390 397 862 454 137 192 366 363 232 708 2336 521 
35 229 487 133 58 174 21 21 534 172 229 377 398 877 449 136 192 361 369 231 708 2376 533 
36 233 489 134 60 178 21 21 527 169 233 386 415 890 453 134 190 356 377 235 723 2412 523 
37 242 489 128 58 178 20 19 529 162 238 388 454 868 467 113 187 373 379 207 771 2366 530 
38 241 493 137 59 177 18 14 539 161 238 395 453 864 464 120 190 388 374 207 823 2329 531 
39 239 498 135 63 178 18 14 542 166 236 394 450 842 473 121 189 396 379 206 857 2291 537 
40 235 520 134 67 176 17 15 546 167 228 399 489 808 477 117 194 405 388 210 939 2189 538 
41 230 522 128 69 177 18 15 544 166 225 410 505 799 483 129 194 407 392 209 992 2087 537 
42 229 520 128 71 176 18 15 553 160 224 425 566 732 492 132 198 451 362 200 977 2122 539 
43 229 523 125 75 180 21 15 564 161 226 413 582 730 503 130 195 460 369 199 960 2167 534 
44 233 527 123 71 187 40 15 576 160 224 423 578 722 491 129 197 460 364 197 935 2182 498 
45 240 537 128 72 189 38 15 577 156 219 421 583 731 489 129 192 450 369 194 911 2201 502 
46 238 548 151 80 169 58 16 581 160 220 405 620 739 478 124 190 438 378 203 897 2227 478 
47 245 546 153 84 166 61 15 608 161 223 411 622 744 462 122 204 407 382 200 909 2269 481 
48 249 558 153 83 169 63 16 624 165 227 412 630 762 430 122 203 399 379 203 870 2336 477 
49 236 566 154 77 171 68 15 638 170 229 416 629 779 436 119 203 399 387 200 892 2345 470 
50 241 568 153 77 178 71 17 650 167 235 419 629 787 432 117 201 378 386 205 889 2349 484 
51 251 575 151 78 183 72 17 632 182 238 399 652 782 437 119 205 380 386 204 874 2351 493 
52 251 580 151 79 182 75 18 601 196 243 404 651 787 442 118 200 381 387 188 876 2380 514 
53 262 586 148 82 177 87 17 546 247 229 409 651 802 453 120 192 384 387 196 882 2344 523 
54 271 606 149 83 181 89 17 559 241 231 408 664 802 458 120 194 387 385 201 891 2279 493 
55 272 597 155 87 182 91 16 591 239 231 411 695 789 462 121 196 391 392 217 881 2257 459 
56 275 603 161 87 180 93 16 597 239 239 424 702 802 463 125 202 370 386 239 898 2214 468 
57 274 604 160 85 182 94 16 604 228 232 422 694 800 456 133 205 368 390 246 915 2168 473 
58 281 600 161 87 179 97 16 608 221 235 428 689 811 460 127 202 373 380 271 943 2097 481 
59 285 605 162 87 188 94 14 616 233 215 425 703 811 462 124 203 381 380 254 950 2152 486 
60 279 611 163 86 195 94 14 617 233 205 427 700 804 468 129 207 385 383 252 932 2185 495 
61 275 604 168 85 195 90 15 619 231 211 420 696 802 464 145 200 391 390 250 889 2249 493 
62 277 620 168 91 199 89 13 642 227 203 402 704 814 466 159 176 391 396 249 917 2261 499 
63 280 622 186 90 185 88 12 650 233 202 401 685 835 474 154 176 387 414 236 892 2299 510 
64 274 631 191 92 182 94 12 657 225 198 398 685 835 471 152 177 374 434 235 883 2343 526 
65 277 634 191 94 180 94 11 672 199 217 402 702 808 472 152 180 352 444 239 857 2389 532 
66 278 639 190 88 179 93 11 675 195 217 415 725 796 458 156 187 354 454 239 872 2331 536 
67 295 627 191 91 179 93 11 682 191 215 416 738 793 459 163 188 355 451 238 893 2278 516 
68 309 618 188 91 181 93 10 691 186 213 434 757 786 459 164 184 346 427 250 929 2202 502 
69 319 620 190 86 181 94 10 713 195 220 434 750 788 459 164 167 352 418 258 969 2133 499 
70 300 640 190 88 181 95 11 723 195 230 435 749 817 455 140 167 348 410 265 955 2178 502 
71 358 570 193 88 180 94 12 731 196 241 415 758 824 448 155 169 353 424 245 941 2205 505 
72 361 575 187 90 193 84 11 747 191 240 420 767 833 457 157 178 358 411 241 925 2209 516 
73 373 574 189 93 197 81 12 758 177 254 394 768 850 455 186 184 361 409 239 911 2207 531 
74 384 580 182 95 206 108 12 769 177 255 390 780 882 444 188 192 351 403 232 896 2210 504 
75 383 590 181 98 207 108 13 794 176 260 393 775 880 446 191 193 360 413 225 887 2270 506 
76 401 592 192 86 214 111 13 813 176 260 398 833 843 460 182 194 370 416 228 857 2311 512 
77 410 606 189 84 225 108 12 800 183 267 416 847 851 463 177 192 371 420 227 836 2319 514 
78 421 596 188 85 234 128 12 798 168 282 425 852 856 463 176 193 365 424 236 847 2315 507 
79 416 606 188 84 233 136 12 819 149 280 415 849 867 465 174 200 367 425 234 829 2332 502 
80 416 617 195 81 242 140 11 826 147 274 431 848 876 466 183 203 367 407 253 817 2316 504 
81 426 622 200 79 247 144 10 843 134 278 440 860 883 478 182 209 355 419 243 795 2349 502 
82 439 621 212 79 244 152 8 850 131 269 431 884 867 482 182 212 357 417 232 771 2384 479 
83 438 619 214 83 246 157 8 862 133 267 415 872 870 473 195 222 355 418 231 842 2306 464 
84 442 628 224 84 246 166 8 854 149 265 406 879 870 473 196 224 337 433 233 895 2259 477 
85 435 644 231 85 238 178 7 862 153 243 390 882 883 476 198 226 340 441 228 937 2152 483 
86 436 644 234 87 235 179 7 854 149 245 374 900 865 480 213 219 338 435 230 988 2052 497 
87 437 670 236 83 238 180 7 857 138 252 376 907 867 472 219 218 347 425 211 995 2080 505 
88 431 661 250 84 235 182 7 833 157 235 380 914 870 473 217 218 368 439 213 952 2135 506 
89 422 661 247 85 242 180 7 846 159 239 390 931 881 480 224 218 366 437 223 960 2160 515 
90 417 674 237 90 244 188 7 861 151 237 394 904 900 484 220 226 373 441 223 968 2143 538 
91 422 677 236 90 241 189 7 894 135 241 407 877 857 492 237 232 373 446 220 962 2156 542 
92 419 686 243 90 241 192 6 894 132 251 405 862 847 491 238 237 373 444 221 918 2212 538 
93 418 697 250 93 217 218 6 870 159 256 404 852 806 520 241 234 388 456 228 892 2256 505 
94 427 706 248 90 205 256 6 874 152 262 406 769 833 548 244 244 399 439 226 876 2287 480 
95 429 709 250 90 203 255 6 893 130 269 407 791 801 538 249 242 402 445 216 875 2313 490 
96 460 703 229 106 206 257 6 891 131 274 408 810 807 530 244 245 414 432 216 862 2320 506 
97 482 681 237 109 206 255 6 902 133 259 431 835 801 503 244 246 423 409 222 859 2308 512 
98 485 689 238 112 214 251 22 903 131 249 442 828 834 487 251 243 438 406 223 834 2361 515 
99 497 693 236 110 210 256 21 899 131 250 449 839 865 453 251 248 437 371 250 829 2407 512 
100 501 695 232 107 205 265 21 920 129 253 431 859 880 445 269 250 433 376 252 837 2349 516 
101 511 708 229 105 205 269 24 896 135 225 446 870 894 436 271 261 456 388 236 859 2281 525 
102 508 734 235 103 207 270 24 897 141 224 448 858 859 485 276 268 468 403 234 850 2210 527 
103 515 734 243 104 215 265 25 875 155 225 449 869 838 491 269 267 472 401 230 884 2142 538 
104 521 756 247 105 222 261 26 847 171 232 424 874 817 503 282 269 451 413 226 872 2126 546 
105 531 763 246 109 223 266 47 806 156 227 413 872 787 519 289 266 440 436 225 877 2125 558 
106 530 767 256 106 217 278 47 798 164 216 432 883 776 513 298 270 438 435 220 834 2177 541 
107 540 767 263 106 213 296 45 809 170 224 432 874 802 484 297 277 422 443 221 827 2200 521 
108 525 795 261 108 211 303 45 813 188 221 408 874 820 476 308 272 424 448 214 804 2210 527 
109 537 800 268 108 210 334 42 817 190 223 401 881 827 474 307 276 434 456 225 806 2228 488 
110 539 811 252 107 232 340 42 843 187 224 423 899 846 460 297 291 440 432 240 804 2252 484 
111 541 827 253 106 242 342 41 844 193 232 403 912 869 459 296 292 463 385 268 805 2214 477 
112 546 839 254 107 244 335 42 845 192 226 390 903 875 452 303 299 448 408 256 792 2232 470 
113 541 844 252 103 259 327 42 848 192 232 385 909 853 444 311 311 441 409 251 783 2267 483 
114 538 826 260 104 264 326 42 859 199 247 384 901 870 429 317 308 448 407 249 772 2285 505 
115 552 823 263 105 267 350 43 874 199 248 369 913 868 429 330 306 421 434 242 777 2344 495 
116 545 820 279 104 266 350 49 887 204 248 377 914 868 423 324 297 428 437 241 794 2331 472 
117 555 823 296 108 261 358 48 898 209 235 393 890 869 429 319 294 439 449 233 807 2339 465 
118 581 796 314 111 252 364 64 896 208 236 404 885 858 431 330 298 446 439 232 812 2372 470 
119 576 791 308 127 258 360 75 885 203 253 402 855 870 444 342 300 472 417 213 839 2368 476 
120 590 804 316 125 253 386 61 917 184 255 423 818 896 443 347 299 484 398 217 823 2386 471 
121 579 828 320 124 254 392 61 936 178 255 406 818 860 469 337 307 493 392 220 847 2312 471 
122 585 837 328 128 257 391 61 942 178 255 410 830 848 460 331 307 473 402 236 865 2256 478 
123 590 824 331 130 263 395 48 963 181 254 401 831 842 468 331 308 459 401 243 948 2159 474 
124 590 839 336 130 260 399 47 991 175 263 397 831 820 482 330 315 455 407 253 959 2099 479 
125 603 826 330 128 258 396 66 964 173 259 392 834 792 494 350 311 444 414 244 930 2156 487 
126 619 812 343 128 259 405 70 972 170 245 396 819 804 473 340 309 411 417 251 905 2210 485 
127 614 816 347 127 267 428 74 949 169 236 399 824 817 456 343 310 419 419 245 861 2257 467 
128 618 841 362 127 263 421 77 921 183 229 385 827 869 418 343 311 430 428 219 867 2288 468 
129 623 841 358 129 266 433 80 912 193 233 392 834 898 427 343 326 440 425 221 830 2317 476 
130 630 842 337 143 261 442 77 899 196 241 356 828 936 387 368 336 444 428 228 814 2335 481 
131 672 795 337 148 262 436 106 876 180 245 361 854 905 406 364 337 450 423 232 823 2349 496 
132 681 806 340 151 264 431 123 854 177 249 351 887 869 428 376 353 429 419 256 843 2345 501 
133 685 810 341 145 286 436 127 849 180 252 347 898 823 421 388 342 424 417 264 829 2333 500 
134 689 820 340 146 282 455 143 827 168 254 351 899 796 429 413 346 415 427 270 814 2362 477 
135 683 807 350 149 277 462 144 842 153 261 354 900 787 433 407 351 405 426 268 802 2367 483 
136 701 821 340 150 277 470 143 853 160 256 363 910 800 435 416 357 397 434 247 791 2401 494 
137 718 837 343 152 277 469 140 880 164 250 366 921 791 449 421 361 398 437 246 847 2344 504 
138 727 828 349 151 277 492 144 892 163 254 362 900 798 434 422 360 419 435 223 875 2302 498 
139 753 823 360 151 282 496 156 874 158 246 369 880 823 441 430 360 427 435 226 916 2239 512 
140 761 836 350 142 285 493 159 892 156 238 383 826 866 444 439 363 425 440 226 952 2163 513 
141 735 854 350 139 288 500 162 907 159 226 392 804 866 449 440 363 427 441 226 989 2113 505 
142 750 822 325 161 282 508 162 900 158 236 409 805 876 449 447 369 421 433 242 959 2146 499 
143 719 835 322 172 292 518 159 912 157 238 391 819 881 441 448 374 423 438 245 961 2135 495 
144 736 811 323 169 291 538 161 916 157 262 349 832 896 440 467 357 422 448 262 947 2163 501 
145 747 790 328 174 297 545 158 962 159 261 343 838 808 485 479 358 414 460 250 914 2181 470 
146 777 760 345 170 282 562 159 953 163 258 348 854 796 498 477 366 435 424 254 956 2153 486 
147 773 780 346 170 287 557 161 979 162 254 348 871 799 493 485 381 414 413 257 944 2153 500 
148 787 787 346 172 292 557 162 986 163 249 368 871 813 480 496 388 442 402 259 901 2202 510 
149 808 782 355 176 290 569 160 995 174 246 370 876 821 476 501 386 441 408 258 870 2258 507 
150 759 800 360 173 288 572 158 1013 176 245 372 886 828 468 518 381 445 403 237 896 2262 509 
151 720 854 347 176 291 576 156 1033 177 244 384 886 825 472 527 377 446 412 224 894 2271 518 
152 690 900 353 178 292 563 179 1011 173 242 389 892 840 461 543 387 437 427 227 886 2290 528 
153 748 855 364 167 292 580 183 976 180 236 383 879 867 441 555 389 434 431 242 872 2334 538 
154 770 861 346 172 311 581 205 942 185 237 381 884 876 434 567 395 430 439 251 855 2360 533 
155 792 817 381 162 311 576 206 960 184 237 392 908 887 433 573 383 432 450 252 832 2397 524 
156 800 788 390 164 319 578 231 970 185 239 396 890 877 454 592 387 401 445 252 863 2333 524 
157 805 779 397 164 324 597 233 975 188 232 410 910 869 460 604 387 396 434 251 860 2296 499 
158 818 782 403 169 336 604 226 994 187 228 403 916 874 474 604 390 389 425 255 854 2261 491 
159 785 820 397 191 321 606 231 997 194 235 367 916 857 506 624 399 415 414 252 871 2224 505 
160 747 830 404 195 343 643 228 1018 190 230 355 880 865 496 624 412 421 403 251 927 2139 469 
161 763 812 399 197 346 650 234 1031 192 230 358 852 846 477 664 420 408 421 256 942 2140 469 
162 756 804 440 189 350 653 241 996 192 239 378 821 857 483 659 434 394 400 274 919 2176 479 
163 767 797 434 197 361 663 247 979 192 243 384 825 832 493 666 445 403 407 278 892 2229 485 
164 776 799 441 200 367 675 267 953 194 243 398 824 821 485 658 445 402 410 279 897 2229 490 
165 785 796 459 196 367 663 281 939 189 244 405 836 801 487 662 426 411 412 298 888 2245 503 
166 791 822 471 195 368 710 276 942 186 245 396 843 777 481 664 441 405 411 291 856 2279 500 
167 802 800 491 190 370 707 288 941 193 254 377 854 791 469 669 449 401 401 307 821 2325 507 
168 819 775 498 194 377 690 299 912 209 255 364 856 810 450 698 448 409 404 303 786 2370 509 
169 819 770 498 200 383 680 295 918 212 262 376 855 852 431 686 450 415 403 295 778 2389 512 
170 831 776 480 201 384 682 302 933 219 263 380 844 841 469 700 468 408 401 290 830 2337 521 
171 826 767 475 209 387 665 310 927 223 266 388 842 839 488 715 461 432 405 283 879 2296 536 
172 824 776 459 212 394 651 313 945 222 266 397 833 869 482 720 473 429 412 276 855 2263 527 
173 831 780 448 211 403 644 323 971 233 262 393 863 864 490 700 472 432 426 258 859 2206 532 
174 867 743 468 207 413 644 343 1006 240 252 390 896 859 492 692 460 434 423 250 861 2163 501 
175 917 709 474 204 418 677 353 1003 235 242 393 912 862 491 698 469 421 425 249 891 2106 452 
176 904 696 475 205 421 680 352 1018 239 237 390 919 864 486 708 474 414 448 226 863 2147 438 
177 876 686 481 210 427 676 369 1003 239 228 391 914 856 483 707 464 421 451 224 821 2230 442 
178 854 682 496 222 430 662 410 1016 245 232 402 870 881 474 733 473 411 465 233 809 2225 438 
179 824 691 515 225 423 643 423 1002 252 229 393 855 872 483 735 493 416 454 232 831 2187 437 
180 801 670 539 225 421 645 416 1004 256 237 407 806 889 506 744 491 431 459 248 809 2200 432 
181 798 654 537 231 443 604 444 1015 258 250 386 785 901 503 724 497 437 453 237 804 2198 422 
182 786 666 533 235 455 635 461 1015 263 259 371 782 887 503 713 509 469 432 237 768 2239 412 
183 744 694 543 231 456 644 466 1024 262 271 354 783 864 510 718 513 485 430 250 778 2271 419 
184 745 702 522 225 475 645 461 1022 262 270 367 802 833 481 729 514 494 414 249 771 2301 420 
185 729 707 524 227 481 655 458 1031 270 270 371 826 843 484 734 515 497 418 256 786 2301 433 
186 732 715 532 208 485 660 471 1038 272 266 375 841 810 498 741 525 508 404 258 783 2315 434 
187 730 710 540 219 482 667 476 1022 294 254 381 860 801 491 745 530 506 418 281 782 2366 434 
188 735 719 519 220 487 681 460 1036 292 217 400 866 799 482 750 535 506 417 281 793 2373 441 
189 736 707 504 225 488 687 479 997 299 218 398 874 791 469 749 542 465 451 290 815 2361 459 
190 758 663 504 226 488 680 502 984 309 215 398 876 813 450 768 559 457 464 278 834 2367 473 
191 778 677 491 224 497 677 511 964 311 220 396 880 825 447 779 564 489 438 274 844 2375 474 
192 803 662 484 229 510 669 523 928 314 226 397 888 838 433 781 559 495 423 268 839 2423 484 
193 822 658 485 228 515 635 529 909 313 225 389 889 864 434 766 568 507 419 264 897 2334 494 
194 810 647 464 226 523 617 525 882 309 231 361 903 907 439 747 583 526 421 262 894 2280 507 
195 778 692 446 244 560 591 512 895 300 232 338 906 851 453 768 590 541 372 293 942 2199 516 
196 705 747 431 242 567 595 503 909 302 233 328 906 855 461 773 591 545 386 267 1025 2113 518 
197 708 734 435 245 571 608 501 934 307 240 330 921 825 462 787 593 536 393 265 1017 2151 529 
198 725 714 441 247 576 625 506 954 313 237 367 883 820 455 801 604 529 395 275 1014 2162 528 
199 748 702 450 249 580 655 485 1009 294 231 368 861 800 469 826 613 538 403 277 1004 2193 514 
200 755 704 442 241 574 678 501 1053 284 219 389 846 766 473 855 612 536 409 283 990 2205 486 
201 751 728 454 236 579 653 514 1040 270 217 388 817 787 477 871 611 564 406 288 1018 2194 481 
202 766 705 458 237 592 633 530 1012 275 221 390 808 787 491 865 619 553 410 288 998 2223 490 
203 781 683 456 241 608 604 539 1025 284 220 397 819 798 495 873 617 524 410 302 952 2277 501 
204 795 648 474 244 607 624 522 1048 284 216 390 837 817 477 883 647 507 419 307 929 2311 521 
205 805 612 493 242 615 630 507 1058 284 212 371 835 825 453 914 663 495 410 303 905 2333 527 
206 812 604 488 248 623 660 513 1044 287 215 359 870 829 448 881 666 498 440 265 875 2381 531 
207 819 602 513 237 637 668 511 1024 291 227 350 886 858 437 856 628 504 443 261 928 2303 531 
208 831 610 507 252 642 702 505 1022 298 224 397 909 859 438 816 604 521 441 264 962 2232 504 
209 805 632 510 260 629 710 494 1003 287 230 401 891 904 437 786 563 553 447 274 1017 2134 480 
210 798 635 495 265 637 698 467 1007 272 249 407 897 917 443 778 578 587 456 268 1019 2161 484 
211 758 668 491 271 651 670 512 970 266 252 408 920 883 476 776 592 586 464 260 996 2207 487 
212 754 668 527 273 649 644 541 951 266 254 410 904 872 484 799 605 594 465 267 952 2231 483 
213 716 691 534 274 659 632 568 920 249 259 401 900 837 486 852 606 598 468 266 945 2262 477 
214 719 703 535 276 668 638 559 922 271 263 412 863 815 494 878 612 601 475 268 936 2247 466 
215 731 702 531 285 683 625 562 941 281 259 396 812 829 472 908 606 615 470 266 940 2251 473 
216 733 705 536 278 699 617 560 944 281 260 375 841 824 463 896 626 620 454 269 933 2302 471 
217 736 700 534 289 702 633 561 938 285 266 353 882 769 468 896 622 598 453 283 906 2349 476 
218 744 707 537 290 715 654 550 961 282 272 355 862 813 436 892 634 564 447 302 920 2349 486 
219 745 713 551 289 741 676 531 1000 285 266 374 867 802 435 862 660 537 437 326 845 2408 496 
220 774 693 559 278 761 674 530 1016 285 276 397 877 794 439 868 612 513 430 320 897 2325 492 
221 786 679 539 276 762 689 524 1033 308 264 400 873 810 438 873 586 502 421 315 912 2292 492 
222 797 653 552 280 773 687 509 1061 291 268 395 892 811 437 859 595 509 422 310 946 2213 500 
223 810 636 556 282 785 692 502 1072 292 266 374 900 814 441 894 607 524 383 292 1032 2119 510 
224 807 637 558 282 805 670 497 1083 280 269 360 911 824 452 909 611 524 388 298 1009 2132 517 
225 819 638 559 290 834 663 471 1095 273 285 389 881 833 457 886 609 531 392 304 980 2152 510 
226 826 639 563 292 872 647 459 1150 271 306 393 885 856 451 873 596 529 409 288 974 2177 490 
227 849 619 555 293 883 657 469 1154 253 312 395 873 873 443 898 592 546 418 293 968 2179 482 
228 830 630 558 296 896 657 469 1179 253 318 400 868 880 470 870 594 546 421 298 941 2220 479 
229 801 663 535 306 880 672 488 1201 258 306 395 871 880 470 881 604 556 420 308 938 2230 484 
230 768 714 547 306 879 645 508 1135 286 304 388 898 885 479 829 615 568 434 313 928 2255 480 
231 743 740 558 310 902 621 519 1139 281 305 388 901 884 481 815 623 574 438 299 923 2279 481 
232 737 754 567 306 923 609 563 1086 303 311 418 888 851 508 796 622 578 433 298 888 2325 488 
233 752 749 575 312 938 600 584 1030 302 307 409 880 838 485 823 626 582 432 303 855 2365 494 
234 754 757 567 310 939 575 588 1040 303 314 402 875 813 475 837 637 589 432 303 814 2416 499 
235 798 730 575 319 939 564 578 1057 309 317 394 876 789 477 870 659 604 418 329 807 2380 506 
236 803 732 574 344 941 565 576 1063 302 317 395 888 774 472 886 624 603 429 324 835 2317 512 
237 809 733 566 345 975 553 578 1090 305 316 380 883 793 459 924 585 597 443 310 817 2302 516 
238 815 729 581 343 978 564 549 1117 309 320 363 897 808 444 895 600 600 454 310 791 2311 525 
239 815 730 579 348 1001 573 539 1125 313 319 360 890 840 439 870 599 623 452 279 874 2200 532 
240 869 687 620 338 1026 578 550 1122 324 325 335 914 843 449 861 610 596 448 284 925 2149 526 
241 845 685 604 337 1050 592 541 1151 306 336 342 876 894 455 805 624 588 462 290 941 2082 532 
242 808 711 617 346 1068 608 549 1089 316 339 351 849 875 453 798 635 578 463 311 932 2121 522 
243 787 733 615 378 1049 586 563 1091 306 338 362 821 817 459 842 640 577 454 299 944 2150 523 
244 739 772 606 373 1062 601 570 1059 300 334 361 840 776 469 862 649 605 441 299 938 2173 504 
245 761 763 597 378 1069 616 620 969 321 335 366 861 781 465 856 668 610 427 315 912 2206 487 
246 762 747 604 371 1084 604 624 1001 299 336 372 862 788 463 859 654 599 420 311 921 2200 484 
247 770 746 627 380 1079 629 627 1001 299 339 375 863 767 470 879 649 590 414 313 936 2213 453 
248 777 732 639 386 1106 589 634 1022 299 347 370 878 755 475 917 623 597 396 320 918 2225 453 
249 787 733 655 387 1123 602 637 1029 301 349 369 890 760 491 897 630 587 398 318 958 2163 437 
250 795 726 674 388 1118 588 636 1038 304 354 381 905 760 483 874 590 562 419 339 965 2175 435 
251 806 720 691 405 1146 570 618 1074 314 354 386 897 748 488 853 594 546 424 347 965 2206 436 
252 819 701 711 411 1166 566 598 1087 318 359 391 897 762 496 843 612 524 434 363 944 2227 435 
253 824 676 749 399 1176 549 597 1113 323 358 387 919 753 501 829 618 517 441 352 937 2238 441 
254 814 681 771 411 1182 531 575 1127 329 359 398 897 785 480 799 627 513 433 369 914 2255 452 
255 746 744 779 406 1174 559 566 1147 328 376 389 893 784 469 799 622 521 442 348 894 2256 406 
256 742 759 774 409 1139 569 554 1156 310 390 392 871 808 444 809 621 516 453 341 843 2310 418 
257 761 744 785 407 1115 569 541 1189 310 390 385 864 817 435 804 623 509 453 350 837 2344 424 
258 756 727 797 416 1063 606 533 1245 280 398 385 840 826 433 801 645 539 463 353 844 2341 427 
259 736 745 812 420 1053 613 527 1239 283 393 435 777 826 446 799 646 529 466 354 810 2378 431 
260 729 729 835 425 1015 592 521 1194 317 390 420 786 828 434 825 668 521 472 346 838 2296 425 
261 715 738 846 436 1016 593 504 1187 321 399 415 807 833 434 818 658 520 481 337 900 2222 441 
262 713 742 849 438 1041 610 496 1150 325 404 432 800 841 441 817 646 554 485 329 938 2172 444 
263 690 729 842 446 1072 578 492 1112 340 407 413 814 841 448 834 623 577 485 323 1052 2039 452 
264 708 728 845 447 1075 570 490 1085 369 412 425 819 841 451 851 623 587 483 328 1035 2083 439 
265 735 669 880 449 1098 531 518 1052 349 416 418 821 842 457 871 611 578 490 325 1012 2112 443 
266 746 652 854 455 1088 536 501 1083 339 415 420 835 857 457 866 604 579 493 324 1026 2129 443 
267 739 668 802 451 1082 582 506 1100 320 424 420 828 862 455 882 580 598 502 315 1038 2148 449 
268 758 681 796 459 1078 575 503 1127 318 437 426 829 865 464 884 565 595 516 314 1039 2153 452 
269 772 684 774 471 1060 589 499 1124 316 439 429 841 876 481 895 571 597 498 319 1037 2170 464 
270 785 693 808 467 1030 584 479 1132 319 450 437 843 881 479 850 603 560 486 348 1023 2187 478 
271 796 672 824 471 1013 578 479 1162 295 464 444 873 905 475 815 615 555 483 340 998 2220 477 
272 799 684 854 475 1005 573 483 1194 294 465 457 866 905 466 800 624 559 488 318 972 2265 486 
273 798 702 867 483 1018 529 498 1161 311 487 459 861 865 459 808 632 550 496 309 957 2305 491 
274 786 725 869 488 1014 523 494 1156 306 494 466 861 842 465 823 647 528 448 349 943 2305 510 
275 798 716 866 487 998 510 505 1129 318 507 457 875 819 478 832 659 497 474 333 918 2337 508 
276 800 711 867 494 991 487 510 1096 324 505 452 896 801 479 841 628 539 471 328 905 2327 517 
277 800 694 861 497 1001 482 517 1087 326 504 459 904 788 489 869 605 545 477 320 898 2343 521 
278 790 696 843 510 1006 492 517 1106 331 498 474 926 768 498 882 609 545 480 317 871 2394 512 
279 793 706 837 499 1045 475 508 1110 324 498 464 919 816 457 892 581 534 486 304 920 2272 520 
280 800 723 815 528 1004 496 478 1149 326 507 454 923 811 447 836 594 519 493 318 953 2180 517 
281 828 719 789 562 987 488 476 1147 339 501 448 881 841 459 825 608 527 496 307 940 2150 531 
282 830 714 782 621 922 514 482 1134 358 496 443 873 850 450 836 612 516 485 305 942 2113 517 
283 845 714 762 605 939 513 500 1118 368 504 444 837 871 441 812 635 470 472 337 914 2161 523 
284 861 728 768 586 970 511 472 1137 367 507 445 826 888 443 813 633 483 483 312 925 2175 537 
285 849 726 774 579 980 510 476 1141 367 507 436 795 862 461 802 642 491 480 303 948 2161 544 
286 803 747 801 574 1000 499 476 1157 363 519 390 797 825 475 829 663 500 481 301 940 2173 529 
287 781 769 826 569 999 491 482 1154 380 525 404 791 803 475 870 672 498 489 309 928 2203 505 
288 795 774 829 563 1013 466 482 1152 394 530 408 806 766 492 849 652 513 479 310 920 2248 487 
289 761 771 822 548 1043 453 495 1195 368 550 418 819 753 511 859 655 502 485 304 904 2277 488 
290 733 798 809 534 1027 475 503 1170 369 572 430 814 769 489 873 658 500 485 305 891 2293 478 
291 754 765 789 514 1071 471 509 1179 342 583 430 812 766 485 868 671 520 497 303 877 2330 474 
292 756 773 768 522 1050 495 520 1141 357 578 458 809 788 477 867 675 514 505 286 873 2356 440 
293 792 739 769 517 1074 486 565 1085 354 576 457 809 798 472 888 679 524 507 285 903 2365 449 
294 814 716 763 541 1056 487 577 1052 358 577 460 815 816 474 909 672 526 486 295 947 2346 461 
295 838 702 729 544 1092 454 570 1072 366 504 535 822 862 459 876 673 513 499 290 936 2367 487 
296 878 647 722 551 1122 456 573 1051 373 498 540 849 896 455 829 680 507 503 283 951 2369 490 
297 856 665 708 568 1150 451 575 1063 379 477 563 847 903 430 826 692 508 496 280 940 2383 502 
298 842 679 746 574 1117 460 545 1094 369 489 571 867 874 439 797 694 503 502 284 931 2345 477 
299 819 702 745 576 1107 465 539 1121 364 489 588 884 823 453 827 701 467 531 271 961 2291 465 
300 797 727 750 574 1095 468 530 1128 362 483 597 911 795 459 839 695 464 515 283 966 2214 463 
301 780 756 776 607 1036 485 534 1145 359 491 609 889 835 446 848 656 481 498 291 1007 2145 465 
302 782 772 783 602 1011 515 520 1165 357 499 598 902 857 441 841 642 484 504 278 1007 2131 472 
303 771 812 795 571 1028 489 530 1183 351 505 588 891 867 445 872 637 497 500 261 990 2150 480 
304 815 768 810 546 1065 492 493 1186 348 507 589 888 880 446 899 628 480 478 282 955 2168 492 
305 832 742 835 557 1064 486 485 1189 353 505 586 905 889 441 885 613 477 471 278 911 2216 491 
306 844 715 839 592 1067 502 467 1195 342 505 579 922 889 434 843 626 473 481 286 875 2226 507 
307 850 695 847 599 1061 490 452 1233 321 506 584 933 870 445 816 650 479 502 286 839 2274 519 
308 871 652 852 615 1047 490 456 1188 341 516 586 920 875 453 797 631 509 503 277 818 2287 522 
309 884 672 831 622 1055 481 442 1182 332 529 578 892 828 448 824 638 518 508 244 820 2309 528 
310 886 686 807 617 1097 473 431 1165 360 525 592 908 825 454 841 628 507 518 241 828 2339 514 
311 886 681 794 626 1117 468 426 1168 371 513 601 889 791 466 867 636 515 497 234 856 2314 483 
312 894 683 799 618 1132 459 437 1164 379 502 612 894 783 455 883 643 519 475 247 844 2333 479 
313 911 693 820 614 1136 458 432 1134 390 490 627 864 794 453 883 649 522 459 249 817 2374 479 
314 913 706 839 608 1147 443 441 1093 400 477 635 837 802 456 900 658 517 455 259 798 2409 492 
315 895 733 854 602 1168 441 431 1106 402 493 596 835 812 446 886 664 538 460 258 794 2383 480 
316 877 751 867 593 1175 424 458 1138 382 498 593 794 823 453 891 666 545 456 254 792 2364 499 
317 889 773 839 594 1202 419 466 1146 370 517 574 789 810 460 865 660 544 464 255 832 2284 518 
318 888 775 838 608 1197 422 479 1165 355 531 578 802 810 472 816 672 552 466 255 884 2207 513 
319 887 786 853 635 1128 435 476 1178 347 515 580 816 831 473 748 680 552 455 269 902 2156 515 
320 879 796 861 660 1092 441 480 1193 340 511 565 822 832 495 749 677 570 450 262 910 2093 521 
321 899 799 835 710 1008 436 481 1199 341 489 554 833 871 469 739 674 527 463 278 898 2117 519 
322 901 792 826 689 1042 426 477 1206 341 491 545 840 866 460 758 687 507 466 278 908 2117 504 
323 926 778 811 687 1045 422 456 1226 320 505 556 843 881 449 773 674 492 467 274 874 2158 473 
324 958 755 795 659 1070 429 435 1261 308 512 570 843 894 439 802 652 512 476 271 863 2178 484 
325 948 758 837 658 1079 407 427 1272 305 521 583 863 859 444 813 647 512 476 267 848 2192 492 
326 942 736 845 646 1079 412 430 1283 311 529 583 883 833 453 809 646 510 473 239 854 2218 495 
327 899 749 840 650 1099 431 459 1278 312 523 591 890 815 470 816 648 514 466 246 827 2233 512 
328 872 759 863 596 1144 440 463 1279 317 528 604 892 795 477 844 649 529 462 235 801 2229 525 
329 846 780 877 561 1187 455 474 1289 320 529 600 875 806 483 860 631 536 459 239 777 2248 528 
330 844 766 912 576 1157 440 474 1308 330 529 611 872 814 490 858 601 538 466 246 812 2258 525 
331 844 771 956 585 1126 413 457 1309 353 522 617 883 819 495 864 604 528 470 271 816 2287 517 
332 892 707 977 575 1123 399 451 1317 350 553 609 872 827 495 874 612 528 485 269 832 2330 507 
333 895 720 967 563 1107 403 442 1333 348 556 614 892 821 494 885 612 541 490 270 822 2341 510 
334 924 664 1004 550 1097 415 427 1358 352 565 621 897 846 463 888 610 553 486 281 830 2332 511 
335 932 677 946 551 1092 453 456 1275 368 576 612 872 873 454 894 613 565 501 290 845 2347 508 
336 927 676 924 536 1102 450 483 1199 354 589 622 874 918 435 848 611 552 492 318 824 2369 484 
337 930 692 901 516 1100 435 472 1224 343 598 636 871 904 425 867 622 552 485 321 838 2373 487 
338 920 716 872 516 1106 449 475 1202 340 638 611 885 884 424 848 636 545 487 320 854 2373 466 
339 916 733 855 515 1145 439 474 1215 341 619 616 900 825 424 855 637 547 484 317 873 2392 467 
340 931 727 854 523 1157 431 476 1220 326 589 638 906 827 400 844 651 558 474 314 864 2364 472 
341 926 767 842 522 1167 426 471 1240 311 585 651 950 825 406 801 672 572 481 314 837 2314 482 
342 950 760 823 518 1178 428 464 1271 301 562 637 909 797 428 859 663 621 443 282 892 2231 487 
343 956 769 843 528 1202 384 467 1276 299 554 644 831 814 423 881 641 619 448 296 910 2192 487 
344 946 771 843 533 1228 410 440 1262 297 556 608 811 803 422 898 632 617 460 294 927 2122 496 
345 942 787 846 560 1217 410 427 1291 292 550 605 808 780 424 885 609 604 458 298 964 2134 489 
346 934 787 850 569 1214 423 410 1313 298 556 596 821 813 427 852 595 586 460 309 945 2159 493 
347 926 817 840 555 1202 424 426 1315 303 558 580 813 831 409 840 589 567 458 323 915 2167 496 
348 940 822 844 556 1197 425 434 1329 298 556 538 833 868 417 813 600 560 457 330 917 2212 497 
349 940 851 829 540 1189 459 439 1360 292 569 535 838 898 416 798 604 548 462 319 903 2211 503 
350 972 796 867 548 1185 472 449 1362 303 577 535 846 867 414 804 617 498 524 301 886 2245 519 
351 989 773 901 522 1159 474 463 1320 310 584 523 849 854 440 809 632 497 505 309 852 2277 522 
352 1015 749 913 523 1158 466 489 1296 286 585 524 852 828 442 853 613 535 485 293 832 2302 527 
353 1020 769 920 529 1147 463 488 1281 287 584 538 868 814 453 848 624 546 505 253 794 2340 540 
354 1019 787 974 534 1123 456 500 1219 282 595 569 844 768 478 842 634 589 484 257 781 2375 540 
355 1011 793 988 513 1074 452 505 1249 291 605 581 837 775 475 852 650 584 497 259 743 2442 512 
356 1005 791 976 516 1093 445 502 1274 293 622 591 837 784 486 851 653 567 497 260 750 2424 489 
357 999 812 956 506 1092 434 496 1318 301 715 543 833 818 464 867 665 540 506 283 804 2350 455 
358 1006 822 929 485 1131 437 475 1322 292 737 514 844 815 472 893 657 543 513 292 866 2255 456 
359 996 842 934 468 1134 416 476 1298 309 709 513 843 817 457 928 640 568 531 276 873 2218 461 
360 995 838 917 455 1165 438 443 1335 335 678 529 855 823 466 940 594 579 538 288 941 2118 465 
361 1011 833 903 455 1170 451 418 1369 329 684 549 877 805 462 942 576 611 524 293 944 2120 473 
362 987 871 878 458 1183 444 422 1372 337 669 555 885 841 449 922 597 567 522 285 892 2175 477 
363 986 867 841 472 1195 437 421 1384 337 643 606 890 871 444 872 612 562 512 281 856 2229 480 
364 1001 857 852 472 1233 415 430 1401 325 637 628 895 861 446 865 618 560 502 266 836 2252 485 
365 1051 798 871 473 1256 395 450 1425 342 610 637 920 849 455 845 646 555 480 266 801 2285 488 
366 1071 770 908 488 1225 394 465 1417 358 577 654 919 857 460 826 655 531 493 266 782 2300 505 
367 1091 740 928 504 1195 384 486 1399 356 570 674 920 888 450 812 669 516 490 273 776 2333 515 
368 1078 784 918 582 1094 411 502 1389 371 524 681 913 860 449 840 651 511 488 264 764 2351 516 
369 1072 804 897 576 1116 407 492 1379 372 543 664 906 810 471 893 648 485 509 260 774 2363 525 
370 1082 805 893 558 1159 419 468 1348 365 545 652 908 780 472 912 627 486 517 255 802 2389 521 
371 1107 814 904 524 1167 399 467 1341 361 555 643 892 785 476 920 610 497 513 258 855 2336 528 
372 1092 828 888 524 1207 395 449 1353 336 557 615 887 804 485 941 612 501 513 261 896 2292 531 
373 1056 854 859 514 1230 396 468 1285 362 559 606 901 784 490 929 601 520 518 272 945 2203 536 
374 1020 859 854 501 1269 407 460 1296 362 570 587 890 822 489 894 604 529 533 270 926 2163 543 
375 1010 849 835 517 1251 422 451 1287 355 575 595 918 821 489 877 636 561 551 246 905 2137 552 
376 1017 838 818 500 1253 439 467 1299 373 601 608 861 884 495 858 656 555 552 231 881 2136 522 
377 1009 830 841 500 1214 438 477 1338 354 621 647 840 901 471 818 676 554 545 230 872 2151 524 
378 953 871 819 495 1203 437 515 1328 342 627 641 843 894 459 858 643 542 541 233 858 2211 509 
379 985 848 795 478 1220 447 510 1324 374 592 651 812 901 448 857 616 555 527 234 821 2258 514 
380 1032 801 837 480 1142 438 528 1304 359 581 650 798 901 448 880 613 537 505 233 784 2300 492 
381 1047 824 800 495 1122 434 530 1307 372 569 638 830 876 434 908 579 534 508 230 772 2303 496 
382 1058 810 777 471 1188 411 555 1307 362 573 635 840 845 466 918 577 523 509 228 787 2307 500 
383 1088 812 766 500 1209 398 561 1328 382 573 592 878 824 485 936 602 502 499 218 858 2268 484 
384 1122 765 785 519 1236 410 558 1379 370 581 597 896 801 481 959 598 496 516 218 868 2304 479 
385 1098 794 777 528 1253 404 555 1404 390 574 613 914 791 488 924 622 487 533 220 856 2331 476 
386 1068 804 774 502 1269 397 534 1442 381 607 583 938 794 488 913 637 494 537 216 828 2331 445 
387 1010 863 788 503 1214 428 546 1414 386 594 583 862 832 500 932 650 493 547 217 830 2353 452 
388 1034 854 785 497 1169 442 547 1423 375 562 621 873 857 492 913 641 494 543 218 837 2383 463 
389 1034 862 775 516 1146 454 597 1354 380 565 635 856 876 471 905 649 504 529 225 839 2318 472 
390 1051 893 776 516 1159 457 608 1341 384 571 633 816 930 448 929 642 509 541 230 823 2274 484 
391 1076 890 785 522 1167 446 636 1284 378 578 629 832 914 445 924 643 527 536 226 840 2199 493 
392 1070 909 784 524 1191 432 617 1304 364 586 637 855 901 449 901 663 534 542 226 871 2123 505 
393 1065 899 814 529 1185 414 613 1316 358 596 637 871 864 448 898 662 526 548 231 869 2144 520 
394 1102 846 770 540 1209 396 608 1330 363 634 647 869 871 437 860 651 541 550 232 878 2160 493 
395 1161 792 756 553 1242 391 601 1361 353 650 663 868 869 432 859 666 544 558 227 865 2176 487 
396 1165 797 747 527 1314 381 610 1364 346 661 673 903 857 432 819 667 548 572 228 850 2213 489 
397 1160 813 756 537 1266 396 605 1362 329 693 633 934 822 447 803 664 558 574 240 870 2203 475 
398 1170 806 758 581 1208 418 597 1403 305 675 628 944 793 447 851 678 528 594 238 841 2259 484 
399 1143 847 761 585 1187 413 623 1369 302 666 631 948 803 449 844 680 517 598 240 823 2298 491 
400 1081 930 781 597 1174 387 662 1318 293 670 617 976 777 458 866 668 538 606 241 822 2283 480 
401 1030 997 797 613 1111 419 706 1264 275 639 640 959 777 464 854 667 537 605 251 795 2319 487 
402 1051 963 824 594 1132 423 750 1227 272 651 658 941 774 464 858 667 532 586 255 783 2361 490 
403 1086 941 824 610 1148 420 738 1292 237 640 660 933 780 467 868 687 484 598 282 739 2398 500 
404 1091 938 824 615 1173 385 688 1335 237 657 663 921 769 466 879 671 486 603 271 813 2278 495 
405 1138 884 833 640 1173 388 658 1346 240 622 681 889 804 460 907 688 428 608 273 821 2236 494 
406 1213 829 838 649 1192 383 669 1311 262 620 674 882 819 455 880 677 445 603 266 853 2178 504 
407 1225 818 843 629 1202 387 659 1297 261 596 697 865 821 463 867 658 440 622 243 954 2057 505 
408 1177 853 858 641 1205 371 654 1302 272 585 713 834 828 462 845 655 431 646 249 932 2100 510 
409 1159 887 856 649 1242 357 649 1310 284 573 714 857 857 471 820 622 426 630 251 934 2104 521 
410 1114 933 874 666 1249 319 689 1288 288 545 732 846 890 457 803 634 460 603 253 934 2121 548 
411 1072 965 909 646 1227 320 693 1248 290 550 729 855 882 451 821 628 493 586 252 907 2139 537 
412 1070 970 950 606 1229 323 684 1213 314 567 765 890 820 466 845 636 486 577 269 890 2144 484 
413 1072 977 910 608 1217 354 698 1180 314 577 794 897 842 436 856 639 457 573 292 893 2135 445 
414 1076 942 937 617 1169 354 675 1207 317 577 801 907 816 439 869 635 444 550 299 885 2164 453 
415 1069 913 929 625 1108 393 660 1240 325 574 810 915 799 445 904 617 433 547 309 880 2195 463 
416 1089 883 915 605 1137 397 652 1247 320 577 804 921 780 434 928 619 432 559 281 878 2190 468 
417 1111 872 904 563 1158 402 632 1269 327 583 822 905 805 436 922 575 427 565 273 849 2240 469 
418 1107 889 877 584 1205 388 625 1300 327 586 843 920 799 441 910 589 451 538 283 828 2261 474 
419 1128 890 852 590 1245 392 635 1274 348 588 852 924 805 449 896 619 444 532 296 810 2276 477 
420 1134 888 829 593 1286 388 635 1254 360 605 842 951 826 437 848 625 433 553 285 817 2275 494 
421 1148 899 788 619 1320 380 634 1228 351 605 848 981 822 440 875 617 419 564 269 845 2234 504 
422 1119 938 756 619 1375 379 610 1230 357 601 844 967 820 454 879 648 430 585 257 806 2255 513 
423 1101 988 760 640 1298 391 613 1212 367 578 847 967 820 458 860 657 433 583 258 777 2257 525 
424 1120 997 828 634 1274 363 608 1235 361 585 840 961 822 461 824 670 482 561 256 816 2257 506 
425 1164 956 858 630 1262 336 630 1275 357 582 840 969 842 448 804 652 498 559 258 843 2252 499 
426 1156 906 845 641 1219 348 637 1283 355 575 824 957 854 446 842 648 505 551 258 856 2251 458 
427 1118 912 840 670 1204 344 640 1314 354 566 794 1004 868 437 857 618 470 558 257 880 2255 453 
428 1074 902 827 655 1240 351 635 1310 374 576 754 1047 869 437 850 595 475 553 254 876 2252 463 
429 1036 958 784 644 1270 372 625 1320 381 556 756 1076 877 438 865 616 459 575 250 855 2249 473 
430 1050 977 782 645 1280 369 601 1348 394 560 749 1082 882 439 888 620 437 594 254 854 2256 474 
431 1062 991 796 634 1292 370 602 1360 395 572 721 1101 890 428 889 636 424 617 263 857 2290 484 
432 1066 995 816 611 1276 406 584 1360 400 599 708 1081 873 438 906 642 420 628 256 819 2338 484 
433 1075 1006 821 596 1298 390 581 1396 403 587 688 1078 848 446 945 643 424 624 250 786 2390 476 
434 1065 968 874 618 1327 391 583 1353 409 601 693 1062 848 453 916 647 425 619 253 836 2334 487 
435 1075 961 906 630 1323 410 590 1315 414 600 698 1102 824 461 907 659 433 627 254 832 2268 494 
436 1089 906 891 657 1330 403 588 1274 419 606 719 1121 812 474 861 688 446 628 272 810 2239 493 
437 1109 851 902 656 1343 407 574 1277 409 641 690 1102 815 476 871 690 452 635 277 798 2207 502 
438 1112 868 853 664 1354 410 556 1263 400 643 696 1102 792 483 906 680 473 642 276 860 2091 509 
439 1107 884 854 699 1304 406 555 1239 385 649 705 1102 802 487 906 669 476 673 259 828 2136 517 
440 1127 888 869 704 1271 411 543 1262 384 638 703 1115 812 491 914 646 505 628 274 833 2151 534 
441 1139 880 875 714 1238 429 547 1285 381 616 735 1107 827 497 928 634 492 614 303 819 2163 517 
442 1141 904 828 738 1227 425 548 1290 368 596 755 1102 851 470 927 606 508 592 326 835 2196 516 
443 1152 912 802 746 1230 456 525 1344 360 590 747 1103 852 474 947 593 522 568 320 784 2236 520 
444 1156 905 821 740 1246 447 508 1368 369 578 725 1116 878 456 911 615 524 569 314 791 2246 529 
445 1144 917 845 728 1246 443 514 1388 360 546 711 1059 904 430 951 623 531 571 308 784 2248 535 
446 1144 922 869 727 1245 418 539 1386 366 554 699 1050 871 425 946 617 539 581 290 815 2235 529 
447 1146 923 891 709 1289 402 546 1392 368 583 659 1059 852 429 896 635 540 617 299 803 2248 540 
448 1146 975 885 694 1338 406 538 1419 349 585 693 1033 850 441 870 629 541 620 295 766 2280 550 
449 1149 995 874 674 1347 412 517 1433 370 587 722 1042 802 460 818 636 511 648 301 768 2314 521 
450 1160 978 851 691 1324 398 524 1408 370 584 780 992 799 459 855 637 508 627 302 777 2321 480 
451 1176 987 852 686 1299 387 534 1354 414 598 818 1013 769 467 886 655 473 615 300 785 2352 443 
452 1202 996 828 686 1296 382 537 1349 402 598 817 1018 777 461 904 653 497 580 297 796 2376 446 
453 1145 1040 827 675 1277 378 542 1320 391 601 831 1021 782 465 918 663 503 573 293 798 2383 446 
454 1126 1079 823 655 1312 365 532 1325 370 600 851 1032 794 458 930 680 547 542 289 872 2298 454 
455 1079 1116 819 661 1279 350 562 1305 375 584 858 1035 786 472 931 633 566 567 317 890 2216 458 
456 1077 1126 812 644 1266 360 591 1243 398 545 902 1032 803 459 917 641 571 566 322 862 2176 469 
457 1066 1143 797 636 1262 360 565 1273 398 552 918 1037 812 468 912 627 566 589 314 933 2074 454 
458 1042 1138 800 645 1269 354 562 1292 390 544 897 1038 803 472 958 591 575 594 305 908 2091 465 
459 1000 1163 786 657 1250 337 548 1296 378 560 871 1058 801 480 983 591 574 581 301 916 2098 478 
460 1001 1130 815 663 1234 327 552 1318 360 545 861 1063 804 485 1001 614 555 563 316 895 2126 470 
461 1008 1108 832 684 1205 319 565 1339 340 530 876 1063 824 480 956 641 529 554 328 869 2148 479 
462 1045 1058 863 695 1149 305 561 1353 347 535 798 1067 821 474 960 639 535 522 326 855 2164 477 
463 1062 1061 848 700 1170 298 569 1389 343 531 813 1055 827 478 944 654 535 529 323 842 2191 486 
464 1074 1032 825 713 1201 295 534 1389 350 523 807 1033 861 481 946 668 520 545 325 824 2218 490 
465 1090 1021 817 715 1234 299 533 1405 350 519 791 1038 879 459 939 677 501 545 332 814 2264 502 
466 1088 1024 805 682 1265 295 532 1421 341 526 809 1034 864 468 953 691 485 560 315 807 2300 501 
467 1122 991 822 647 1268 327 526 1396 351 503 841 1040 885 475 953 698 501 560 312 785 2315 524 
468 1125 970 835 641 1257 336 535 1345 375 501 857 1030 896 464 991 684 501 561 311 800 2323 540 
469 1159 949 839 648 1217 351 529 1296 389 512 851 1052 891 469 1000 677 517 594 279 802 2334 543 
470 1179 947 854 630 1230 359 534 1295 367 536 868 1006 896 474 1045 691 521 593 269 824 2348 529 
471 1217 916 818 656 1217 385 511 1324 360 600 887 1031 914 478 1024 681 512 585 275 826 2350 486 
472 1252 874 835 642 1222 366 502 1361 359 622 910 1039 850 521 980 656 519 564 287 863 2380 456 
473 1245 836 839 645 1221 355 503 1359 345 625 927 1034 849 511 978 642 515 540 308 930 2322 447 
474 1204 856 862 646 1184 342 511 1333 347 628 941 1048 844 492 985 623 529 522 318 990 2209 455 
475 1177 848 869 664 1157 343 501 1318 367 638 944 1068 828 498 966 618 536 519 307 996 2173 451 
476 1178 838 873 641 1173 348 503 1310 364 655 936 1076 829 505 923 630 540 527 308 1028 2092 447 
477 1170 814 868 639 1187 340 528 1237 366 679 930 1089 833 499 927 606 539 537 310 1022 2108 462 
478 1111 878 840 612 1227 337 544 1215 345 653 934 1084 841 501 940 612 545 547 305 1012 2154 473 
479 1118 894 836 602 1252 336 505 1290 337 645 926 1072 868 476 912 623 552 552 305 979 2217 477 
480 1135 929 797 588 1290 347 496 1303 344 671 876 1088 844 474 938 629 554 549 291 967 2236 475 
481 1163 906 786 589 1263 344 462 1345 351 606 905 1080 831 482 949 642 522 560 282 963 2255 487 
482 1181 889 788 562 1254 356 472 1343 364 564 905 1104 850 456 941 656 524 555 283 964 2254 500 
483 1173 880 801 574 1200 382 473 1368 356 584 889 1114 827 470 945 685 492 548 262 962 2296 505 
484 1192 859 797 590 1182 386 468 1359 342 604 877 1117 839 455 964 713 480 552 259 950 2278 506 
485 1212 857 769 595 1171 383 477 1344 344 607 859 1128 846 444 969 695 486 555 258 932 2313 513 
486 1230 850 785 617 1137 364 484 1319 340 631 855 1127 861 433 979 663 519 548 278 927 2311 505 
487 1263 799 773 630 1133 360 506 1284 339 629 868 1130 874 439 973 666 529 559 276 901 2313 513 
488 1275 817 787 628 1121 348 518 1250 342 635 829 1156 871 449 1031 613 518 558 280 889 2347 515 
489 1276 834 795 633 1121 342 506 1292 318 647 787 1151 856 455 1109 609 510 567 275 854 2412 536 
490 1287 853 774 626 1136 350 506 1319 306 660 804 1154 864 446 1080 623 504 568 279 847 2384 542 
491 1241 882 758 637 1170 335 496 1335 311 677 832 1171 850 452 1044 634 512 556 280 901 2305 546 
492 1189 914 733 672 1180 351 492 1348 306 676 866 1174 843 460 1024 648 516 547 285 913 2246 550 
493 1204 881 749 680 1208 351 494 1318 302 661 888 1140 852 468 1033 644 512 537 285 897 2218 531 
494 1193 866 756 666 1230 355 486 1265 330 655 919 1129 876 472 1010 650 532 486 324 934 2112 513 
495 1198 876 738 676 1208 351 467 1289 332 636 930 1135 876 474 1018 649 533 488 344 952 2090 480 
496 1187 888 744 678 1166 360 473 1260 336 640 913 1135 897 466 983 671 532 492 340 965 2131 482 
497 1138 929 785 673 1125 326 471 1286 337 649 904 1168 903 467 957 678 554 489 323 948 2153 477 
498 1150 919 797 635 1114 325 474 1320 337 666 895 1192 898 471 954 674 556 507 343 904 2184 442 
499 1172 891 786 633 1116 324 457 1338 328 712 896 1199 915 467 977 666 564 540 330 892 2211 428 