0 0.000 0.000 0.000 0.000 0.000 0.000 0.000 0.000 0.000 0.000 0.000 0.000 0.000 0.000 0.000 0.000 0.000 0.000 0.000 0.000 0.000 0.742 
1 0.000 0.000 0.000 0.000 0.000 0.000 0.000 0.000 0.000 0.000 0.000 0.000 0.000 0.000 0.000 0.000 0.000 0.000 0.000 0.000 0.000 0.723 
2 0.000 0.000 0.000 0.000 0.000 0.000 0.000 0.000 0.000 0.000 0.000 0.000 0.000 0.000 0.000 0.000 0.000 0.000 0.000 0.000 0.000 0.716 
3 0.000 0.000 0.000 0.000 0.000 0.000 0.000 0.000 0.077 0.000 0.000 0.000 0.000 0.000 0.000 0.000 0.000 0.000 0.000 0.000 0.000 0.697 
4 0.000 0.000 0.000 0.000 0.000 0.200 0.000 0.025 0.076 0.000 0.000 0.000 0.000 0.000 0.000 0.000 0.000 0.000 0.000 0.000 0.000 0.704 
5 0.000 0.021 0.000 0.000 0.000 0.200 0.000 0.024 0.070 0.000 0.000 0.000 0.000 0.000 0.000 0.000 0.000 0.000 0.000 0.000 0.000 0.699 
6 0.000 0.020 0.000 0.000 0.000 0.200 0.000 0.023 0.068 0.000 0.000 0.000 0.000 0.000 0.000 0.000 0.000 0.000 0.000 0.000 0.000 0.695 
7 0.000 0.042 0.000 0.000 0.000 0.250 0.000 0.025 0.062 0.000 0.019 0.000 0.000 0.000 0.000 0.000 0.000 0.000 0.000 0.000 0.000 0.672 
8 0.000 0.041 0.000 0.000 0.000 0.250 0.000 0.026 0.062 0.000 0.019 0.000 0.000 0.000 0.000 0.000 0.000 0.000 0.000 0.000 0.000 0.668 
9 0.000 0.029 0.067 0.000 0.000 0.250 0.000 0.028 0.064 0.000 0.016 0.000 0.000 0.000 0.022 0.000 0.000 0.000 0.000 0.000 0.000 0.676 
10 0.000 0.031 0.065 0.000 0.000 0.250 0.000 0.028 0.059 0.000 0.019 0.000 0.000 0.000 0.021 0.000 0.000 0.000 0.000 0.000 0.000 0.688 
11 0.000 0.031 0.051 0.000 0.000 0.250 0.000 0.025 0.061 0.000 0.019 0.000 0.000 0.000 0.021 0.000 0.000 0.000 0.000 0.000 0.000 0.682 
12 0.000 0.028 0.053 0.000 0.000 0.250 0.000 0.024 0.060 0.000 0.016 0.000 0.000 0.000 0.021 0.000 0.000 0.000 0.000 0.000 0.000 0.683 
13 0.000 0.030 0.053 0.000 0.000 0.333 0.000 0.024 0.060 0.000 0.013 0.000 0.000 0.000 0.021 0.000 0.000 0.000 0.000 0.000 0.000 0.708 
14 0.000 0.034 0.054 0.000 0.000 0.333 0.000 0.022 0.059 0.000 0.013 0.000 0.000 0.000 0.021 0.000 0.000 0.000 0.000 0.000 0.000 0.718 
15 0.000 0.033 0.055 0.000 0.000 0.333 0.000 0.021 0.050 0.000 0.014 0.000 0.000 0.000 0.021 0.000 0.000 0.000 0.000 0.000 0.000 0.726 
16 0.000 0.036 0.067 0.000 0.000 0.333 0.000 0.021 0.050 0.000 0.013 0.000 0.000 0.000 0.020 0.000 0.000 0.000 0.000 0.000 0.000 0.717 
17 0.000 0.036 0.071 0.000 0.000 0.333 0.000 0.023 0.047 0.000 0.013 0.000 0.000 0.000 0.021 0.000 0.000 0.000 0.000 0.000 0.000 0.715 
18 0.000 0.037 0.070 0.000 0.000 0.500 0.000 0.023 0.053 0.000 0.013 0.000 0.000 0.000 0.021 0.000 0.000 0.000 0.000 0.000 0.000 0.708 
19 0.000 0.037 0.070 0.000 0.000 0.500 0.000 0.023 0.057 0.000 0.013 0.000 0.000 0.000 0.020 0.000 0.000 0.000 0.000 0.000 0.000 0.704 
20 0.000 0.037 0.065 0.000 0.000 0.500 0.000 0.023 0.063 0.000 0.011 0.000 0.000 0.000 0.012 0.000 0.000 0.000 0.000 0.000 0.000 0.704 
21 0.000 0.064 0.054 0.000 0.000 0.826 0.000 0.024 0.052 0.000 0.010 0.000 0.000 0.000 0.013 0.000 0.000 0.000 0.000 0.000 0.000 0.715 
22 0.000 0.057 0.054 0.000 0.000 0.792 0.000 0.024 0.046 0.000 0.013 0.000 0.000 0.000 0.012 0.000 0.000 0.000 0.000 0.000 0.000 0.732 
23 0.000 0.057 0.045 0.000 0.000 0.679 0.000 0.025 0.047 0.000 0.013 0.000 0.000 0.000 0.012 0.000 0.000 0.000 0.000 0.000 0.000 0.728 
24 0.000 0.055 0.028 0.000 0.000 0.621 0.000 0.025 0.047 0.000 0.013 0.000 0.000 0.000 0.013 0.000 0.000 0.000 0.000 0.000 0.000 0.730 
25 0.000 0.058 0.034 0.000 0.000 0.655 0.000 0.025 0.047 0.000 0.013 0.000 0.000 0.000 0.013 0.000 0.000 0.000 0.000 0.000 0.000 0.722 
26 0.000 0.059 0.034 0.000 0.000 0.667 0.000 0.022 0.049 0.000 0.013 0.000 0.000 0.000 0.014 0.000 0.000 0.000 0.000 0.000 0.000 0.725 
27 0.000 0.058 0.033 0.000 0.000 0.625 0.000 0.024 0.049 0.000 0.015 0.000 0.000 0.000 0.028 0.000 0.000 0.000 0.000 0.000 0.000 0.731 
28 0.000 0.056 0.032 0.000 0.000 0.576 0.000 0.024 0.055 0.000 0.015 0.000 0.000 0.000 0.019 0.000 0.000 0.000 0.000 0.000 0.000 0.725 
29 0.000 0.055 0.031 0.000 0.000 0.543 0.000 0.023 0.056 0.000 0.015 0.000 0.000 0.000 0.009 0.000 0.000 0.000 0.000 0.000 0.000 0.712 
30 0.000 0.049 0.046 0.000 0.000 0.594 0.000 0.023 0.049 0.000 0.015 0.000 0.000 0.000 0.009 0.000 0.000 0.000 0.000 0.000 0.000 0.719 
31 0.000 0.051 0.045 0.000 0.000 0.656 0.000 0.023 0.046 0.000 0.015 0.000 0.000 0.000 0.009 0.000 0.000 0.000 0.000 0.000 0.000 0.713 
32 0.000 0.053 0.046 0.000 0.000 0.724 0.000 0.023 0.045 0.000 0.013 0.000 0.000 0.000 0.015 0.000 0.000 0.000 0.000 0.000 0.000 0.710 
33 0.000 0.055 0.053 0.000 0.000 0.760 0.000 0.021 0.034 0.000 0.013 0.000 0.000 0.000 0.023 0.000 0.000 0.000 0.000 0.000 0.000 0.706 
34 0.000 0.057 0.055 0.000 0.000 0.783 0.000 0.019 0.034 0.000 0.010 0.000 0.000 0.000 0.022 0.000 0.000 0.000 0.000 0.000 0.000 0.702 
35 0.000 0.055 0.053 0.000 0.000 0.905 0.000 0.019 0.041 0.000 0.011 0.000 0.000 0.000 0.022 0.000 0.000 0.000 0.000 0.000 0.000 0.702 
36 0.000 0.049 0.052 0.000 0.000 0.905 0.000 0.023 0.036 0.000 0.010 0.000 0.000 0.000 0.022 0.000 0.000 0.000 0.000 0.000 0.000 0.696 
37 0.000 0.045 0.055 0.000 0.000 0.950 0.000 0.023 0.037 0.000 0.013 0.000 0.000 0.000 0.018 0.000 0.000 0.000 0.000 0.000 0.000 0.708 
38 0.000 0.045 0.058 0.000 0.000 0.944 0.000 0.022 0.043 0.000 0.015 0.000 0.000 0.000 0.017 0.000 0.000 0.000 0.000 0.000 0.000 0.710 
39 0.000 0.040 0.067 0.000 0.000 0.889 0.000 0.024 0.036 0.000 0.015 0.000 0.000 0.000 0.017 0.000 0.000 0.000 0.000 0.000 0.000 0.696 
40 0.000 0.040 0.060 0.000 0.000 0.882 0.000 0.027 0.036 0.000 0.015 0.000 0.000 0.000 0.017 0.000 0.000 0.000 0.000 0.000 0.000 0.693 
41 0.000 0.040 0.062 0.000 0.000 0.778 0.000 0.029 0.036 0.000 0.015 0.000 0.000 0.000 0.016 0.000 0.000 0.000 0.000 0.000 0.000 0.698 
42 0.000 0.042 0.047 0.000 0.000 0.778 0.000 0.029 0.031 0.000 0.028 0.000 0.000 0.000 0.015 0.000 0.000 0.000 0.000 0.000 0.000 0.692 
43 0.000 0.044 0.048 0.000 0.000 0.714 0.000 0.027 0.031 0.000 0.027 0.000 0.000 0.000 0.015 0.000 0.000 0.000 0.000 0.000 0.000 0.693 
44 0.000 0.046 0.049 0.000 0.000 0.650 0.000 0.024 0.031 0.000 0.026 0.000 0.000 0.000 0.016 0.000 0.000 0.000 0.000 0.000 0.000 0.715 
45 0.000 0.043 0.047 0.000 0.000 0.658 0.000 0.028 0.032 0.000 0.026 0.000 0.000 0.000 0.008 0.000 0.000 0.000 0.000 0.000 0.000 0.713 
46 0.000 0.042 0.040 0.000 0.000 0.776 0.062 0.029 0.031 0.000 0.025 0.002 0.000 0.000 0.008 0.000 0.000 0.000 0.000 0.000 0.000 0.697 
47 0.000 0.040 0.039 0.000 0.000 0.705 0.067 0.031 0.031 0.000 0.022 0.002 0.000 0.000 0.008 0.000 0.000 0.000 0.000 0.000 0.000 0.694 
48 0.000 0.039 0.039 0.000 0.000 0.651 0.062 0.029 0.030 0.000 0.019 0.002 0.000 0.000 0.008 0.000 0.000 0.000 0.000 0.000 0.000 0.696 
49 0.000 0.041 0.039 0.000 0.000 0.603 0.067 0.030 0.029 0.000 0.019 0.002 0.000 0.000 0.008 0.000 0.000 0.000 0.000 0.000 0.000 0.709 
50 0.000 0.039 0.046 0.000 0.000 0.592 0.059 0.031 0.030 0.000 0.019 0.002 0.000 0.000 0.009 0.000 0.000 0.000 0.000 0.000 0.000 0.700 
51 0.000 0.037 0.046 0.000 0.000 0.569 0.059 0.030 0.033 0.000 0.023 0.002 0.000 0.000 0.008 0.000 0.000 0.000 0.000 0.000 0.000 0.696 
52 0.000 0.036 0.046 0.000 0.000 0.560 0.056 0.033 0.036 0.000 0.022 0.002 0.000 0.000 0.008 0.000 0.000 0.000 0.000 0.000 0.000 0.696 
53 0.000 0.039 0.041 0.000 0.000 0.575 0.059 0.037 0.028 0.000 0.024 0.002 0.000 0.000 0.008 0.000 0.000 0.000 0.000 0.000 0.000 0.683 
54 0.000 0.066 0.034 0.000 0.000 0.607 0.059 0.034 0.029 0.000 0.025 0.002 0.000 0.000 0.008 0.000 0.000 0.000 0.000 0.000 0.000 0.700 
55 0.000 0.067 0.032 0.000 0.000 0.582 0.062 0.061 0.029 0.000 0.027 0.001 0.000 0.000 0.008 0.000 0.000 0.000 0.000 0.000 0.000 0.704 
56 0.000 0.065 0.037 0.000 0.000 0.602 0.062 0.060 0.025 0.000 0.026 0.001 0.000 0.000 0.016 0.000 0.000 0.000 0.000 0.000 0.000 0.699 
57 0.000 0.068 0.031 0.000 0.000 0.628 0.062 0.060 0.026 0.000 0.028 0.001 0.000 0.000 0.015 0.000 0.000 0.000 0.000 0.000 0.000 0.693 
58 0.000 0.068 0.031 0.000 0.000 0.619 0.062 0.061 0.027 0.000 0.033 0.001 0.000 0.000 0.008 0.000 0.000 0.000 0.000 0.000 0.000 0.678 
59 0.000 0.063 0.037 0.000 0.000 0.628 0.071 0.062 0.026 0.000 0.033 0.001 0.000 0.000 0.008 0.000 0.000 0.000 0.000 0.000 0.000 0.687 
60 0.000 0.065 0.031 0.000 0.000 0.649 0.071 0.060 0.026 0.000 0.028 0.001 0.000 0.000 0.008 0.000 0.000 0.000 0.000 0.000 0.000 0.711 
61 0.000 0.063 0.036 0.000 0.005 0.656 0.067 0.060 0.022 0.000 0.029 0.001 0.000 0.000 0.007 0.000 0.000 0.000 0.000 0.000 0.000 0.712 
62 0.000 0.063 0.036 0.000 0.020 0.652 0.000 0.059 0.022 0.000 0.025 0.003 0.000 0.000 0.006 0.000 0.000 0.000 0.000 0.000 0.000 0.717 
63 0.000 0.063 0.032 0.000 0.022 0.670 0.000 0.057 0.021 0.000 0.025 0.003 0.000 0.000 0.000 0.000 0.000 0.000 0.000 0.000 0.000 0.710 
64 0.000 0.060 0.031 0.000 0.027 0.638 0.000 0.061 0.022 0.000 0.023 0.003 0.000 0.000 0.000 0.000 0.000 0.000 0.000 0.000 0.000 0.705 
65 0.000 0.060 0.031 0.000 0.028 0.670 0.000 0.061 0.025 0.000 0.020 0.003 0.000 0.000 0.000 0.000 0.000 0.000 0.000 0.000 0.000 0.697 
66 0.000 0.063 0.037 0.000 0.022 0.677 0.000 0.062 0.026 0.000 0.019 0.003 0.000 0.000 0.000 0.000 0.000 0.000 0.000 0.000 0.000 0.705 
67 0.007 0.062 0.042 0.000 0.017 0.677 0.000 0.060 0.026 0.000 0.022 0.003 0.000 0.000 0.000 0.000 0.000 0.000 0.000 0.000 0.000 0.734 
68 0.006 0.063 0.043 0.000 0.017 0.667 0.000 0.058 0.032 0.000 0.021 0.003 0.000 0.000 0.000 0.000 0.000 0.000 0.000 0.000 0.000 0.747 
69 0.006 0.066 0.042 0.000 0.017 0.660 0.000 0.079 0.031 0.000 0.018 0.003 0.000 0.000 0.000 0.000 0.000 0.000 0.000 0.000 0.000 0.725 
70 0.003 0.066 0.037 0.000 0.022 0.653 0.000 0.082 0.031 0.000 0.018 0.003 0.000 0.000 0.000 0.000 0.000 0.000 0.000 0.000 0.000 0.733 
71 0.006 0.072 0.041 0.000 0.022 0.681 0.000 0.078 0.031 0.000 0.019 0.003 0.000 0.000 0.000 0.000 0.000 0.000 0.000 0.000 0.000 0.725 
72 0.006 0.064 0.043 0.000 0.083 0.619 0.000 0.083 0.031 0.000 0.019 0.003 0.000 0.000 0.000 0.000 0.000 0.000 0.000 0.000 0.000 0.711 
73 0.003 0.064 0.037 0.000 0.076 0.642 0.000 0.086 0.028 0.004 0.013 0.003 0.000 0.000 0.016 0.000 0.000 0.000 0.000 0.000 0.000 0.701 
74 0.003 0.066 0.033 0.000 0.083 0.676 0.000 0.088 0.028 0.004 0.013 0.003 0.000 0.000 0.011 0.000 0.000 0.000 0.000 0.000 0.000 0.688 
75 0.003 0.064 0.039 0.000 0.082 0.685 0.000 0.086 0.028 0.004 0.013 0.003 0.000 0.000 0.010 0.000 0.000 0.000 0.000 0.000 0.000 0.692 
76 0.002 0.062 0.036 0.000 0.079 0.685 0.000 0.086 0.034 0.008 0.013 0.002 0.000 0.000 0.011 0.000 0.000 0.000 0.000 0.000 0.000 0.701 
77 0.002 0.064 0.037 0.000 0.076 0.722 0.000 0.090 0.033 0.007 0.012 0.002 0.000 0.000 0.006 0.000 0.000 0.000 0.000 0.000 0.000 0.693 
78 0.002 0.069 0.037 0.000 0.077 0.719 0.000 0.096 0.036 0.007 0.012 0.002 0.000 0.000 0.006 0.000 0.000 0.000 0.000 0.000 0.000 0.667 
79 0.002 0.069 0.037 0.000 0.077 0.691 0.000 0.096 0.020 0.007 0.012 0.001 0.000 0.000 0.006 0.000 0.000 0.000 0.000 0.000 0.000 0.687 
80 0.002 0.066 0.046 0.000 0.070 0.671 0.000 0.099 0.020 0.007 0.012 0.001 0.000 0.000 0.005 0.000 0.000 0.000 0.000 0.000 0.000 0.687 
81 0.002 0.068 0.045 0.000 0.073 0.625 0.000 0.100 0.030 0.007 0.014 0.001 0.000 0.000 0.005 0.000 0.000 0.000 0.000 0.000 0.000 0.687 
82 0.002 0.085 0.052 0.000 0.066 0.579 0.000 0.101 0.031 0.007 0.014 0.001 0.000 0.000 0.005 0.000 0.000 0.000 0.000 0.000 0.000 0.691 
83 0.002 0.086 0.047 0.000 0.061 0.586 0.000 0.102 0.030 0.011 0.012 0.001 0.000 0.000 0.005 0.000 0.000 0.000 0.000 0.000 0.000 0.722 
84 0.000 0.089 0.049 0.000 0.061 0.560 0.000 0.107 0.027 0.011 0.012 0.001 0.000 0.000 0.005 0.000 0.000 0.000 0.000 0.000 0.000 0.723 
85 0.000 0.090 0.048 0.000 0.059 0.528 0.000 0.104 0.033 0.012 0.010 0.001 0.000 0.000 0.005 0.000 0.000 0.000 0.000 0.000 0.000 0.723 
86 0.000 0.087 0.051 0.000 0.064 0.553 0.000 0.105 0.020 0.012 0.011 0.001 0.000 0.000 0.005 0.000 0.000 0.000 0.000 0.000 0.000 0.718 
87 0.000 0.088 0.055 0.000 0.067 0.550 0.000 0.104 0.022 0.012 0.013 0.001 0.000 0.000 0.005 0.000 0.000 0.000 0.000 0.000 0.000 0.701 
88 0.000 0.089 0.056 0.000 0.072 0.566 0.000 0.107 0.019 0.009 0.011 0.001 0.000 0.000 0.009 0.000 0.005 0.000 0.000 0.000 0.000 0.702 
89 0.000 0.091 0.057 0.000 0.070 0.572 0.000 0.111 0.019 0.008 0.010 0.001 0.000 0.000 0.013 0.000 0.005 0.000 0.000 0.000 0.000 0.687 
90 0.000 0.092 0.051 0.000 0.066 0.580 0.000 0.114 0.020 0.004 0.010 0.001 0.000 0.000 0.014 0.000 0.005 0.000 0.000 0.000 0.000 0.684 
91 0.000 0.092 0.051 0.000 0.066 0.587 0.000 0.113 0.007 0.004 0.010 0.001 0.000 0.000 0.013 0.000 0.005 0.000 0.000 0.000 0.000 0.692 
92 0.000 0.093 0.053 0.000 0.066 0.583 0.000 0.107 0.008 0.004 0.010 0.001 0.000 0.000 0.013 0.000 0.005 0.000 0.000 0.000 0.000 0.706 
93 0.000 0.106 0.052 0.000 0.074 0.523 0.000 0.105 0.025 0.004 0.010 0.001 0.000 0.000 0.012 0.000 0.013 0.000 0.000 0.000 0.000 0.719 
94 0.000 0.106 0.056 0.000 0.054 0.527 0.000 0.104 0.026 0.004 0.010 0.000 0.001 0.000 0.008 0.000 0.013 0.000 0.000 0.000 0.000 0.710 
95 0.000 0.109 0.056 0.000 0.054 0.525 0.000 0.100 0.023 0.004 0.010 0.000 0.001 0.000 0.008 0.000 0.010 0.000 0.000 0.000 0.000 0.706 
96 0.004 0.114 0.061 0.000 0.053 0.521 0.000 0.101 0.015 0.004 0.010 0.000 0.001 0.000 0.008 0.000 0.012 0.000 0.000 0.000 0.000 0.702 
97 0.004 0.120 0.059 0.000 0.049 0.541 0.000 0.098 0.015 0.004 0.009 0.000 0.000 0.000 0.008 0.000 0.009 0.000 0.000 0.000 0.000 0.715 
98 0.004 0.123 0.059 0.000 0.047 0.546 0.045 0.100 0.015 0.004 0.009 0.000 0.000 0.000 0.008 0.000 0.009 0.000 0.000 0.000 0.000 0.724 
99 0.004 0.124 0.064 0.000 0.043 0.527 0.048 0.097 0.015 0.000 0.009 0.000 0.000 0.000 0.008 0.000 0.009 0.000 0.000 0.000 0.000 0.738 
100 0.002 0.122 0.060 0.000 0.049 0.521 0.048 0.093 0.016 0.000 0.009 0.000 0.000 0.000 0.007 0.000 0.009 0.000 0.000 0.000 0.000 0.725 
101 0.002 0.121 0.061 0.000 0.049 0.520 0.042 0.093 0.037 0.000 0.009 0.000 0.000 0.000 0.007 0.000 0.013 0.000 0.000 0.000 0.000 0.720 
102 0.002 0.117 0.064 0.000 0.043 0.526 0.042 0.093 0.043 0.000 0.007 0.000 0.000 0.000 0.007 0.000 0.013 0.000 0.000 0.000 0.000 0.732 
103 0.002 0.114 0.058 0.000 0.047 0.517 0.040 0.089 0.052 0.000 0.007 0.000 0.000 0.000 0.007 0.000 0.013 0.000 0.000 0.000 0.000 0.734 
104 0.002 0.108 0.065 0.000 0.041 0.510 0.038 0.090 0.047 0.000 0.005 0.000 0.000 0.000 0.011 0.000 0.007 0.000 0.000 0.000 0.000 0.738 
105 0.002 0.110 0.073 0.000 0.036 0.511 0.064 0.087 0.051 0.000 0.005 0.000 0.000 0.000 0.007 0.000 0.016 0.000 0.000 0.000 0.000 0.720 
106 0.002 0.112 0.062 0.000 0.032 0.504 0.064 0.100 0.049 0.000 0.005 0.000 0.000 0.000 0.010 0.000 0.016 0.000 0.000 0.000 0.000 0.710 
107 0.002 0.113 0.061 0.000 0.033 0.510 0.067 0.096 0.059 0.000 0.005 0.000 0.000 0.000 0.010 0.000 0.014 0.000 0.000 0.000 0.000 0.710 
108 0.002 0.109 0.065 0.000 0.028 0.505 0.089 0.091 0.069 0.000 0.005 0.000 0.000 0.000 0.010 0.000 0.014 0.000 0.000 0.000 0.000 0.704 
109 0.002 0.110 0.071 0.000 0.024 0.551 0.095 0.095 0.068 0.000 0.002 0.000 0.000 0.000 0.010 0.000 0.014 0.000 0.000 0.000 0.000 0.695 
110 0.002 0.109 0.087 0.000 0.022 0.550 0.095 0.103 0.075 0.000 0.002 0.000 0.000 0.000 0.010 0.000 0.014 0.000 0.000 0.000 0.000 0.676 
111 0.002 0.108 0.083 0.000 0.021 0.550 0.098 0.103 0.067 0.000 0.002 0.000 0.000 0.000 0.010 0.000 0.011 0.000 0.000 0.000 0.000 0.690 
112 0.002 0.104 0.091 0.000 0.025 0.558 0.095 0.104 0.068 0.000 0.005 0.000 0.000 0.000 0.010 0.000 0.013 0.000 0.000 0.000 0.000 0.696 
113 0.002 0.101 0.091 0.000 0.062 0.544 0.095 0.106 0.062 0.000 0.005 0.000 0.000 0.000 0.010 0.000 0.014 0.000 0.000 0.000 0.000 0.677 
114 0.002 0.104 0.092 0.000 0.061 0.561 0.095 0.107 0.060 0.000 0.005 0.000 0.000 0.000 0.006 0.000 0.013 0.000 0.000 0.000 0.000 0.657 
115 0.002 0.106 0.099 0.000 0.060 0.557 0.093 0.109 0.065 0.000 0.005 0.000 0.000 0.000 0.009 0.000 0.014 0.000 0.000 0.000 0.000 0.648 
116 0.002 0.105 0.093 0.000 0.064 0.551 0.245 0.107 0.069 0.000 0.005 0.000 0.000 0.000 0.009 0.000 0.014 0.000 0.000 0.000 0.000 0.653 
117 0.002 0.103 0.088 0.000 0.069 0.547 0.208 0.109 0.067 0.000 0.005 0.000 0.000 0.000 0.009 0.000 0.011 0.000 0.000 0.000 0.000 0.688 
118 0.005 0.104 0.083 0.000 0.071 0.536 0.203 0.110 0.067 0.000 0.005 0.000 0.000 0.000 0.009 0.000 0.011 0.000 0.000 0.000 0.000 0.687 
119 0.003 0.102 0.084 0.000 0.070 0.539 0.187 0.113 0.064 0.000 0.002 0.000 0.000 0.000 0.012 0.000 0.008 0.000 0.000 0.000 0.000 0.697 
120 0.003 0.106 0.082 0.000 0.079 0.567 0.197 0.110 0.060 0.000 0.002 0.000 0.000 0.000 0.012 0.000 0.008 0.000 0.000 0.000 0.000 0.696 
121 0.003 0.104 0.084 0.000 0.067 0.554 0.197 0.108 0.062 0.000 0.002 0.000 0.000 0.000 0.012 0.000 0.008 0.000 0.000 0.000 0.000 0.707 
122 0.003 0.099 0.088 0.000 0.066 0.563 0.197 0.107 0.062 0.000 0.002 0.000 0.000 0.000 0.012 0.000 0.008 0.000 0.000 0.000 0.000 0.707 
123 0.003 0.104 0.088 0.000 0.065 0.559 0.229 0.112 0.061 0.000 0.002 0.000 0.000 0.000 0.012 0.000 0.009 0.000 0.000 0.000 0.000 0.717 
124 0.003 0.108 0.092 0.000 0.062 0.561 0.213 0.109 0.057 0.000 0.003 0.000 0.000 0.000 0.012 0.000 0.007 0.000 0.000 0.000 0.000 0.729 
125 0.007 0.109 0.085 0.000 0.066 0.581 0.212 0.100 0.058 0.000 0.003 0.000 0.000 0.000 0.014 0.000 0.007 0.000 0.000 0.000 0.000 0.717 
126 0.010 0.103 0.087 0.000 0.062 0.575 0.186 0.098 0.059 0.000 0.003 0.000 0.000 0.000 0.015 0.000 0.010 0.000 0.000 0.000 0.000 0.730 
127 0.010 0.103 0.086 0.000 0.060 0.584 0.176 0.102 0.065 0.000 0.003 0.000 0.000 0.000 0.015 0.000 0.007 0.000 0.000 0.000 0.000 0.726 
128 0.010 0.100 0.091 0.000 0.061 0.572 0.195 0.105 0.060 0.000 0.003 0.000 0.000 0.000 0.015 0.000 0.007 0.000 0.000 0.000 0.000 0.731 
129 0.010 0.101 0.101 0.000 0.056 0.554 0.188 0.103 0.057 0.000 0.003 0.000 0.000 0.000 0.012 0.000 0.007 0.000 0.000 0.000 0.000 0.723 
130 0.008 0.102 0.095 0.021 0.061 0.550 0.182 0.102 0.051 0.000 0.003 0.000 0.000 0.000 0.011 0.000 0.007 0.000 0.000 0.000 0.000 0.717 
131 0.012 0.104 0.098 0.020 0.061 0.541 0.151 0.100 0.039 0.000 0.003 0.000 0.000 0.000 0.011 0.000 0.007 0.000 0.000 0.000 0.000 0.708 
132 0.015 0.105 0.118 0.020 0.061 0.541 0.138 0.100 0.045 0.000 0.003 0.000 0.000 0.000 0.011 0.000 0.002 0.000 0.008 0.000 0.000 0.711 
133 0.013 0.105 0.129 0.028 0.056 0.546 0.134 0.097 0.050 0.000 0.006 0.000 0.000 0.000 0.010 0.000 0.002 0.000 0.008 0.000 0.000 0.706 
134 0.013 0.099 0.132 0.027 0.046 0.558 0.119 0.099 0.036 0.000 0.006 0.000 0.000 0.000 0.010 0.000 0.002 0.000 0.007 0.000 0.000 0.702 
135 0.013 0.095 0.126 0.034 0.043 0.556 0.125 0.101 0.033 0.000 0.006 0.000 0.000 0.000 0.010 0.000 0.002 0.000 0.007 0.000 0.000 0.706 
136 0.013 0.102 0.109 0.033 0.040 0.547 0.133 0.104 0.037 0.000 0.006 0.000 0.000 0.000 0.010 0.000 0.005 0.000 0.004 0.000 0.000 0.700 
137 0.013 0.102 0.105 0.033 0.040 0.559 0.136 0.100 0.037 0.000 0.003 0.000 0.000 0.000 0.010 0.000 0.005 0.000 0.004 0.000 0.000 0.692 
138 0.012 0.101 0.106 0.033 0.036 0.561 0.139 0.104 0.049 0.000 0.003 0.000 0.000 0.000 0.009 0.000 0.005 0.000 0.004 0.000 0.000 0.701 
139 0.016 0.097 0.108 0.033 0.035 0.565 0.115 0.108 0.051 0.000 0.003 0.000 0.000 0.000 0.012 0.000 0.005 0.000 0.004 0.000 0.000 0.695 
140 0.014 0.102 0.109 0.021 0.032 0.572 0.113 0.111 0.051 0.000 0.003 0.000 0.000 0.000 0.009 0.000 0.005 0.000 0.004 0.000 0.000 0.688 
141 0.022 0.098 0.111 0.022 0.028 0.556 0.117 0.115 0.069 0.000 0.003 0.000 0.000 0.000 0.009 0.000 0.005 0.000 0.004 0.000 0.000 0.679 
142 0.021 0.097 0.095 0.043 0.028 0.547 0.117 0.114 0.152 0.000 0.002 0.000 0.000 0.000 0.009 0.000 0.005 0.000 0.004 0.000 0.000 0.675 
143 0.025 0.096 0.096 0.041 0.027 0.548 0.113 0.113 0.159 0.000 0.003 0.000 0.000 0.000 0.009 0.000 0.005 0.000 0.004 0.000 0.000 0.695 
144 0.026 0.095 0.090 0.041 0.031 0.537 0.118 0.109 0.159 0.000 0.003 0.000 0.000 0.000 0.009 0.000 0.005 0.000 0.004 0.000 0.000 0.689 
145 0.027 0.092 0.091 0.040 0.034 0.552 0.114 0.125 0.151 0.000 0.003 0.000 0.000 0.000 0.008 0.000 0.005 0.000 0.004 0.000 0.000 0.709 
146 0.027 0.099 0.090 0.041 0.035 0.532 0.113 0.126 0.135 0.000 0.003 0.000 0.000 0.000 0.008 0.000 0.005 0.000 0.004 0.001 0.000 0.714 
147 0.026 0.095 0.087 0.041 0.035 0.522 0.124 0.129 0.130 0.000 0.003 0.000 0.000 0.000 0.008 0.000 0.005 0.000 0.004 0.001 0.000 0.696 
148 0.022 0.097 0.087 0.041 0.038 0.513 0.123 0.130 0.135 0.000 0.003 0.000 0.000 0.000 0.008 0.000 0.005 0.000 0.004 0.001 0.000 0.700 
149 0.019 0.098 0.085 0.040 0.045 0.518 0.119 0.122 0.161 0.000 0.003 0.000 0.000 0.000 0.008 0.000 0.005 0.000 0.004 0.001 0.000 0.708 
150 0.017 0.101 0.081 0.040 0.042 0.537 0.120 0.119 0.159 0.000 0.003 0.000 0.000 0.000 0.008 0.000 0.004 0.000 0.004 0.000 0.000 0.711 
151 0.019 0.101 0.072 0.040 0.055 0.554 0.122 0.120 0.158 0.000 0.003 0.000 0.000 0.000 0.008 0.000 0.004 0.000 0.004 0.000 0.000 0.708 
152 0.022 0.101 0.071 0.039 0.055 0.563 0.179 0.125 0.162 0.000 0.003 0.000 0.000 0.000 0.007 0.000 0.002 0.000 0.004 0.000 0.000 0.703 
153 0.025 0.102 0.071 0.042 0.062 0.559 0.169 0.130 0.156 0.000 0.003 0.000 0.000 0.000 0.007 0.000 0.002 0.000 0.004 0.000 0.000 0.699 
154 0.022 0.108 0.072 0.047 0.087 0.540 0.166 0.131 0.141 0.000 0.003 0.000 0.000 0.000 0.009 0.000 0.002 0.000 0.004 0.000 0.000 0.709 
155 0.025 0.106 0.076 0.049 0.087 0.549 0.165 0.128 0.163 0.000 0.003 0.000 0.000 0.000 0.009 0.000 0.002 0.000 0.004 0.000 0.000 0.718 
156 0.026 0.105 0.077 0.061 0.082 0.567 0.147 0.127 0.157 0.000 0.003 0.000 0.000 0.000 0.008 0.000 0.002 0.000 0.008 0.000 0.000 0.721 
157 0.025 0.103 0.073 0.061 0.080 0.564 0.142 0.128 0.165 0.000 0.002 0.000 0.000 0.000 0.008 0.000 0.003 0.000 0.008 0.000 0.000 0.729 
158 0.024 0.105 0.077 0.059 0.074 0.591 0.133 0.127 0.171 0.000 0.002 0.000 0.000 0.000 0.007 0.000 0.003 0.000 0.008 0.000 0.000 0.717 
159 0.027 0.102 0.073 0.068 0.069 0.587 0.130 0.123 0.165 0.000 0.003 0.000 0.000 0.000 0.006 0.000 0.002 0.000 0.008 0.000 0.000 0.707 
160 0.028 0.100 0.069 0.067 0.102 0.589 0.136 0.123 0.163 0.000 0.003 0.000 0.000 0.000 0.006 0.000 0.002 0.000 0.012 0.000 0.000 0.691 
161 0.030 0.095 0.070 0.071 0.101 0.580 0.137 0.118 0.172 0.000 0.003 0.000 0.000 0.000 0.006 0.000 0.002 0.000 0.012 0.000 0.000 0.704 
162 0.033 0.088 0.075 0.079 0.097 0.587 0.129 0.122 0.172 0.000 0.003 0.000 0.000 0.000 0.006 0.000 0.000 0.000 0.015 0.000 0.000 0.691 
163 0.034 0.093 0.071 0.071 0.097 0.576 0.146 0.122 0.167 0.000 0.003 0.000 0.000 0.000 0.006 0.000 0.000 0.000 0.014 0.000 0.000 0.701 
164 0.035 0.090 0.070 0.065 0.098 0.563 0.135 0.126 0.160 0.000 0.003 0.000 0.000 0.000 0.005 0.000 0.000 0.000 0.014 0.000 0.000 0.694 
165 0.037 0.089 0.068 0.071 0.104 0.535 0.178 0.119 0.169 0.000 0.002 0.000 0.000 0.000 0.003 0.000 0.005 0.000 0.013 0.000 0.000 0.688 
166 0.037 0.089 0.064 0.072 0.092 0.535 0.181 0.116 0.194 0.000 0.003 0.000 0.000 0.000 0.003 0.000 0.005 0.000 0.014 0.000 0.000 0.690 
167 0.039 0.086 0.065 0.074 0.108 0.536 0.170 0.112 0.187 0.000 0.003 0.000 0.000 0.000 0.003 0.000 0.007 0.000 0.013 0.000 0.000 0.686 
168 0.038 0.084 0.056 0.077 0.109 0.535 0.184 0.118 0.177 0.000 0.003 0.000 0.000 0.000 0.003 0.000 0.007 0.000 0.013 0.000 0.000 0.684 
169 0.037 0.077 0.054 0.075 0.117 0.538 0.176 0.118 0.184 0.000 0.003 0.000 0.000 0.000 0.003 0.000 0.007 0.000 0.010 0.000 0.000 0.691 
170 0.037 0.071 0.054 0.075 0.120 0.544 0.179 0.115 0.187 0.000 0.003 0.000 0.000 0.000 0.003 0.000 0.010 0.000 0.010 0.000 0.000 0.691 
171 0.035 0.070 0.055 0.072 0.124 0.552 0.190 0.112 0.179 0.000 0.003 0.000 0.000 0.000 0.003 0.000 0.016 0.000 0.011 0.000 0.000 0.681 
172 0.038 0.064 0.070 0.066 0.129 0.555 0.182 0.115 0.180 0.000 0.003 0.000 0.000 0.000 0.003 0.000 0.019 0.000 0.011 0.000 0.000 0.700 
173 0.035 0.060 0.069 0.062 0.132 0.548 0.189 0.111 0.176 0.000 0.003 0.000 0.000 0.000 0.003 0.000 0.016 0.002 0.008 0.000 0.000 0.705 
174 0.036 0.058 0.073 0.063 0.145 0.542 0.219 0.121 0.171 0.000 0.003 0.000 0.000 0.000 0.003 0.000 0.016 0.002 0.012 0.000 0.000 0.711 
175 0.035 0.062 0.076 0.064 0.148 0.560 0.210 0.119 0.170 0.000 0.003 0.000 0.000 0.000 0.003 0.000 0.017 0.002 0.008 0.000 0.000 0.712 
176 0.035 0.062 0.082 0.059 0.140 0.560 0.210 0.121 0.184 0.000 0.003 0.000 0.000 0.000 0.003 0.000 0.014 0.002 0.009 0.000 0.000 0.696 
177 0.034 0.060 0.081 0.062 0.131 0.541 0.255 0.124 0.172 0.000 0.003 0.000 0.000 0.000 0.003 0.000 0.017 0.002 0.009 0.000 0.000 0.706 
178 0.033 0.065 0.081 0.059 0.109 0.532 0.285 0.122 0.167 0.000 0.002 0.000 0.000 0.000 0.003 0.000 0.017 0.002 0.009 0.000 0.000 0.721 
179 0.030 0.061 0.083 0.062 0.109 0.532 0.298 0.127 0.171 0.000 0.003 0.000 0.000 0.000 0.001 0.000 0.017 0.002 0.009 0.000 0.000 0.719 
180 0.030 0.063 0.083 0.062 0.114 0.530 0.293 0.128 0.164 0.000 0.002 0.000 0.000 0.000 0.001 0.000 0.019 0.002 0.008 0.000 0.000 0.734 
181 0.025 0.069 0.086 0.061 0.126 0.543 0.313 0.125 0.171 0.000 0.000 0.000 0.000 0.000 0.001 0.000 0.018 0.002 0.013 0.000 0.000 0.749 
182 0.022 0.077 0.084 0.055 0.125 0.537 0.293 0.122 0.179 0.000 0.000 0.000 0.000 0.000 0.001 0.000 0.017 0.002 0.017 0.000 0.000 0.748 
183 0.023 0.075 0.081 0.056 0.132 0.523 0.288 0.121 0.176 0.000 0.000 0.000 0.000 0.000 0.001 0.000 0.021 0.002 0.016 0.000 0.000 0.742 
184 0.023 0.074 0.080 0.053 0.133 0.538 0.293 0.122 0.172 0.000 0.000 0.000 0.000 0.000 0.001 0.000 0.020 0.002 0.016 0.000 0.000 0.745 
185 0.026 0.071 0.078 0.048 0.135 0.544 0.295 0.120 0.163 0.000 0.000 0.000 0.000 0.000 0.001 0.000 0.022 0.002 0.020 0.000 0.000 0.741 
186 0.027 0.071 0.077 0.043 0.134 0.535 0.293 0.117 0.165 0.000 0.000 0.000 0.000 0.000 0.001 0.000 0.020 0.002 0.023 0.000 0.000 0.733 
187 0.027 0.070 0.074 0.046 0.127 0.528 0.286 0.109 0.170 0.000 0.000 0.000 0.000 0.000 0.001 0.000 0.030 0.002 0.021 0.000 0.000 0.737 
188 0.026 0.064 0.073 0.045 0.129 0.524 0.283 0.106 0.171 0.000 0.000 0.000 0.000 0.000 0.001 0.000 0.032 0.002 0.018 0.000 0.000 0.746 
189 0.026 0.061 0.071 0.044 0.133 0.537 0.284 0.110 0.174 0.000 0.000 0.000 0.000 0.000 0.001 0.000 0.030 0.002 0.017 0.000 0.000 0.721 
190 0.024 0.062 0.069 0.044 0.133 0.534 0.289 0.111 0.172 0.000 0.000 0.000 0.000 0.000 0.001 0.000 0.031 0.002 0.022 0.000 0.000 0.723 
191 0.023 0.061 0.065 0.049 0.131 0.529 0.284 0.107 0.167 0.000 0.000 0.000 0.000 0.000 0.001 0.000 0.029 0.002 0.022 0.000 0.000 0.717 
192 0.024 0.059 0.062 0.048 0.131 0.526 0.285 0.109 0.175 0.000 0.000 0.000 0.000 0.000 0.001 0.000 0.028 0.002 0.022 0.000 0.000 0.707 
193 0.023 0.061 0.058 0.057 0.130 0.540 0.302 0.110 0.179 0.000 0.000 0.000 0.000 0.000 0.001 0.000 0.028 0.002 0.023 0.000 0.000 0.690 
194 0.023 0.065 0.056 0.058 0.134 0.528 0.305 0.110 0.184 0.000 0.000 0.000 0.000 0.000 0.001 0.000 0.036 0.005 0.023 0.000 0.000 0.679 
195 0.023 0.058 0.056 0.061 0.141 0.519 0.303 0.112 0.173 0.000 0.000 0.000 0.000 0.000 0.001 0.000 0.037 0.005 0.017 0.000 0.000 0.678 
196 0.024 0.058 0.060 0.062 0.143 0.524 0.304 0.110 0.175 0.000 0.000 0.000 0.000 0.000 0.001 0.000 0.039 0.008 0.019 0.000 0.000 0.685 
197 0.025 0.060 0.060 0.057 0.145 0.523 0.311 0.110 0.173 0.000 0.000 0.000 0.000 0.000 0.001 0.000 0.041 0.008 0.023 0.000 0.000 0.686 
198 0.029 0.060 0.063 0.061 0.146 0.509 0.304 0.105 0.160 0.000 0.000 0.000 0.000 0.000 0.001 0.000 0.040 0.008 0.022 0.000 0.000 0.688 
199 0.032 0.063 0.071 0.064 0.147 0.507 0.295 0.118 0.160 0.000 0.000 0.000 0.000 0.000 0.001 0.000 0.037 0.007 0.022 0.000 0.000 0.685 
200 0.032 0.062 0.063 0.062 0.150 0.510 0.285 0.117 0.169 0.000 0.000 0.000 0.000 0.000 0.001 0.000 0.039 0.005 0.021 0.000 0.000 0.708 
201 0.031 0.065 0.057 0.064 0.149 0.524 0.294 0.118 0.167 0.000 0.000 0.000 0.000 0.000 0.001 0.000 0.037 0.005 0.028 0.000 0.000 0.719 
202 0.026 0.068 0.059 0.063 0.145 0.513 0.315 0.116 0.171 0.000 0.000 0.000 0.000 0.000 0.002 0.000 0.040 0.005 0.028 0.000 0.000 0.724 
203 0.026 0.064 0.059 0.062 0.160 0.520 0.304 0.110 0.162 0.000 0.000 0.000 0.000 0.000 0.002 0.000 0.040 0.005 0.026 0.000 0.000 0.705 
204 0.025 0.062 0.065 0.066 0.153 0.514 0.293 0.122 0.158 0.000 0.000 0.000 0.000 0.000 0.002 0.002 0.037 0.005 0.026 0.000 0.000 0.710 
205 0.027 0.064 0.067 0.066 0.151 0.514 0.290 0.121 0.158 0.000 0.000 0.000 0.000 0.000 0.001 0.002 0.038 0.005 0.026 0.000 0.000 0.700 
206 0.028 0.068 0.066 0.065 0.148 0.508 0.277 0.122 0.157 0.000 0.000 0.000 0.000 0.000 0.001 0.000 0.042 0.007 0.034 0.000 0.000 0.697 
207 0.027 0.068 0.066 0.063 0.151 0.518 0.286 0.124 0.155 0.000 0.003 0.000 0.000 0.000 0.001 0.000 0.042 0.007 0.034 0.000 0.000 0.693 
208 0.028 0.069 0.067 0.079 0.145 0.494 0.303 0.122 0.144 0.000 0.003 0.000 0.000 0.000 0.001 0.000 0.042 0.007 0.034 0.000 0.000 0.702 
209 0.027 0.070 0.088 0.073 0.135 0.514 0.310 0.124 0.146 0.009 0.002 0.000 0.000 0.000 0.001 0.000 0.043 0.007 0.033 0.000 0.000 0.696 
210 0.024 0.063 0.087 0.075 0.137 0.513 0.306 0.123 0.154 0.012 0.002 0.000 0.000 0.000 0.001 0.000 0.051 0.007 0.034 0.000 0.000 0.702 
211 0.025 0.066 0.090 0.081 0.154 0.515 0.295 0.122 0.158 0.012 0.002 0.000 0.000 0.000 0.001 0.000 0.056 0.006 0.031 0.000 0.000 0.702 
212 0.027 0.066 0.099 0.081 0.149 0.526 0.296 0.122 0.158 0.012 0.002 0.000 0.000 0.000 0.001 0.000 0.056 0.006 0.030 0.000 0.000 0.704 
213 0.028 0.064 0.097 0.080 0.146 0.524 0.296 0.130 0.153 0.012 0.002 0.000 0.000 0.000 0.001 0.000 0.054 0.006 0.034 0.000 0.000 0.692 
214 0.028 0.065 0.103 0.083 0.150 0.524 0.304 0.127 0.137 0.011 0.000 0.000 0.000 0.000 0.000 0.000 0.052 0.006 0.026 0.000 0.000 0.685 
215 0.026 0.064 0.105 0.084 0.151 0.528 0.302 0.130 0.135 0.015 0.000 0.000 0.000 0.000 0.000 0.000 0.050 0.006 0.030 0.000 0.000 0.687 
216 0.027 0.064 0.097 0.086 0.144 0.545 0.298 0.132 0.142 0.015 0.000 0.000 0.000 0.000 0.000 0.000 0.050 0.007 0.030 0.000 0.000 0.709 
217 0.026 0.066 0.096 0.090 0.150 0.534 0.298 0.131 0.137 0.019 0.000 0.000 0.000 0.000 0.000 0.000 0.050 0.007 0.028 0.000 0.000 0.712 
218 0.026 0.062 0.097 0.090 0.145 0.529 0.302 0.131 0.142 0.018 0.000 0.000 0.000 0.000 0.000 0.000 0.046 0.007 0.033 0.000 0.000 0.706 
219 0.024 0.059 0.093 0.087 0.142 0.515 0.305 0.135 0.144 0.019 0.000 0.000 0.000 0.000 0.000 0.000 0.048 0.007 0.031 0.000 0.000 0.694 
220 0.026 0.058 0.091 0.083 0.147 0.510 0.304 0.137 0.133 0.018 0.000 0.000 0.000 0.000 0.000 0.000 0.047 0.007 0.031 0.002 0.000 0.703 
221 0.024 0.057 0.095 0.076 0.139 0.512 0.296 0.152 0.127 0.019 0.000 0.000 0.000 0.000 0.000 0.000 0.046 0.005 0.032 0.002 0.000 0.697 
222 0.026 0.052 0.091 0.079 0.147 0.504 0.297 0.149 0.134 0.019 0.000 0.000 0.000 0.000 0.000 0.000 0.045 0.005 0.035 0.002 0.000 0.694 
223 0.027 0.057 0.090 0.067 0.139 0.494 0.311 0.150 0.123 0.019 0.000 0.000 0.000 0.000 0.000 0.000 0.050 0.005 0.038 0.003 0.000 0.692 
224 0.027 0.057 0.090 0.067 0.144 0.485 0.332 0.151 0.121 0.015 0.000 0.000 0.000 0.000 0.000 0.000 0.048 0.005 0.037 0.003 0.000 0.691 
225 0.027 0.056 0.100 0.066 0.149 0.481 0.338 0.153 0.125 0.067 0.000 0.000 0.000 0.000 0.000 0.000 0.051 0.005 0.043 0.004 0.000 0.696 
226 0.028 0.055 0.110 0.065 0.149 0.488 0.333 0.157 0.129 0.101 0.000 0.000 0.000 0.000 0.000 0.000 0.053 0.005 0.038 0.003 0.000 0.702 
227 0.031 0.055 0.106 0.068 0.153 0.475 0.330 0.165 0.115 0.109 0.000 0.000 0.000 0.000 0.000 0.000 0.051 0.005 0.038 0.003 0.000 0.703 
228 0.030 0.070 0.109 0.068 0.156 0.476 0.330 0.162 0.123 0.107 0.003 0.000 0.000 0.000 0.000 0.000 0.051 0.005 0.040 0.003 0.000 0.697 
229 0.029 0.063 0.105 0.069 0.152 0.473 0.322 0.157 0.143 0.078 0.003 0.000 0.000 0.000 0.000 0.000 0.050 0.002 0.039 0.003 0.000 0.707 
230 0.030 0.077 0.122 0.065 0.152 0.484 0.327 0.155 0.164 0.072 0.005 0.000 0.000 0.000 0.000 0.000 0.048 0.002 0.038 0.003 0.000 0.692 
231 0.032 0.077 0.125 0.068 0.159 0.472 0.326 0.150 0.160 0.069 0.005 0.000 0.000 0.000 0.000 0.000 0.051 0.002 0.037 0.003 0.000 0.719 
232 0.031 0.076 0.123 0.065 0.152 0.461 0.307 0.148 0.155 0.074 0.005 0.000 0.000 0.000 0.000 0.000 0.052 0.002 0.037 0.003 0.000 0.725 
233 0.028 0.076 0.122 0.067 0.156 0.472 0.300 0.150 0.162 0.081 0.005 0.000 0.000 0.000 0.000 0.000 0.055 0.002 0.036 0.004 0.000 0.727 
234 0.029 0.071 0.129 0.071 0.157 0.471 0.299 0.147 0.162 0.083 0.005 0.000 0.000 0.000 0.000 0.000 0.053 0.002 0.036 0.004 0.000 0.719 
235 0.026 0.073 0.143 0.069 0.154 0.470 0.306 0.147 0.159 0.079 0.005 0.000 0.000 0.000 0.000 0.000 0.051 0.002 0.033 0.004 0.000 0.727 
236 0.025 0.075 0.146 0.076 0.157 0.478 0.319 0.146 0.166 0.076 0.005 0.000 0.000 0.000 0.000 0.000 0.053 0.002 0.034 0.005 0.000 0.729 
237 0.025 0.076 0.148 0.072 0.161 0.459 0.315 0.144 0.164 0.085 0.005 0.000 0.000 0.000 0.000 0.000 0.049 0.002 0.039 0.004 0.000 0.733 
238 0.026 0.075 0.146 0.076 0.156 0.457 0.306 0.150 0.162 0.084 0.000 0.000 0.000 0.000 0.000 0.000 0.048 0.002 0.039 0.004 0.000 0.730 
239 0.026 0.084 0.155 0.075 0.157 0.455 0.315 0.150 0.150 0.088 0.000 0.000 0.000 0.000 0.000 0.000 0.048 0.002 0.036 0.003 0.000 0.716 
240 0.031 0.079 0.171 0.077 0.158 0.462 0.315 0.146 0.142 0.083 0.000 0.000 0.000 0.000 0.000 0.000 0.052 0.002 0.032 0.003 0.000 0.711 
241 0.030 0.079 0.184 0.083 0.159 0.458 0.311 0.147 0.141 0.080 0.000 0.000 0.000 0.000 0.000 0.000 0.051 0.002 0.031 0.003 0.000 0.697 
242 0.030 0.075 0.203 0.087 0.157 0.454 0.299 0.145 0.155 0.080 0.000 0.000 0.000 0.000 0.000 0.000 0.055 0.002 0.029 0.003 0.000 0.693 
243 0.028 0.074 0.205 0.085 0.165 0.449 0.295 0.143 0.163 0.074 0.000 0.000 0.000 0.000 0.000 0.000 0.054 0.002 0.030 0.003 0.000 0.704 
244 0.027 0.069 0.195 0.088 0.165 0.476 0.298 0.147 0.173 0.078 0.000 0.000 0.000 0.000 0.000 0.000 0.055 0.002 0.033 0.002 0.000 0.696 
245 0.028 0.071 0.198 0.087 0.167 0.481 0.274 0.151 0.178 0.078 0.000 0.000 0.000 0.000 0.000 0.000 0.059 0.002 0.035 0.001 0.000 0.702 
246 0.030 0.066 0.204 0.100 0.171 0.469 0.276 0.151 0.181 0.077 0.000 0.000 0.000 0.000 0.000 0.000 0.055 0.002 0.035 0.001 0.000 0.715 
247 0.027 0.063 0.215 0.097 0.167 0.471 0.276 0.154 0.194 0.080 0.000 0.000 0.000 0.000 0.000 0.000 0.058 0.002 0.038 0.001 0.000 0.693 
248 0.027 0.059 0.219 0.096 0.175 0.458 0.289 0.159 0.184 0.078 0.000 0.000 0.000 0.000 0.000 0.000 0.054 0.003 0.050 0.001 0.000 0.698 
249 0.025 0.074 0.205 0.098 0.174 0.462 0.289 0.161 0.179 0.086 0.000 0.000 0.000 0.000 0.000 0.000 0.049 0.003 0.053 0.001 0.000 0.696 
250 0.024 0.077 0.205 0.106 0.172 0.459 0.292 0.162 0.174 0.085 0.000 0.000 0.000 0.000 0.000 0.000 0.048 0.010 0.050 0.001 0.000 0.715 
251 0.024 0.074 0.205 0.106 0.181 0.442 0.283 0.168 0.169 0.085 0.000 0.000 0.000 0.000 0.000 0.000 0.051 0.009 0.049 0.001 0.000 0.720 
252 0.026 0.071 0.197 0.105 0.178 0.433 0.279 0.169 0.173 0.081 0.000 0.000 0.000 0.000 0.000 0.000 0.050 0.009 0.050 0.001 0.000 0.722 
253 0.022 0.075 0.198 0.098 0.176 0.446 0.295 0.169 0.167 0.084 0.000 0.000 0.000 0.000 0.000 0.000 0.050 0.009 0.048 0.001 0.000 0.719 
254 0.021 0.075 0.202 0.095 0.172 0.439 0.299 0.169 0.176 0.092 0.000 0.000 0.000 0.000 0.000 0.000 0.049 0.012 0.046 0.001 0.000 0.712 
255 0.017 0.074 0.204 0.099 0.175 0.445 0.295 0.170 0.171 0.130 0.000 0.000 0.000 0.000 0.000 0.000 0.050 0.011 0.043 0.001 0.000 0.702 
256 0.019 0.071 0.199 0.100 0.176 0.443 0.292 0.174 0.174 0.133 0.000 0.000 0.000 0.000 0.000 0.000 0.050 0.013 0.041 0.001 0.000 0.691 
257 0.022 0.069 0.209 0.103 0.175 0.438 0.303 0.171 0.184 0.136 0.000 0.000 0.000 0.000 0.000 0.000 0.049 0.015 0.040 0.001 0.000 0.696 
258 0.024 0.067 0.206 0.111 0.172 0.417 0.300 0.168 0.193 0.131 0.000 0.000 0.000 0.000 0.000 0.000 0.048 0.013 0.040 0.001 0.000 0.707 
259 0.024 0.072 0.212 0.112 0.167 0.409 0.306 0.165 0.194 0.130 0.000 0.000 0.000 0.000 0.000 0.000 0.047 0.013 0.042 0.001 0.000 0.705 
260 0.023 0.073 0.205 0.115 0.175 0.419 0.296 0.162 0.215 0.138 0.000 0.000 0.000 0.000 0.000 0.000 0.050 0.013 0.040 0.001 0.000 0.727 
261 0.021 0.076 0.210 0.119 0.170 0.411 0.298 0.160 0.212 0.140 0.000 0.000 0.000 0.000 0.000 0.000 0.048 0.012 0.042 0.001 0.000 0.723 
262 0.020 0.073 0.208 0.123 0.158 0.403 0.290 0.157 0.215 0.141 0.000 0.000 0.000 0.000 0.000 0.000 0.052 0.012 0.036 0.000 0.000 0.727 
263 0.023 0.070 0.209 0.119 0.155 0.419 0.289 0.162 0.209 0.133 0.000 0.000 0.000 0.000 0.000 0.000 0.052 0.014 0.034 0.000 0.000 0.728 
264 0.024 0.065 0.209 0.110 0.151 0.414 0.290 0.161 0.211 0.126 0.033 0.000 0.000 0.000 0.000 0.000 0.053 0.014 0.030 0.000 0.000 0.722 
265 0.024 0.069 0.212 0.109 0.149 0.407 0.286 0.163 0.212 0.132 0.031 0.000 0.000 0.000 0.000 0.000 0.050 0.014 0.028 0.000 0.000 0.722 
266 0.023 0.069 0.222 0.114 0.156 0.409 0.289 0.160 0.204 0.130 0.031 0.000 0.000 0.000 0.000 0.000 0.047 0.014 0.028 0.000 0.000 0.704 
267 0.022 0.067 0.217 0.111 0.149 0.392 0.296 0.158 0.194 0.132 0.031 0.000 0.000 0.000 0.000 0.000 0.045 0.016 0.025 0.000 0.000 0.699 
268 0.022 0.065 0.215 0.118 0.151 0.403 0.290 0.160 0.186 0.135 0.031 0.000 0.000 0.000 0.000 0.000 0.044 0.017 0.019 0.000 0.000 0.712 
269 0.025 0.066 0.212 0.117 0.152 0.406 0.293 0.155 0.190 0.137 0.030 0.000 0.000 0.000 0.000 0.000 0.044 0.018 0.019 0.000 0.000 0.703 
270 0.027 0.063 0.223 0.120 0.149 0.392 0.282 0.158 0.185 0.133 0.027 0.000 0.000 0.000 0.000 0.000 0.041 0.027 0.017 0.000 0.000 0.697 
271 0.025 0.067 0.215 0.123 0.153 0.386 0.299 0.158 0.183 0.127 0.027 0.000 0.000 0.000 0.000 0.000 0.038 0.027 0.021 0.000 0.000 0.711 
272 0.025 0.064 0.208 0.118 0.157 0.379 0.290 0.161 0.184 0.127 0.026 0.000 0.000 0.000 0.000 0.000 0.038 0.023 0.022 0.000 0.000 0.698 
273 0.024 0.063 0.209 0.120 0.160 0.376 0.299 0.155 0.190 0.119 0.026 0.000 0.000 0.000 0.000 0.000 0.035 0.022 0.026 0.000 0.000 0.692 
274 0.025 0.058 0.211 0.125 0.148 0.379 0.294 0.152 0.199 0.123 0.026 0.000 0.000 0.000 0.000 0.000 0.038 0.022 0.026 0.000 0.000 0.690 
275 0.026 0.060 0.203 0.127 0.157 0.371 0.281 0.156 0.189 0.126 0.026 0.000 0.000 0.000 0.000 0.000 0.040 0.027 0.024 0.000 0.000 0.697 
276 0.026 0.063 0.202 0.126 0.158 0.380 0.292 0.161 0.198 0.123 0.027 0.000 0.000 0.000 0.000 0.000 0.035 0.028 0.024 0.000 0.000 0.708 
277 0.024 0.065 0.203 0.133 0.156 0.367 0.286 0.166 0.202 0.133 0.026 0.000 0.000 0.000 0.000 0.000 0.035 0.023 0.025 0.000 0.000 0.714 
278 0.025 0.079 0.200 0.135 0.150 0.370 0.277 0.171 0.215 0.133 0.023 0.000 0.000 0.000 0.000 0.000 0.035 0.023 0.025 0.000 0.000 0.703 
279 0.028 0.081 0.207 0.142 0.141 0.375 0.283 0.171 0.213 0.139 0.026 0.000 0.000 0.000 0.000 0.000 0.037 0.021 0.030 0.000 0.000 0.706 
280 0.028 0.077 0.205 0.138 0.142 0.365 0.272 0.174 0.209 0.142 0.022 0.000 0.000 0.000 0.000 0.000 0.031 0.020 0.035 0.000 0.000 0.716 
281 0.029 0.075 0.209 0.146 0.148 0.359 0.273 0.171 0.218 0.146 0.020 0.000 0.000 0.000 0.000 0.000 0.036 0.018 0.033 0.000 0.000 0.716 
282 0.031 0.077 0.201 0.142 0.153 0.344 0.288 0.178 0.221 0.149 0.020 0.000 0.000 0.000 0.000 0.002 0.037 0.019 0.026 0.000 0.000 0.712 
283 0.032 0.073 0.202 0.137 0.158 0.341 0.298 0.165 0.217 0.153 0.020 0.000 0.000 0.000 0.000 0.003 0.040 0.019 0.027 0.000 0.000 0.728 
284 0.031 0.070 0.203 0.137 0.155 0.344 0.297 0.170 0.218 0.156 0.020 0.000 0.000 0.000 0.000 0.003 0.035 0.023 0.022 0.000 0.000 0.724 
285 0.029 0.070 0.198 0.131 0.160 0.359 0.298 0.171 0.213 0.158 0.025 0.000 0.000 0.000 0.000 0.003 0.033 0.023 0.023 0.000 0.000 0.722 
286 0.027 0.074 0.191 0.139 0.159 0.357 0.309 0.166 0.212 0.146 0.023 0.000 0.000 0.000 0.000 0.003 0.030 0.023 0.020 0.000 0.000 0.718 
287 0.027 0.072 0.192 0.139 0.161 0.367 0.309 0.159 0.239 0.152 0.025 0.000 0.000 0.000 0.000 0.003 0.030 0.025 0.019 0.000 0.000 0.709 
288 0.026 0.084 0.186 0.139 0.165 0.363 0.301 0.159 0.234 0.157 0.025 0.000 0.000 0.000 0.000 0.003 0.031 0.025 0.019 0.000 0.000 0.698 
289 0.028 0.080 0.192 0.141 0.166 0.340 0.295 0.157 0.228 0.147 0.024 0.000 0.000 0.000 0.000 0.003 0.036 0.025 0.013 0.000 0.000 0.678 
290 0.026 0.079 0.189 0.144 0.165 0.347 0.290 0.149 0.228 0.159 0.021 0.000 0.000 0.000 0.000 0.003 0.032 0.025 0.016 0.000 0.000 0.678 
291 0.028 0.086 0.190 0.146 0.163 0.346 0.295 0.150 0.237 0.156 0.021 0.000 0.000 0.000 0.000 0.006 0.033 0.022 0.010 0.000 0.000 0.692 
292 0.028 0.082 0.181 0.142 0.166 0.349 0.290 0.152 0.230 0.154 0.057 0.000 0.000 0.000 0.000 0.006 0.033 0.024 0.010 0.000 0.000 0.691 
293 0.033 0.076 0.183 0.141 0.169 0.352 0.258 0.158 0.240 0.148 0.053 0.000 0.000 0.000 0.000 0.006 0.032 0.024 0.007 0.000 0.000 0.682 
294 0.032 0.073 0.185 0.146 0.170 0.357 0.258 0.154 0.232 0.153 0.052 0.000 0.000 0.000 0.000 0.006 0.029 0.023 0.010 0.000 0.000 0.677 
295 0.032 0.074 0.182 0.143 0.176 0.350 0.253 0.158 0.224 0.137 0.080 0.000 0.000 0.000 0.000 0.004 0.027 0.022 0.010 0.000 0.000 0.665 
296 0.034 0.071 0.181 0.138 0.174 0.355 0.239 0.158 0.223 0.133 0.081 0.000 0.000 0.000 0.000 0.004 0.026 0.022 0.011 0.000 0.000 0.671 
297 0.036 0.069 0.178 0.141 0.167 0.373 0.242 0.155 0.206 0.130 0.085 0.000 0.000 0.000 0.000 0.004 0.024 0.020 0.014 0.000 0.000 0.653 
298 0.038 0.090 0.178 0.134 0.168 0.359 0.231 0.161 0.211 0.129 0.079 0.001 0.000 0.000 0.000 0.004 0.024 0.020 0.011 0.000 0.000 0.669 
299 0.038 0.090 0.180 0.135 0.165 0.351 0.228 0.161 0.209 0.129 0.077 0.001 0.000 0.000 0.000 0.004 0.026 0.023 0.007 0.000 0.000 0.699 
300 0.038 0.084 0.187 0.138 0.169 0.348 0.232 0.158 0.202 0.126 0.074 0.001 0.000 0.000 0.000 0.004 0.026 0.023 0.007 0.000 0.000 0.693 
301 0.038 0.087 0.187 0.145 0.166 0.342 0.227 0.159 0.209 0.128 0.069 0.001 0.000 0.000 0.000 0.005 0.023 0.024 0.007 0.000 0.000 0.705 
302 0.038 0.085 0.192 0.154 0.177 0.320 0.240 0.159 0.204 0.122 0.074 0.001 0.000 0.000 0.000 0.005 0.027 0.022 0.004 0.000 0.000 0.725 
303 0.039 0.084 0.196 0.159 0.174 0.321 0.260 0.159 0.202 0.121 0.073 0.001 0.000 0.000 0.000 0.005 0.026 0.022 0.004 0.000 0.000 0.715 
304 0.049 0.077 0.200 0.158 0.176 0.309 0.256 0.164 0.201 0.120 0.073 0.001 0.000 0.000 0.000 0.005 0.029 0.021 0.004 0.000 0.000 0.709 
305 0.049 0.077 0.198 0.158 0.177 0.321 0.258 0.168 0.195 0.125 0.075 0.001 0.000 0.000 0.000 0.005 0.031 0.021 0.004 0.000 0.000 0.717 
306 0.053 0.076 0.200 0.159 0.177 0.301 0.251 0.167 0.190 0.125 0.074 0.002 0.000 0.000 0.000 0.003 0.030 0.023 0.007 0.000 0.000 0.712 
307 0.053 0.076 0.197 0.160 0.172 0.302 0.254 0.170 0.193 0.123 0.075 0.002 0.000 0.000 0.000 0.002 0.027 0.020 0.003 0.000 0.000 0.705 
308 0.053 0.080 0.201 0.159 0.172 0.284 0.246 0.166 0.199 0.124 0.073 0.002 0.000 0.000 0.000 0.002 0.029 0.020 0.004 0.000 0.000 0.697 
309 0.051 0.085 0.205 0.164 0.166 0.285 0.251 0.171 0.214 0.127 0.071 0.001 0.000 0.000 0.000 0.002 0.029 0.020 0.004 0.000 0.000 0.695 
310 0.052 0.083 0.206 0.169 0.167 0.294 0.241 0.181 0.211 0.122 0.074 0.001 0.000 0.000 0.000 0.002 0.032 0.017 0.004 0.000 0.000 0.683 
311 0.053 0.087 0.220 0.165 0.171 0.306 0.235 0.176 0.213 0.115 0.073 0.001 0.000 0.000 0.000 0.002 0.031 0.022 0.004 0.000 0.000 0.698 
312 0.054 0.088 0.218 0.163 0.167 0.307 0.238 0.172 0.203 0.118 0.072 0.001 0.000 0.000 0.000 0.002 0.033 0.019 0.008 0.000 0.000 0.704 
313 0.054 0.089 0.215 0.173 0.172 0.317 0.243 0.173 0.208 0.114 0.070 0.001 0.000 0.000 0.000 0.002 0.038 0.017 0.008 0.000 0.000 0.708 
314 0.054 0.086 0.203 0.174 0.173 0.314 0.243 0.177 0.207 0.111 0.069 0.001 0.000 0.000 0.000 0.002 0.037 0.018 0.008 0.000 0.000 0.703 
315 0.050 0.087 0.207 0.174 0.178 0.315 0.258 0.170 0.206 0.112 0.069 0.001 0.000 0.000 0.000 0.002 0.037 0.020 0.008 0.000 0.000 0.725 
316 0.051 0.088 0.204 0.174 0.180 0.295 0.266 0.173 0.204 0.108 0.066 0.001 0.000 0.000 0.000 0.002 0.037 0.018 0.004 0.000 0.000 0.711 
317 0.051 0.088 0.203 0.178 0.179 0.303 0.260 0.174 0.195 0.110 0.063 0.001 0.000 0.000 0.000 0.002 0.039 0.017 0.004 0.000 0.000 0.693 
318 0.052 0.089 0.210 0.178 0.170 0.296 0.263 0.173 0.200 0.124 0.064 0.001 0.000 0.000 0.000 0.001 0.038 0.019 0.004 0.000 0.000 0.698 
319 0.054 0.084 0.210 0.170 0.174 0.292 0.261 0.172 0.205 0.132 0.064 0.001 0.000 0.000 0.000 0.001 0.040 0.020 0.004 0.000 0.000 0.685 
320 0.052 0.084 0.215 0.168 0.175 0.297 0.263 0.171 0.203 0.131 0.065 0.001 0.000 0.000 0.000 0.001 0.037 0.020 0.004 0.000 0.000 0.683 
321 0.056 0.086 0.212 0.166 0.180 0.300 0.258 0.173 0.202 0.139 0.069 0.001 0.000 0.000 0.000 0.001 0.036 0.015 0.004 0.000 0.000 0.682 
322 0.057 0.083 0.215 0.163 0.180 0.308 0.260 0.170 0.196 0.138 0.073 0.001 0.000 0.000 0.000 0.003 0.036 0.013 0.004 0.000 0.000 0.687 
323 0.053 0.086 0.216 0.160 0.175 0.306 0.274 0.176 0.188 0.160 0.074 0.001 0.000 0.000 0.000 0.003 0.039 0.011 0.004 0.000 0.000 0.710 
324 0.051 0.089 0.218 0.153 0.177 0.301 0.285 0.182 0.198 0.162 0.072 0.000 0.000 0.000 0.000 0.003 0.037 0.013 0.007 0.000 0.000 0.729 
325 0.051 0.078 0.215 0.146 0.184 0.305 0.274 0.192 0.197 0.163 0.072 0.000 0.000 0.000 0.000 0.003 0.039 0.013 0.007 0.000 0.000 0.713 
326 0.054 0.072 0.220 0.152 0.179 0.313 0.277 0.193 0.209 0.164 0.074 0.000 0.000 0.000 0.000 0.003 0.039 0.013 0.008 0.000 0.000 0.715 
327 0.056 0.068 0.221 0.148 0.174 0.318 0.270 0.192 0.205 0.172 0.074 0.000 0.000 0.000 0.000 0.003 0.039 0.015 0.008 0.000 0.000 0.707 
328 0.053 0.069 0.218 0.154 0.173 0.305 0.251 0.190 0.211 0.176 0.070 0.000 0.000 0.000 0.000 0.003 0.038 0.015 0.009 0.000 0.000 0.701 
329 0.054 0.069 0.221 0.155 0.173 0.299 0.245 0.193 0.209 0.170 0.065 0.000 0.000 0.000 0.000 0.003 0.037 0.015 0.008 0.000 0.000 0.701 
330 0.055 0.072 0.212 0.155 0.175 0.307 0.245 0.192 0.209 0.168 0.070 0.000 0.000 0.000 0.000 0.002 0.039 0.015 0.008 0.001 0.000 0.703 
331 0.057 0.074 0.217 0.149 0.174 0.291 0.252 0.193 0.215 0.163 0.075 0.000 0.000 0.000 0.000 0.002 0.032 0.015 0.022 0.001 0.000 0.718 
332 0.066 0.071 0.219 0.146 0.180 0.308 0.253 0.196 0.206 0.157 0.074 0.000 0.000 0.000 0.000 0.002 0.034 0.014 0.022 0.001 0.000 0.716 
333 0.068 0.082 0.217 0.140 0.178 0.313 0.253 0.195 0.201 0.158 0.077 0.000 0.000 0.000 0.000 0.002 0.035 0.016 0.022 0.001 0.000 0.704 
334 0.066 0.083 0.212 0.135 0.177 0.318 0.253 0.196 0.199 0.163 0.077 0.000 0.000 0.000 0.000 0.002 0.031 0.014 0.021 0.001 0.000 0.708 
335 0.067 0.081 0.223 0.129 0.175 0.300 0.254 0.187 0.209 0.161 0.080 0.000 0.000 0.000 0.000 0.002 0.046 0.012 0.021 0.000 0.000 0.713 
336 0.066 0.083 0.224 0.136 0.175 0.318 0.263 0.194 0.206 0.170 0.076 0.000 0.000 0.000 0.000 0.002 0.051 0.012 0.022 0.000 0.000 0.711 
337 0.068 0.085 0.223 0.140 0.186 0.310 0.261 0.194 0.192 0.167 0.075 0.000 0.000 0.000 0.000 0.002 0.051 0.012 0.022 0.000 0.000 0.686 
338 0.066 0.084 0.226 0.141 0.190 0.325 0.255 0.198 0.188 0.166 0.080 0.000 0.000 0.000 0.000 0.002 0.053 0.014 0.022 0.000 0.000 0.693 
339 0.070 0.091 0.222 0.144 0.189 0.321 0.251 0.203 0.167 0.163 0.083 0.000 0.000 0.000 0.000 0.002 0.051 0.014 0.022 0.000 0.000 0.715 
340 0.070 0.091 0.227 0.143 0.188 0.320 0.248 0.211 0.172 0.165 0.083 0.000 0.000 0.000 0.000 0.002 0.052 0.013 0.025 0.000 0.000 0.727 
341 0.072 0.091 0.232 0.144 0.185 0.326 0.248 0.211 0.174 0.164 0.081 0.000 0.000 0.000 0.000 0.001 0.054 0.012 0.025 0.000 0.000 0.714 
342 0.072 0.088 0.235 0.143 0.184 0.320 0.246 0.211 0.163 0.164 0.083 0.000 0.000 0.000 0.000 0.002 0.050 0.016 0.028 0.000 0.000 0.719 
343 0.072 0.087 0.242 0.140 0.185 0.312 0.246 0.212 0.157 0.161 0.079 0.000 0.000 0.000 0.000 0.002 0.052 0.018 0.030 0.000 0.000 0.739 
344 0.073 0.091 0.233 0.139 0.188 0.305 0.241 0.213 0.158 0.165 0.082 0.000 0.000 0.000 0.000 0.000 0.053 0.017 0.031 0.000 0.000 0.742 
345 0.075 0.089 0.234 0.130 0.184 0.310 0.241 0.211 0.164 0.169 0.084 0.000 0.000 0.000 0.000 0.000 0.050 0.017 0.030 0.000 0.000 0.744 
346 0.075 0.093 0.236 0.127 0.192 0.310 0.254 0.209 0.168 0.171 0.082 0.000 0.000 0.000 0.000 0.000 0.051 0.017 0.032 0.000 0.000 0.738 
347 0.075 0.097 0.235 0.124 0.191 0.307 0.256 0.205 0.175 0.170 0.072 0.000 0.000 0.000 0.001 0.000 0.048 0.017 0.040 0.000 0.000 0.728 
348 0.073 0.097 0.232 0.122 0.192 0.308 0.256 0.206 0.174 0.171 0.059 0.006 0.000 0.000 0.001 0.000 0.050 0.013 0.039 0.000 0.000 0.726 
349 0.074 0.096 0.235 0.120 0.192 0.318 0.262 0.200 0.171 0.170 0.062 0.006 0.000 0.000 0.001 0.000 0.053 0.013 0.034 0.000 0.000 0.710 
350 0.075 0.099 0.232 0.117 0.188 0.311 0.261 0.202 0.158 0.168 0.062 0.005 0.000 0.000 0.002 0.000 0.050 0.017 0.037 0.000 0.000 0.699 
351 0.071 0.097 0.246 0.109 0.189 0.319 0.266 0.206 0.165 0.168 0.063 0.005 0.000 0.000 0.002 0.000 0.052 0.022 0.029 0.000 0.000 0.701 
352 0.070 0.107 0.248 0.113 0.188 0.311 0.260 0.204 0.175 0.169 0.063 0.004 0.000 0.000 0.002 0.000 0.049 0.023 0.027 0.000 0.000 0.710 
353 0.069 0.108 0.242 0.110 0.191 0.311 0.254 0.211 0.171 0.168 0.061 0.003 0.000 0.000 0.002 0.000 0.044 0.026 0.020 0.000 0.000 0.694 
354 0.068 0.104 0.240 0.107 0.189 0.305 0.252 0.210 0.181 0.163 0.060 0.004 0.000 0.000 0.002 0.000 0.058 0.027 0.019 0.000 0.000 0.698 
355 0.066 0.102 0.238 0.103 0.184 0.303 0.251 0.207 0.172 0.172 0.062 0.004 0.000 0.000 0.002 0.000 0.055 0.026 0.019 0.000 0.000 0.717 
356 0.071 0.100 0.237 0.099 0.184 0.310 0.245 0.209 0.191 0.195 0.061 0.004 0.000 0.000 0.002 0.000 0.056 0.026 0.019 0.000 0.000 0.722 
357 0.067 0.103 0.233 0.107 0.187 0.304 0.256 0.209 0.186 0.203 0.064 0.004 0.000 0.000 0.002 0.000 0.056 0.026 0.032 0.000 0.000 0.730 
358 0.070 0.105 0.231 0.111 0.183 0.300 0.251 0.215 0.182 0.197 0.062 0.004 0.000 0.000 0.003 0.000 0.052 0.029 0.031 0.000 0.000 0.724 
359 0.073 0.103 0.233 0.107 0.188 0.286 0.256 0.222 0.168 0.192 0.066 0.002 0.000 0.000 0.003 0.000 0.053 0.026 0.022 0.000 0.000 0.711 
360 0.075 0.101 0.230 0.108 0.185 0.274 0.260 0.222 0.161 0.195 0.068 0.002 0.000 0.000 0.003 0.000 0.052 0.024 0.021 0.000 0.000 0.725 
361 0.076 0.102 0.234 0.110 0.183 0.266 0.268 0.221 0.164 0.186 0.087 0.002 0.000 0.000 0.003 0.000 0.047 0.027 0.020 0.000 0.000 0.717 
362 0.079 0.100 0.240 0.109 0.183 0.259 0.263 0.215 0.172 0.185 0.085 0.002 0.000 0.000 0.003 0.002 0.048 0.029 0.021 0.000 0.000 0.706 
363 0.079 0.101 0.243 0.102 0.190 0.272 0.264 0.214 0.184 0.176 0.091 0.002 0.000 0.000 0.003 0.003 0.050 0.027 0.018 0.000 0.000 0.688 
364 0.080 0.102 0.235 0.104 0.190 0.265 0.260 0.216 0.172 0.177 0.088 0.002 0.000 0.000 0.003 0.003 0.050 0.028 0.019 0.000 0.000 0.703 
365 0.079 0.095 0.232 0.104 0.191 0.253 0.258 0.212 0.173 0.177 0.080 0.002 0.000 0.000 0.004 0.003 0.054 0.029 0.019 0.000 0.000 0.711 
366 0.081 0.092 0.233 0.113 0.194 0.254 0.260 0.212 0.159 0.172 0.083 0.002 0.000 0.000 0.002 0.002 0.043 0.030 0.019 0.000 0.000 0.717 
367 0.079 0.099 0.226 0.107 0.200 0.268 0.265 0.214 0.166 0.168 0.080 0.002 0.000 0.000 0.002 0.001 0.039 0.031 0.022 0.000 0.000 0.691 
368 0.080 0.102 0.222 0.112 0.197 0.280 0.267 0.217 0.154 0.181 0.076 0.002 0.000 0.000 0.004 0.002 0.039 0.027 0.023 0.000 0.000 0.698 
369 0.077 0.096 0.222 0.109 0.196 0.283 0.276 0.215 0.159 0.177 0.080 0.002 0.000 0.000 0.004 0.002 0.037 0.028 0.019 0.000 0.000 0.707 
370 0.076 0.094 0.214 0.116 0.191 0.296 0.261 0.215 0.151 0.174 0.086 0.002 0.000 0.000 0.003 0.002 0.039 0.027 0.020 0.000 0.000 0.724 
371 0.075 0.097 0.219 0.118 0.192 0.296 0.253 0.217 0.150 0.173 0.087 0.001 0.000 0.000 0.004 0.002 0.036 0.029 0.016 0.000 0.000 0.708 
372 0.075 0.097 0.223 0.120 0.191 0.296 0.261 0.219 0.149 0.165 0.085 0.001 0.000 0.000 0.004 0.002 0.042 0.025 0.015 0.000 0.000 0.725 
373 0.077 0.098 0.229 0.113 0.191 0.290 0.254 0.218 0.166 0.174 0.079 0.000 0.000 0.000 0.005 0.003 0.037 0.025 0.015 0.000 0.000 0.731 
374 0.075 0.100 0.228 0.108 0.183 0.290 0.270 0.216 0.169 0.172 0.085 0.000 0.000 0.000 0.006 0.003 0.040 0.028 0.007 0.000 0.000 0.731 
375 0.077 0.104 0.223 0.110 0.186 0.287 0.279 0.216 0.163 0.167 0.086 0.000 0.000 0.000 0.005 0.003 0.046 0.027 0.008 0.000 0.000 0.717 
376 0.079 0.110 0.207 0.112 0.188 0.278 0.272 0.217 0.158 0.183 0.081 0.000 0.000 0.000 0.005 0.003 0.041 0.029 0.009 0.000 0.000 0.734 
377 0.077 0.108 0.208 0.112 0.190 0.276 0.266 0.216 0.158 0.177 0.076 0.000 0.000 0.000 0.004 0.003 0.036 0.031 0.009 0.000 0.000 0.704 
378 0.082 0.110 0.199 0.113 0.197 0.286 0.268 0.221 0.140 0.175 0.069 0.000 0.000 0.000 0.003 0.003 0.037 0.030 0.009 0.000 0.000 0.713 
379 0.081 0.105 0.197 0.109 0.199 0.289 0.273 0.218 0.155 0.166 0.078 0.000 0.000 0.000 0.002 0.002 0.038 0.030 0.009 0.000 0.000 0.687 
380 0.081 0.105 0.202 0.113 0.194 0.288 0.288 0.223 0.156 0.160 0.085 0.000 0.000 0.000 0.002 0.002 0.035 0.040 0.004 0.000 0.000 0.711 
381 0.080 0.102 0.201 0.119 0.204 0.276 0.285 0.217 0.164 0.158 0.082 0.000 0.000 0.000 0.006 0.002 0.032 0.041 0.004 0.000 0.000 0.696 
382 0.082 0.098 0.197 0.117 0.194 0.275 0.279 0.223 0.160 0.164 0.079 0.000 0.000 0.000 0.005 0.002 0.033 0.039 0.004 0.000 0.000 0.690 
383 0.083 0.097 0.200 0.112 0.190 0.274 0.287 0.221 0.157 0.180 0.076 0.001 0.000 0.000 0.005 0.003 0.036 0.044 0.005 0.000 0.000 0.667 
384 0.080 0.106 0.195 0.114 0.194 0.276 0.267 0.215 0.151 0.176 0.077 0.001 0.000 0.000 0.004 0.003 0.036 0.048 0.005 0.000 0.000 0.687 
385 0.080 0.108 0.199 0.114 0.196 0.285 0.267 0.219 0.162 0.167 0.075 0.001 0.000 0.000 0.004 0.003 0.035 0.049 0.005 0.000 0.000 0.693 
386 0.088 0.106 0.199 0.124 0.197 0.277 0.273 0.220 0.157 0.188 0.081 0.002 0.000 0.000 0.004 0.003 0.032 0.048 0.005 0.000 0.000 0.719 
387 0.089 0.110 0.194 0.125 0.196 0.271 0.269 0.225 0.150 0.184 0.081 0.002 0.000 0.000 0.004 0.003 0.032 0.049 0.005 0.000 0.000 0.704 
388 0.094 0.105 0.194 0.137 0.195 0.276 0.271 0.228 0.144 0.178 0.089 0.002 0.000 0.000 0.003 0.003 0.032 0.048 0.005 0.000 0.000 0.704 
389 0.095 0.111 0.196 0.141 0.203 0.278 0.256 0.227 0.132 0.182 0.088 0.002 0.000 0.000 0.003 0.003 0.034 0.047 0.004 0.000 0.000 0.712 
390 0.091 0.112 0.192 0.149 0.205 0.271 0.262 0.225 0.133 0.179 0.090 0.002 0.000 0.000 0.003 0.003 0.035 0.048 0.009 0.000 0.000 0.709 
391 0.089 0.117 0.196 0.148 0.206 0.271 0.281 0.222 0.130 0.190 0.087 0.005 0.000 0.000 0.002 0.003 0.040 0.052 0.009 0.000 0.000 0.700 
392 0.093 0.111 0.204 0.147 0.200 0.275 0.276 0.222 0.132 0.196 0.086 0.005 0.000 0.000 0.002 0.003 0.041 0.052 0.013 0.000 0.000 0.695 
393 0.091 0.117 0.206 0.146 0.202 0.271 0.277 0.223 0.134 0.200 0.088 0.005 0.000 0.000 0.001 0.003 0.040 0.051 0.013 0.000 0.000 0.688 
394 0.095 0.111 0.216 0.150 0.200 0.270 0.271 0.216 0.132 0.215 0.087 0.006 0.000 0.000 0.001 0.003 0.039 0.051 0.013 0.000 0.000 0.698 
395 0.090 0.116 0.216 0.150 0.201 0.269 0.281 0.214 0.130 0.211 0.086 0.005 0.000 0.000 0.001 0.003 0.037 0.052 0.013 0.000 0.000 0.700 
396 0.089 0.119 0.222 0.161 0.197 0.268 0.282 0.214 0.133 0.198 0.085 0.004 0.000 0.000 0.001 0.003 0.036 0.054 0.013 0.000 0.000 0.695 
397 0.089 0.124 0.216 0.166 0.190 0.285 0.291 0.210 0.140 0.203 0.090 0.005 0.000 0.000 0.001 0.003 0.036 0.056 0.013 0.000 0.000 0.705 
398 0.089 0.133 0.206 0.170 0.197 0.273 0.290 0.210 0.144 0.188 0.102 0.005 0.000 0.000 0.002 0.004 0.030 0.056 0.013 0.000 0.000 0.698 
399 0.088 0.132 0.206 0.173 0.202 0.286 0.286 0.206 0.149 0.183 0.101 0.005 0.000 0.000 0.002 0.004 0.031 0.057 0.013 0.000 0.000 0.711 
400 0.086 0.126 0.215 0.173 0.204 0.266 0.281 0.204 0.143 0.182 0.104 0.005 0.000 0.000 0.002 0.004 0.030 0.054 0.012 0.000 0.000 0.727 
401 0.085 0.120 0.216 0.173 0.203 0.260 0.273 0.202 0.142 0.183 0.106 0.005 0.000 0.000 0.001 0.003 0.028 0.053 0.012 0.000 0.000 0.723 
402 0.085 0.125 0.217 0.182 0.206 0.241 0.263 0.201 0.140 0.180 0.103 0.004 0.000 0.000 0.001 0.003 0.028 0.049 0.012 0.000 0.000 0.716 
403 0.086 0.123 0.214 0.180 0.200 0.238 0.253 0.198 0.131 0.186 0.095 0.004 0.000 0.000 0.001 0.004 0.025 0.054 0.011 0.000 0.000 0.710 
404 0.083 0.125 0.215 0.179 0.204 0.234 0.243 0.201 0.143 0.172 0.100 0.003 0.000 0.000 0.002 0.004 0.025 0.053 0.011 0.000 0.000 0.713 
405 0.087 0.124 0.218 0.178 0.200 0.232 0.252 0.196 0.154 0.172 0.103 0.003 0.000 0.000 0.002 0.006 0.021 0.053 0.011 0.000 0.000 0.715 
406 0.089 0.123 0.220 0.171 0.193 0.227 0.253 0.191 0.168 0.171 0.110 0.005 0.000 0.000 0.002 0.006 0.022 0.055 0.015 0.000 0.000 0.704 
407 0.090 0.128 0.223 0.180 0.191 0.230 0.250 0.192 0.169 0.158 0.110 0.005 0.000 0.000 0.002 0.006 0.025 0.055 0.016 0.000 0.000 0.703 
408 0.090 0.125 0.220 0.178 0.195 0.226 0.252 0.190 0.158 0.156 0.112 0.005 0.000 0.000 0.002 0.006 0.023 0.054 0.012 0.000 0.000 0.708 
409 0.091 0.122 0.222 0.173 0.196 0.230 0.251 0.195 0.162 0.157 0.116 0.005 0.000 0.000 0.002 0.005 0.021 0.054 0.012 0.000 0.000 0.699 
410 0.089 0.125 0.224 0.168 0.193 0.232 0.250 0.196 0.153 0.160 0.117 0.005 0.000 0.000 0.002 0.005 0.020 0.056 0.012 0.000 0.000 0.682 
411 0.086 0.127 0.228 0.172 0.192 0.228 0.248 0.188 0.155 0.178 0.121 0.005 0.000 0.000 0.002 0.005 0.018 0.053 0.012 0.000 0.000 0.674 
412 0.084 0.128 0.224 0.168 0.199 0.226 0.250 0.195 0.210 0.168 0.136 0.004 0.000 0.000 0.002 0.005 0.016 0.052 0.011 0.000 0.000 0.671 
413 0.084 0.127 0.219 0.163 0.206 0.223 0.255 0.202 0.217 0.168 0.151 0.007 0.000 0.000 0.002 0.003 0.018 0.051 0.014 0.000 0.000 0.697 
414 0.086 0.131 0.216 0.159 0.197 0.240 0.252 0.195 0.224 0.166 0.147 0.008 0.000 0.000 0.002 0.003 0.016 0.056 0.013 0.000 0.000 0.691 
415 0.094 0.133 0.223 0.162 0.199 0.229 0.248 0.194 0.222 0.164 0.142 0.008 0.000 0.000 0.002 0.003 0.014 0.057 0.016 0.000 0.000 0.683 
416 0.097 0.133 0.216 0.167 0.208 0.229 0.245 0.191 0.219 0.165 0.141 0.007 0.000 0.000 0.002 0.003 0.012 0.054 0.018 0.000 0.000 0.699 
417 0.095 0.139 0.218 0.167 0.208 0.221 0.239 0.188 0.220 0.160 0.137 0.007 0.000 0.000 0.002 0.005 0.009 0.051 0.018 0.000 0.000 0.706 
418 0.098 0.137 0.208 0.175 0.212 0.232 0.237 0.186 0.217 0.159 0.138 0.007 0.000 0.000 0.002 0.005 0.011 0.046 0.021 0.000 0.000 0.717 
419 0.097 0.138 0.200 0.175 0.209 0.237 0.244 0.188 0.207 0.165 0.138 0.006 0.000 0.000 0.002 0.005 0.011 0.043 0.024 0.000 0.000 0.713 
420 0.095 0.139 0.195 0.185 0.209 0.235 0.233 0.191 0.197 0.165 0.137 0.006 0.000 0.000 0.002 0.003 0.014 0.042 0.025 0.000 0.000 0.700 
421 0.094 0.139 0.187 0.179 0.212 0.239 0.235 0.195 0.197 0.159 0.139 0.007 0.000 0.000 0.002 0.003 0.014 0.041 0.022 0.000 0.000 0.685 
422 0.094 0.136 0.189 0.179 0.208 0.227 0.238 0.198 0.204 0.166 0.132 0.006 0.000 0.000 0.002 0.005 0.014 0.046 0.019 0.000 0.000 0.684 
423 0.093 0.137 0.203 0.178 0.206 0.238 0.238 0.199 0.193 0.164 0.130 0.006 0.000 0.000 0.002 0.002 0.016 0.048 0.019 0.000 0.000 0.676 
424 0.094 0.135 0.202 0.172 0.214 0.229 0.238 0.198 0.199 0.159 0.126 0.007 0.000 0.000 0.002 0.001 0.019 0.046 0.016 0.000 0.000 0.678 
425 0.088 0.138 0.198 0.171 0.224 0.235 0.235 0.195 0.213 0.153 0.123 0.017 0.000 0.000 0.004 0.002 0.018 0.048 0.016 0.000 0.000 0.681 
426 0.088 0.137 0.211 0.175 0.229 0.244 0.250 0.200 0.256 0.155 0.123 0.021 0.000 0.000 0.006 0.002 0.016 0.054 0.016 0.000 0.000 0.670 
427 0.089 0.137 0.211 0.173 0.230 0.233 0.248 0.205 0.260 0.164 0.113 0.030 0.000 0.000 0.006 0.002 0.019 0.056 0.012 0.000 0.000 0.693 
428 0.088 0.141 0.207 0.182 0.232 0.234 0.258 0.207 0.249 0.172 0.110 0.030 0.000 0.000 0.006 0.002 0.017 0.058 0.016 0.000 0.000 0.695 
429 0.089 0.141 0.216 0.191 0.226 0.215 0.261 0.202 0.247 0.171 0.115 0.027 0.000 0.000 0.006 0.002 0.013 0.061 0.016 0.000 0.000 0.696 
430 0.090 0.141 0.215 0.186 0.228 0.203 0.273 0.205 0.251 0.177 0.119 0.028 0.000 0.000 0.005 0.002 0.014 0.057 0.020 0.000 0.000 0.692 
431 0.093 0.139 0.217 0.177 0.230 0.203 0.277 0.206 0.256 0.173 0.119 0.030 0.000 0.000 0.004 0.002 0.014 0.057 0.023 0.000 0.000 0.694 
432 0.091 0.139 0.214 0.177 0.232 0.207 0.276 0.212 0.247 0.177 0.116 0.030 0.000 0.000 0.004 0.002 0.014 0.057 0.023 0.000 0.000 0.692 
433 0.091 0.138 0.218 0.176 0.228 0.208 0.262 0.208 0.241 0.172 0.116 0.030 0.000 0.000 0.007 0.002 0.014 0.056 0.020 0.000 0.000 0.700 
434 0.091 0.139 0.221 0.172 0.226 0.210 0.264 0.205 0.232 0.173 0.118 0.034 0.000 0.000 0.009 0.002 0.012 0.058 0.020 0.000 0.000 0.694 
435 0.094 0.136 0.223 0.175 0.218 0.220 0.258 0.209 0.232 0.168 0.122 0.034 0.000 0.000 0.009 0.002 0.012 0.059 0.020 0.000 0.000 0.704 
436 0.091 0.130 0.218 0.174 0.220 0.218 0.253 0.208 0.232 0.170 0.118 0.034 0.000 0.000 0.009 0.003 0.018 0.064 0.018 0.000 0.000 0.722 
437 0.092 0.132 0.225 0.180 0.217 0.219 0.258 0.208 0.235 0.168 0.122 0.030 0.000 0.000 0.010 0.003 0.020 0.061 0.018 0.000 0.000 0.727 
438 0.092 0.135 0.216 0.185 0.224 0.207 0.257 0.211 0.230 0.165 0.116 0.030 0.000 0.000 0.009 0.001 0.023 0.058 0.022 0.000 0.000 0.723 
439 0.090 0.138 0.214 0.185 0.223 0.212 0.252 0.214 0.208 0.154 0.119 0.028 0.000 0.000 0.008 0.001 0.025 0.061 0.019 0.000 0.000 0.729 
440 0.090 0.134 0.213 0.183 0.221 0.226 0.260 0.212 0.206 0.163 0.117 0.028 0.000 0.000 0.007 0.002 0.030 0.054 0.026 0.000 0.000 0.712 
441 0.093 0.131 0.211 0.185 0.223 0.224 0.252 0.216 0.197 0.162 0.116 0.027 0.000 0.000 0.008 0.002 0.030 0.054 0.030 0.000 0.000 0.716 
442 0.094 0.132 0.214 0.191 0.231 0.224 0.241 0.209 0.185 0.159 0.111 0.026 0.000 0.000 0.008 0.002 0.043 0.052 0.028 0.000 0.000 0.717 
443 0.094 0.130 0.221 0.196 0.237 0.217 0.238 0.205 0.183 0.159 0.116 0.024 0.000 0.000 0.007 0.002 0.042 0.053 0.028 0.000 0.000 0.723 
444 0.098 0.135 0.210 0.197 0.232 0.210 0.236 0.206 0.187 0.154 0.114 0.027 0.000 0.000 0.007 0.002 0.044 0.053 0.025 0.000 0.000 0.747 
445 0.096 0.138 0.213 0.199 0.229 0.208 0.228 0.209 0.186 0.158 0.110 0.025 0.000 0.000 0.013 0.002 0.043 0.051 0.023 0.000 0.000 0.746 
446 0.096 0.140 0.213 0.209 0.233 0.196 0.232 0.209 0.186 0.171 0.113 0.023 0.000 0.000 0.012 0.002 0.039 0.052 0.017 0.000 0.000 0.728 
447 0.096 0.143 0.213 0.203 0.232 0.192 0.236 0.210 0.182 0.170 0.108 0.026 0.000 0.000 0.011 0.002 0.035 0.052 0.013 0.000 0.000 0.724 
448 0.096 0.143 0.203 0.197 0.223 0.207 0.242 0.213 0.186 0.161 0.105 0.026 0.000 0.000 0.010 0.002 0.033 0.052 0.014 0.000 0.000 0.707 
449 0.098 0.144 0.213 0.197 0.218 0.209 0.246 0.224 0.203 0.165 0.111 0.027 0.000 0.000 0.010 0.002 0.029 0.051 0.010 0.000 0.000 0.697 
450 0.097 0.139 0.216 0.190 0.219 0.206 0.265 0.220 0.195 0.171 0.147 0.028 0.000 0.000 0.009 0.002 0.031 0.051 0.013 0.000 0.000 0.690 
451 0.094 0.138 0.219 0.204 0.217 0.209 0.268 0.210 0.203 0.164 0.163 0.027 0.001 0.000 0.009 0.002 0.030 0.047 0.013 0.000 0.000 0.691 
452 0.090 0.145 0.219 0.207 0.218 0.204 0.272 0.211 0.199 0.159 0.165 0.028 0.001 0.000 0.010 0.003 0.032 0.048 0.017 0.000 0.000 0.711 
453 0.086 0.145 0.220 0.209 0.215 0.193 0.269 0.212 0.207 0.165 0.166 0.027 0.001 0.000 0.010 0.003 0.034 0.045 0.017 0.000 0.000 0.726 
454 0.084 0.146 0.217 0.197 0.215 0.205 0.265 0.208 0.200 0.170 0.156 0.027 0.001 0.000 0.011 0.003 0.046 0.044 0.017 0.000 0.000 0.733 
455 0.092 0.145 0.219 0.195 0.211 0.214 0.256 0.212 0.195 0.168 0.152 0.031 0.001 0.000 0.011 0.003 0.046 0.042 0.016 0.000 0.000 0.738 
456 0.090 0.142 0.216 0.193 0.215 0.206 0.255 0.207 0.196 0.161 0.156 0.030 0.001 0.000 0.011 0.003 0.046 0.042 0.016 0.000 0.000 0.725 
457 0.086 0.136 0.215 0.198 0.220 0.194 0.251 0.209 0.198 0.158 0.176 0.027 0.001 0.000 0.012 0.003 0.042 0.039 0.016 0.000 0.000 0.722 
458 0.086 0.136 0.212 0.202 0.215 0.184 0.242 0.200 0.208 0.153 0.176 0.026 0.001 0.000 0.011 0.003 0.043 0.039 0.020 0.000 0.000 0.712 
459 0.090 0.135 0.214 0.204 0.215 0.196 0.243 0.199 0.212 0.150 0.175 0.026 0.001 0.000 0.013 0.003 0.045 0.038 0.013 0.001 0.000 0.707 
460 0.090 0.134 0.210 0.195 0.216 0.187 0.245 0.208 0.200 0.141 0.173 0.025 0.001 0.000 0.015 0.003 0.043 0.044 0.013 0.001 0.000 0.711 
461 0.088 0.132 0.210 0.200 0.212 0.191 0.248 0.207 0.188 0.134 0.176 0.025 0.001 0.000 0.017 0.005 0.040 0.045 0.015 0.001 0.000 0.699 
462 0.090 0.128 0.204 0.200 0.216 0.190 0.250 0.208 0.184 0.140 0.179 0.025 0.001 0.000 0.021 0.005 0.047 0.044 0.015 0.001 0.000 0.694 
463 0.089 0.129 0.206 0.199 0.205 0.198 0.241 0.213 0.169 0.139 0.180 0.027 0.001 0.000 0.020 0.005 0.045 0.043 0.019 0.001 0.000 0.700 
464 0.095 0.130 0.208 0.194 0.207 0.203 0.243 0.210 0.177 0.140 0.178 0.026 0.002 0.000 0.022 0.004 0.044 0.042 0.018 0.001 0.000 0.708 
465 0.097 0.126 0.211 0.190 0.207 0.191 0.242 0.212 0.177 0.146 0.172 0.027 0.002 0.000 0.021 0.004 0.044 0.040 0.015 0.001 0.000 0.721 
466 0.099 0.130 0.212 0.183 0.205 0.190 0.237 0.215 0.185 0.139 0.171 0.028 0.002 0.000 0.021 0.006 0.045 0.036 0.016 0.001 0.000 0.727 
467 0.097 0.127 0.213 0.185 0.196 0.205 0.236 0.219 0.165 0.149 0.164 0.028 0.002 0.000 0.020 0.006 0.046 0.034 0.013 0.003 0.000 0.708 
468 0.096 0.128 0.211 0.179 0.199 0.211 0.224 0.222 0.179 0.154 0.162 0.029 0.002 0.000 0.019 0.006 0.046 0.036 0.016 0.003 0.000 0.696 
469 0.100 0.126 0.210 0.185 0.194 0.217 0.221 0.223 0.188 0.141 0.165 0.029 0.002 0.000 0.019 0.004 0.044 0.035 0.018 0.002 0.000 0.681 
470 0.098 0.122 0.201 0.178 0.193 0.206 0.234 0.217 0.180 0.146 0.176 0.029 0.002 0.000 0.017 0.006 0.044 0.035 0.026 0.002 0.000 0.690 
471 0.101 0.118 0.198 0.178 0.193 0.216 0.231 0.212 0.186 0.195 0.177 0.029 0.002 0.000 0.018 0.006 0.043 0.038 0.025 0.002 0.000 0.677 
472 0.105 0.119 0.200 0.182 0.193 0.210 0.229 0.206 0.192 0.212 0.170 0.029 0.002 0.000 0.019 0.006 0.046 0.043 0.024 0.002 0.000 0.686 
473 0.101 0.118 0.194 0.180 0.195 0.211 0.235 0.200 0.197 0.213 0.168 0.031 0.002 0.000 0.020 0.006 0.045 0.039 0.029 0.002 0.000 0.691 
474 0.100 0.119 0.187 0.183 0.203 0.213 0.239 0.203 0.179 0.215 0.163 0.032 0.002 0.000 0.020 0.008 0.045 0.040 0.031 0.002 0.000 0.699 
475 0.102 0.118 0.192 0.182 0.204 0.198 0.242 0.203 0.174 0.218 0.162 0.033 0.002 0.000 0.021 0.008 0.045 0.042 0.029 0.002 0.000 0.701 
476 0.104 0.112 0.183 0.179 0.206 0.204 0.245 0.198 0.168 0.206 0.158 0.032 0.004 0.000 0.020 0.010 0.044 0.042 0.023 0.002 0.000 0.734 
477 0.107 0.113 0.185 0.178 0.206 0.203 0.241 0.203 0.161 0.199 0.154 0.031 0.004 0.000 0.020 0.010 0.043 0.047 0.023 0.002 0.000 0.716 
478 0.103 0.112 0.185 0.172 0.202 0.205 0.232 0.207 0.154 0.193 0.154 0.031 0.004 0.000 0.020 0.010 0.046 0.046 0.023 0.002 0.000 0.727 
479 0.102 0.112 0.184 0.169 0.199 0.196 0.226 0.204 0.151 0.192 0.161 0.032 0.002 0.000 0.021 0.010 0.051 0.047 0.023 0.002 0.000 0.738 
480 0.100 0.111 0.176 0.165 0.197 0.196 0.232 0.203 0.154 0.191 0.164 0.032 0.002 0.000 0.021 0.010 0.049 0.042 0.024 0.002 0.000 0.735 
481 0.101 0.113 0.182 0.171 0.194 0.195 0.229 0.199 0.162 0.186 0.167 0.035 0.002 0.000 0.021 0.009 0.054 0.041 0.028 0.002 0.000 0.727 
482 0.102 0.119 0.181 0.169 0.199 0.191 0.225 0.197 0.162 0.191 0.159 0.032 0.004 0.000 0.022 0.011 0.052 0.041 0.028 0.002 0.000 0.722 
483 0.109 0.120 0.180 0.172 0.201 0.186 0.218 0.197 0.160 0.188 0.160 0.032 0.005 0.000 0.021 0.010 0.047 0.044 0.031 0.002 0.000 0.709 
484 0.108 0.121 0.183 0.183 0.201 0.187 0.216 0.197 0.155 0.187 0.162 0.033 0.005 0.000 0.021 0.008 0.048 0.042 0.035 0.002 0.000 0.721 
485 0.108 0.117 0.185 0.185 0.196 0.183 0.210 0.200 0.148 0.181 0.157 0.033 0.004 0.000 0.024 0.006 0.049 0.040 0.031 0.002 0.000 0.725 
486 0.107 0.115 0.190 0.191 0.192 0.190 0.196 0.204 0.150 0.197 0.157 0.034 0.003 0.000 0.027 0.006 0.042 0.040 0.029 0.002 0.000 0.721 
487 0.116 0.115 0.186 0.189 0.187 0.186 0.206 0.200 0.150 0.196 0.154 0.035 0.005 0.000 0.028 0.008 0.045 0.036 0.029 0.003 0.000 0.719 
488 0.111 0.110 0.183 0.183 0.187 0.193 0.197 0.208 0.140 0.202 0.156 0.036 0.006 0.000 0.022 0.008 0.046 0.038 0.029 0.003 0.000 0.734 
489 0.114 0.106 0.191 0.188 0.194 0.170 0.194 0.209 0.135 0.202 0.154 0.037 0.005 0.000 0.026 0.008 0.051 0.034 0.029 0.002 0.000 0.716 
490 0.111 0.106 0.187 0.187 0.196 0.174 0.186 0.199 0.141 0.203 0.152 0.037 0.005 0.000 0.024 0.008 0.050 0.032 0.029 0.002 0.000 0.736 
491 0.110 0.107 0.177 0.187 0.196 0.182 0.185 0.196 0.125 0.204 0.147 0.037 0.005 0.000 0.025 0.005 0.051 0.031 0.029 0.002 0.000 0.727 
492 0.111 0.104 0.173 0.182 0.192 0.171 0.189 0.197 0.137 0.191 0.150 0.037 0.006 0.000 0.025 0.005 0.054 0.031 0.035 0.002 0.000 0.718 
493 0.110 0.100 0.171 0.178 0.185 0.168 0.198 0.196 0.139 0.198 0.151 0.040 0.007 0.000 0.024 0.005 0.055 0.032 0.035 0.002 0.000 0.734 
494 0.115 0.100 0.171 0.177 0.185 0.166 0.195 0.191 0.142 0.217 0.153 0.045 0.007 0.000 0.023 0.005 0.053 0.039 0.034 0.002 0.000 0.717 
495 0.113 0.100 0.173 0.172 0.183 0.165 0.203 0.209 0.142 0.231 0.156 0.045 0.008 0.000 0.026 0.005 0.056 0.037 0.032 0.002 0.000 0.696 
496 0.110 0.099 0.173 0.178 0.178 0.167 0.214 0.211 0.146 0.236 0.148 0.048 0.007 0.000 0.024 0.004 0.053 0.035 0.029 0.001 0.000 0.689 
497 0.115 0.098 0.175 0.177 0.180 0.166 0.223 0.207 0.163 0.231 0.144 0.045 0.007 0.000 0.025 0.004 0.051 0.033 0.025 0.001 0.000 0.683 
498 0.110 0.096 0.179 0.178 0.179 0.169 0.224 0.205 0.193 0.233 0.150 0.046 0.007 0.000 0.023 0.004 0.054 0.032 0.023 0.001 0.000 0.681 
499 0.112 0.097 0.182 0.177 0.178 0.176 0.204 0.198 0.201 0.221 0.155 0.045 0.008 0.000 0.021 0.003 0.055 0.030 0.021 0.001 0.000 0.689 