0 0 0 0 0 0 0 0 0 0 12 0 0 0 1 0 0 0 12 0 0 9 0 34
1 0 5 0 0 0 0 0 0 0 0 0 0 0 2 0 0 0 1 0 0 17 0 25
2 0 0 0 0 0 0 0 0 0 0 0 0 0 6 0 0 0 15 0 0 0 0 21
3 1 0 0 0 0 0 0 0 0 1 0 0 0 15 0 0 0 1 0 0 0 0 18
4 0 0 0 0 0 0 0 0 0 0 0 0 0 17 0 0 0 0 0 0 17 0 34
5 0 0 0 0 0 0 0 6 0 0 4 0 0 6 0 0 0 1 0 1 24 0 42
6 0 0 0 0 0 0 0 0 0 0 0 0 0 2 0 0 0 9 0 0 11 0 22
7 9 0 0 0 0 0 8 9 0 0 0 0 0 0 0 0 0 20 0 0 28 0 74
8 1 19 0 0 1 0 0 0 0 0 0 0 2 12 0 0 0 13 0 10 0 0 58
9 0 3 0 0 0 0 0 8 0 0 0 0 13 2 0 0 0 7 0 0 0 0 33
10 0 0 0 0 0 0 0 0 0 0 0 11 0 0 0 0 0 10 0 0 48 0 69
11 0 0 6 0 15 0 0 0 0 0 0 0 8 0 0 0 0 16 0 0 48 0 93
12 0 0 0 0 0 0 0 13 0 0 0 0 0 1 0 0 0 0 0 0 0 0 14
13 1 1 0 0 0 0 0 11 0 0 0 0 0 0 0 0 0 10 0 0 24 0 47
14 0 0 0 0 0 0 0 0 0 0 1 0 0 0 0 0 0 20 0 0 0 0 21
15 0 0 0 0 0 0 0 2 0 0 1 0 1 6 0 0 0 12 0 0 0 0 22
16 0 0 0 0 0 0 0 0 23 0 0 0 0 0 0 0 0 0 0 0 0 0 23
17 0 0 0 0 0 0 0 0 12 0 0 0 2 0 0 0 0 0 0 0 15 0 29
18 0 0 0 0 0 0 0 0 0 0 0 0 0 0 0 0 0 0 0 16 2 0 18
19 0 0 0 0 0 0 0 0 6 0 17 0 8 0 0 0 0 0 0 1 46 0 78
20 0 0 0 0 0 0 0 0 0 0 0 0 0 1 0 0 0 0 0 0 19 0 20
21 11 0 0 0 0 0 0 0 0 0 1 0 0 0 0 0 0 0 0 2 25 0 39
22 0 17 0 0 1 0 1 1 0 1 0 0 0 1 0 0 0 0 0 0 2 0 24
23 0 0 1 0 0 0 0 0 0 20 0 0 0 3 0 0 0 0 0 1 31 0 56
24 0 0 0 0 0 0 0 0 11 2 0 0 0 1 0 0 0 7 0 0 0 0 21
25 0 0 0 0 0 0 0 0 0 0 0 0 0 8 0 0 0 0 0 0 0 0 8
26 0 0 0 0 0 0 0 22 0 0 9 0 8 0 0 0 0 15 0 0 0 0 54
27 18 0 0 0 0 0 0 1 14 0 0 0 1 12 0 0 0 0 1 0 2 0 49
28 0 0 0 0 0 0 0 0 1 0 0 0 1 0 0 0 0 0 0 0 0 0 2
29 0 15 0 0 0 0 0 0 0 0 0 0 0 0 0 0 0 8 0 0 27 0 50
30 0 0 0 0 0 0 0 12 0 0 36 1 1 26 0 0 0 0 0 0 1 0 77
31 0 1 0 0 0 0 0 2 0 0 0 0 14 0 0 0 0 0 0 19 1 0 37
32 0 10 0 0 0 0 16 0 0 1 0 0 1 0 0 0 0 0 0 0 0 0 28
33 0 1 0 0 1 0 0 0 0 0 0 1 0 0 0 0 0 0 0 1 19 0 23
34 0 4 0 0 0 0 0 0 0 6 0 0 0 0 0 0 0 0 0 0 53 0 63
35 0 0 0 0 0 0 0 0 10 0 0 14 0 0 0 0 0 0 0 0 0 0 24
36 0 0 0 0 0 0 0 0 0 1 22 0 0 0 0 0 0 0 0 0 0 0 23
37 0 0 0 0 0 0 0 1 0 0 0 0 0 0 0 0 0 1 0 0 1 0 3
38 0 0 0 0 0 0 12 0 0 0 0 0 2 1 0 0 0 12 0 1 39 0 67
39 0 33 0 0 0 0 0 0 18 0 0 0 0 0 0 0 0 0 0 0 19 0 70
40 0 0 0 0 0 0 0 0 0 0 16 0 0 0 0 0 0 3 0 7 92 0 118
41 1 0 0 0 0 0 0 0 0 0 0 0 16 0 0 0 0 0 0 15 38 0 70
42 0 1 0 0 0 0 0 0 0 1 0 0 0 0 0 0 0 0 0 0 2 0 4
43 3 0 0 0 0 0 0 0 0 0 0 0 0 0 0 0 0 0 0 2 13 0 18
44 0 1 0 0 0 0 2 0 0 0 0 0 0 0 0 0 0 0 0 1 0 0 4
45 0 25 0 1 0 0 0 1 0 0 1 0 1 0 0 0 0 0 0 0 1 0 30
46 0 10 0 0 0 0 0 0 0 0 1 0 0 0 0 0 0 0 0 1 2 0 14
47 0 0 0 0 0 0 0 16 22 1 0 0 0 0 0 0 0 0 3 17 2 0 61
48 0 0 0 0 0 15 0 11 1 0 0 0 0 6 0 0 0 1 0 4 0 0 38
49 0 14 0 0 0 0 19 0 12 13 0 0 0 0 0 0 0 1 0 0 16 0 75
50 0 0 0 0 0 0 0 10 2 15 2 0 0 0 0 0 0 18 0 0 27 0 74
51 0 0 0 0 0 0 14 0 31 1 0 0 1 0 0 0 0 10 0 0 0 0 57
52 0 0 0 0 0 0 0 11 1 2 0 0 0 36 0 0 0 0 0 0 1 0 51
53 0 0 0 0 0 0 0 35 0 15 1 0 0 0 0 0 0 21 0 0 0 0 72
54 0 0 0 0 0 0 1 1 14 0 0 0 0 0 0 0 0 15 0 0 17 0 48
55 0 0 0 0 0 0 0 1 1 0 0 0 0 1 0 0 0 0 1 21 0 0 25
56 0 0 14 0 0 0 0 0 1 0 1 0 16 0 0 0 0 1 0 7 41 0 81
57 0 0 0 0 0 0 0 0 2 1 0 0 13 0 0 0 0 0 1 0 36 0 53
58 0 0 0 0 0 10 23 0 1 16 0 0 0 0 0 0 0 0 0 15 51 0 116
59 0 6 0 0 0 0 0 0 5 0 0 1 2 1 0 0 1 0 0 1 34 0 51
60 0 1 0 0 0 0 0 0 6 21 1 0 23 0 0 0 1 1 0 1 34 0 89
61 0 0 15 0 0 0 0 1 13 1 0 12 1 0 0 0 0 0 14 0 0 0 57
62 0 0 0 0 0 0 0 1 0 17 0 0 0 0 0 0 0 0 13 0 0 0 31
63 0 0 0 0 0 0 1 0 12 15 0 0 0 0 0 0 0 0 0 0 0 0 28
64 13 17 0 0 0 0 17 13 34 11 0 0 0 0 0 0 0 0 0 1 3 0 109
65 0 0 0 0 0 0 0 0 1 0 0 0 1 0 0 0 0 0 5 0 8 0 15
66 0 1 0 0 0 0 0 27 14 1 1 0 11 16 0 0 0 0 1 20 31 0 123
67 0 0 0 16 0 0 0 1 5 0 0 0 0 1 0 0 0 0 0 20 6 0 49
68 0 0 0 0 0 0 0 1 53 1 17 0 16 16 0 0 0 0 0 1 47 0 152
69 0 0 0 0 1 12 0 1 0 0 0 0 15 0 0 0 0 0 0 0 1 0 30
70 0 0 0 0 0 0 0 0 30 0 4 0 0 0 0 0 0 0 2 1 1 0 38
71 16 0 0 0 0 14 0 14 1 0 1 0 0 0 0 0 0 0 0 5 1 0 52
72 0 0 0 0 0 0 2 0 0 0 0 0 0 0 0 0 0 0 0 18 0 0 20
73 0 0 0 0 0 0 18 0 0 21 43 24 1 0 0 0 0 0 0 0 67 0 174
74 0 0 0 0 0 0 0 0 14 27 0 0 0 1 0 0 0 0 0 1 24 0 67
75 0 1 0 1 0 0 17 74 2 1 0 0 0 0 0 0 0 0 0 0 83 0 179
76 0 0 0 0 0 0 0 44 11 1 0 0 0 0 0 0 0 15 0 0 32 0 103
77 0 0 0 0 0 0 1 2 0 1 20 0 1 1 0 0 0 1 0 3 3 0 33
78 0 0 0 0 1 0 0 1 0 8 13 0 1 0 0 0 0 9 0 1 0 0 34
79 9 0 0 0 0 0 0 24 13 12 0 0 0 0 0 0 0 13 6 1 10 0 88
80 0 0 0 0 0 0 0 43 1 3 0 0 0 0 0 0 0 0 0 7 0 0 54
81 9 0 0 0 0 1 0 9 1 12 1 0 0 0 0 0 0 0 0 0 37 0 70
82 0 0 1 0 0 11 0 22 1 67 1 18 1 0 0 0 0 1 0 0 0 0 123
83 0 20 0 0 0 0 0 1 3 0 0 0 19 0 0 0 0 0 2 0 1 0 46
84 0 1 0 1 0 0 0 19 19 0 30 0 6 1 0 0 0 0 0 0 13 0 90
85 0 2 0 34 0 0 2 0 18 0 34 0 38 0 0 0 0 0 7 0 0 0 135
86 0 8 0 0 0 0 27 1 1 24 0 0 0 0 0 0 0 0 0 0 16 0 77
87 0 16 0 0 0 0 34 0 12 0 25 0 1 29 0 0 0 0 0 0 0 0 117
88 0 0 0 0 0 0 36 1 16 11 17 0 0 2 0 0 0 1 0 0 1 0 85
89 0 0 9 0 0 0 44 26 14 23 0 17 0 0 0 0 0 0 0 0 0 0 133
90 0 1 6 0 0 45 0 15 13 12 0 10 0 0 0 0 0 0 0 2 14 0 118
91 1 0 0 0 0 9 17 1 2 18 1 0 11 8 0 0 0 0 0 0 11 0 79
92 0 0 0 0 0 0 25 9 0 14 13 1 25 3 0 0 0 0 0 1 2 0 93
93 1 1 1 1 0 1 1 1 10 1 24 0 2 0 0 0 0 11 1 0 15 0 71
94 0 31 1 0 0 11 6 1 0 1 28 0 24 16 0 0 0 0 0 0 44 0 163
95 0 0 0 0 0 0 1 0 11 21 21 0 0 7 0 0 0 0 0 1 42 0 104
96 0 0 12 0 1 0 1 24 9 12 26 1 0 0 0 0 0 1 0 11 84 0 182
97 0 9 0 0 0 0 1 1 1 24 24 0 0 14 0 0 0 0 0 0 0 0 74
98 1 1 0 0 1 0 1 20 5 0 9 0 0 1 0 0 0 0 0 0 1 0 40
99 0 1 0 0 0 0 13 1 21 32 0 0 0 0 0 0 0 0 0 0 7 0 75
100 0 1 0 0 0 22 0 28 12 23 8 0 0 0 1 0 0 10 0 0 0 0 105
101 0 0 0 0 0 0 0 30 0 23 0 0 0 0 0 0 0 0 0 12 17 0 82
102 0 0 9 0 0 1 0 31 17 8 0 1 18 0 0 0 0 0 0 0 2 0 87
103 3 14 0 0 0 0 0 13 1 1 10 1 2 0 0 0 0 0 0 1 1 0 47
104 0 25 0 12 0 0 0 2 1 7 3 0 32 0 0 0 0 0 0 9 1 0 92
105 0 2 0 0 0 9 0 0 2 7 5 1 5 9 0 0 0 0 0 0 12 0 52
106 0 12 0 0 0 3 26 12 15 0 9 0 0 1 0 0 0 0 0 0 0 0 78
107 0 12 0 0 1 13 1 60 39 26 48 0 0 0 0 0 0 1 3 0 15 0 219
108 0 0 16 0 0 0 16 1 6 1 15 0 0 7 0 0 7 0 1 0 32 0 102
109 0 0 0 0 0 1 0 0 13 0 1 0 0 0 0 0 0 0 0 0 29 0 44
110 33 0 0 0 0 1 19 13 33 0 11 33 0 0 0 0 0 16 0 0 30 0 189
111 0 0 0 0 0 27 2 0 1 6 41 0 18 21 0 0 0 1 0 0 56 0 173
112 0 0 24 0 0 17 16 8 21 15 31 2 0 0 0 0 0 14 1 0 88 0 237
113 2 0 0 0 0 12 2 0 34 17 3 0 0 0 0 0 0 1 0 0 11 0 82
114 0 15 2 0 0 13 14 10 31 38 17 0 0 0 0 0 0 9 0 0 7 0 156
115 11 0 0 0 0 0 1 17 5 9 9 0 22 0 0 0 0 0 0 0 1 0 75
116 0 24 31 0 0 2 13 21 11 31 0 0 17 0 0 0 0 0 0 0 7 0 157
117 0 24 0 0 0 0 9 11 3 18 12 13 0 0 0 0 0 0 0 0 0 0 90
118 1 0 0 0 0 31 14 16 15 8 10 1 0 0 0 0 0 0 0 0 48 0 144
119 0 32 1 0 1 1 14 40 22 0 28 0 0 1 21 0 0 0 0 0 10 0 171
120 1 14 0 0 0 0 7 26 2 3 2 0 0 0 0 0 1 0 0 10 2 0 68
121 0 34 0 0 0 0 2 2 23 11 25 8 1 6 0 0 0 2 0 18 3 0 135
122 0 1 0 0 0 15 14 18 14 1 0 0 0 1 1 0 0 0 0 17 0 0 82
123 0 1 0 0 0 1 9 38 10 19 17 0 12 0 0 0 0 0 0 0 12 0 119
124 17 14 8 0 0 5 8 29 11 49 0 0 19 1 0 0 1 0 0 0 1 0 163
125 0 0 1 0 16 7 9 7 25 3 1 0 42 9 0 0 0 0 0 0 11 0 131
126 1 0 10 0 0 17 14 16 28 13 48 0 0 0 0 0 8 1 7 0 29 0 192
127 0 0 16 0 0 6 17 10 8 36 18 0 0 0 3 0 17 0 0 0 9 0 140
128 0 38 1 0 0 1 16 0 10 15 21 0 10 0 0 0 2 0 0 0 1 0 115
129 1 35 18 0 0 0 3 2 15 10 7 0 0 1 0 0 20 1 13 17 8 0 151
130 0 0 1 0 17 3 3 0 1 1 51 0 0 1 0 0 0 11 0 2 20 0 111
131 0 13 9 0 0 13 10 31 15 12 12 0 1 1 0 0 36 0 0 0 0 0 153
132 0 0 12 8 4 0 1 33 26 28 4 0 0 4 1 0 0 0 0 10 0 0 131
133 0 0 1 0 0 2 45 49 1 15 0 0 1 33 0 10 0 9 0 5 62 0 233
134 0 1 15 0 0 11 2 22 15 17 0 0 0 1 0 0 20 10 0 6 3 0 123
135 0 0 2 0 1 25 10 56 3 22 0 14 1 0 0 0 0 5 0 1 44 0 184
136 0 0 32 0 10 6 17 4 17 0 14 12 0 0 0 0 0 0 1 0 32 0 145
137 0 1 11 0 0 14 26 10 14 0 13 0 1 0 0 0 12 0 0 0 16 0 118
138 14 0 6 0 19 5 10 30 7 0 2 0 0 0 0 0 0 0 0 0 0 0 93
139 15 18 2 0 1 15 25 35 2 0 17 13 0 0 0 0 0 0 8 1 0 0 152
140 0 42 25 0 17 31 20 1 2 0 1 1 1 15 0 0 1 0 1 0 16 0 174
141 9 34 0 0 0 0 23 0 13 13 1 16 0 0 0 0 0 0 0 0 32 0 141
142 0 16 13 0 0 16 0 0 0 0 0 0 22 0 10 0 0 0 2 0 2 0 81
143 6 12 1 0 16 28 1 9 0 13 22 0 21 0 3 0 3 6 0 0 28 0 169
144 0 37 2 16 0 0 15 15 20 0 3 0 19 0 0 0 22 0 0 0 26 0 175
145 0 37 30 0 0 11 13 12 20 7 1 1 0 0 0 0 13 1 0 0 5 0 151
146 0 2 18 0 0 13 3 16 9 29 22 0 0 2 13 0 25 18 0 0 0 0 170
147 1 0 24 6 14 1 3 39 14 30 0 0 1 27 16 0 14 0 0 0 24 0 214
148 12 0 18 0 0 1 47 17 1 0 31 0 0 0 0 0 6 0 0 0 0 0 133
149 0 1 1 0 0 7 11 16 12 0 3 0 5 0 1 0 12 0 1 0 13 0 83
150 0 1 14 2 1 1 8 29 1 1 23 0 0 11 1 0 9 26 1 0 1 0 130
151 0 29 17 0 0 0 30 1 17 0 0 0 0 0 0 0 8 1 0 1 0 0 104
152 0 1 0 0 0 22 1 40 2 0 13 9 26 0 1 0 20 0 0 0 1 0 136
153 0 1 32 0 0 1 10 7 21 16 0 0 17 0 26 0 1 0 11 0 17 0 160
154 16 0 9 1 0 3 45 31 0 10 0 9 0 0 0 0 0 0 0 5 1 0 130
155 19 0 2 0 0 30 32 34 28 15 22 0 1 0 1 1 0 0 0 0 70 0 255
156 0 24 20 0 1 0 34 16 30 7 15 1 1 0 0 0 0 20 0 0 14 0 183
157 0 29 0 15 1 1 17 45 2 1 17 0 0 0 0 0 0 0 0 0 11 0 139
158 0 2 16 0 11 16 0 18 3 11 2 13 0 0 32 0 0 11 0 0 56 0 191
159 0 51 5 0 0 1 22 13 30 28 0 0 0 0 0 0 9 0 1 0 66 0 226
160 0 0 15 0 8 30 22 19 12 18 0 0 0 0 0 0 14 0 0 0 25 0 163
161 0 0 1 1 10 0 28 39 21 68 0 1 0 0 0 0 0 1 7 0 0 0 177
162 0 2 1 0 0 26 18 21 45 3 0 1 0 0 20 0 22 0 0 6 8 0 173
163 1 0 3 0 0 5 18 12 21 4 13 0 0 1 15 0 0 0 0 0 0 0 93
164 1 0 0 2 0 5 15 16 4 8 1 26 0 0 0 0 0 0 0 0 1 0 79
165 0 15 0 1 1 27 41 9 12 1 4 0 0 1 15 0 13 1 0 0 24 0 165
166 0 0 0 0 0 19 0 16 6 0 2 0 0 0 0 0 0 29 0 0 0 0 72
167 0 36 0 0 0 11 10 24 22 0 31 0 0 0 1 0 14 32 0 0 0 0 181
168 13 0 0 6 0 6 3 35 8 7 31 22 0 0 0 0 18 0 0 0 1 0 150
169 1 0 24 0 37 9 12 9 1 12 33 11 0 13 0 0 0 1 0 0 1 0 164
170 0 35 19 0 1 1 51 7 0 24 0 1 26 2 1 0 0 1 0 21 2 0 192
171 0 0 12 0 0 13 11 4 0 40 11 15 32 14 12 0 1 0 0 0 14 0 179
172 0 1 24 1 0 2 20 19 0 43 18 0 2 0 0 0 16 19 0 0 2 0 167
173 1 1 0 0 13 3 1 46 57 11 1 0 13 1 0 0 0 10 0 0 2 0 160
174 0 20 26 0 0 1 13 13 6 29 14 0 1 1 17 0 16 0 11 0 2 0 170
175 1 0 1 6 0 0 12 36 12 8 12 1 2 4 0 18 0 1 0 0 36 0 150
176 17 13 18 17 0 1 3 0 3 27 39 14 1 0 0 0 12 0 0 0 110 0 275
177 0 18 5 0 0 1 21 0 16 15 23 0 12 0 4 0 16 0 0 3 114 0 248
178 0 1 17 0 0 2 12 11 5 13 12 1 1 0 0 0 3 0 0 2 1 0 81
179 17 2 9 1 0 4 12 0 33 7 14 1 0 0 19 0 10 0 0 10 8 0 147
180 0 56 0 0 0 1 5 0 0 22 56 0 0 0 3 0 0 0 0 0 0 0 143
181 1 37 0 0 0 6 1 74 11 1 18 0 0 0 0 14 0 5 0 7 6 0 181
182 0 32 7 0 0 18 10 34 6 2 24 12 0 0 1 0 0 0 1 20 0 0 167
183 0 54 9 15 0 0 15 27 2 17 0 13 0 0 1 0 17 1 0 1 7 0 179
184 1 5 0 0 2 24 15 46 31 0 10 0 0 0 0 1 38 0 0 1 0 0 174
185 1 1 19 0 0 10 6 11 8 0 0 0 1 0 7 0 2 18 6 0 12 0 102
186 23 7 0 0 4 2 10 0 2 16 12 18 10 0 0 0 1 26 0 0 0 0 131
187 0 14 24 11 0 4 14 5 5 31 0 0 0 0 0 0 8 17 0 0 0 0 133
188 1 0 8 0 1 0 8 3 6 1 43 0 0 24 0 0 0 1 0 0 6 0 102
189 14 0 10 0 1 2 17 0 16 0 2 1 0 2 1 1 42 11 0 14 1 0 135
190 0 12 0 0 21 6 0 22 29 0 37 16 0 15 2 0 1 0 0 0 35 0 196
191 18 40 8 0 1 0 2 17 30 0 1 0 0 0 3 7 0 0 1 1 0 0 129
192 1 15 6 0 11 1 33 61 9 25 35 0 18 0 0 0 0 0 0 0 52 0 267
193 10 15 4 26 25 5 1 13 2 0 7 1 2 0 15 0 0 0 7 0 53 0 186
194 3 12 1 12 53 0 2 39 3 28 0 0 20 13 0 1 0 11 0 1 24 0 223
195 0 12 24 11 0 3 3 49 43 0 1 19 2 0 18 11 3 11 0 9 66 0 285
196 0 22 22 31 16 19 9 27 3 16 1 1 0 1 18 0 0 10 0 0 0 0 196
197 0 19 0 19 37 1 5 24 14 24 17 16 0 0 5 0 19 0 1 0 2 0 203
198 0 78 0 34 11 0 0 19 3 41 0 63 6 0 0 0 17 1 0 0 10 0 283
199 0 1 11 39 0 2 16 10 41 0 11 1 18 8 0 0 13 0 0 9 2 0 182
200 20 0 29 30 2 1 11 2 38 0 4 2 0 0 0 16 12 24 0 0 2 0 193
201 0 0 1 1 0 7 1 25 0 0 1 3 0 35 0 0 1 14 0 0 24 0 113
202 0 0 1 13 18 0 17 19 13 1 20 26 12 2 0 17 25 1 0 11 0 0 196
203 0 1 14 0 0 0 8 6 2 0 18 0 0 1 0 0 0 12 0 2 0 0 64
204 0 0 21 1 0 19 12 30 29 7 35 0 1 14 0 16 1 0 1 0 1 0 188
205 0 3 1 0 16 10 34 9 1 18 30 0 11 0 19 1 0 5 13 0 0 0 171
206 0 0 1 0 18 0 3 12 33 3 1 0 0 0 0 0 0 1 0 0 6 0 78
207 19 10 0 0 15 0 6 2 8 11 0 0 23 0 0 0 0 0 0 6 15 0 115
208 0 28 16 0 28 2 0 12 2 1 16 1 1 1 0 0 9 0 0 13 1 0 131
209 0 36 1 0 0 17 20 11 17 15 13 1 0 7 13 0 0 0 0 0 0 0 151
210 1 25 23 0 28 9 12 50 2 1 1 13 28 1 12 17 0 0 1 0 0 0 224
211 0 22 12 47 13 1 12 20 39 21 18 42 0 1 1 0 8 0 0 0 9 0 266
212 29 14 1 29 43 1 23 23 39 1 11 23 0 0 0 0 2 0 0 0 1 0 240
213 0 32 3 30 34 15 17 0 41 56 25 44 0 40 1 1 1 0 0 0 0 0 340
214 0 13 0 0 15 11 0 0 17 1 29 38 0 0 0 0 17 1 0 0 72 0 214
215 11 0 21 0 38 0 11 0 2 30 13 0 0 0 0 5 16 0 0 11 72 0 230
216 0 8 11 13 44 0 33 16 22 10 23 0 18 0 39 0 1 0 0 2 21 0 261
217 27 0 2 4 11 1 2 43 23 26 22 7 0 0 9 22 13 1 0 1 59 0 273
218 1 16 36 66 11 0 1 29 22 13 41 0 0 20 0 0 0 0 0 1 33 0 290
219 16 1 0 0 18 14 18 40 20 38 16 0 0 8 0 14 18 21 0 1 2 0 245
220 1 5 2 14 20 1 14 19 4 10 2 1 9 0 110 0 19 0 7 0 14 0 252
221 1 15 0 0 27 9 28 9 5 8 12 0 0 14 21 1 9 0 0 0 0 0 159
222 22 30 19 0 0 5 10 42 5 18 2 0 1 0 0 0 21 0 1 0 14 0 190
223 0 29 1 0 0 14 51 17 1 15 32 1 0 0 2 0 3 0 0 0 2 0 168
224 0 14 21 0 0 13 3 2 17 17 3 16 14 12 0 1 13 0 0 0 16 0 162
225 14 20 32 0 0 9 5 7 0 5 7 28 12 0 0 23 14 0 0 0 2 0 178
226 17 29 37 0 27 10 20 4 25 9 15 0 0 1 1 0 0 0 0 0 0 0 195
227 0 35 0 15 0 7 31 0 41 22 22 0 0 0 0 0 0 0 0 0 1 0 174
228 18 22 11 17 0 0 26 0 28 34 1 5 0 5 22 0 0 13 0 0 0 0 202
229 0 14 21 17 27 9 18 19 31 8 10 3 1 1 0 0 0 0 0 0 91 0 270
230 0 19 28 9 1 3 11 11 28 0 0 35 0 0 20 0 2 0 0 0 44 0 211
231 0 1 25 7 26 1 0 47 8 7 0 21 0 10 65 0 16 1 0 8 34 0 277
232 1 21 8 3 59 10 6 20 8 0 2 16 0 0 46 1 18 1 16 0 27 0 263
233 0 11 1 14 1 17 11 52 9 24 10 42 1 1 16 10 17 1 0 0 10 0 248
234 12 17 25 3 18 13 1 33 3 4 19 17 0 0 19 0 0 28 0 1 0 0 213
235 22 8 0 1 36 1 23 18 18 24 22 25 3 0 1 0 1 5 0 0 1 0 209
236 13 0 0 15 23 2 1 1 9 22 19 15 1 0 28 1 0 0 0 0 1 0 151
237 15 0 1 1 23 1 51 18 22 12 9 48 25 0 13 0 0 18 0 1 14 0 272
238 62 2 0 28 54 10 21 13 37 8 10 0 5 0 13 14 1 0 0 11 30 0 319
239 24 29 1 23 27 1 17 20 1 3 20 0 6 0 1 2 0 0 0 0 11 0 186
240 0 58 0 22 1 1 27 43 1 23 13 1 21 0 13 1 10 0 0 0 0 0 235
241 7 12 4 2 0 1 7 8 17 16 13 0 13 20 1 0 40 0 0 0 8 0 169
242 0 59 10 31 1 2 25 17 11 26 5 9 18 15 0 1 14 1 0 0 15 0 260
243 0 46 39 55 0 0 2 3 8 8 25 0 0 0 0 0 1 0 0 0 2 0 189
244 43 52 17 9 9 15 3 23 9 5 27 1 0 0 8 13 15 0 0 15 0 0 264
245 32 40 12 12 0 0 12 42 19 20 16 0 0 0 25 0 13 0 0 0 35 0 278
246 3 39 24 1 11 9 18 16 2 1 24 1 18 0 41 0 8 0 0 0 39 0 255
247 27 4 1 28 16 1 20 31 22 2 12 0 1 0 42 11 29 0 0 0 55 0 302
248 19 37 73 0 16 2 1 37 2 0 6 34 0 0 87 11 0 5 0 1 20 0 351
249 33 11 0 20 9 3 17 20 5 21 15 29 0 10 15 0 1 0 0 0 22 0 231
250 0 38 1 0 2 1 8 1 6 2 2 18 1 0 38 0 3 13 0 0 58 0 192
251 14 6 20 8 21 20 12 0 27 20 22 19 13 11 45 0 0 0 0 0 0 0 258
252 0 10 25 5 49 22 37 15 18 34 1 23 11 1 0 15 11 1 0 18 0 0 296
253 23 60 29 1 11 1 9 0 5 43 1 2 0 11 1 1 0 0 0 8 1 0 207
254 9 29 1 12 20 3 23 1 6 12 1 23 0 1 18 0 0 0 0 7 0 0 166
255 0 10 15 28 2 23 19 1 5 8 0 0 23 12 13 19 0 18 0 1 0 0 197
256 0 13 13 21 3 3 31 13 21 10 32 0 1 7 0 1 0 0 0 1 9 0 179
257 0 23 0 4 20 2 0 3 36 34 41 0 14 14 0 0 0 1 1 1 11 0 205
258 3 24 21 6 33 0 9 40 24 16 12 0 2 8 23 19 36 1 7 0 9 0 293
259 25 0 18 14 25 18 2 64 10 15 23 0 27 0 67 1 2 0 0 13 10 0 334
260 48 0 2 20 25 0 27 28 23 17 24 10 1 0 22 0 2 0 0 0 9 0 258
261 58 0 24 20 0 5 18 13 26 6 25 14 0 0 26 0 21 0 0 0 12 0 268
262 10 30 14 1 0 0 1 20 0 10 1 57 0 0 20 2 16 0 0 0 1 0 183
263 0 32 3 0 0 17 14 12 19 0 27 20 13 0 0 1 0 0 0 0 0 0 158
264 15 55 1 0 0 19 7 11 1 1 22 10 0 0 34 22 0 8 0 0 0 0 206
265 8 23 11 0 4 3 13 9 21 0 1 4 0 0 10 5 0 1 0 0 40 0 153
266 0 7 11 1 6 2 8 31 1 0 19 30 12 0 22 0 0 2 0 0 16 0 168
267 28 17 10 1 29 10 16 7 16 53 3 0 28 0 14 1 2 0 0 0 43 0 278
268 0 10 0 0 29 50 28 1 11 15 23 0 0 0 0 0 9 12 0 0 22 0 210
269 13 37 1 19 12 1 10 1 38 32 23 7 0 1 0 18 2 16 0 20 21 0 272
270 3 18 3 23 19 0 39 0 1 0 23 0 0 0 2 1 23 10 0 22 77 0 264
271 19 0 2 49 7 0 1 17 33 2 18 2 0 0 7 16 12 12 0 0 1 0 198
272 37 13 2 1 1 20 40 29 13 16 3 11 2 2 1 0 1 10 0 10 18 0 230
273 31 0 0 12 20 6 2 15 33 32 20 0 0 0 1 6 0 32 0 0 1 0 211
274 23 0 4 0 17 5 25 18 0 1 12 15 0 11 22 1 0 27 0 2 10 0 193
275 22 0 13 1 8 19 7 36 3 27 2 0 0 0 39 26 16 0 1 1 1 0 222
276 1 58 11 1 16 9 8 24 10 2 20 0 0 0 12 27 9 21 0 22 29 0 280
277 16 29 10 3 25 3 11 37 1 1 15 1 18 0 34 30 0 28 0 0 13 0 275
278 1 64 1 0 29 25 21 49 0 62 41 26 35 0 26 16 0 15 0 0 0 0 411
279 0 41 9 17 40 2 19 24 2 23 11 13 13 0 25 0 34 1 0 1 0 0 275
280 0 13 27 25 0 1 41 17 35 68 3 37 1 11 1 0 13 0 1 0 13 0 307
281 17 43 29 2 0 14 42 21 28 10 44 36 9 10 2 0 0 0 0 0 0 0 307
282 0 21 40 0 0 30 3 39 2 13 28 93 17 1 22 21 14 0 0 1 0 0 345
283 24 1 14 46 30 0 6 51 34 16 15 0 15 1 13 1 1 20 0 0 16 0 304
284 32 39 25 10 49 12 9 10 35 24 23 0 15 6 22 8 23 14 0 0 2 0 358
285 33 15 2 27 21 28 20 45 13 10 16 5 0 0 0 2 9 10 0 1 0 0 257
286 0 13 11 30 27 0 14 25 51 0 10 1 7 0 1 0 0 0 0 1 1 0 192
287 10 31 24 0 9 0 8 22 18 16 2 9 0 0 8 0 11 0 0 0 5 0 173
288 19 2 21 1 30 0 9 14 1 23 11 1 26 0 0 0 15 14 0 0 16 0 203
289 10 11 0 0 6 0 16 49 31 3 5 0 0 1 11 0 1 3 1 0 39 0 187
290 0 32 1 12 29 11 3 29 33 13 32 20 1 2 0 23 0 33 0 0 0 0 274
291 1 23 40 0 39 0 13 25 12 19 28 47 11 1 11 19 1 30 0 0 0 0 320
292 2 15 2 52 17 13 2 14 40 5 24 16 0 1 4 49 0 8 0 12 0 0 276
293 0 14 7 14 0 32 22 0 14 18 18 9 2 18 45 20 2 44 0 9 12 0 300
294 0 16 12 3 0 23 3 15 12 23 3 25 15 0 46 1 1 0 0 0 51 0 249
295 12 0 30 15 1 1 16 17 0 4 66 1 1 13 26 8 20 12 1 0 52 0 296
296 0 12 7 3 2 15 33 15 15 3 13 1 1 0 16 9 28 0 0 1 104 0 278
297 0 0 11 0 0 14 9 42 1 55 5 0 29 0 23 8 2 1 11 6 26 0 243
298 0 19 0 3 10 8 28 17 14 30 1 0 14 0 12 1 0 21 0 1 1 0 180
299 0 0 18 25 52 1 7 14 8 34 14 14 26 0 6 0 0 0 0 10 1 0 230
300 11 9 25 2 60 24 3 26 13 13 22 9 11 0 53 0 0 0 18 1 1 0 301
301 0 23 6 51 27 7 0 29 13 1 15 0 0 11 2 24 1 0 0 0 1 0 211
302 31 0 68 18 28 16 16 40 18 11 2 31 0 40 12 0 0 0 7 4 5 0 347
303 39 22 22 34 0 35 1 13 15 30 8 40 1 1 20 19 1 1 0 1 17 0 320
304 13 38 1 26 0 0 37 1 2 25 9 36 0 1 7 0 0 1 0 0 30 0 227
305 28 41 6 0 1 1 48 0 23 10 4 14 0 0 11 0 22 0 0 0 20 0 229
306 41 8 3 27 59 14 23 9 29 41 23 3 9 0 14 15 13 0 0 1 37 0 369
307 0 40 20 4 7 22 37 6 8 8 18 14 26 0 0 28 2 0 0 0 10 0 250
308 0 25 4 26 21 1 4 0 12 2 2 17 74 1 1 14 7 0 0 1 16 0 228
309 0 1 5 0 9 24 9 17 44 1 1 0 27 0 16 40 16 0 0 0 0 0 210
310 0 46 12 15 27 0 16 33 9 47 0 0 2 20 17 22 0 26 0 0 0 0 292
311 2 7 0 0 23 1 21 39 1 17 1 14 0 2 38 0 0 1 0 0 44 0 211
312 0 52 0 0 23 0 1 14 26 25 7 0 0 22 30 0 0 0 25 0 67 0 292
313 73 60 19 48 33 16 1 15 2 40 20 15 0 1 1 1 0 2 8 0 77 0 432
314 41 16 8 20 47 10 19 37 18 1 16 0 0 11 1 0 0 6 1 6 58 0 316
315 29 18 11 9 31 20 3 5 24 42 12 32 51 0 4 11 0 30 0 1 0 0 333
316 23 14 3 9 26 7 10 21 45 37 3 2 12 0 0 0 0 8 1 0 15 0 236
317 43 28 28 61 0 21 24 35 2 57 9 60 37 0 34 0 7 22 1 0 11 0 480
318 1 10 21 2 0 2 2 30 22 25 9 29 12 0 16 1 20 1 1 0 0 0 204
319 38 69 20 2 1 1 1 13 31 10 22 4 30 0 54 3 18 0 0 6 12 0 335
320 0 56 1 7 0 33 4 1 12 17 1 13 16 19 2 0 0 0 10 0 39 0 231
321 5 42 16 2 0 8 26 0 1 1 24 19 23 9 22 12 3 0 11 0 3 0 227
322 27 5 1 35 32 11 12 0 33 15 24 31 38 8 9 6 4 9 0 0 0 0 300
323 0 36 23 12 20 29 3 64 20 50 6 25 20 1 1 1 12 0 1 0 13 0 337
324 1 65 8 5 21 3 2 15 0 16 26 9 0 13 8 10 1 11 0 0 8 0 222
325 0 28 25 41 16 8 7 31 53 72 17 4 1 5 0 3 18 0 6 0 17 0 352
326 0 0 10 26 18 0 20 31 12 2 31 12 0 0 0 2 13 0 2 0 0 0 179
327 6 0 40 24 97 2 43 9 8 3 29 0 0 0 1 0 0 25 3 0 0 0 290
328 14 9 25 24 60 41 7 39 13 12 15 0 0 22 1 12 1 0 6 13 0 0 314
329 71 0 0 30 0 14 38 30 8 25 20 1 0 0 2 0 22 0 0 0 0 0 261
330 22 6 3 22 28 2 43 32 29 22 23 11 1 0 15 0 1 0 0 11 50 0 321
331 74 26 18 29 12 1 6 19 16 0 0 0 0 0 2 0 0 0 2 0 33 0 238
332 1 12 10 34 1 1 14 14 49 3 7 15 0 0 14 0 13 21 2 0 4 0 215
333 13 33 0 19 1 36 18 20 16 12 0 0 0 0 1 0 12 0 0 16 18 0 215
334 9 60 0 25 20 8 2 1 0 0 0 2 0 0 21 6 0 39 11 1 54 0 259
335 0 45 12 1 29 6 2 31 61 15 1 10 17 1 10 2 0 14 0 1 31 0 289
336 35 23 2 0 10 7 2 10 40 11 0 9 9 0 16 25 4 25 15 0 3 0 246
337 23 32 8 9 17 19 15 25 15 20 0 1 28 18 11 20 14 35 0 1 0 0 311
338 22 34 37 0 15 35 18 52 3 13 1 2 21 0 14 0 3 22 14 4 13 0 323
339 72 24 0 1 42 2 1 25 6 30 26 0 2 0 25 0 12 29 15 16 0 0 328
340 99 13 18 31 48 6 31 16 44 1 8 0 34 0 5 17 12 0 0 15 0 0 398
341 0 7 11 2 57 5 6 29 33 18 6 0 0 5 1 0 12 0 13 1 0 0 206
342 0 11 12 32 0 9 6 29 11 38 7 0 12 0 2 0 11 8 0 0 6 0 194
343 0 61 1 1 0 1 12 2 13 24 32 0 1 1 11 22 1 1 15 0 1 0 200
344 0 44 8 9 9 2 53 0 29 6 13 15 0 1 17 0 14 0 2 0 3 0 225
345 27 15 1 13 0 1 19 0 24 40 13 0 0 0 30 0 14 1 12 0 1 0 211
346 0 2 0 28 0 41 23 0 2 17 28 38 0 0 16 13 10 0 0 0 25 0 243
347 0 2 0 3 0 30 21 25 10 2 16 15 0 1 1 0 18 16 8 0 14 0 182
348 1 18 2 3 17 0 17 15 34 21 10 21 0 18 0 1 24 13 0 0 34 0 249
349 0 9 9 0 7 1 9 34 16 33 13 12 0 11 0 9 2 13 0 0 28 0 206
350 66 0 1 0 16 42 24 5 5 7 14 23 1 20 0 0 1 2 1 2 63 0 293
351 13 0 11 25 40 2 11 43 0 20 0 13 0 0 0 0 1 18 1 0 114 0 312
352 24 39 1 44 33 10 9 29 0 32 0 3 50 8 1 12 2 18 21 1 0 0 337
353 29 23 8 13 64 3 6 7 4 26 11 22 11 1 0 10 13 13 0 2 1 0 267
354 22 14 1 1 30 1 60 15 2 35 11 0 1 0 53 1 4 0 7 0 6 0 264
355 29 92 22 2 3 0 2 25 2 26 0 0 9 8 37 20 11 0 0 0 9 0 297
356 6 22 14 14 19 0 0 18 1 10 8 17 15 0 47 3 10 0 0 2 2 0 208
357 19 45 2 24 13 0 4 46 0 10 30 28 16 0 22 1 7 17 0 0 16 0 300
358 0 26 7 17 16 1 4 35 7 7 42 0 0 0 33 9 22 1 0 0 1 0 228
359 19 11 8 21 23 2 19 13 32 14 17 21 16 0 0 0 7 0 0 18 1 0 242
360 15 67 1 16 17 10 26 26 14 21 16 0 23 1 0 0 1 0 0 0 1 0 255
361 3 52 2 3 68 1 0 7 13 11 0 1 0 0 17 33 14 0 13 10 25 0 273
362 0 0 2 4 0 24 17 37 13 9 10 8 0 0 0 28 15 0 0 0 2 0 169
363 1 0 1 17 0 3 1 14 6 42 22 1 12 5 1 25 0 2 10 17 1 0 181
364 39 0 8 2 12 9 2 23 16 20 43 23 0 9 37 3 0 24 10 12 76 0 368
365 52 22 1 28 0 0 14 15 0 22 5 7 0 0 41 1 0 28 1 0 74 0 311
366 17 0 38 23 0 16 14 33 14 28 14 22 0 2 31 18 11 33 0 1 35 0 350
367 21 32 1 9 0 7 27 1 26 27 20 26 13 0 12 0 7 20 1 1 7 0 258
368 2 30 21 2 1 12 18 29 46 2 10 0 14 13 19 0 3 2 0 1 71 0 296
369 43 36 13 37 0 0 11 28 18 35 35 36 1 12 14 13 9 6 11 17 8 0 383
370 0 49 0 0 2 15 31 25 8 23 3 2 4 0 19 0 27 10 1 7 0 0 226
371 29 70 4 0 6 0 32 44 22 4 32 16 2 28 8 2 1 0 0 6 1 0 307
372 1 52 7 0 3 16 12 38 19 34 12 20 8 0 34 0 11 0 17 0 0 0 284
373 80 13 0 0 0 4 11 21 31 14 6 0 1 0 29 26 10 0 7 20 24 0 297
374 25 55 15 0 70 11 48 11 23 10 0 14 20 1 61 13 0 0 13 1 16 0 407
375 41 39 13 12 12 12 1 13 15 5 1 3 10 0 4 10 8 1 18 0 14 0 232
376 13 2 23 31 19 14 11 1 22 19 12 24 7 0 6 34 24 0 1 0 9 0 272
377 0 26 19 30 11 13 46 2 32 0 0 24 1 1 0 21 16 43 0 7 14 0 306
378 19 1 1 11 7 0 10 0 16 6 23 23 16 1 0 11 2 13 0 1 68 0 229
379 0 13 28 1 26 1 2 2 9 26 17 1 0 1 1 1 10 18 0 0 66 0 223
380 9 7 1 58 23 1 0 16 16 0 46 0 17 0 0 0 16 2 0 0 27 0 239
381 17 24 2 1 25 8 27 7 34 0 10 0 10 1 23 24 0 10 0 1 6 0 230
382 0 40 16 8 6 1 6 21 41 10 0 0 1 1 30 15 0 9 1 18 29 0 253
383 4 8 19 26 17 0 17 30 3 1 1 23 1 0 27 26 17 14 0 0 9 0 243
384 27 24 2 0 14 0 11 31 11 3 0 16 12 1 27 5 0 0 17 0 23 0 224
385 61 17 3 0 18 2 0 30 12 6 2 31 13 21 30 4 15 0 0 0 1 0 266
386 3 19 8 0 2 8 2 32 2 66 10 24 0 0 0 20 13 0 16 11 9 0 245
387 57 24 10 16 0 2 21 17 14 7 1 16 0 0 0 10 3 13 9 0 1 0 221
388 38 1 1 0 8 0 21 2 27 3 18 0 23 0 7 22 29 0 1 0 10 0 211
389 2 55 26 13 0 7 11 27 2 30 25 1 43 0 0 55 22 0 0 0 12 0 331
390 37 11 0 26 1 12 2 0 28 65 1 7 2 0 25 0 19 2 0 0 1 0 239
391 0 32 8 2 6 28 18 0 19 10 12 16 36 1 33 0 2 13 1 0 32 0 269
392 15 1 1 16 0 10 14 54 5 37 25 12 0 0 12 1 0 20 2 0 10 0 235
393 2 11 0 3 32 1 3 56 22 0 27 11 0 0 55 1 0 25 8 0 13 0 270
394 0 3 7 3 26 17 2 30 9 24 7 65 11 0 7 10 1 14 0 1 28 0 265
395 1 3 2 21 39 1 10 47 61 1 17 45 0 2 46 0 14 40 3 0 22 0 375
396 0 21 21 1 11 0 24 52 24 9 3 11 0 0 21 0 18 2 1 1 42 0 262
397 27 25 1 16 0 12 11 18 1 0 58 11 0 27 1 24 0 16 2 0 33 0 283
398 0 36 22 27 20 16 1 20 16 23 14 12 32 1 13 4 7 19 0 0 57 0 340
399 1 40 2 30 0 16 14 33 68 14 25 34 30 41 0 0 24 0 24 11 27 0 434
400 0 7 7 26 10 1 10 11 26 3 13 11 46 0 0 16 11 1 15 10 2 0 226
401 16 44 1 1 0 5 31 31 5 17 18 9 23 0 34 14 14 0 0 0 25 0 288
402 34 0 0 8 23 37 18 9 23 11 0 12 3 0 41 1 23 0 0 0 1 0 244
403 15 0 0 43 3 2 7 20 46 3 14 1 13 0 40 12 35 14 4 1 0 0 273
404 69 7 23 0 10 4 24 16 38 21 0 0 38 14 28 0 1 13 0 0 20 0 326
405 26 1 7 0 13 17 1 31 45 38 35 1 6 0 1 0 18 18 10 36 0 0 304
406 11 31 2 1 18 7 0 4 13 37 8 10 14 0 13 0 9 16 0 1 2 0 197
407 1 43 8 1 15 14 3 9 3 49 17 0 1 0 3 0 0 0 0 5 0 0 172
408 35 31 2 1 45 13 4 27 0 2 2 8 15 9 1 30 0 15 0 1 0 0 241
409 23 32 12 18 16 10 1 3 37 2 70 25 27 13 1 1 0 1 0 0 1 0 293
410 2 22 15 0 49 33 1 32 23 24 18 54 7 0 0 34 7 0 0 0 31 0 352
411 14 33 15 14 6 11 7 0 9 34 0 24 1 0 6 29 0 0 0 0 1 0 204
412 18 21 1 36 8 23 23 1 7 30 38 3 9 0 11 0 0 13 0 0 2 0 244
413 49 47 0 29 1 0 34 6 27 0 2 28 0 0 33 0 11 16 0 18 2 0 303
414 53 14 0 0 37 10 2 1 23 40 23 34 0 0 10 1 0 0 0 2 19 0 269
415 58 17 11 0 19 17 0 75 13 49 19 0 0 0 14 22 13 0 12 1 0 0 340
416 24 22 21 0 0 6 21 37 9 18 3 1 0 0 12 16 0 1 0 0 79 0 270
417 0 13 13 0 10 18 2 33 22 27 37 21 1 5 28 1 1 0 0 5 36 0 273
418 1 26 20 0 1 7 17 15 10 1 16 8 0 0 43 16 0 1 6 2 38 0 228
419 15 37 2 0 9 1 1 79 2 30 18 40 21 21 0 1 19 50 0 13 23 0 382
420 0 51 2 6 0 0 40 3 13 33 1 19 29 0 55 6 1 16 1 37 95 0 408
421 2 36 7 22 36 11 4 30 10 29 3 12 19 1 32 11 8 14 12 6 9 0 314
422 0 38 11 18 17 6 31 1 0 16 41 9 1 1 1 17 8 1 10 17 1 0 245
423 0 23 2 12 47 1 3 34 3 13 9 22 22 6 0 33 13 22 25 0 35 0 325
424 55 21 10 35 0 24 17 0 11 8 30 31 13 0 0 0 14 4 0 0 0 0 273
425 19 36 18 0 34 12 10 2 16 16 0 28 29 0 0 15 14 0 8 0 2 0 259
426 20 20 2 0 1 14 0 36 14 34 29 42 28 12 51 21 1 0 0 1 12 0 338
427 17 44 2 0 0 10 34 17 27 14 8 4 0 9 18 0 47 1 0 1 18 0 271
428 22 6 19 13 0 1 21 3 6 16 31 39 33 0 28 2 14 1 5 1 0 0 261
429 54 21 10 1 12 1 15 19 0 30 13 32 40 2 2 9 2 0 6 26 0 0 295
430 22 32 13 35 0 47 18 33 17 64 4 69 34 13 53 41 12 17 1 0 0 0 525
431 31 31 22 49 1 2 21 2 19 22 18 27 15 7 14 1 12 34 0 1 0 0 329
432 83 54 12 19 34 0 27 37 12 45 1 7 15 0 35 7 17 31 1 0 0 0 437
433 28 67 3 14 38 14 43 71 20 13 12 81 16 18 10 1 1 26 0 5 1 0 482
434 1 34 8 0 20 9 16 49 5 17 4 2 7 0 0 7 6 0 1 1 17 0 204
435 34 29 13 0 29 20 25 41 28 3 12 10 1 2 0 19 4 5 0 42 0 0 317
436 37 21 15 1 17 3 53 29 2 25 0 1 9 1 0 0 1 0 0 1 13 0 229
437 23 43 1 0 31 1 0 52 23 19 18 0 51 0 14 0 28 0 1 12 14 0 331
438 62 51 1 0 24 0 11 47 31 13 19 0 1 0 8 0 3 1 13 9 1 0 295
439 1 5 0 1 9 3 5 1 16 0 3 0 25 0 40 0 0 1 12 0 25 0 147
440 13 42 2 26 11 1 2 29 28 0 55 18 0 11 5 18 1 15 1 1 52 0 331
441 0 43 12 26 50 10 17 13 27 9 34 30 0 11 32 0 21 0 0 1 33 0 369
442 12 20 39 1 24 12 4 15 21 50 35 49 11 42 15 20 57 0 0 0 1 0 428
443 0 57 2 25 36 50 32 25 14 1 27 27 0 0 39 0 6 0 1 0 1 0 343
444 14 12 2 1 20 14 28 0 12 18 10 23 1 0 37 0 13 0 4 10 19 0 238
445 17 5 31 12 44 5 42 41 23 26 26 30 7 0 21 8 57 11 6 3 22 0 437
446 1 38 20 8 5 5 2 26 12 29 18 31 22 0 38 0 0 0 0 12 0 0 267
447 13 0 19 18 10 1 25 20 24 16 24 10 0 0 0 0 0 14 10 0 2 0 206
448 12 16 18 21 14 10 22 22 27 1 26 15 2 0 18 0 0 0 1 7 21 0 253
449 36 29 11 1 0 16 11 4 50 17 11 0 36 0 11 25 0 0 8 0 1 0 267
450 49 50 1 20 14 11 18 1 14 25 0 7 32 18 0 0 0 12 0 1 0 0 273
451 62 8 0 10 1 8 11 10 15 2 25 8 8 16 0 9 0 0 4 1 1 0 199
452 43 22 2 12 8 1 28 27 37 10 0 11 33 7 4 6 14 0 1 0 14 0 280
453 11 33 14 3 36 20 0 34 25 48 13 20 8 24 24 9 0 0 1 0 1 0 324
454 48 15 1 48 16 0 13 14 6 19 5 8 34 14 20 28 0 1 11 8 17 0 326
455 1 29 17 9 14 30 29 25 26 13 22 17 48 2 2 1 14 0 0 6 50 0 355
456 1 11 5 1 17 1 24 46 34 2 11 42 5 17 20 12 14 0 10 13 33 0 319
457 16 28 3 10 33 0 13 29 20 11 8 76 18 13 1 2 26 0 0 21 44 0 372
458 11 50 1 12 36 11 44 14 10 19 38 9 0 1 13 6 25 30 1 1 31 0 363
459 2 5 1 1 4 23 1 19 22 1 18 45 42 8 31 26 30 22 0 0 64 0 365
460 0 8 0 11 47 1 15 13 9 27 26 45 0 7 35 6 15 37 8 1 1 0 312
461 1 0 19 0 0 0 8 3 3 23 30 0 16 11 1 12 3 3 0 11 0 0 144
462 0 1 12 18 13 0 5 45 15 6 4 3 39 2 0 8 13 28 0 0 0 0 212
463 1 0 24 15 13 13 32 13 26 7 22 0 13 19 0 41 12 23 0 16 1 0 291
464 69 1 1 9 10 5 7 40 14 10 9 0 5 21 8 15 11 24 0 0 46 0 305
465 57 0 0 11 1 3 14 39 33 6 2 0 12 19 17 0 2 28 0 0 0 0 244
466 35 29 24 56 0 9 18 45 8 14 1 52 0 8 22 0 24 1 0 1 0 0 347
467 70 22 8 22 22 6 22 50 38 16 10 30 9 1 28 0 14 9 0 5 0 0 382
468 13 48 7 17 0 1 31 40 2 9 30 9 11 0 14 0 21 2 0 1 18 0 274
469 7 30 0 0 10 3 4 32 34 13 22 22 39 0 20 0 30 1 5 0 18 0 290
470 5 43 8 0 17 17 12 26 31 42 0 19 35 0 0 19 1 3 9 9 2 0 298
471 0 44 26 0 29 19 25 44 24 27 8 4 39 20 11 9 17 0 14 2 14 0 376
472 0 15 15 0 34 1 20 21 25 32 30 12 0 1 2 33 1 0 0 0 1 0 243
473 1 29 12 10 17 20 18 30 1 26 14 1 1 0 1 3 14 8 17 4 2 0 229
474 64 1 13 13 25 16 2 43 7 10 5 13 11 0 26 23 30 14 1 3 47 0 367
475 27 26 0 12 24 22 8 8 44 27 41 9 0 0 1 1 2 20 13 0 0 0 285
476 33 27 0 24 1 2 10 48 15 12 6 65 21 1 3 13 24 16 0 0 75 0 396
477 25 10 0 21 0 16 15 43 24 1 6 12 0 1 23 52 0 0 0 15 20 0 284
478 15 35 7 16 1 10 14 1 12 19 23 19 31 0 23 22 0 12 0 1 53 0 314
479 20 30 0 0 6 24 1 1 23 15 7 42 16 14 1 17 12 17 1 11 45 0 303
480 40 2 8 18 2 13 3 35 44 3 13 40 20 0 5 0 1 2 1 0 2 0 252
481 16 14 7 25 60 2 12 1 42 34 3 16 22 0 56 0 3 0 0 0 2 0 315
482 1 19 10 6 16 9 35 38 30 10 19 56 19 13 35 0 17 0 0 0 5 0 338
483 30 34 8 2 8 1 12 35 11 3 22 0 34 3 30 0 28 6 0 0 0 0 267
484 0 40 7 59 35 17 23 2 21 20 23 0 33 1 17 0 8 0 0 0 22 0 328
485 1 41 33 19 15 60 15 63 20 39 34 15 0 38 0 1 7 8 0 11 46 0 466
486 19 28 33 9 34 22 0 19 28 32 10 1 3 6 12 16 1 1 9 2 38 0 323
487 60 11 8 2 17 25 1 44 8 37 3 18 12 0 0 7 5 15 2 0 40 0 315
488 37 41 29 1 38 1 28 1 17 20 15 16 24 16 0 10 0 6 0 0 49 0 349
489 32 12 2 0 15 1 57 23 2 10 12 14 6 6 25 5 0 23 8 22 14 0 289
490 4 29 10 17 32 6 0 12 13 29 35 3 14 19 26 0 1 14 7 0 34 0 305
491 58 36 3 2 55 26 3 26 31 36 25 43 35 35 0 8 12 21 1 1 21 0 478
492 17 26 8 18 22 21 2 32 15 14 5 14 11 29 8 8 0 40 8 0 3 0 301
493 108 23 17 13 0 20 18 4 2 35 0 18 13 0 56 0 15 1 0 0 47 0 390
494 34 45 2 1 1 12 1 37 37 27 8 32 26 1 13 1 18 14 15 11 1 0 337
495 58 54 18 22 10 10 1 38 30 1 3 1 25 0 41 0 36 18 0 1 13 0 380
496 57 15 11 13 14 27 0 59 8 17 10 11 24 0 10 0 13 1 0 1 1 0 292
497 47 54 2 21 1 0 18 0 38 28 18 2 43 10 1 0 13 0 0 5 9 0 310
498 4 17 0 7 0 9 7 1 27 15 0 39 3 0 15 0 23 0 0 8 2 0 177
499 18 3 1 1 1 18 53 15 15 15 1 41 64 0 32 0 13 15 12 0 0 0 