0 232 447 41 88 158 3 46 390 191 270 316 323 501 556 30 173 234 565 62 192 2264 5183 
1 233 450 78 87 151 3 59 398 198 279 319 315 513 548 40 170 229 546 64 207 2267 5117 
2 233 477 81 91 158 13 61 432 206 284 324 310 529 536 39 168 222 528 77 208 2277 4996 
3 236 487 98 89 156 24 63 468 220 286 336 302 539 515 42 170 229 529 76 215 2310 4883 
4 239 482 105 88 161 27 89 499 215 311 346 302 570 490 46 169 232 524 76 239 2305 4741 
5 239 489 125 89 163 44 89 497 220 318 348 310 583 486 45 171 235 517 76 266 2299 4761 
6 238 501 129 88 166 45 91 506 225 327 348 310 590 476 47 175 244 507 79 281 2292 4860 
7 229 509 131 90 161 47 92 514 234 327 351 314 594 467 48 174 248 484 92 311 2284 4926 
8 244 484 150 92 159 41 94 517 244 322 353 322 608 450 46 176 261 462 90 299 2279 4981 
9 241 487 158 88 164 41 101 517 249 320 364 341 591 436 48 172 265 468 85 293 2297 5035 
10 231 488 159 90 165 44 99 525 257 330 363 338 603 441 48 170 276 453 85 355 2252 5107 
11 235 487 178 94 150 45 96 545 257 317 365 338 598 462 52 171 288 452 96 402 2210 5150 
12 230 487 169 92 161 53 97 542 275 320 365 333 598 468 50 160 270 444 111 413 2220 5223 
13 231 506 178 92 161 52 98 584 291 332 379 344 591 465 47 160 269 447 125 443 2208 5253 
14 231 511 167 88 176 52 103 592 283 333 373 339 593 473 46 160 266 424 146 441 2228 5298 
15 233 508 168 91 179 61 109 618 322 367 381 344 598 467 45 164 259 401 159 447 2251 5148 
16 231 509 169 88 186 62 138 662 310 388 391 348 594 472 45 159 262 405 166 455 2283 4999 
17 239 539 216 92 185 66 180 681 299 393 435 361 594 471 45 156 256 414 166 480 2269 4780 
18 245 538 218 95 183 68 181 686 298 389 442 362 605 479 44 154 257 409 173 486 2265 4823 
19 247 537 214 99 183 70 185 703 288 431 429 367 591 488 44 158 261 416 174 527 2231 4852 
20 245 547 220 100 191 72 188 724 297 472 428 370 595 492 45 156 277 420 175 545 2210 4882 
21 228 564 226 96 187 73 204 741 297 472 442 368 594 501 44 158 272 416 176 574 2196 4913 
22 245 568 236 95 192 95 207 748 304 486 453 354 592 493 56 160 266 415 182 590 2221 4967 
23 248 575 247 96 200 95 211 754 328 456 453 355 604 481 55 166 269 407 183 613 2198 5013 
24 251 580 242 96 205 98 222 778 329 470 460 355 605 474 51 166 270 412 183 618 2209 5070 
25 254 573 243 93 203 100 228 806 348 474 467 351 622 450 52 167 271 411 181 601 2245 5176 
26 263 586 243 94 199 100 229 778 372 486 463 358 623 436 55 171 271 401 199 614 2249 5267 
27 237 613 246 93 201 101 240 819 383 495 466 365 633 432 55 174 270 414 198 614 2256 5213 
28 246 610 262 92 199 102 244 813 396 509 489 374 641 423 55 175 276 421 200 616 2287 5089 
29 263 603 283 93 205 119 265 840 397 504 507 368 655 424 56 174 280 408 210 640 2289 4971 
30 260 616 301 90 202 127 312 836 435 564 487 369 679 404 56 177 283 408 211 649 2310 4846 
31 264 622 305 92 200 126 312 864 460 606 503 367 675 426 57 171 285 408 234 633 2337 4733 
32 263 618 320 94 199 132 297 898 474 612 518 363 659 427 56 176 290 412 224 649 2368 4834 
33 258 636 326 92 201 135 309 901 475 629 531 353 665 420 58 174 287 420 228 665 2373 4918 
34 266 657 332 94 204 130 310 915 481 623 539 361 682 417 60 174 287 422 242 716 2341 5025 
35 261 658 367 95 201 129 322 934 471 650 556 350 709 424 58 174 292 419 243 723 2364 5078 
36 255 651 374 95 204 134 328 950 476 671 535 348 701 430 59 173 294 425 244 715 2365 5135 
37 254 661 384 100 205 133 329 949 484 684 544 361 704 430 61 175 286 451 248 728 2396 5251 
38 256 677 387 100 207 132 351 988 494 697 607 367 708 431 62 172 299 443 251 775 2336 5105 
39 294 650 405 105 214 129 360 1077 492 706 647 361 718 442 69 167 296 431 256 801 2299 4952 
40 295 671 421 107 212 128 371 1098 501 737 652 355 721 444 85 164 300 408 263 867 2159 4924 
41 299 682 475 110 215 145 394 1139 509 740 673 351 724 460 82 177 311 404 260 872 2090 4760 
42 290 688 501 116 213 159 416 1160 517 757 689 351 739 464 83 179 308 415 254 860 2104 4659 
43 292 696 518 120 219 164 423 1189 516 785 708 356 740 466 78 185 303 420 253 860 2105 4673 
44 296 703 519 122 222 168 428 1199 526 787 754 365 750 468 76 189 306 438 254 819 2163 4719 
45 294 689 547 124 221 174 442 1214 536 787 795 370 741 460 74 195 308 443 246 813 2175 4760 
46 311 678 529 118 225 192 443 1214 567 800 821 356 744 462 73 191 303 454 246 816 2213 4773 
47 311 682 544 115 225 199 443 1283 568 823 824 357 756 454 71 201 305 457 256 789 2223 4788 
48 307 697 571 117 225 187 442 1284 584 839 826 366 769 452 70 200 303 456 254 766 2269 4866 
49 312 689 581 115 223 208 414 1304 576 820 836 366 779 449 69 199 301 446 254 793 2283 4933 
50 305 708 601 116 224 206 430 1315 587 804 838 371 788 451 69 201 316 433 263 826 2279 4964 
51 310 710 593 114 233 219 423 1320 570 816 847 376 793 454 73 198 323 424 253 840 2297 5037 
52 318 702 597 114 236 218 421 1331 584 811 854 387 856 417 74 185 318 429 250 856 2323 5134 
53 315 718 602 116 239 211 418 1319 615 777 845 388 866 422 71 185 341 407 241 862 2342 5199 
54 308 730 605 117 240 218 419 1352 589 791 863 387 878 411 77 181 340 386 247 875 2351 5298 
55 310 724 617 115 244 215 444 1407 598 800 920 395 890 410 78 167 344 387 271 833 2389 5143 
56 305 735 629 129 246 226 455 1463 607 831 952 401 855 420 78 170 342 387 282 855 2324 5069 
57 306 764 634 132 246 236 470 1537 608 835 971 407 837 434 77 170 349 387 283 876 2266 4912 
58 309 781 659 131 244 275 490 1568 622 824 981 413 835 427 76 180 350 386 280 892 2188 4808 
59 306 780 680 134 237 315 497 1592 623 838 984 416 800 433 98 181 348 393 271 905 2171 4710 
60 301 807 689 137 242 332 511 1594 624 819 1013 427 763 471 99 186 360 402 274 904 2120 4784 
61 308 821 683 157 244 329 522 1608 608 816 1020 426 783 475 98 183 354 399 289 873 2188 4867 
62 311 839 696 161 245 358 540 1637 620 817 1026 435 792 484 104 196 353 395 277 858 2238 4892 
63 307 845 703 172 241 375 553 1683 614 800 1034 435 789 477 107 196 352 399 275 832 2264 4953 
64 314 847 727 163 252 389 547 1716 600 788 1065 429 801 479 108 195 349 400 272 823 2282 5023 
65 316 843 728 166 254 389 565 1750 609 795 1092 440 789 490 105 203 353 409 239 823 2293 5066 
66 313 841 739 167 262 391 574 1764 625 813 1147 432 807 484 103 203 359 418 238 829 2276 5093 
67 318 861 756 158 263 397 585 1785 637 824 1160 434 808 479 99 200 366 420 252 797 2297 5132 
68 314 872 762 164 269 399 578 1840 579 886 1155 440 806 483 111 197 374 422 246 836 2270 5219 
69 315 894 778 163 267 403 588 1894 604 910 1180 464 791 476 116 199 382 437 239 820 2327 5089 
70 319 902 797 163 264 406 600 1986 565 931 1182 471 816 476 119 196 378 443 235 805 2374 5030 
71 300 932 824 165 256 404 653 2013 589 945 1213 470 827 475 119 204 384 439 233 811 2376 4870 
72 298 950 890 166 257 415 674 2096 605 988 1266 473 829 470 119 222 382 438 229 772 2403 4710 
73 293 965 909 168 257 415 682 2141 630 997 1224 452 833 469 137 221 374 443 223 849 2309 4720 
74 301 964 922 169 251 420 690 2184 645 952 1256 464 838 461 135 222 368 450 221 863 2277 4803 
75 305 957 939 172 242 436 680 2102 711 944 1261 472 833 462 139 225 382 455 218 943 2178 4853 
76 304 965 939 175 250 437 683 2040 742 935 1272 471 837 465 138 224 387 441 250 955 2123 4887 
77 315 963 906 175 256 486 694 2015 726 938 1274 484 837 473 136 228 382 430 256 909 2151 4944 
78 319 975 915 176 268 492 709 2032 742 939 1290 490 855 477 137 231 400 412 241 909 2164 5013 
79 315 989 924 179 270 501 720 1997 746 922 1314 493 855 474 134 239 428 390 248 906 2185 5101 
80 319 989 915 178 277 521 799 1945 753 920 1329 495 871 465 135 241 429 391 243 886 2202 5152 
81 312 1010 923 184 276 528 806 1953 769 908 1370 508 890 465 129 247 430 396 245 919 2179 5234 
82 315 1037 971 188 286 526 834 1911 836 857 1478 474 869 478 146 247 474 388 249 918 2202 5128 
83 322 1028 1017 189 284 530 875 1948 850 874 1533 482 844 501 147 242 477 397 233 907 2217 5030 
84 316 1019 1052 186 273 560 948 1982 845 948 1561 486 841 495 146 243 482 406 238 888 2247 4917 
85 321 1019 1075 150 313 572 946 2056 854 1018 1558 493 789 530 143 247 488 412 224 855 2271 4835 
86 328 1017 1090 152 319 597 971 2105 866 992 1624 506 798 524 144 253 485 416 230 865 2273 4699 
87 320 995 1096 151 325 611 934 2199 855 1012 1618 510 835 483 147 240 498 415 237 861 2294 4753 
88 317 1003 1109 151 320 617 908 2290 831 1016 1626 502 855 472 148 243 500 423 239 841 2333 4852 
89 319 1016 1120 144 332 678 849 2234 848 980 1675 481 884 466 155 237 526 439 242 837 2367 4930 
90 316 1027 1164 148 353 667 873 2156 842 965 1690 458 907 465 156 239 575 442 243 827 2377 5033 
91 316 1051 1193 149 354 664 851 2134 850 949 1737 477 876 451 163 238 606 452 250 817 2363 5074 
92 321 1055 1204 153 354 677 825 2108 842 930 1774 479 817 465 159 236 603 442 252 811 2328 5134 
93 326 1064 1234 151 359 682 813 2170 825 960 1735 491 810 470 153 231 617 430 261 805 2325 5175 
94 334 1056 1297 154 365 692 797 2179 821 982 1699 515 795 464 162 227 633 420 251 836 2256 5241 
95 336 1067 1318 150 352 707 781 2242 801 955 1648 539 808 453 166 228 636 414 251 843 2232 5321 
96 344 1074 1346 152 367 719 805 2273 802 970 1606 548 836 450 173 243 644 417 249 909 2133 5260 
97 335 1080 1375 159 373 725 800 2323 842 967 1583 554 856 422 188 249 645 438 221 905 2133 5160 
98 333 1097 1397 158 373 729 785 2307 846 969 1611 570 866 423 198 251 662 438 224 882 2169 5046 
99 324 1105 1417 152 367 760 772 2357 886 924 1662 570 881 437 207 246 689 441 228 884 2167 4901 
100 323 1121 1470 163 372 739 811 2285 901 919 1693 584 894 441 226 244 695 435 239 877 2173 4806 
101 323 1127 1476 167 364 775 809 2235 966 888 1753 593 884 442 231 252 710 447 244 856 2186 4698 
102 320 1142 1495 170 377 789 830 2191 969 877 1800 596 840 459 259 253 741 449 243 838 2231 4773 
103 326 1157 1523 166 382 807 849 2156 993 881 1815 602 808 461 272 254 778 450 246 818 2284 4849 
104 330 1115 1573 157 408 818 864 2150 1004 870 1807 600 770 499 291 253 806 456 255 781 2295 4929 
105 330 1102 1586 161 435 791 875 2148 994 879 1777 601 776 489 291 255 799 460 256 785 2310 4997 
106 325 1081 1640 162 433 772 855 2159 986 882 1762 596 781 490 294 265 791 463 258 789 2348 5106 
107 323 1036 1668 161 457 765 875 2094 1022 877 1710 604 792 477 321 263 802 476 249 768 2380 5174 
108 319 1065 1658 161 459 751 867 2126 1006 897 1681 595 814 460 340 264 801 470 241 806 2323 5256 
109 325 1091 1685 169 461 753 884 2174 1015 927 1711 604 828 451 334 261 826 467 235 839 2254 5077 
110 296 1126 1724 172 468 755 930 2225 961 971 1744 555 836 447 347 264 831 449 257 887 2205 4915 
111 297 1165 1779 171 505 737 943 2282 945 1005 1705 570 846 435 354 270 811 440 277 947 2144 4842 
112 299 1223 1760 168 488 740 981 2333 918 1050 1664 578 851 441 364 270 823 425 296 1008 2033 4693 
113 292 1235 1734 168 511 748 996 2416 888 1050 1665 595 860 437 369 270 838 422 294 996 2057 4775 
114 296 1241 1700 173 541 731 994 2427 894 1044 1663 602 872 434 392 276 838 410 303 985 2067 4844 
115 285 1273 1698 174 532 724 1006 2404 897 1055 1671 625 846 433 390 281 850 421 303 953 2103 4908 
116 308 1279 1639 192 535 720 987 2367 883 1001 1666 653 822 438 427 280 859 424 319 941 2096 4998 
117 323 1246 1605 196 538 756 986 2333 881 980 1685 654 819 440 450 268 870 448 317 918 2125 5068 
118 330 1238 1635 191 562 729 996 2354 869 999 1650 643 818 445 454 269 890 448 305 949 2122 5092 
119 367 1208 1691 195 566 728 1011 2343 861 1027 1606 653 842 451 453 262 904 449 291 953 2130 5145 
120 383 1184 1693 193 559 752 1049 2325 875 1020 1601 664 846 459 463 267 922 447 287 921 2167 5146 
121 418 1147 1718 189 565 788 1041 2282 867 1031 1554 678 874 451 476 285 953 460 285 898 2194 5230 
122 418 1174 1736 197 593 777 1040 2250 866 1034 1589 687 895 450 500 273 993 462 301 876 2231 5271 
123 431 1194 1755 193 595 786 1034 2184 863 1036 1626 714 861 462 520 270 1005 464 311 864 2262 5350 
124 435 1243 1755 191 615 790 1040 2180 938 1038 1714 724 828 459 528 273 1037 470 323 864 2287 5216 
125 428 1278 1815 206 609 808 1035 2213 934 1048 1762 755 780 470 541 273 1050 474 310 864 2314 5074 
126 438 1293 1821 210 626 789 1029 2197 923 1068 1731 790 786 472 571 279 1095 484 305 872 2303 4948 
127 438 1319 1808 215 633 797 1029 2155 931 1044 1753 823 789 477 564 294 1092 488 302 866 2321 4865 
128 456 1276 1803 219 661 822 990 2218 929 1032 1735 809 779 501 583 303 1097 471 295 852 2338 4776 
129 476 1231 1814 230 670 832 988 2297 903 1017 1731 835 774 491 596 305 1085 465 297 836 2367 4831 
130 484 1210 1817 245 652 833 969 2394 901 1059 1633 848 785 486 654 310 1028 469 328 844 2353 4858 
131 498 1191 1806 253 652 806 961 2418 913 1054 1650 871 786 487 673 306 985 475 323 824 2365 4926 
132 505 1190 1780 266 666 801 980 2414 959 1033 1689 875 790 485 678 326 1002 466 329 809 2386 4963 
133 503 1204 1770 270 701 856 943 2356 990 1026 1698 874 843 449 696 320 1019 465 351 825 2314 5027 
134 500 1240 1762 281 705 831 945 2375 1019 1006 1727 879 853 438 711 315 1019 463 353 810 2266 5100 
135 490 1245 1745 283 712 813 949 2296 1066 969 1756 870 869 448 721 312 1033 467 344 846 2209 5152 
136 487 1270 1692 307 709 813 924 2261 1025 990 1724 880 865 444 714 322 1083 471 338 866 2149 5223 
137 496 1282 1701 324 713 829 886 2294 1014 1014 1669 886 874 437 731 323 1078 500 324 861 2113 5311 
138 487 1316 1745 333 695 842 906 2259 1035 1047 1655 881 887 442 746 296 1102 505 346 856 2150 5155 
139 491 1287 1728 343 706 846 913 2205 1041 1069 1645 884 901 445 768 297 1121 547 337 823 2186 5067 
140 500 1257 1788 367 690 850 911 2245 1057 1086 1660 899 883 430 771 304 1125 535 332 795 2222 4913 
141 496 1235 1800 371 733 860 907 2328 1060 1099 1687 896 863 432 796 312 1132 537 331 815 2237 4834 
142 523 1236 1792 379 747 849 918 2368 1075 1122 1664 904 822 452 813 315 1169 547 335 786 2254 4756 
143 522 1203 1811 402 755 821 910 2366 1081 1135 1645 919 804 473 843 309 1154 559 332 804 2274 4796 
144 517 1157 1827 388 767 843 916 2423 1054 1142 1642 907 775 498 875 322 1119 578 311 838 2296 4885 
145 544 1094 1832 427 792 847 913 2502 1032 1123 1625 918 781 486 891 320 1094 573 295 865 2306 4960 
146 550 1110 1771 463 828 854 913 2471 1047 1085 1602 955 809 473 904 319 1095 553 315 869 2330 5034 
147 564 1136 1751 464 839 863 932 2425 1022 1048 1627 981 858 438 894 335 1087 545 316 894 2310 5065 
148 560 1171 1704 480 876 865 892 2418 1033 1072 1559 1015 877 447 924 344 1086 560 318 868 2303 5143 
149 564 1189 1663 480 920 863 888 2404 1029 1084 1615 1038 886 449 940 347 1055 556 326 870 2320 5249 
150 574 1218 1611 474 935 847 923 2386 1021 1117 1616 1075 899 434 948 354 1062 530 345 849 2340 5271 
151 588 1200 1617 499 953 854 936 2399 999 1146 1653 1080 912 432 983 360 1061 500 348 818 2351 5125 
152 588 1238 1605 506 967 848 1015 2345 1002 1164 1686 1076 867 458 1016 364 1055 511 348 810 2375 4935 
153 593 1281 1583 521 977 856 1034 2376 996 1168 1722 1103 843 466 995 385 1052 531 324 804 2376 4839 
154 581 1338 1574 524 995 894 1052 2355 1027 1192 1773 1112 847 476 1013 394 1060 554 291 779 2420 4667 
155 572 1360 1583 535 996 868 1029 2335 1006 1167 1698 1138 855 465 1073 397 1099 571 294 868 2321 4761 
156 593 1338 1547 543 1034 883 995 2336 995 1169 1632 1149 842 466 1096 406 1115 559 296 871 2267 4812 
157 603 1301 1559 533 1059 894 998 2301 1030 1171 1597 1160 815 464 1133 411 1140 560 289 876 2237 4838 
158 605 1311 1532 549 1057 855 1006 2283 1045 1163 1577 1172 816 463 1167 410 1183 549 291 913 2160 4913 
159 627 1247 1525 563 1084 855 1005 2288 1048 1136 1596 1163 812 463 1177 421 1192 547 287 953 2072 4956 
160 633 1234 1527 575 1102 842 1004 2325 1015 1130 1627 1174 824 476 1191 420 1195 555 288 926 2078 5019 
161 637 1228 1505 596 1106 846 1033 2312 1048 1057 1662 1169 840 478 1224 420 1221 549 291 900 2125 5095 
162 649 1251 1489 603 1148 831 1030 2318 1022 1070 1688 1191 857 481 1211 420 1217 546 297 896 2120 5153 
163 646 1254 1497 602 1135 836 1011 2333 990 1056 1720 1233 867 489 1197 431 1203 553 311 892 2119 5233 
164 650 1265 1532 608 1158 827 1004 2319 991 1072 1771 1219 885 485 1204 434 1184 576 302 876 2159 5285 
165 676 1277 1558 621 1195 849 964 2348 985 1110 1819 1238 904 490 1188 444 1159 562 301 890 2187 5129 
166 682 1287 1606 637 1227 832 1003 2346 1005 1150 1814 1245 906 493 1233 409 1152 543 358 870 2209 4941 
167 684 1258 1681 636 1261 802 1036 2341 999 1202 1789 1242 911 485 1253 407 1140 508 389 848 2234 4861 
168 690 1282 1724 619 1274 792 1069 2342 1005 1252 1804 1230 920 481 1253 406 1107 512 389 841 2286 4709 
169 686 1287 1689 676 1296 772 1053 2345 1033 1269 1729 1250 953 473 1284 412 1110 509 386 842 2304 4793 
170 684 1281 1710 684 1313 821 1009 2309 1033 1224 1737 1260 926 491 1272 412 1135 503 406 791 2334 4892 
171 699 1327 1695 681 1314 825 991 2290 1064 1178 1749 1292 907 476 1278 411 1154 510 400 799 2367 4961 
172 707 1346 1682 681 1335 807 986 2255 1105 1160 1728 1307 899 465 1318 410 1202 507 399 808 2365 5057 
173 710 1359 1646 707 1365 818 1007 2225 1075 1145 1708 1303 887 463 1338 411 1253 489 394 812 2380 5162 
174 730 1383 1617 714 1388 821 993 2227 1054 1123 1718 1335 890 459 1345 427 1208 512 376 815 2342 5241 
175 752 1403 1598 713 1421 827 996 2196 1054 1090 1739 1351 853 449 1384 413 1202 507 366 842 2328 5140 
176 734 1471 1572 705 1457 825 1001 2284 1058 1093 1720 1363 853 441 1419 411 1186 509 360 974 2187 5003 
177 732 1480 1587 720 1456 865 986 2310 1055 1100 1699 1379 803 447 1424 435 1167 541 330 1022 2112 4932 
178 735 1550 1546 730 1481 861 978 2379 1074 1092 1690 1373 804 456 1482 448 1154 535 329 998 2142 4836 
179 734 1597 1567 731 1512 862 968 2461 1041 1099 1724 1378 813 458 1482 454 1109 546 334 963 2156 4753 
180 754 1541 1654 728 1517 838 954 2508 1045 1112 1692 1430 815 460 1491 439 1112 551 334 950 2177 4805 
181 797 1492 1671 741 1523 845 992 2429 1089 1124 1606 1465 819 471 1534 435 1126 546 352 926 2204 4877 
182 811 1454 1676 750 1553 828 995 2375 1114 1126 1574 1471 849 469 1571 433 1131 579 364 867 2234 4950 
183 833 1390 1608 735 1593 870 993 2340 1145 1107 1616 1475 853 465 1589 442 1103 582 355 856 2252 5030 
184 829 1421 1617 747 1620 844 991 2314 1133 1129 1646 1509 862 466 1620 446 1076 600 353 833 2292 5094 
185 831 1457 1620 769 1669 830 996 2280 1140 1144 1684 1529 869 474 1635 455 1075 577 346 820 2299 5132 
186 826 1489 1619 778 1695 835 989 2267 1135 1120 1704 1535 847 490 1654 459 1070 552 352 796 2330 5208 
187 849 1493 1541 790 1766 856 982 2308 1137 1098 1764 1533 850 496 1660 459 1055 527 365 805 2352 5285 
188 858 1509 1510 816 1839 871 981 2427 1150 1084 1769 1568 878 470 1709 465 1027 543 353 801 2374 5043 
189 870 1550 1496 840 1865 876 960 2536 1146 1135 1786 1596 879 468 1742 489 973 539 353 799 2372 4979 
190 891 1559 1517 857 1843 884 973 2545 1117 1178 1757 1633 902 442 1753 502 989 547 348 838 2352 4869 
191 895 1539 1487 879 1818 882 967 2556 1121 1227 1715 1655 918 443 1811 498 1036 548 349 853 2381 4823 
192 910 1497 1525 899 1810 891 991 2478 1166 1220 1650 1701 865 462 1893 498 1038 556 348 904 2304 4690 
193 929 1500 1573 887 1760 938 998 2456 1179 1205 1680 1717 853 475 1896 515 1097 571 339 942 2251 4753 
194 951 1462 1587 901 1701 930 1009 2396 1219 1181 1695 1763 824 473 1908 535 1116 571 346 957 2178 4790 
195 975 1473 1558 893 1685 885 1059 2355 1215 1206 1747 1775 810 475 1943 522 1098 596 359 991 2100 4867 
196 979 1458 1570 888 1667 868 1078 2317 1231 1186 1797 1799 826 486 1948 527 1107 597 350 962 2096 4954 
197 984 1457 1601 884 1676 859 1090 2292 1214 1148 1802 1735 846 485 1962 563 1094 620 349 970 2110 5011 
198 1017 1358 1658 849 1691 882 1092 2281 1248 1089 1811 1651 879 486 2001 565 1073 616 349 949 2133 5052 
199 1029 1362 1639 817 1748 875 1076 2329 1205 1121 1796 1609 863 491 2050 592 1062 638 353 927 2147 5080 
200 1032 1435 1623 786 1778 857 1076 2372 1166 1137 1763 1594 867 500 2039 626 1051 623 369 920 2168 5112 
201 1054 1470 1596 786 1832 861 1077 2331 1175 1153 1729 1594 905 458 2102 642 1056 597 386 935 2142 5150 
202 1055 1482 1619 794 1860 845 1084 2375 1150 1179 1710 1564 909 458 2184 655 1034 583 392 903 2178 5165 
203 1049 1489 1566 825 1889 842 1100 2363 1151 1216 1672 1568 923 446 2195 670 1071 587 363 866 2189 5170 
204 1071 1515 1492 818 1967 829 1092 2348 1139 1269 1602 1594 921 422 2245 665 1069 613 353 839 2205 5283 
205 1079 1523 1468 834 1966 824 1066 2349 1185 1285 1679 1639 872 440 2247 661 1088 610 342 829 2217 5164 
206 1097 1547 1473 844 1931 813 1119 2344 1193 1307 1735 1672 859 436 2282 687 1117 589 343 817 2243 5051 
207 1107 1577 1502 851 1908 854 1101 2357 1163 1279 1818 1698 826 462 2313 697 1128 605 329 803 2252 4884 
208 1136 1565 1537 884 1870 853 1117 2327 1185 1276 1850 1749 841 472 2311 727 1142 607 322 772 2295 4807 
209 1150 1543 1561 886 1862 878 1115 2315 1175 1269 1845 1780 836 477 2352 739 1151 616 309 781 2328 4737 
210 1170 1527 1564 935 1818 890 1115 2212 1205 1259 1864 1806 813 470 2411 729 1179 622 301 800 2335 4805 
211 1213 1521 1521 931 1863 933 1091 2206 1208 1255 1843 1733 853 471 2474 743 1189 634 297 791 2358 4857 
212 1183 1528 1551 912 1837 946 1075 2206 1191 1277 1811 1681 871 479 2469 749 1207 626 285 799 2363 4943 
213 1239 1490 1507 916 1860 945 1048 2270 1188 1262 1829 1636 950 446 2471 744 1228 612 290 808 2381 4984 
214 1278 1515 1513 923 1868 924 1036 2344 1181 1273 1817 1587 991 444 2510 758 1183 626 296 875 2273 5022 
215 1289 1534 1519 931 1852 920 1031 2414 1176 1231 1794 1610 993 447 2541 777 1143 647 296 914 2184 5144 
216 1291 1543 1527 936 1805 900 1019 2448 1187 1222 1799 1643 978 451 2560 791 1152 653 299 887 2156 5254 
217 1269 1583 1521 928 1777 906 1029 2439 1181 1221 1749 1664 973 458 2621 795 1146 683 302 904 2084 5146 
218 1276 1597 1565 874 1782 938 1061 2448 1175 1226 1722 1713 1013 443 2681 793 1141 699 311 922 2089 5070 
219 1256 1642 1592 896 1742 934 1096 2392 1194 1212 1736 1703 1007 435 2740 804 1161 666 335 882 2132 4947 
220 1272 1659 1579 895 1710 941 1099 2389 1206 1210 1759 1788 1040 441 2572 824 1149 665 330 878 2167 4862 
221 1294 1698 1580 902 1685 906 1135 2333 1242 1235 1753 1857 1058 421 2494 816 1191 683 322 870 2165 4751 
222 1284 1684 1560 909 1737 894 1152 2282 1265 1198 1741 1865 1059 425 2520 861 1169 685 302 879 2183 4814 
223 1296 1623 1547 917 1790 889 1111 2237 1264 1186 1711 1890 1046 424 2559 875 1193 705 277 873 2210 4861 
224 1318 1595 1507 949 1835 873 1105 2292 1238 1165 1714 1883 1059 419 2598 880 1131 732 299 882 2211 4945 
225 1309 1591 1480 974 1875 831 1119 2328 1237 1175 1688 1911 1089 426 2649 869 1165 724 302 849 2249 5019 
226 1325 1619 1461 1014 1865 809 1097 2408 1218 1198 1691 1958 1094 438 2681 905 1169 722 303 793 2328 5060 
227 1363 1587 1515 1003 1902 777 1052 2532 1189 1185 1637 2010 1105 450 2720 899 1185 716 307 806 2340 5141 
228 1381 1590 1520 969 1950 792 1035 2637 1150 1134 1696 2000 1070 447 2750 910 1209 715 317 822 2377 5218 
229 1407 1591 1498 937 1955 800 1045 2664 1117 1124 1731 1971 1089 451 2777 916 1227 718 317 919 2230 5330 
230 1431 1591 1447 922 1949 794 1046 2661 1089 1164 1805 1915 1128 457 2690 929 1246 729 313 930 2164 5245 
231 1444 1566 1476 933 1913 820 1079 2620 1135 1226 1856 1904 1212 444 2584 923 1190 751 308 932 2140 5097 
232 1476 1519 1440 997 1823 820 1096 2575 1118 1267 1907 1896 1232 456 2506 932 1182 752 300 948 2087 5041 
233 1475 1542 1423 991 1883 828 1127 2518 1156 1251 1945 1866 1265 463 2458 974 1145 749 295 935 2089 4919 
234 1496 1587 1370 1009 1851 833 1126 2509 1183 1259 1896 1844 1235 462 2492 980 1174 722 299 930 2118 4826 
235 1492 1618 1402 1032 1819 867 1146 2525 1188 1252 1924 1814 1224 471 2494 976 1233 699 304 913 2157 4702 
236 1500 1652 1471 1015 1793 854 1132 2495 1226 1226 1918 1797 1199 466 2552 993 1241 672 308 891 2205 4762 
237 1500 1706 1477 1028 1758 876 1099 2431 1225 1241 1953 1746 1168 466 2572 1020 1303 630 309 899 2207 4785 
238 1470 1743 1564 1024 1691 868 1080 2465 1207 1245 1958 1781 1121 468 2626 1049 1331 633 308 904 2208 4873 
239 1480 1740 1588 1024 1660 851 1082 2497 1218 1247 1939 1836 1081 471 2649 1069 1366 636 312 891 2242 4932 
240 1517 1677 1628 1003 1689 853 1112 2485 1211 1233 1944 1829 1032 502 2683 1068 1367 644 312 872 2274 4973 
241 1518 1658 1612 1010 1691 877 1107 2483 1207 1252 1900 1851 1061 493 2760 1077 1347 656 311 853 2299 4995 
242 1546 1618 1685 981 1727 906 1114 2467 1224 1207 1923 1856 1074 489 2787 1096 1321 665 314 847 2316 5033 
243 1591 1609 1677 923 1827 881 1108 2432 1209 1196 1870 1883 1076 491 2848 1092 1314 695 319 848 2351 5098 
244 1524 1583 1702 936 1891 865 1118 2369 1226 1201 1844 1921 1082 503 2808 1106 1312 704 339 797 2399 5169 
245 1495 1563 1714 939 1917 879 1104 2351 1239 1199 1798 1951 1083 504 2813 1135 1294 715 346 837 2359 5218 
246 1489 1564 1670 957 1942 881 1086 2353 1253 1191 1765 2033 1078 502 2754 1148 1278 727 340 883 2308 5288 
247 1464 1584 1677 920 1956 889 1080 2416 1236 1219 1760 2088 1101 514 2716 1141 1262 738 334 946 2227 5237 
248 1485 1599 1645 935 1928 924 1129 2347 1262 1271 1793 2104 1107 517 2616 1126 1276 736 347 912 2208 5108 
249 1438 1595 1701 917 1901 941 1121 2282 1292 1294 1804 2091 1147 502 2593 1144 1288 752 345 897 2197 5024 
250 1502 1560 1719 931 1915 1019 1112 2306 1314 1322 1886 2046 1162 488 2577 1160 1275 729 345 929 2131 4865 
251 1501 1557 1741 975 1903 1055 1113 2382 1332 1305 1900 2027 1184 484 2487 1182 1293 720 343 917 2161 4700 
252 1514 1552 1741 1006 1856 1049 1063 2452 1338 1270 1888 1955 1170 486 2539 1231 1292 708 348 877 2197 4734 
253 1544 1550 1695 1048 1851 1055 1059 2519 1333 1229 1893 1925 1189 467 2601 1244 1321 715 349 865 2212 4700 
254 1561 1535 1731 1055 1858 1080 1030 2566 1316 1227 1874 1862 1219 469 2690 1249 1345 714 354 837 2237 4750 
255 1573 1535 1694 1043 1907 1102 989 2595 1311 1234 1865 1889 1192 482 2728 1248 1361 704 372 825 2286 4829 
256 1595 1528 1692 1013 1916 1122 973 2584 1299 1254 1800 1922 1176 463 2819 1270 1366 713 378 827 2289 4897 
257 1627 1509 1658 1026 1872 1136 980 2504 1278 1250 1743 1989 1145 439 2912 1287 1410 717 359 833 2310 5001 
258 1600 1474 1661 1027 1828 1120 1018 2491 1260 1219 1749 2005 1105 437 2912 1287 1399 751 346 834 2290 5077 
259 1567 1547 1675 997 1780 1106 1087 2419 1288 1222 1744 2091 1035 448 2823 1310 1395 759 359 825 2302 5101 
260 1509 1617 1682 982 1754 1136 1090 2405 1292 1213 1739 2136 1050 452 2768 1330 1355 766 354 838 2316 5156 
261 1463 1727 1657 955 1787 1114 1075 2419 1266 1225 1720 2136 1070 458 2726 1355 1317 791 360 855 2349 5264 
262 1449 1717 1637 984 1853 1102 1129 2371 1269 1217 1786 2029 1107 451 2706 1344 1294 800 372 847 2355 5129 
263 1495 1684 1636 992 1890 1120 1157 2380 1262 1262 1748 1967 1094 464 2725 1313 1321 798 374 871 2377 4976 
264 1541 1627 1628 985 1964 1133 1158 2361 1252 1287 1742 1978 1151 462 2640 1285 1373 793 380 881 2411 4890 
265 1575 1602 1592 1019 1961 1165 1157 2368 1241 1326 1744 1933 1156 469 2623 1276 1396 787 379 922 2371 4793 
266 1607 1620 1593 1032 1955 1206 1161 2323 1257 1352 1719 1953 1203 473 2549 1282 1418 790 375 953 2319 4661 
267 1594 1632 1579 1067 1913 1203 1143 2360 1250 1305 1704 1955 1172 500 2534 1262 1382 823 381 989 2232 4709 
268 1633 1607 1607 1098 1907 1143 1095 2420 1228 1318 1720 1993 1198 494 2580 1280 1381 813 401 1019 2204 4783 
269 1675 1584 1598 1085 1915 1160 1097 2489 1202 1291 1711 2032 1225 481 2635 1265 1377 826 415 986 2160 4831 
270 1679 1569 1586 1058 1920 1146 1062 2578 1207 1294 1712 2046 1236 490 2703 1295 1334 830 437 1000 2065 4873 
271 1661 1594 1595 1004 1920 1119 1095 2616 1151 1332 1682 2070 1257 493 2731 1339 1302 867 431 987 2074 4953 
272 1609 1635 1610 987 1948 1115 1077 2631 1168 1332 1685 2099 1292 500 2769 1358 1330 869 424 983 2095 5016 
273 1561 1696 1671 979 1915 1062 1095 2621 1147 1332 1668 2110 1293 499 2836 1389 1351 828 461 970 2119 5070 
274 1499 1742 1641 985 1864 1093 1097 2604 1138 1326 1687 2151 1329 487 2764 1426 1399 800 479 953 2125 5149 
275 1455 1798 1579 1010 1906 1105 1087 2603 1173 1303 1707 2201 1343 492 2713 1406 1388 819 437 946 2168 5228 
276 1505 1741 1591 1024 1878 1116 1080 2577 1186 1337 1671 2242 1356 505 2723 1359 1409 792 474 979 2125 5225 
277 1471 1708 1626 1034 1855 1124 1079 2574 1193 1357 1679 2278 1331 523 2664 1307 1423 768 532 979 2127 5255 
278 1503 1639 1710 1051 1893 1095 1041 2529 1246 1320 1725 2302 1306 561 2618 1265 1452 722 526 982 2149 5367 
279 1544 1556 1721 1085 1917 1071 1049 2546 1253 1298 1793 2356 1313 577 2604 1276 1411 740 518 947 2183 5242 
280 1576 1562 1659 1058 1992 1073 1053 2580 1275 1229 1822 2276 1310 561 2573 1290 1403 762 498 949 2187 5085 
281 1583 1532 1636 1075 2058 1101 1027 2648 1261 1232 1800 2208 1297 545 2624 1320 1402 787 474 903 2230 4976 
282 1606 1552 1632 1078 2100 1031 1060 2622 1291 1231 1909 2113 1320 549 2595 1348 1392 788 462 860 2237 4874 
283 1539 1604 1612 1066 2094 1042 1103 2598 1292 1233 1862 2177 1293 567 2589 1349 1376 789 461 891 2254 4807 
284 1497 1671 1647 1065 2056 1026 1080 2612 1290 1246 1868 2212 1304 585 2510 1379 1373 798 475 894 2300 4658 
285 1451 1686 1650 1025 2067 999 1062 2605 1306 1233 1822 2257 1325 594 2552 1406 1362 796 477 902 2308 4755 
286 1466 1668 1668 987 2007 1039 1068 2585 1270 1309 1807 2273 1335 608 2578 1436 1368 807 455 915 2329 4831 
287 1492 1679 1682 990 1977 1055 1099 2528 1276 1342 1810 2309 1329 605 2624 1479 1377 785 451 922 2340 4828 
288 1493 1677 1653 1043 1947 1099 1073 2515 1271 1365 1800 2362 1323 618 2678 1456 1376 759 477 948 2332 4931 
289 1510 1663 1603 1069 1958 1122 1061 2480 1286 1371 1782 2390 1339 622 2689 1426 1342 763 471 993 2297 5003 
290 1540 1627 1568 1101 1948 1120 1096 2458 1247 1392 1739 2430 1372 611 2747 1381 1324 774 497 981 2338 5052 
291 1556 1616 1499 1183 1914 1151 1085 2412 1266 1407 1711 2378 1390 613 2838 1350 1326 739 520 957 2323 5077 
292 1580 1579 1551 1116 1903 1169 1099 2482 1231 1438 1704 2339 1423 599 2842 1322 1353 736 511 921 2365 5158 
293 1607 1580 1568 1093 1964 1164 1103 2557 1204 1411 1705 2305 1459 569 2792 1263 1313 680 547 910 2394 5188 
294 1595 1548 1602 1091 1978 1113 1134 2588 1236 1412 1742 2241 1478 569 2728 1277 1319 696 538 932 2343 5247 
295 1603 1590 1585 1088 2049 1127 1147 2639 1249 1466 1688 2221 1524 546 2719 1284 1315 698 527 949 2271 5345 
296 1626 1635 1571 1094 2089 1162 1133 2665 1268 1510 1650 2273 1528 547 2686 1289 1306 719 531 1049 2149 5145 
297 1649 1654 1545 1094 2136 1173 1138 2646 1340 1505 1665 2338 1482 572 2700 1311 1295 723 532 1032 2082 4930 
298 1667 1700 1542 1096 2120 1177 1105 2624 1350 1550 1678 2354 1450 586 2717 1335 1344 714 528 1007 2116 4819 
299 1676 1730 1539 1106 2052 1181 1106 2621 1363 1559 1687 2381 1424 597 2682 1355 1346 730 519 971 2164 4692 
300 1702 1752 1570 1139 1992 1164 1102 2569 1348 1545 1697 2448 1395 610 2597 1379 1385 739 485 929 2225 4769 
301 1751 1762 1585 1099 1983 1144 1108 2526 1353 1557 1696 2484 1431 590 2594 1372 1415 763 480 900 2258 4869 
302 1708 1835 1556 1145 1933 1160 1108 2462 1334 1535 1711 2512 1505 543 2535 1404 1428 761 473 878 2290 4913 
303 1664 1858 1552 1122 2018 1122 1102 2426 1322 1524 1735 2493 1560 524 2509 1420 1452 772 473 891 2332 5002 
304 1654 1808 1549 1091 2083 1075 1087 2508 1339 1494 1700 2453 1635 529 2487 1447 1452 786 481 893 2340 5046 
305 1612 1773 1575 1075 2124 1118 1019 2579 1307 1519 1704 2382 1640 520 2502 1470 1397 818 490 906 2360 5107 
306 1547 1807 1612 1058 2129 1093 1033 2631 1300 1496 1695 2361 1624 519 2477 1449 1348 824 502 911 2362 5188 
307 1578 1772 1593 1071 2144 1091 1007 2699 1289 1476 1656 2301 1585 545 2584 1411 1339 822 520 915 2377 5262 
308 1626 1790 1584 1074 2127 1074 1003 2779 1282 1500 1626 2244 1505 567 2734 1386 1335 830 532 922 2400 5132 
309 1672 1758 1570 1095 2131 1085 994 2754 1239 1553 1654 2276 1445 605 2775 1335 1282 854 556 903 2393 5049 
310 1741 1700 1550 1139 2101 1095 987 2709 1273 1533 1719 2312 1493 577 2771 1282 1292 853 561 865 2428 4996 
311 1770 1724 1592 1167 2079 1104 991 2663 1332 1514 1794 2339 1534 564 2705 1303 1338 850 547 913 2355 4842 
312 1849 1707 1590 1204 2002 1120 988 2630 1342 1506 1828 2378 1572 539 2672 1312 1393 872 513 976 2247 4786 
313 1820 1716 1625 1166 2028 1097 1006 2580 1357 1454 1794 2410 1584 533 2661 1331 1408 869 495 1034 2185 4879 
314 1734 1755 1626 1165 1987 1104 1003 2561 1336 1474 1732 2466 1634 516 2650 1364 1437 853 494 1053 2119 4959 
315 1700 1771 1662 1188 1952 1097 1003 2540 1330 1459 1736 2409 1578 542 2619 1388 1448 809 533 1007 2134 5032 
316 1677 1770 1617 1206 1951 1095 1008 2532 1326 1438 1725 2424 1580 559 2572 1435 1488 809 530 1014 2125 5120 
317 1650 1782 1635 1182 2030 1064 995 2515 1372 1416 1720 2398 1567 586 2555 1472 1444 834 548 1002 2152 5175 
318 1682 1767 1608 1191 2079 1069 1032 2464 1365 1406 1715 2320 1570 598 2542 1489 1436 881 536 964 2189 5267 
319 1688 1752 1652 1215 2112 1070 1068 2552 1349 1421 1733 2320 1503 632 2511 1492 1402 881 545 939 2216 5207 
320 1740 1718 1684 1207 2139 1083 1054 2637 1337 1442 1745 2290 1505 603 2441 1511 1378 895 540 956 2226 4970 
321 1772 1721 1648 1194 2203 1081 1068 2723 1364 1445 1751 2234 1479 579 2507 1486 1364 907 555 930 2248 4861 
322 1787 1717 1665 1202 2173 1084 1050 2823 1300 1480 1758 2223 1423 575 2540 1482 1351 920 567 891 2289 4787 
323 1803 1689 1686 1191 2164 1047 1084 2792 1332 1467 1792 2185 1424 566 2570 1462 1335 950 568 906 2305 4691 
324 1843 1623 1687 1181 2192 1036 1087 2771 1355 1466 1785 2203 1429 560 2618 1394 1333 949 593 942 2301 4754 
325 1910 1615 1681 1152 2181 1040 1129 2737 1351 1431 1757 2250 1422 552 2687 1348 1341 960 619 996 2305 4777 
326 1935 1625 1663 1141 2162 1035 1138 2703 1325 1437 1711 2270 1458 553 2717 1333 1323 957 609 1012 2329 4883 
327 1957 1673 1682 1176 2023 1071 1079 2696 1315 1445 1678 2317 1479 556 2750 1367 1350 936 594 981 2350 4978 
328 1954 1700 1696 1233 1974 1025 1088 2639 1316 1455 1651 2352 1503 532 2784 1401 1363 947 576 928 2398 5017 
329 1860 1806 1702 1214 2020 1013 1070 2663 1338 1430 1585 2363 1514 535 2819 1427 1376 965 577 923 2441 5086 
330 1821 1852 1719 1184 2056 1028 1056 2677 1305 1425 1598 2392 1541 536 2765 1464 1425 965 587 948 2362 5116 
331 1737 1892 1721 1159 2106 1048 1073 2621 1282 1443 1609 2450 1558 539 2756 1480 1481 978 590 958 2275 5120 
332 1783 1852 1715 1123 2136 1054 1070 2668 1232 1472 1637 2403 1595 545 2734 1500 1497 975 580 954 2259 5179 
333 1804 1820 1748 1104 2190 1003 1044 2661 1227 1491 1658 2371 1665 546 2638 1571 1447 1001 601 947 2242 5250 
334 1889 1748 1726 1082 2191 980 1035 2628 1226 1505 1689 2328 1700 549 2614 1553 1434 1025 586 1009 2160 5307 
335 1920 1720 1691 1127 2179 985 1065 2667 1182 1484 1761 2312 1689 564 2608 1523 1421 1015 609 1011 2154 5161 
336 1921 1719 1674 1154 2166 1009 1113 2699 1154 1498 1800 2283 1660 561 2563 1478 1442 979 610 991 2211 5070 
337 1890 1751 1675 1175 2156 1001 1162 2749 1143 1472 1859 2282 1635 571 2554 1435 1422 962 646 960 2240 4925 
338 1871 1743 1693 1220 2129 1020 1189 2699 1174 1468 1862 2263 1608 571 2571 1428 1463 953 633 1004 2264 4776 
339 1819 1796 1715 1264 2061 996 1197 2676 1196 1474 1800 2299 1611 579 2633 1384 1492 929 652 1001 2300 4822 
340 1694 1887 1716 1262 2034 1014 1160 2663 1160 1535 1758 2348 1566 602 2612 1389 1505 947 650 976 2328 4836 
341 1729 1882 1711 1327 1974 1005 1164 2592 1162 1552 1743 2384 1551 608 2605 1418 1487 975 625 955 2346 4902 
342 1763 1889 1698 1297 2030 985 1196 2556 1186 1535 1742 2429 1535 620 2592 1433 1484 985 617 926 2385 4961 
343 1821 1837 1710 1277 2057 982 1172 2589 1177 1544 1715 2462 1550 615 2576 1429 1540 1003 608 897 2443 5027 
344 1860 1809 1702 1274 2086 1001 1136 2683 1144 1571 1704 2463 1566 622 2541 1440 1524 1026 592 941 2452 5067 
345 1854 1826 1685 1241 2135 1009 1117 2764 1131 1524 1711 2538 1628 612 2469 1472 1484 1045 579 935 2456 5102 
346 1885 1796 1683 1193 2239 902 1119 2867 1135 1519 1706 2483 1660 613 2492 1498 1487 1061 537 974 2460 5125 
347 1906 1779 1658 1195 2322 895 1112 2811 1129 1523 1680 2449 1703 627 2519 1516 1502 1057 519 979 2443 5241 
348 1945 1756 1675 1194 2271 906 1117 2815 1091 1511 1629 2439 1769 598 2590 1537 1507 1039 543 1016 2377 5291 
349 2001 1775 1642 1210 2231 903 1115 2782 1079 1499 1600 2417 1815 575 2617 1533 1527 1010 548 1064 2357 5391 
350 1905 1890 1659 1224 2232 896 1099 2785 1110 1502 1579 2351 1870 552 2669 1565 1518 993 546 1118 2278 5330 
351 1878 1936 1663 1233 2226 918 1136 2793 1154 1474 1645 2307 1901 537 2750 1582 1487 1003 569 1206 2145 5196 
352 1884 1935 1700 1198 2246 907 1150 2773 1175 1430 1675 2324 1839 541 2802 1552 1532 972 562 1156 2183 5051 
353 1848 1981 1758 1205 2218 913 1165 2804 1190 1383 1721 2269 1847 545 2843 1530 1520 964 579 1167 2203 4907 
354 1812 1997 1760 1218 2166 926 1099 2830 1213 1376 1787 2293 1817 545 2776 1505 1523 978 584 1167 2214 4849 
355 1842 1928 1720 1239 2169 932 1103 2839 1258 1380 1835 2345 1792 523 2707 1495 1505 998 589 1181 2226 4721 
356 1837 1915 1677 1236 2175 926 1122 2809 1309 1371 1822 2424 1769 538 2638 1453 1467 1005 606 1152 2276 4771 
357 1813 1881 1675 1217 2174 911 1122 2763 1308 1381 1810 2486 1774 548 2566 1489 1432 999 636 1138 2301 4845 
358 1854 1887 1690 1208 2141 946 1107 2743 1323 1382 1786 2545 1738 553 2504 1534 1428 1027 627 1137 2332 4866 
359 1872 1845 1710 1171 2103 960 1082 2741 1296 1365 1752 2556 1735 571 2551 1563 1430 1052 646 1092 2347 4974 
360 1943 1798 1764 1167 2098 947 1072 2714 1294 1359 1746 2566 1665 603 2597 1595 1440 1076 644 1082 2358 5049 
361 1991 1735 1803 1208 2029 941 1086 2738 1286 1357 1714 2553 1682 590 2677 1542 1407 1103 627 1101 2350 5057 
362 2015 1749 1835 1198 1992 924 1075 2728 1323 1344 1700 2574 1704 589 2736 1496 1403 1144 641 1100 2372 5089 
363 2043 1788 1825 1185 2033 921 1094 2709 1324 1317 1694 2596 1713 603 2803 1473 1444 1141 623 1052 2412 5187 
364 1977 1817 1821 1181 2054 925 1102 2696 1340 1322 1641 2577 1742 598 2789 1459 1482 1098 622 1070 2362 5251 
365 1928 1904 1840 1127 2088 899 1115 2689 1372 1318 1624 2552 1777 611 2770 1442 1549 1072 608 1103 2295 5187 
366 1909 1974 1799 1120 2157 879 1107 2637 1399 1316 1655 2525 1809 608 2736 1396 1543 1078 632 1124 2233 5109 
367 1927 1970 1792 1115 2207 876 1093 2662 1431 1310 1654 2509 1840 617 2717 1409 1528 1063 634 1080 2233 5024 
368 1917 1919 1786 1107 2234 868 1068 2653 1402 1329 1664 2536 1850 599 2652 1444 1496 1054 625 1121 2178 4992 
369 1887 1942 1754 1055 2291 876 1072 2643 1380 1317 1628 2487 1933 584 2661 1494 1500 1066 619 1079 2209 4975 
370 1917 1884 1764 1070 2292 921 1078 2608 1374 1300 1679 2450 1924 579 2632 1522 1474 1064 641 1024 2271 4911 
371 1931 1786 1783 1108 2257 975 1049 2613 1417 1335 1637 2409 1897 531 2653 1558 1467 1100 622 1001 2315 4811 
372 1962 1742 1788 1125 2218 939 1106 2571 1441 1304 1603 2381 1904 537 2605 1603 1439 1105 620 979 2340 4751 
373 1882 1828 1801 1156 2192 945 1128 2570 1396 1317 1688 2384 1874 539 2597 1562 1422 1142 611 922 2384 4649 
374 1919 1804 1818 1205 2111 958 1115 2563 1362 1301 1752 2423 1829 565 2502 1564 1398 1223 586 934 2396 4761 
375 1898 1820 1792 1199 2076 956 1115 2536 1332 1292 1771 2398 1815 575 2566 1564 1410 1213 564 937 2426 4875 
376 1861 1843 1791 1185 2086 954 1101 2583 1318 1276 1788 2343 1807 585 2624 1550 1416 1213 535 917 2486 4929 
377 1889 1826 1771 1162 2133 951 1043 2667 1286 1329 1840 2278 1800 580 2688 1484 1420 1184 560 908 2456 5026 
378 1916 1845 1741 1154 2129 960 1055 2715 1252 1354 1764 2287 1802 585 2763 1417 1392 1155 602 996 2364 5121 
379 1949 1836 1713 1178 2067 988 1054 2770 1250 1350 1755 2322 1799 584 2805 1422 1339 1145 610 1071 2252 5187 
380 1970 1875 1753 1118 2082 938 1090 2817 1260 1399 1695 2381 1752 589 2787 1467 1304 1142 617 1074 2192 5029 
381 2003 1914 1825 1109 2080 909 1083 2790 1240 1426 1698 2466 1781 595 2717 1461 1388 1115 633 1046 2221 4830 
382 2064 1917 1791 1104 2079 959 1084 2738 1252 1458 1745 2510 1819 603 2649 1451 1445 1067 651 1037 2221 4754 
383 2055 1921 1757 1102 2078 983 1074 2705 1249 1478 1797 2540 1891 614 2592 1431 1473 1045 651 1031 2266 4730 
384 2028 1908 1733 1138 2050 1016 1061 2641 1267 1483 1838 2555 1907 618 2551 1418 1528 1065 644 1033 2274 4678 
385 1957 1939 1740 1159 2025 1019 1074 2601 1278 1462 1921 2476 1954 607 2523 1418 1488 1097 663 1026 2305 4742 
386 1940 1912 1711 1184 2020 1043 1069 2556 1293 1396 1954 2408 1986 606 2593 1403 1474 1098 642 979 2374 4790 
387 1888 1945 1701 1192 2071 1059 1040 2516 1292 1377 1924 2295 2017 607 2683 1407 1467 1131 640 947 2388 4858 
388 1849 1970 1682 1231 2069 1072 1041 2580 1260 1397 1905 2356 1944 620 2752 1407 1434 1138 616 979 2402 4916 
389 1856 1887 1665 1249 2134 1023 1061 2605 1258 1385 1905 2397 1860 667 2873 1349 1415 1165 614 983 2414 4949 
390 1837 1892 1656 1210 2185 993 1070 2723 1260 1346 1908 2448 1844 677 2809 1383 1358 1179 604 987 2455 5005 
391 1851 1843 1639 1199 2229 987 1051 2797 1235 1338 1936 2510 1783 705 2785 1419 1359 1172 613 1046 2456 5054 
392 1845 1865 1636 1178 2272 992 1068 2732 1224 1306 1924 2561 1811 719 2762 1455 1397 1146 615 1071 2449 5113 
393 1896 1838 1662 1171 2207 1017 1100 2683 1234 1308 1899 2628 1849 729 2676 1481 1433 1118 625 1063 2468 5149 
394 1923 1839 1656 1151 2143 1034 1100 2636 1249 1311 1932 2537 1942 719 2636 1523 1471 1094 626 1066 2471 5178 
395 1939 1829 1693 1151 2062 1032 1112 2613 1221 1381 1941 2537 2014 733 2560 1527 1458 1041 648 1073 2431 5249 
396 1986 1805 1668 1182 2044 1038 1163 2616 1218 1416 1939 2537 2049 707 2532 1567 1468 1041 642 1105 2348 5280 
397 1989 1820 1642 1156 2107 1024 1157 2576 1224 1461 1872 2535 2085 668 2611 1488 1514 1033 656 1123 2291 5354 
398 2039 1792 1675 1141 2129 1019 1175 2548 1242 1444 1834 2536 2030 670 2730 1418 1567 1014 695 1180 2213 5305 
399 2073 1747 1754 1110 2139 996 1200 2529 1195 1511 1822 2428 2041 632 2835 1460 1565 1037 663 1184 2178 5207 
400 2116 1780 1744 1104 2200 965 1243 2509 1184 1519 1811 2414 2016 647 2909 1431 1551 1079 634 1148 2225 5072 
401 2157 1743 1722 1090 2256 958 1260 2492 1169 1498 1845 2403 1972 649 2891 1384 1518 1092 627 1181 2239 4953 
402 2109 1806 1783 1081 2222 959 1244 2550 1193 1517 1871 2395 1988 639 2810 1444 1473 1107 620 1166 2248 4760 
403 2087 1888 1826 1040 2211 985 1241 2584 1187 1556 1881 2455 1983 644 2722 1470 1444 1095 614 1130 2298 4548 
404 2010 1998 1802 1053 2192 992 1223 2595 1150 1572 1875 2530 1924 647 2709 1495 1437 1053 601 1115 2289 4598 
405 1953 2019 1800 1081 2188 1040 1243 2626 1132 1612 1845 2566 1927 640 2697 1543 1438 1035 577 1061 2317 4633 
406 2004 2010 1782 1095 2169 1057 1240 2591 1107 1583 1853 2592 1900 660 2689 1592 1414 1007 587 1061 2333 4702 
407 2058 1981 1791 1100 2134 1081 1230 2557 1133 1553 1822 2631 1854 671 2665 1633 1417 1027 600 1045 2352 4809 
408 2091 1978 1810 1121 2085 1106 1225 2514 1164 1533 1823 2650 1845 685 2790 1566 1409 1024 605 1040 2371 4886 
409 2125 1967 1820 1121 2072 1077 1221 2527 1139 1587 1775 2696 1810 681 2819 1551 1413 1042 624 1012 2414 4954 
410 2160 1967 1780 1205 2085 1033 1269 2483 1148 1599 1777 2639 1844 681 2923 1504 1348 1082 633 1059 2413 5002 
411 2232 1953 1758 1169 2051 1042 1273 2556 1139 1581 1797 2587 1855 679 2899 1458 1368 1077 639 1107 2424 5089 
412 2191 1915 1788 1122 2041 1011 1265 2628 1131 1577 1773 2596 1853 691 2872 1504 1384 1075 648 1116 2446 5178 
413 2170 1892 1784 1105 2022 1037 1229 2725 1119 1591 1810 2531 1867 703 2773 1585 1415 1072 668 1115 2440 5259 
414 2104 1940 1806 1091 1975 1036 1236 2785 1136 1588 1819 2477 1943 712 2717 1642 1442 1081 683 1144 2454 5141 
415 2051 2005 1764 1140 2001 1027 1254 2670 1187 1525 1833 2541 1962 731 2670 1598 1487 1095 668 1170 2498 5075 
416 2024 2021 1773 1176 2067 1024 1292 2662 1177 1527 1811 2552 1969 738 2644 1542 1520 1103 664 1237 2403 4939 
417 2039 2028 1741 1196 2099 1063 1313 2605 1205 1531 1839 2598 2037 740 2637 1511 1557 1113 660 1248 2335 4837 
418 2068 2025 1655 1229 2155 1090 1310 2603 1213 1559 1894 2630 2084 745 2621 1493 1589 1133 653 1269 2270 4710 
419 2126 2001 1632 1266 2178 1092 1378 2478 1240 1532 1867 2635 2112 733 2647 1515 1591 1077 698 1246 2216 4747 
420 2220 1973 1581 1256 2232 1103 1316 2523 1263 1515 1926 2727 2061 756 2572 1503 1591 1055 727 1304 2114 4780 
421 2267 1928 1624 1265 2183 1075 1322 2570 1293 1504 1969 2764 2028 749 2522 1474 1576 1022 733 1288 2145 4857 
422 2311 1885 1662 1220 2132 1084 1286 2640 1306 1514 1892 2805 2014 743 2582 1484 1520 1036 728 1251 2168 4914 
423 2385 1832 1704 1191 2042 1105 1291 2661 1358 1514 1855 2872 1983 757 2690 1429 1534 997 710 1287 2139 4933 
424 2339 1884 1688 1144 2062 1084 1266 2728 1357 1526 1822 2818 1983 775 2737 1448 1493 998 715 1274 2201 5038 
425 2350 1885 1709 1175 2030 1086 1265 2827 1346 1515 1800 2757 1900 796 2818 1457 1460 999 685 1257 2226 5117 
426 2316 1895 1691 1191 2056 1079 1251 2790 1373 1496 1778 2747 1917 795 2779 1486 1456 1013 674 1236 2242 5178 
427 2295 1887 1698 1206 2120 1063 1205 2802 1352 1513 1768 2721 1929 769 2734 1527 1413 1029 680 1231 2249 5253 
428 2242 1921 1702 1219 2159 1087 1209 2786 1328 1494 1790 2702 1908 778 2703 1564 1379 1046 691 1214 2302 5334 
429 2198 1966 1695 1223 2144 1087 1250 2765 1365 1479 1829 2685 1880 783 2651 1600 1371 1076 701 1178 2340 5186 
430 2199 1949 1691 1206 2233 1016 1271 2766 1399 1430 1946 2654 1894 776 2640 1562 1362 1081 688 1195 2344 5047 
431 2178 1959 1643 1137 2331 1031 1244 2763 1388 1451 1958 2640 1899 791 2632 1546 1374 1061 710 1177 2373 4999 
432 2122 1981 1606 1118 2287 1048 1294 2739 1410 1395 1964 2606 1917 783 2595 1502 1389 1006 742 1181 2409 4910 
433 2132 1959 1601 1121 2286 1044 1295 2692 1519 1391 2003 2534 1941 762 2670 1518 1423 972 745 1156 2423 4782 
434 2157 1928 1633 1162 2237 1043 1304 2631 1533 1383 2003 2558 1923 763 2697 1501 1461 967 752 1177 2427 4845 
435 2143 1947 1618 1182 2264 1012 1276 2610 1535 1385 1995 2602 1912 736 2759 1521 1501 962 771 1118 2457 4943 
436 2140 1981 1587 1201 2246 1016 1224 2624 1568 1349 1992 2623 1901 749 2828 1530 1527 975 773 1102 2473 5035 
437 2141 1938 1626 1239 2209 1016 1248 2615 1545 1338 1961 2679 1866 789 2896 1541 1485 992 776 1081 2485 5152 
438 2068 1912 1674 1282 2211 988 1250 2570 1547 1343 1961 2745 1849 803 2971 1552 1490 1030 762 1060 2518 5259 
439 2098 1909 1677 1276 2193 1009 1243 2548 1519 1370 1935 2840 1777 841 2955 1614 1514 1053 717 1086 2455 5201 
440 2153 1860 1692 1233 2142 1029 1241 2537 1489 1455 1917 2893 1824 836 2877 1593 1498 1053 737 1134 2363 5162 
441 2206 1844 1753 1230 2111 1042 1272 2574 1500 1578 1884 2848 1880 820 2827 1599 1481 1081 725 1146 2291 4982 
442 2237 1839 1769 1265 2102 1030 1260 2692 1526 1532 1905 2838 1944 756 2800 1591 1403 1098 709 1141 2330 4942 
443 2319 1796 1830 1246 2090 977 1220 2723 1566 1550 1914 2849 1987 756 2763 1590 1398 1094 690 1114 2380 4834 
444 2319 1788 1810 1252 2056 1013 1214 2833 1560 1563 1957 2773 2019 767 2708 1626 1379 1105 672 1117 2379 4708 
445 2318 1818 1817 1252 2003 995 1222 2868 1561 1552 1967 2714 2045 778 2682 1639 1310 1106 653 1136 2371 4776 
446 2404 1764 1768 1245 2062 1000 1227 2830 1557 1547 1981 2673 2059 793 2614 1672 1322 1115 662 1116 2375 4843 
447 2358 1773 1782 1238 2080 979 1222 2807 1566 1535 1893 2648 2116 807 2694 1673 1380 1105 649 1095 2401 4937 
448 2347 1765 1771 1198 2128 988 1228 2756 1547 1569 1855 2586 2164 820 2753 1700 1412 1101 637 1110 2401 5041 
449 2321 1761 1751 1187 2162 958 1216 2791 1499 1570 1828 2627 2114 838 2788 1690 1437 1113 609 1086 2440 5158 
450 2309 1746 1795 1171 2183 956 1182 2828 1500 1582 1867 2651 2087 837 2831 1724 1451 1107 616 1075 2447 5085 
451 2221 1808 1775 1147 2220 1003 1163 2815 1471 1596 1846 2727 2086 813 2883 1667 1479 1140 591 1123 2495 4975 
452 2141 1822 1778 1123 2189 1019 1158 2812 1441 1574 1815 2741 2083 829 2842 1670 1509 1156 548 1116 2536 4901 
453 2145 1836 1792 1130 2156 1001 1154 2762 1467 1560 1881 2795 2063 797 2773 1627 1557 1165 552 1129 2574 4798 
454 2112 1853 1797 1092 2128 1062 1133 2767 1466 1558 1883 2827 2017 787 2718 1610 1612 1174 519 1116 2617 4665 
455 2182 1805 1819 1112 2098 1023 1120 2780 1453 1537 1867 2898 1968 805 2687 1621 1584 1176 517 1155 2544 4732 
456 2222 1796 1799 1157 2097 1043 1098 2751 1448 1530 1858 2844 1988 800 2698 1642 1563 1196 503 1139 2487 4804 
457 2256 1758 1775 1171 2062 1037 1081 2763 1435 1517 1873 2732 2025 788 2716 1639 1538 1216 518 1143 2410 4869 
458 2315 1723 1824 1175 2012 1075 1026 2753 1450 1511 1833 2719 2046 774 2695 1617 1536 1197 535 1140 2380 4927 
459 2319 1704 1815 1198 2025 1063 1002 2744 1453 1539 1812 2665 2003 759 2728 1578 1547 1171 549 1175 2301 4957 
460 2362 1686 1862 1219 1952 1060 1002 2711 1454 1522 1818 2632 1980 751 2677 1522 1558 1130 567 1177 2336 5011 
461 2350 1734 1813 1235 1991 1091 988 2709 1484 1518 1773 2678 1956 740 2737 1515 1512 1130 571 1163 2352 5091 
462 2382 1767 1813 1199 2009 1109 998 2668 1481 1500 1779 2734 1942 755 2783 1517 1514 1112 607 1119 2394 5124 
463 2426 1809 1786 1199 2065 1095 966 2711 1477 1509 1739 2777 1976 751 2902 1451 1511 1076 615 1103 2451 5182 
464 2321 1900 1772 1196 2097 1077 959 2671 1517 1485 1699 2836 2067 735 2859 1432 1505 1051 611 1138 2448 5223 
465 2245 1981 1760 1182 2124 1098 954 2626 1561 1483 1716 2923 2105 702 2814 1445 1532 998 610 1118 2470 5250 
466 2200 1980 1725 1143 2212 1090 949 2573 1549 1471 1806 2820 2170 703 2764 1466 1537 1014 615 1119 2512 5351 
467 2146 2015 1736 1108 2158 1126 946 2552 1555 1489 1817 2764 2206 704 2743 1530 1518 1021 606 1093 2525 5288 
468 2180 1967 1675 1097 2145 1180 954 2582 1556 1560 1850 2733 2190 705 2719 1566 1492 1025 617 1102 2539 5098 
469 2228 1941 1666 1134 2098 1171 982 2655 1522 1576 1889 2726 2180 739 2635 1625 1455 1031 608 1101 2550 5035 
470 2288 1959 1657 1162 2090 1196 975 2688 1572 1537 1953 2663 2117 766 2732 1643 1447 1049 606 1065 2597 4885 
471 2366 1915 1634 1199 2052 1201 972 2669 1558 1515 1998 2756 2037 752 2770 1616 1432 1057 613 1080 2609 4806 
472 2409 1896 1636 1227 2032 1271 991 2674 1565 1500 1952 2838 2071 758 2820 1557 1445 1070 596 1063 2631 4705 
473 2441 1885 1658 1242 2018 1248 990 2638 1604 1544 1926 2881 2099 770 2863 1561 1460 1054 573 1041 2656 4729 
474 2363 1937 1681 1237 1983 1230 982 2622 1665 1563 1905 2944 2115 779 2884 1541 1435 1030 581 1059 2646 4789 
475 2354 1935 1701 1235 1961 1205 984 2626 1643 1572 1857 2977 2151 774 2836 1556 1424 995 570 1024 2693 4876 
476 2347 1949 1691 1215 1955 1233 1004 2604 1699 1582 1855 2871 2224 803 2815 1555 1377 961 602 1074 2594 4874 
477 2307 1987 1701 1184 2028 1215 994 2527 1685 1576 1852 2860 2252 810 2831 1515 1445 987 627 1078 2549 4937 
478 2277 1974 1656 1165 2112 1254 964 2605 1665 1566 1844 2775 2260 806 2864 1483 1486 958 640 1101 2468 4970 
479 2261 1973 1700 1151 2163 1225 980 2660 1661 1580 1861 2700 2297 823 2880 1489 1514 929 660 1086 2417 5038 
480 2219 1995 1653 1139 2281 1215 994 2737 1624 1594 1862 2679 2310 852 2842 1533 1531 909 645 1037 2508 5109 
481 2219 1982 1664 1187 2186 1213 1003 2790 1599 1563 1914 2707 2310 879 2741 1582 1566 923 629 1043 2563 5198 
482 2254 1953 1684 1184 2177 1237 984 2788 1578 1570 1924 2601 2402 860 2707 1621 1548 924 635 1046 2610 5233 
483 2289 1958 1704 1184 2132 1241 985 2787 1556 1577 1895 2691 2380 864 2674 1642 1490 950 654 1032 2638 5269 
484 2369 1907 1745 1131 2120 1247 951 2768 1556 1545 1869 2773 2310 890 2609 1675 1486 1007 626 1025 2672 5330 
485 2430 1902 1790 1127 2146 1171 988 2753 1545 1532 1812 2803 2286 846 2709 1710 1440 1036 600 1053 2597 5210 
486 2500 1880 1779 1150 2132 1151 1015 2745 1546 1530 1812 2846 2227 827 2764 1674 1481 1076 599 1055 2559 5093 
487 2429 1932 1799 1152 2137 1149 1029 2677 1583 1506 1898 2853 2152 834 2850 1654 1502 1053 590 1081 2514 4899 
488 2433 1961 1772 1171 2082 1174 998 2685 1561 1484 1865 2861 2166 848 2890 1617 1532 1027 595 1119 2461 4736 
489 2382 1975 1783 1148 2064 1186 947 2680 1622 1451 1857 2916 2154 855 2883 1616 1608 987 594 1107 2441 4768 
490 2380 1942 1781 1141 2007 1230 936 2663 1647 1436 1849 2997 2149 849 2897 1636 1604 961 609 1132 2407 4864 
491 2378 1952 1815 1157 1954 1206 965 2642 1613 1401 1872 2941 2178 831 2946 1614 1604 937 628 1146 2362 4933 
492 2366 1924 1839 1158 1898 1184 994 2618 1627 1406 1901 2901 2174 805 3013 1582 1606 922 659 1137 2399 4942 
493 2253 2021 1862 1149 1918 1140 974 2633 1640 1368 1938 2902 2192 817 2931 1493 1577 897 677 1193 2404 5019 
494 2255 2011 1850 1131 1975 1139 989 2574 1634 1349 1977 2861 2172 837 2912 1547 1582 869 700 1193 2413 5104 
495 2223 2025 1829 1110 2033 1119 1009 2593 1587 1345 1980 2867 2165 865 2875 1590 1532 865 673 1183 2432 5218 
496 2184 2034 1810 1093 2109 1083 1013 2519 1621 1331 1991 2806 2117 902 2880 1615 1517 887 660 1155 2459 5281 
497 2185 2053 1808 1054 2152 1118 1003 2644 1636 1334 2007 2826 2071 926 2848 1679 1495 905 670 1138 2500 5085 
498 2182 2050 1813 1059 2133 1144 980 2746 1613 1338 2076 2732 2100 938 2827 1712 1447 934 672 1130 2522 4980 
499 2157 2089 1793 1056 2124 1156 938 2872 1645 1338 2111 2701 2061 993 2792 1766 1438 926 650 1143 2543 4823 