0 0.000 0.027 0.000 0.000 0.000 0.333 0.130 0.000 0.089 0.067 0.000 0.000 0.000 0.000 0.000 0.000 0.000 0.000 0.000 0.000 0.000 0.717 
1 0.000 0.027 0.385 0.000 0.000 0.333 0.288 0.025 0.101 0.079 0.000 0.000 0.000 0.000 0.000 0.000 0.000 0.000 0.000 0.000 0.000 0.711 
2 0.000 0.057 0.358 0.000 0.000 0.692 0.311 0.076 0.102 0.085 0.028 0.000 0.000 0.000 0.000 0.000 0.000 0.000 0.000 0.000 0.000 0.709 
3 0.000 0.055 0.378 0.000 0.000 0.708 0.302 0.126 0.141 0.091 0.051 0.000 0.000 0.000 0.000 0.000 0.000 0.000 0.000 0.000 0.000 0.709 
4 0.000 0.058 0.343 0.000 0.000 0.667 0.438 0.146 0.140 0.161 0.075 0.000 0.000 0.000 0.000 0.000 0.000 0.000 0.000 0.000 0.000 0.708 
5 0.000 0.059 0.448 0.000 0.000 0.636 0.427 0.145 0.132 0.167 0.075 0.000 0.000 0.000 0.000 0.000 0.000 0.000 0.000 0.000 0.000 0.708 
6 0.000 0.072 0.442 0.000 0.000 0.667 0.407 0.138 0.138 0.171 0.078 0.000 0.000 0.000 0.000 0.000 0.000 0.000 0.000 0.000 0.000 0.703 
7 0.000 0.073 0.420 0.000 0.000 0.702 0.457 0.146 0.158 0.174 0.077 0.000 0.000 0.000 0.000 0.000 0.000 0.000 0.000 0.000 0.000 0.698 
8 0.000 0.074 0.480 0.000 0.000 0.756 0.479 0.145 0.156 0.174 0.071 0.000 0.000 0.000 0.000 0.000 0.000 0.000 0.000 0.000 0.000 0.697 
9 0.000 0.072 0.462 0.000 0.000 0.732 0.515 0.133 0.153 0.175 0.069 0.000 0.000 0.000 0.000 0.000 0.000 0.000 0.000 0.000 0.000 0.700 
10 0.000 0.070 0.453 0.000 0.000 0.682 0.525 0.141 0.156 0.164 0.072 0.000 0.000 0.000 0.000 0.000 0.000 0.000 0.000 0.000 0.000 0.696 
11 0.000 0.068 0.376 0.043 0.000 0.689 0.531 0.156 0.136 0.164 0.077 0.000 0.000 0.000 0.000 0.000 0.000 0.000 0.000 0.000 0.000 0.701 
12 0.000 0.068 0.373 0.043 0.006 0.698 0.536 0.159 0.131 0.172 0.074 0.000 0.000 0.000 0.000 0.000 0.000 0.000 0.000 0.000 0.000 0.695 
13 0.000 0.067 0.376 0.043 0.006 0.769 0.510 0.207 0.124 0.166 0.069 0.000 0.000 0.000 0.000 0.000 0.000 0.000 0.000 0.000 0.000 0.698 
14 0.000 0.065 0.401 0.057 0.023 0.731 0.495 0.203 0.120 0.168 0.064 0.000 0.000 0.000 0.000 0.000 0.000 0.000 0.000 0.000 0.000 0.700 
15 0.000 0.061 0.405 0.055 0.022 0.738 0.468 0.228 0.202 0.204 0.094 0.000 0.000 0.000 0.000 0.000 0.000 0.000 0.000 0.000 0.000 0.699 
16 0.000 0.061 0.420 0.057 0.022 0.710 0.529 0.230 0.206 0.216 0.133 0.000 0.000 0.000 0.000 0.000 0.000 0.000 0.000 0.000 0.000 0.703 
17 0.000 0.089 0.509 0.054 0.022 0.682 0.578 0.229 0.217 0.211 0.191 0.000 0.000 0.000 0.000 0.000 0.000 0.000 0.000 0.000 0.000 0.706 
18 0.000 0.087 0.518 0.063 0.022 0.706 0.591 0.224 0.235 0.208 0.192 0.000 0.000 0.000 0.000 0.000 0.000 0.000 0.000 0.000 0.000 0.706 
19 0.000 0.084 0.561 0.061 0.022 0.700 0.578 0.228 0.236 0.244 0.191 0.000 0.000 0.000 0.000 0.000 0.004 0.000 0.000 0.000 0.000 0.706 
20 0.000 0.082 0.555 0.070 0.021 0.694 0.590 0.240 0.229 0.263 0.199 0.000 0.000 0.000 0.000 0.000 0.004 0.000 0.000 0.000 0.000 0.704 
21 0.000 0.083 0.540 0.083 0.021 0.753 0.593 0.246 0.226 0.258 0.224 0.000 0.000 0.000 0.000 0.000 0.004 0.000 0.000 0.000 0.000 0.700 
22 0.008 0.076 0.508 0.084 0.021 0.779 0.580 0.249 0.227 0.255 0.232 0.000 0.000 0.000 0.000 0.000 0.004 0.000 0.000 0.000 0.000 0.700 
23 0.008 0.077 0.494 0.083 0.020 0.800 0.569 0.245 0.238 0.259 0.216 0.000 0.000 0.000 0.000 0.000 0.004 0.000 0.000 0.000 0.000 0.704 
24 0.004 0.078 0.488 0.094 0.020 0.786 0.590 0.239 0.246 0.245 0.233 0.000 0.000 0.000 0.000 0.000 0.004 0.000 0.000 0.000 0.000 0.702 
25 0.004 0.077 0.486 0.086 0.020 0.770 0.583 0.237 0.276 0.234 0.236 0.000 0.000 0.000 0.000 0.000 0.004 0.000 0.000 0.000 0.000 0.698 
26 0.004 0.080 0.486 0.085 0.020 0.730 0.581 0.237 0.274 0.224 0.231 0.000 0.000 0.000 0.000 0.000 0.004 0.000 0.000 0.000 0.000 0.694 
27 0.000 0.082 0.508 0.097 0.020 0.733 0.554 0.255 0.303 0.226 0.230 0.000 0.000 0.000 0.000 0.000 0.004 0.000 0.000 0.000 0.000 0.696 
28 0.000 0.079 0.515 0.098 0.020 0.696 0.561 0.257 0.308 0.232 0.256 0.000 0.000 0.000 0.000 0.000 0.004 0.000 0.000 0.000 0.000 0.707 
29 0.000 0.091 0.523 0.086 0.015 0.714 0.592 0.267 0.307 0.234 0.270 0.000 0.000 0.000 0.000 0.000 0.004 0.000 0.000 0.000 0.000 0.710 
30 0.000 0.091 0.551 0.100 0.015 0.740 0.615 0.254 0.349 0.246 0.273 0.000 0.000 0.000 0.000 0.000 0.004 0.000 0.000 0.000 0.000 0.708 
31 0.000 0.090 0.528 0.098 0.015 0.786 0.615 0.262 0.352 0.274 0.294 0.000 0.000 0.000 0.000 0.000 0.004 0.000 0.000 0.000 0.000 0.707 
32 0.000 0.097 0.519 0.096 0.015 0.765 0.596 0.267 0.346 0.271 0.297 0.000 0.000 0.000 0.000 0.000 0.003 0.000 0.000 0.000 0.000 0.704 
33 0.000 0.094 0.537 0.098 0.015 0.778 0.615 0.260 0.337 0.267 0.294 0.000 0.000 0.000 0.000 0.000 0.003 0.000 0.000 0.000 0.000 0.695 
34 0.000 0.097 0.518 0.106 0.015 0.754 0.619 0.256 0.343 0.252 0.286 0.000 0.000 0.000 0.000 0.000 0.003 0.000 0.000 0.000 0.000 0.690 
35 0.000 0.097 0.550 0.105 0.015 0.767 0.606 0.258 0.357 0.245 0.291 0.000 0.000 0.000 0.000 0.000 0.003 0.000 0.000 0.000 0.000 0.681 
36 0.000 0.097 0.556 0.105 0.015 0.739 0.607 0.264 0.345 0.235 0.312 0.000 0.000 0.000 0.000 0.000 0.000 0.000 0.000 0.000 0.000 0.681 
37 0.000 0.097 0.542 0.100 0.015 0.699 0.605 0.258 0.339 0.243 0.318 0.000 0.000 0.000 0.000 0.000 0.010 0.000 0.000 0.000 0.000 0.681 
38 0.000 0.118 0.532 0.100 0.014 0.697 0.621 0.276 0.354 0.257 0.374 0.000 0.000 0.000 0.000 0.000 0.010 0.000 0.000 0.000 0.000 0.684 
39 0.007 0.125 0.548 0.095 0.014 0.729 0.617 0.305 0.356 0.262 0.388 0.000 0.000 0.000 0.000 0.000 0.010 0.000 0.000 0.000 0.000 0.686 
40 0.003 0.140 0.561 0.093 0.014 0.727 0.596 0.302 0.359 0.258 0.400 0.000 0.000 0.000 0.000 0.000 0.010 0.000 0.000 0.000 0.000 0.690 
41 0.003 0.138 0.587 0.100 0.014 0.724 0.609 0.309 0.373 0.255 0.412 0.000 0.000 0.000 0.000 0.000 0.010 0.000 0.000 0.000 0.000 0.695 
42 0.003 0.140 0.587 0.103 0.014 0.704 0.618 0.308 0.381 0.250 0.412 0.000 0.000 0.000 0.000 0.000 0.010 0.000 0.000 0.000 0.000 0.696 
43 0.003 0.134 0.568 0.100 0.014 0.720 0.603 0.305 0.382 0.268 0.398 0.000 0.000 0.000 0.000 0.000 0.013 0.000 0.000 0.000 0.000 0.697 
44 0.003 0.135 0.561 0.107 0.014 0.744 0.589 0.303 0.403 0.263 0.403 0.000 0.000 0.000 0.000 0.000 0.013 0.000 0.000 0.000 0.000 0.692 
45 0.003 0.123 0.554 0.105 0.014 0.741 0.570 0.305 0.396 0.264 0.418 0.000 0.000 0.000 0.000 0.000 0.013 0.000 0.000 0.000 0.000 0.693 
46 0.006 0.130 0.544 0.110 0.013 0.734 0.576 0.301 0.414 0.260 0.406 0.000 0.000 0.000 0.000 0.000 0.013 0.000 0.000 0.000 0.000 0.704 
47 0.006 0.132 0.555 0.122 0.013 0.714 0.585 0.318 0.396 0.277 0.402 0.000 0.000 0.000 0.000 0.000 0.013 0.000 0.000 0.000 0.000 0.703 
48 0.007 0.136 0.564 0.128 0.013 0.674 0.597 0.316 0.390 0.274 0.396 0.000 0.000 0.000 0.000 0.000 0.013 0.000 0.000 0.000 0.000 0.703 
49 0.010 0.134 0.558 0.130 0.009 0.688 0.594 0.318 0.380 0.280 0.398 0.000 0.000 0.000 0.000 0.000 0.017 0.000 0.000 0.000 0.000 0.706 
50 0.010 0.131 0.559 0.129 0.013 0.689 0.591 0.314 0.385 0.279 0.400 0.000 0.000 0.000 0.000 0.000 0.013 0.000 0.000 0.000 0.000 0.709 
51 0.010 0.132 0.562 0.140 0.034 0.685 0.598 0.314 0.393 0.298 0.394 0.000 0.000 0.000 0.000 0.000 0.012 0.000 0.000 0.000 0.000 0.707 
52 0.009 0.134 0.558 0.140 0.034 0.683 0.625 0.312 0.380 0.301 0.403 0.000 0.000 0.000 0.000 0.000 0.013 0.000 0.000 0.000 0.000 0.706 
53 0.010 0.130 0.558 0.138 0.038 0.673 0.627 0.313 0.387 0.299 0.414 0.000 0.000 0.000 0.000 0.000 0.009 0.000 0.000 0.000 0.000 0.702 
54 0.006 0.132 0.560 0.137 0.042 0.665 0.621 0.320 0.368 0.292 0.410 0.000 0.000 0.000 0.000 0.000 0.009 0.000 0.000 0.000 0.000 0.699 
55 0.006 0.133 0.575 0.130 0.041 0.679 0.610 0.333 0.398 0.289 0.430 0.000 0.000 0.000 0.000 0.000 0.012 0.000 0.000 0.000 0.000 0.693 
56 0.007 0.133 0.603 0.163 0.037 0.646 0.598 0.334 0.404 0.294 0.426 0.000 0.000 0.000 0.000 0.000 0.012 0.000 0.000 0.000 0.000 0.694 
57 0.007 0.165 0.606 0.152 0.033 0.674 0.602 0.354 0.405 0.296 0.434 0.000 0.000 0.000 0.000 0.000 0.009 0.000 0.000 0.000 0.000 0.695 
58 0.006 0.170 0.625 0.145 0.033 0.709 0.627 0.363 0.408 0.289 0.437 0.000 0.000 0.000 0.000 0.000 0.009 0.000 0.000 0.000 0.000 0.692 
59 0.016 0.169 0.624 0.142 0.025 0.702 0.610 0.365 0.416 0.276 0.436 0.000 0.000 0.000 0.000 0.000 0.009 0.000 0.000 0.000 0.000 0.697 
60 0.010 0.178 0.617 0.146 0.025 0.675 0.583 0.374 0.428 0.274 0.425 0.000 0.000 0.000 0.000 0.000 0.008 0.000 0.000 0.000 0.000 0.694 
61 0.010 0.177 0.622 0.172 0.025 0.687 0.567 0.366 0.426 0.277 0.426 0.000 0.000 0.000 0.000 0.000 0.008 0.000 0.000 0.000 0.000 0.692 
62 0.010 0.175 0.622 0.161 0.024 0.684 0.563 0.373 0.410 0.300 0.415 0.000 0.000 0.000 0.000 0.000 0.008 0.000 0.000 0.000 0.000 0.686 
63 0.010 0.182 0.620 0.151 0.029 0.672 0.544 0.373 0.410 0.301 0.417 0.000 0.000 0.000 0.000 0.000 0.009 0.000 0.000 0.000 0.000 0.685 
64 0.022 0.169 0.601 0.160 0.028 0.656 0.543 0.372 0.415 0.301 0.399 0.000 0.000 0.000 0.000 0.000 0.009 0.000 0.000 0.000 0.000 0.684 
65 0.019 0.172 0.592 0.163 0.024 0.666 0.543 0.370 0.430 0.298 0.400 0.000 0.000 0.000 0.000 0.000 0.008 0.000 0.000 0.000 0.000 0.681 
66 0.016 0.166 0.586 0.168 0.023 0.670 0.554 0.379 0.424 0.309 0.407 0.000 0.000 0.000 0.000 0.000 0.006 0.000 0.000 0.000 0.000 0.681 
67 0.013 0.166 0.585 0.146 0.030 0.673 0.561 0.375 0.452 0.303 0.400 0.000 0.000 0.000 0.000 0.000 0.005 0.000 0.000 0.000 0.000 0.685 
68 0.013 0.163 0.589 0.152 0.030 0.669 0.580 0.383 0.447 0.312 0.400 0.000 0.000 0.000 0.036 0.000 0.005 0.000 0.000 0.000 0.000 0.686 
69 0.013 0.171 0.591 0.147 0.037 0.665 0.590 0.390 0.450 0.319 0.396 0.000 0.000 0.000 0.034 0.000 0.008 0.000 0.000 0.000 0.000 0.696 
70 0.009 0.173 0.591 0.147 0.042 0.682 0.590 0.395 0.455 0.323 0.397 0.000 0.000 0.000 0.034 0.000 0.008 0.000 0.000 0.000 0.000 0.701 
71 0.010 0.166 0.608 0.133 0.031 0.658 0.608 0.393 0.457 0.321 0.404 0.000 0.000 0.000 0.034 0.000 0.008 0.000 0.000 0.000 0.000 0.707 
72 0.007 0.160 0.607 0.133 0.035 0.653 0.608 0.397 0.456 0.344 0.410 0.000 0.000 0.000 0.034 0.000 0.008 0.000 0.000 0.000 0.000 0.706 
73 0.007 0.159 0.608 0.131 0.035 0.658 0.604 0.400 0.441 0.342 0.406 0.000 0.000 0.000 0.036 0.000 0.008 0.000 0.000 0.000 0.000 0.713 
74 0.007 0.160 0.600 0.136 0.028 0.669 0.596 0.397 0.433 0.342 0.410 0.000 0.000 0.000 0.037 0.000 0.008 0.000 0.000 0.000 0.000 0.708 
75 0.010 0.161 0.592 0.145 0.025 0.681 0.607 0.393 0.436 0.354 0.411 0.000 0.000 0.000 0.036 0.000 0.029 0.000 0.000 0.000 0.000 0.707 
76 0.010 0.155 0.595 0.149 0.024 0.680 0.600 0.403 0.431 0.359 0.408 0.000 0.000 0.000 0.043 0.000 0.047 0.000 0.000 0.000 0.000 0.709 
77 0.006 0.158 0.599 0.137 0.027 0.660 0.614 0.406 0.424 0.355 0.408 0.000 0.000 0.000 0.044 0.000 0.047 0.000 0.000 0.000 0.000 0.707 
78 0.006 0.157 0.592 0.136 0.026 0.654 0.604 0.399 0.441 0.349 0.411 0.000 0.000 0.000 0.051 0.000 0.080 0.000 0.000 0.000 0.000 0.699 
79 0.006 0.157 0.592 0.140 0.033 0.653 0.615 0.395 0.434 0.349 0.408 0.000 0.000 0.000 0.052 0.000 0.091 0.000 0.000 0.000 0.000 0.703 
80 0.006 0.156 0.586 0.129 0.032 0.670 0.611 0.386 0.446 0.343 0.412 0.000 0.000 0.000 0.052 0.000 0.093 0.000 0.000 0.000 0.000 0.698 
81 0.003 0.155 0.589 0.125 0.036 0.665 0.609 0.392 0.451 0.338 0.414 0.000 0.000 0.000 0.031 0.000 0.091 0.000 0.000 0.000 0.000 0.692 
82 0.003 0.158 0.592 0.133 0.035 0.654 0.604 0.396 0.439 0.341 0.417 0.000 0.000 0.000 0.021 0.000 0.122 0.000 0.000 0.000 0.000 0.689 
83 0.003 0.159 0.584 0.127 0.035 0.657 0.617 0.397 0.433 0.340 0.431 0.000 0.000 0.000 0.014 0.000 0.122 0.000 0.000 0.000 0.000 0.687 
84 0.003 0.162 0.589 0.129 0.033 0.648 0.614 0.398 0.434 0.342 0.445 0.000 0.000 0.000 0.014 0.000 0.120 0.000 0.000 0.000 0.000 0.684 
85 0.003 0.162 0.587 0.113 0.054 0.656 0.597 0.405 0.439 0.356 0.437 0.002 0.000 0.000 0.014 0.000 0.123 0.000 0.000 0.000 0.000 0.689 
86 0.009 0.161 0.575 0.105 0.047 0.652 0.597 0.405 0.438 0.357 0.434 0.002 0.000 0.000 0.014 0.000 0.124 0.000 0.000 0.000 0.000 0.698 
87 0.009 0.159 0.572 0.113 0.046 0.630 0.584 0.414 0.432 0.363 0.426 0.002 0.000 0.000 0.014 0.000 0.129 0.000 0.000 0.000 0.000 0.698 
88 0.009 0.153 0.573 0.113 0.041 0.632 0.568 0.417 0.431 0.361 0.429 0.002 0.000 0.000 0.014 0.000 0.126 0.000 0.000 0.000 0.000 0.695 
89 0.009 0.156 0.572 0.118 0.036 0.636 0.570 0.417 0.429 0.364 0.424 0.002 0.000 0.000 0.013 0.000 0.131 0.000 0.000 0.000 0.000 0.699 
90 0.013 0.157 0.580 0.128 0.068 0.606 0.554 0.420 0.441 0.363 0.428 0.002 0.000 0.000 0.013 0.000 0.157 0.000 0.000 0.000 0.000 0.700 
91 0.013 0.160 0.579 0.121 0.062 0.598 0.551 0.428 0.447 0.349 0.426 0.002 0.000 0.000 0.006 0.000 0.162 0.000 0.000 0.000 0.000 0.701 
92 0.012 0.155 0.562 0.118 0.062 0.607 0.544 0.437 0.443 0.347 0.418 0.002 0.000 0.000 0.006 0.000 0.156 0.000 0.000 0.000 0.000 0.704 
93 0.012 0.160 0.570 0.126 0.064 0.622 0.546 0.427 0.446 0.342 0.427 0.012 0.000 0.000 0.007 0.000 0.152 0.000 0.000 0.000 0.000 0.702 
94 0.012 0.160 0.557 0.123 0.063 0.624 0.550 0.427 0.443 0.338 0.420 0.012 0.000 0.000 0.037 0.000 0.147 0.000 0.000 0.000 0.000 0.701 
95 0.012 0.162 0.557 0.127 0.065 0.632 0.565 0.430 0.439 0.325 0.419 0.037 0.000 0.000 0.042 0.000 0.146 0.000 0.000 0.000 0.000 0.701 
96 0.012 0.168 0.561 0.112 0.063 0.640 0.565 0.433 0.440 0.325 0.422 0.047 0.000 0.000 0.087 0.000 0.151 0.005 0.000 0.000 0.000 0.699 
97 0.006 0.170 0.555 0.107 0.067 0.655 0.564 0.432 0.456 0.325 0.423 0.047 0.000 0.000 0.128 0.000 0.153 0.005 0.000 0.000 0.000 0.702 
98 0.006 0.174 0.554 0.114 0.067 0.667 0.571 0.430 0.465 0.327 0.446 0.047 0.000 0.000 0.126 0.000 0.159 0.005 0.000 0.000 0.000 0.705 
99 0.006 0.174 0.549 0.118 0.063 0.658 0.582 0.433 0.498 0.314 0.442 0.046 0.000 0.000 0.121 0.000 0.167 0.005 0.000 0.000 0.000 0.702 
100 0.006 0.171 0.559 0.117 0.059 0.658 0.589 0.436 0.489 0.323 0.439 0.045 0.000 0.000 0.133 0.000 0.168 0.005 0.000 0.000 0.000 0.705 
101 0.006 0.172 0.565 0.120 0.060 0.658 0.586 0.434 0.482 0.318 0.438 0.044 0.000 0.000 0.130 0.000 0.183 0.004 0.000 0.000 0.000 0.710 
102 0.003 0.179 0.566 0.129 0.058 0.658 0.586 0.429 0.470 0.322 0.447 0.040 0.000 0.000 0.116 0.000 0.181 0.004 0.000 0.000 0.000 0.702 
103 0.003 0.173 0.562 0.133 0.060 0.652 0.583 0.429 0.472 0.334 0.442 0.040 0.000 0.000 0.107 0.000 0.184 0.004 0.000 0.000 0.000 0.698 
104 0.003 0.178 0.547 0.134 0.086 0.648 0.569 0.433 0.466 0.326 0.440 0.042 0.000 0.000 0.117 0.000 0.181 0.004 0.000 0.000 0.000 0.700 
105 0.003 0.176 0.546 0.130 0.113 0.651 0.568 0.435 0.473 0.328 0.446 0.038 0.000 0.000 0.117 0.000 0.181 0.004 0.000 0.000 0.000 0.698 
106 0.003 0.179 0.538 0.136 0.122 0.635 0.571 0.434 0.471 0.329 0.444 0.042 0.000 0.000 0.119 0.000 0.186 0.004 0.000 0.000 0.000 0.691 
107 0.003 0.185 0.532 0.137 0.138 0.631 0.569 0.441 0.447 0.344 0.433 0.056 0.000 0.000 0.143 0.000 0.181 0.006 0.000 0.000 0.000 0.691 
108 0.003 0.192 0.529 0.143 0.137 0.648 0.577 0.443 0.453 0.351 0.428 0.047 0.000 0.000 0.162 0.000 0.171 0.004 0.000 0.000 0.000 0.685 
109 0.003 0.189 0.536 0.136 0.134 0.647 0.578 0.450 0.467 0.345 0.433 0.045 0.000 0.000 0.177 0.000 0.169 0.004 0.000 0.000 0.000 0.687 
110 0.003 0.186 0.541 0.134 0.137 0.656 0.585 0.455 0.460 0.349 0.429 0.049 0.000 0.000 0.190 0.000 0.176 0.004 0.000 0.000 0.000 0.695 
111 0.003 0.196 0.541 0.135 0.158 0.632 0.589 0.439 0.456 0.353 0.421 0.067 0.000 0.000 0.192 0.000 0.168 0.005 0.036 0.000 0.000 0.697 
112 0.003 0.217 0.547 0.137 0.145 0.631 0.600 0.435 0.460 0.366 0.415 0.062 0.000 0.000 0.228 0.000 0.166 0.005 0.034 0.000 0.000 0.699 
113 0.000 0.211 0.559 0.131 0.162 0.636 0.594 0.424 0.456 0.359 0.419 0.061 0.000 0.000 0.222 0.000 0.166 0.005 0.031 0.000 0.000 0.703 
114 0.010 0.208 0.565 0.121 0.192 0.632 0.591 0.422 0.460 0.352 0.425 0.056 0.000 0.000 0.217 0.000 0.163 0.005 0.030 0.000 0.000 0.703 
115 0.011 0.203 0.564 0.126 0.197 0.635 0.581 0.417 0.452 0.343 0.429 0.054 0.000 0.000 0.210 0.000 0.175 0.005 0.033 0.000 0.000 0.704 
116 0.036 0.213 0.567 0.156 0.194 0.636 0.574 0.424 0.460 0.345 0.432 0.051 0.000 0.000 0.225 0.000 0.187 0.005 0.031 0.000 0.000 0.700 
117 0.037 0.209 0.575 0.148 0.191 0.626 0.582 0.423 0.454 0.350 0.419 0.047 0.000 0.000 0.236 0.000 0.191 0.011 0.028 0.000 0.000 0.698 
118 0.036 0.213 0.572 0.157 0.201 0.645 0.586 0.437 0.457 0.344 0.430 0.048 0.000 0.000 0.251 0.000 0.191 0.009 0.030 0.000 0.000 0.697 
119 0.060 0.210 0.567 0.154 0.189 0.651 0.593 0.440 0.446 0.359 0.422 0.047 0.000 0.000 0.263 0.000 0.195 0.009 0.031 0.000 0.000 0.695 
120 0.063 0.214 0.563 0.161 0.182 0.632 0.603 0.438 0.445 0.357 0.421 0.047 0.000 0.000 0.263 0.000 0.193 0.009 0.035 0.000 0.000 0.700 
121 0.065 0.213 0.555 0.159 0.181 0.626 0.598 0.435 0.450 0.358 0.420 0.058 0.000 0.000 0.267 0.000 0.190 0.009 0.032 0.000 0.000 0.700 
122 0.057 0.217 0.562 0.152 0.187 0.627 0.613 0.439 0.452 0.360 0.421 0.057 0.000 0.000 0.264 0.000 0.197 0.009 0.033 0.000 0.000 0.699 
123 0.058 0.215 0.560 0.150 0.183 0.632 0.616 0.444 0.444 0.371 0.408 0.070 0.000 0.000 0.258 0.000 0.203 0.009 0.032 0.000 0.000 0.700 
124 0.064 0.209 0.555 0.162 0.197 0.634 0.601 0.455 0.447 0.384 0.420 0.064 0.000 0.000 0.256 0.000 0.199 0.011 0.031 0.000 0.000 0.700 
125 0.065 0.214 0.554 0.165 0.200 0.641 0.595 0.456 0.451 0.399 0.430 0.068 0.000 0.000 0.251 0.000 0.199 0.011 0.026 0.000 0.000 0.706 
126 0.066 0.217 0.572 0.157 0.200 0.640 0.601 0.451 0.460 0.418 0.427 0.072 0.000 0.000 0.250 0.000 0.198 0.010 0.023 0.000 0.000 0.713 
127 0.071 0.221 0.561 0.144 0.196 0.652 0.603 0.455 0.462 0.407 0.439 0.075 0.000 0.000 0.255 0.014 0.196 0.010 0.020 0.000 0.000 0.712 
128 0.072 0.219 0.558 0.142 0.203 0.655 0.613 0.459 0.449 0.400 0.460 0.073 0.000 0.000 0.259 0.013 0.193 0.011 0.020 0.000 0.000 0.711 
129 0.071 0.218 0.545 0.187 0.200 0.669 0.622 0.451 0.453 0.404 0.458 0.078 0.000 0.000 0.248 0.013 0.192 0.013 0.030 0.000 0.000 0.710 
130 0.072 0.223 0.542 0.196 0.193 0.655 0.630 0.448 0.453 0.406 0.450 0.083 0.000 0.000 0.255 0.013 0.188 0.023 0.046 0.001 0.000 0.703 
131 0.070 0.226 0.554 0.198 0.192 0.645 0.634 0.448 0.449 0.416 0.438 0.083 0.000 0.000 0.259 0.013 0.198 0.023 0.056 0.001 0.000 0.695 
132 0.067 0.225 0.548 0.207 0.189 0.637 0.623 0.445 0.449 0.407 0.443 0.081 0.000 0.000 0.264 0.012 0.203 0.019 0.049 0.001 0.000 0.691 
133 0.066 0.222 0.538 0.207 0.193 0.633 0.613 0.449 0.452 0.403 0.437 0.082 0.000 0.000 0.261 0.013 0.204 0.022 0.046 0.001 0.000 0.693 
134 0.070 0.217 0.543 0.228 0.199 0.627 0.611 0.445 0.436 0.400 0.430 0.081 0.000 0.000 0.263 0.013 0.206 0.022 0.048 0.001 0.000 0.693 
135 0.065 0.224 0.548 0.230 0.201 0.637 0.603 0.446 0.437 0.396 0.421 0.079 0.000 0.000 0.254 0.013 0.203 0.019 0.047 0.002 0.000 0.700 
136 0.068 0.219 0.548 0.274 0.200 0.627 0.615 0.444 0.442 0.396 0.436 0.091 0.000 0.000 0.254 0.016 0.212 0.019 0.044 0.002 0.000 0.697 
137 0.071 0.218 0.551 0.275 0.201 0.618 0.616 0.445 0.433 0.393 0.434 0.091 0.001 0.000 0.261 0.015 0.218 0.020 0.049 0.001 0.000 0.699 
138 0.070 0.217 0.550 0.285 0.203 0.612 0.623 0.448 0.443 0.396 0.442 0.092 0.001 0.000 0.267 0.017 0.211 0.022 0.043 0.001 0.000 0.702 
139 0.065 0.214 0.557 0.283 0.220 0.609 0.630 0.463 0.441 0.402 0.446 0.092 0.001 0.000 0.281 0.020 0.208 0.035 0.047 0.001 0.000 0.702 
140 0.074 0.219 0.547 0.300 0.212 0.620 0.617 0.464 0.442 0.421 0.438 0.089 0.001 0.000 0.281 0.020 0.206 0.037 0.048 0.001 0.000 0.706 
141 0.075 0.227 0.529 0.305 0.232 0.622 0.614 0.462 0.434 0.421 0.436 0.087 0.001 0.000 0.278 0.019 0.208 0.037 0.048 0.001 0.000 0.705 
142 0.080 0.222 0.533 0.298 0.237 0.607 0.613 0.460 0.442 0.427 0.439 0.085 0.000 0.000 0.289 0.016 0.203 0.037 0.042 0.001 0.000 0.705 
143 0.084 0.222 0.536 0.281 0.245 0.599 0.615 0.462 0.445 0.423 0.434 0.085 0.000 0.000 0.289 0.016 0.209 0.034 0.042 0.001 0.000 0.711 
144 0.087 0.210 0.534 0.278 0.252 0.594 0.599 0.465 0.461 0.418 0.435 0.084 0.000 0.000 0.274 0.028 0.206 0.031 0.045 0.001 0.000 0.709 
145 0.092 0.211 0.515 0.314 0.256 0.586 0.593 0.465 0.468 0.419 0.436 0.082 0.000 0.000 0.266 0.025 0.209 0.031 0.041 0.002 0.000 0.709 
146 0.091 0.211 0.513 0.311 0.251 0.593 0.581 0.465 0.465 0.436 0.436 0.095 0.004 0.000 0.262 0.025 0.209 0.033 0.038 0.002 0.000 0.707 
147 0.085 0.206 0.507 0.319 0.261 0.582 0.593 0.463 0.468 0.439 0.436 0.095 0.002 0.000 0.248 0.024 0.215 0.031 0.035 0.002 0.000 0.711 
148 0.084 0.206 0.511 0.319 0.268 0.595 0.595 0.464 0.478 0.441 0.439 0.101 0.002 0.000 0.253 0.023 0.216 0.039 0.038 0.001 0.000 0.709 
149 0.082 0.202 0.512 0.321 0.284 0.606 0.604 0.463 0.475 0.435 0.425 0.104 0.002 0.000 0.251 0.023 0.214 0.040 0.037 0.001 0.000 0.702 
150 0.082 0.208 0.515 0.323 0.283 0.613 0.609 0.472 0.472 0.445 0.418 0.114 0.002 0.000 0.247 0.025 0.210 0.038 0.038 0.001 0.000 0.692 
151 0.082 0.209 0.513 0.327 0.281 0.612 0.614 0.478 0.478 0.439 0.425 0.113 0.002 0.000 0.254 0.028 0.203 0.038 0.046 0.001 0.000 0.691 
152 0.078 0.215 0.526 0.326 0.297 0.624 0.630 0.472 0.478 0.439 0.431 0.111 0.002 0.000 0.238 0.030 0.212 0.035 0.043 0.001 0.000 0.695 
153 0.081 0.219 0.518 0.338 0.296 0.625 0.636 0.472 0.485 0.434 0.424 0.110 0.002 0.000 0.243 0.031 0.217 0.034 0.043 0.001 0.000 0.694 
154 0.088 0.229 0.523 0.324 0.295 0.620 0.629 0.477 0.485 0.440 0.427 0.111 0.002 0.000 0.249 0.033 0.229 0.034 0.041 0.001 0.000 0.694 
155 0.091 0.225 0.522 0.316 0.300 0.629 0.619 0.482 0.498 0.438 0.432 0.112 0.002 0.000 0.258 0.033 0.228 0.035 0.041 0.001 0.000 0.696 
156 0.094 0.232 0.508 0.319 0.309 0.632 0.615 0.480 0.495 0.442 0.435 0.109 0.005 0.000 0.276 0.032 0.228 0.036 0.041 0.001 0.000 0.692 
157 0.096 0.232 0.505 0.319 0.312 0.634 0.601 0.478 0.490 0.447 0.440 0.111 0.005 0.000 0.286 0.034 0.230 0.036 0.035 0.001 0.000 0.690 
158 0.098 0.231 0.512 0.308 0.308 0.636 0.595 0.479 0.487 0.440 0.441 0.115 0.005 0.000 0.287 0.032 0.237 0.033 0.041 0.001 0.000 0.690 
159 0.100 0.238 0.503 0.311 0.313 0.626 0.605 0.473 0.494 0.429 0.444 0.114 0.005 0.000 0.292 0.040 0.229 0.033 0.045 0.001 0.000 0.691 
160 0.098 0.248 0.509 0.317 0.309 0.622 0.595 0.471 0.507 0.428 0.441 0.114 0.005 0.000 0.287 0.038 0.229 0.034 0.045 0.001 0.000 0.692 
161 0.104 0.248 0.514 0.326 0.310 0.622 0.584 0.471 0.503 0.432 0.441 0.109 0.005 0.000 0.274 0.038 0.229 0.033 0.048 0.001 0.000 0.689 
162 0.097 0.241 0.508 0.317 0.321 0.608 0.579 0.468 0.491 0.442 0.441 0.110 0.005 0.000 0.268 0.045 0.233 0.033 0.047 0.001 0.000 0.698 
163 0.101 0.246 0.516 0.317 0.317 0.609 0.585 0.462 0.491 0.445 0.440 0.111 0.005 0.000 0.267 0.060 0.235 0.036 0.045 0.001 0.000 0.697 
164 0.098 0.249 0.524 0.321 0.312 0.612 0.578 0.464 0.492 0.438 0.441 0.108 0.005 0.000 0.269 0.058 0.236 0.035 0.046 0.001 0.000 0.696 
165 0.109 0.254 0.526 0.322 0.321 0.602 0.575 0.461 0.481 0.443 0.435 0.110 0.004 0.000 0.271 0.054 0.237 0.043 0.043 0.001 0.000 0.705 
166 0.111 0.256 0.531 0.325 0.326 0.589 0.582 0.455 0.487 0.452 0.434 0.110 0.004 0.000 0.274 0.051 0.244 0.041 0.042 0.002 0.000 0.705 
167 0.105 0.250 0.532 0.324 0.321 0.580 0.578 0.460 0.479 0.446 0.440 0.109 0.004 0.000 0.276 0.052 0.242 0.043 0.041 0.002 0.000 0.706 
168 0.107 0.247 0.530 0.325 0.325 0.574 0.592 0.455 0.479 0.458 0.432 0.111 0.005 0.000 0.281 0.047 0.236 0.043 0.041 0.002 0.000 0.711 
169 0.111 0.246 0.538 0.330 0.323 0.573 0.583 0.456 0.484 0.452 0.430 0.113 0.005 0.000 0.290 0.049 0.240 0.043 0.039 0.002 0.000 0.706 
170 0.108 0.239 0.532 0.332 0.317 0.566 0.563 0.461 0.476 0.443 0.433 0.117 0.005 0.002 0.286 0.049 0.241 0.042 0.037 0.003 0.000 0.700 
171 0.104 0.237 0.531 0.327 0.322 0.571 0.560 0.466 0.485 0.432 0.436 0.115 0.008 0.000 0.285 0.046 0.236 0.039 0.037 0.003 0.000 0.698 
172 0.107 0.249 0.532 0.326 0.320 0.570 0.562 0.463 0.481 0.431 0.425 0.110 0.008 0.000 0.289 0.046 0.237 0.039 0.038 0.002 0.000 0.694 
173 0.106 0.252 0.531 0.318 0.330 0.570 0.565 0.466 0.473 0.431 0.423 0.110 0.008 0.000 0.286 0.044 0.237 0.037 0.030 0.002 0.000 0.690 
174 0.107 0.270 0.515 0.317 0.335 0.581 0.571 0.466 0.488 0.436 0.421 0.107 0.007 0.000 0.286 0.042 0.233 0.043 0.029 0.004 0.000 0.688 
175 0.110 0.282 0.517 0.309 0.332 0.576 0.576 0.464 0.492 0.443 0.434 0.110 0.007 0.000 0.285 0.041 0.234 0.043 0.025 0.002 0.000 0.689 
176 0.110 0.289 0.518 0.308 0.334 0.576 0.587 0.468 0.494 0.435 0.438 0.115 0.007 0.000 0.280 0.044 0.230 0.039 0.025 0.002 0.000 0.698 
177 0.107 0.285 0.536 0.301 0.338 0.573 0.587 0.472 0.486 0.440 0.446 0.112 0.005 0.000 0.275 0.051 0.225 0.035 0.024 0.002 0.000 0.703 
178 0.103 0.292 0.541 0.289 0.338 0.570 0.586 0.473 0.485 0.447 0.457 0.110 0.004 0.000 0.267 0.051 0.218 0.034 0.027 0.002 0.000 0.698 
179 0.104 0.286 0.526 0.287 0.341 0.574 0.584 0.474 0.487 0.453 0.448 0.110 0.004 0.000 0.262 0.053 0.212 0.038 0.027 0.002 0.000 0.704 
180 0.107 0.286 0.518 0.288 0.345 0.588 0.583 0.472 0.495 0.454 0.445 0.117 0.004 0.000 0.266 0.055 0.217 0.040 0.027 0.002 0.000 0.699 
181 0.122 0.283 0.511 0.278 0.345 0.575 0.572 0.472 0.498 0.456 0.435 0.121 0.004 0.000 0.274 0.053 0.215 0.040 0.026 0.002 0.000 0.697 
182 0.118 0.283 0.507 0.287 0.350 0.598 0.576 0.472 0.496 0.453 0.436 0.122 0.004 0.000 0.269 0.053 0.214 0.038 0.022 0.003 0.000 0.695 
183 0.121 0.286 0.508 0.282 0.353 0.569 0.571 0.475 0.502 0.452 0.433 0.120 0.004 0.000 0.269 0.045 0.220 0.043 0.023 0.004 0.000 0.692 
184 0.122 0.276 0.517 0.281 0.352 0.578 0.563 0.472 0.502 0.466 0.433 0.117 0.003 0.000 0.269 0.040 0.215 0.040 0.023 0.005 0.000 0.697 
185 0.119 0.271 0.511 0.291 0.349 0.577 0.557 0.480 0.489 0.464 0.431 0.114 0.003 0.000 0.273 0.037 0.206 0.038 0.035 0.005 0.000 0.698 
186 0.115 0.273 0.514 0.292 0.346 0.587 0.565 0.483 0.493 0.465 0.430 0.112 0.004 0.000 0.270 0.039 0.200 0.040 0.037 0.005 0.000 0.700 
187 0.124 0.278 0.501 0.289 0.348 0.577 0.556 0.479 0.493 0.453 0.425 0.115 0.002 0.000 0.266 0.037 0.197 0.040 0.033 0.005 0.000 0.699 
188 0.124 0.276 0.502 0.287 0.350 0.581 0.562 0.478 0.502 0.458 0.442 0.125 0.002 0.000 0.269 0.037 0.200 0.044 0.042 0.005 0.000 0.696 
189 0.120 0.282 0.507 0.289 0.347 0.571 0.558 0.466 0.503 0.454 0.445 0.120 0.003 0.000 0.268 0.035 0.198 0.046 0.042 0.005 0.000 0.703 
190 0.118 0.286 0.508 0.277 0.351 0.570 0.557 0.458 0.502 0.459 0.449 0.119 0.003 0.000 0.269 0.036 0.201 0.044 0.043 0.004 0.000 0.705 
191 0.124 0.281 0.508 0.283 0.349 0.563 0.570 0.460 0.492 0.448 0.451 0.119 0.003 0.000 0.267 0.036 0.203 0.046 0.046 0.002 0.000 0.702 
192 0.121 0.282 0.511 0.288 0.350 0.565 0.583 0.462 0.506 0.445 0.456 0.122 0.003 0.000 0.269 0.036 0.200 0.047 0.043 0.002 0.000 0.703 
193 0.118 0.275 0.516 0.291 0.345 0.571 0.571 0.457 0.500 0.448 0.442 0.124 0.004 0.000 0.265 0.039 0.200 0.044 0.038 0.002 0.000 0.695 
194 0.118 0.277 0.506 0.284 0.347 0.570 0.567 0.452 0.502 0.454 0.442 0.120 0.002 0.000 0.267 0.037 0.203 0.044 0.035 0.002 0.000 0.695 
195 0.118 0.280 0.503 0.278 0.351 0.560 0.565 0.453 0.500 0.450 0.442 0.119 0.002 0.000 0.266 0.033 0.198 0.054 0.033 0.002 0.000 0.690 
196 0.124 0.281 0.496 0.282 0.349 0.562 0.563 0.452 0.509 0.454 0.439 0.119 0.002 0.000 0.259 0.034 0.195 0.052 0.034 0.001 0.000 0.687 
197 0.121 0.277 0.503 0.290 0.348 0.576 0.557 0.447 0.500 0.467 0.439 0.118 0.002 0.000 0.254 0.062 0.204 0.058 0.032 0.001 0.000 0.693 
198 0.128 0.277 0.485 0.286 0.357 0.574 0.555 0.448 0.511 0.469 0.438 0.116 0.006 0.000 0.255 0.060 0.208 0.055 0.034 0.001 0.000 0.698 
199 0.132 0.278 0.481 0.286 0.353 0.573 0.556 0.444 0.506 0.461 0.444 0.111 0.006 0.000 0.256 0.057 0.215 0.052 0.034 0.001 0.000 0.698 
200 0.133 0.279 0.479 0.277 0.356 0.572 0.562 0.444 0.509 0.468 0.449 0.109 0.007 0.000 0.253 0.080 0.209 0.056 0.038 0.001 0.000 0.695 
201 0.132 0.278 0.474 0.268 0.358 0.571 0.558 0.444 0.509 0.458 0.449 0.106 0.006 0.000 0.253 0.079 0.210 0.057 0.036 0.001 0.000 0.694 
202 0.136 0.281 0.476 0.270 0.359 0.580 0.558 0.445 0.514 0.464 0.451 0.113 0.006 0.000 0.255 0.082 0.213 0.053 0.033 0.001 0.000 0.697 
203 0.133 0.284 0.469 0.276 0.359 0.577 0.536 0.442 0.526 0.466 0.443 0.112 0.005 0.000 0.258 0.082 0.227 0.051 0.033 0.001 0.000 0.699 
204 0.131 0.290 0.466 0.275 0.364 0.568 0.537 0.441 0.513 0.453 0.452 0.117 0.005 0.000 0.259 0.080 0.221 0.059 0.034 0.001 0.000 0.696 
205 0.131 0.288 0.481 0.271 0.366 0.580 0.535 0.443 0.527 0.465 0.463 0.121 0.006 0.000 0.264 0.080 0.221 0.062 0.032 0.001 0.000 0.696 
206 0.129 0.286 0.468 0.276 0.369 0.582 0.535 0.448 0.521 0.470 0.468 0.120 0.006 0.000 0.261 0.086 0.223 0.068 0.035 0.000 0.000 0.696 
207 0.126 0.285 0.478 0.278 0.365 0.600 0.538 0.457 0.522 0.471 0.465 0.118 0.008 0.000 0.260 0.082 0.229 0.073 0.036 0.000 0.000 0.696 
208 0.130 0.293 0.474 0.285 0.359 0.601 0.543 0.456 0.511 0.470 0.455 0.121 0.017 0.000 0.262 0.080 0.223 0.072 0.034 0.000 0.000 0.700 
209 0.131 0.303 0.471 0.288 0.361 0.582 0.542 0.455 0.510 0.474 0.463 0.121 0.025 0.000 0.257 0.078 0.230 0.070 0.032 0.000 0.000 0.701 
210 0.131 0.306 0.460 0.289 0.367 0.575 0.552 0.454 0.515 0.472 0.461 0.114 0.026 0.000 0.249 0.078 0.232 0.071 0.030 0.001 0.000 0.700 
211 0.135 0.318 0.454 0.290 0.364 0.563 0.558 0.456 0.518 0.475 0.462 0.119 0.028 0.000 0.249 0.082 0.234 0.071 0.030 0.001 0.000 0.699 
212 0.139 0.312 0.454 0.300 0.357 0.548 0.560 0.465 0.507 0.484 0.463 0.120 0.032 0.000 0.249 0.083 0.235 0.075 0.035 0.001 0.000 0.697 
213 0.140 0.317 0.454 0.308 0.360 0.545 0.578 0.467 0.507 0.477 0.464 0.117 0.031 0.000 0.249 0.083 0.226 0.080 0.052 0.001 0.000 0.696 
214 0.142 0.312 0.461 0.311 0.357 0.551 0.586 0.460 0.500 0.473 0.452 0.122 0.034 0.000 0.250 0.091 0.226 0.083 0.051 0.001 0.000 0.700 
215 0.138 0.314 0.446 0.318 0.352 0.549 0.591 0.454 0.499 0.472 0.458 0.126 0.032 0.000 0.250 0.091 0.232 0.082 0.047 0.001 0.000 0.691 
216 0.136 0.311 0.458 0.324 0.342 0.551 0.595 0.460 0.500 0.473 0.444 0.127 0.030 0.000 0.250 0.095 0.233 0.080 0.043 0.001 0.000 0.688 
217 0.139 0.310 0.469 0.328 0.337 0.551 0.608 0.453 0.515 0.474 0.443 0.136 0.029 0.000 0.256 0.091 0.233 0.079 0.036 0.001 0.000 0.692 
218 0.136 0.316 0.463 0.327 0.346 0.552 0.598 0.458 0.510 0.476 0.445 0.140 0.031 0.000 0.259 0.092 0.244 0.079 0.035 0.001 0.000 0.690 
219 0.138 0.317 0.467 0.323 0.355 0.556 0.597 0.457 0.503 0.479 0.456 0.137 0.033 0.000 0.255 0.097 0.244 0.083 0.036 0.001 0.000 0.695 
220 0.145 0.313 0.471 0.335 0.356 0.558 0.598 0.461 0.494 0.475 0.453 0.141 0.032 0.000 0.257 0.096 0.243 0.080 0.033 0.001 0.000 0.702 
221 0.143 0.313 0.475 0.328 0.353 0.549 0.603 0.460 0.508 0.470 0.451 0.145 0.031 0.000 0.269 0.097 0.260 0.078 0.031 0.001 0.000 0.707 
222 0.146 0.318 0.476 0.322 0.352 0.550 0.588 0.465 0.505 0.476 0.453 0.145 0.029 0.000 0.265 0.108 0.256 0.085 0.036 0.001 0.000 0.709 
223 0.145 0.313 0.474 0.327 0.360 0.557 0.577 0.476 0.503 0.479 0.451 0.146 0.028 0.000 0.261 0.106 0.262 0.082 0.043 0.001 0.000 0.705 
224 0.149 0.305 0.478 0.332 0.360 0.550 0.567 0.480 0.506 0.477 0.448 0.148 0.026 0.000 0.264 0.106 0.255 0.089 0.074 0.002 0.000 0.703 
225 0.147 0.316 0.473 0.332 0.361 0.552 0.576 0.479 0.504 0.484 0.448 0.148 0.029 0.000 0.265 0.108 0.242 0.087 0.079 0.002 0.000 0.695 
226 0.149 0.321 0.469 0.325 0.363 0.562 0.575 0.486 0.506 0.487 0.449 0.143 0.033 0.000 0.264 0.119 0.247 0.086 0.076 0.003 0.000 0.694 
227 0.150 0.316 0.463 0.323 0.366 0.562 0.579 0.485 0.506 0.479 0.453 0.146 0.033 0.000 0.267 0.117 0.238 0.084 0.085 0.002 0.000 0.694 
228 0.145 0.316 0.461 0.321 0.370 0.569 0.584 0.484 0.517 0.479 0.451 0.147 0.033 0.000 0.262 0.119 0.234 0.083 0.082 0.002 0.000 0.692 
229 0.146 0.309 0.461 0.331 0.371 0.573 0.594 0.476 0.522 0.475 0.455 0.144 0.031 0.000 0.263 0.122 0.233 0.081 0.076 0.002 0.000 0.693 
230 0.149 0.309 0.456 0.335 0.368 0.563 0.588 0.487 0.523 0.478 0.446 0.148 0.038 0.000 0.259 0.129 0.235 0.080 0.070 0.003 0.000 0.697 
231 0.152 0.320 0.453 0.341 0.364 0.577 0.590 0.481 0.541 0.474 0.445 0.150 0.051 0.000 0.255 0.137 0.231 0.084 0.071 0.003 0.000 0.697 
232 0.152 0.319 0.452 0.348 0.356 0.567 0.595 0.479 0.542 0.468 0.440 0.145 0.052 0.000 0.257 0.134 0.251 0.088 0.060 0.004 0.000 0.698 
233 0.153 0.314 0.448 0.339 0.356 0.565 0.598 0.477 0.529 0.472 0.441 0.140 0.052 0.000 0.258 0.149 0.251 0.081 0.061 0.004 0.000 0.701 
234 0.160 0.311 0.463 0.343 0.351 0.555 0.584 0.484 0.524 0.481 0.435 0.142 0.054 0.000 0.262 0.145 0.253 0.079 0.064 0.004 0.000 0.701 
235 0.162 0.313 0.470 0.339 0.350 0.556 0.584 0.476 0.525 0.478 0.434 0.143 0.050 0.000 0.265 0.144 0.266 0.079 0.066 0.003 0.000 0.704 
236 0.160 0.317 0.465 0.344 0.359 0.554 0.587 0.482 0.521 0.475 0.435 0.146 0.046 0.000 0.263 0.139 0.273 0.073 0.068 0.003 0.000 0.705 
237 0.151 0.313 0.472 0.346 0.359 0.564 0.582 0.487 0.517 0.487 0.424 0.146 0.043 0.000 0.267 0.134 0.282 0.071 0.068 0.003 0.000 0.704 
238 0.155 0.308 0.472 0.348 0.351 0.567 0.588 0.481 0.503 0.495 0.425 0.147 0.043 0.000 0.262 0.133 0.275 0.074 0.065 0.004 0.000 0.701 
239 0.151 0.305 0.477 0.342 0.349 0.565 0.575 0.483 0.504 0.504 0.425 0.148 0.043 0.000 0.261 0.132 0.268 0.077 0.061 0.004 0.000 0.701 
240 0.164 0.309 0.474 0.350 0.353 0.565 0.575 0.474 0.506 0.504 0.423 0.151 0.043 0.004 0.265 0.129 0.270 0.075 0.061 0.005 0.000 0.700 
241 0.163 0.309 0.470 0.352 0.360 0.577 0.575 0.475 0.513 0.498 0.424 0.151 0.040 0.004 0.268 0.130 0.286 0.076 0.058 0.005 0.000 0.698 
242 0.168 0.306 0.461 0.344 0.360 0.587 0.592 0.482 0.508 0.500 0.421 0.153 0.040 0.006 0.268 0.130 0.293 0.080 0.057 0.005 0.000 0.692 
243 0.166 0.310 0.457 0.339 0.365 0.600 0.588 0.481 0.511 0.499 0.412 0.156 0.040 0.006 0.269 0.127 0.297 0.079 0.060 0.005 0.000 0.693 
244 0.165 0.310 0.442 0.334 0.362 0.594 0.588 0.485 0.514 0.506 0.404 0.158 0.043 0.006 0.272 0.128 0.293 0.080 0.065 0.005 0.000 0.695 
245 0.164 0.303 0.451 0.334 0.360 0.593 0.594 0.489 0.504 0.508 0.398 0.160 0.045 0.006 0.276 0.129 0.284 0.084 0.061 0.005 0.000 0.699 
246 0.169 0.299 0.454 0.322 0.367 0.581 0.599 0.487 0.504 0.517 0.401 0.166 0.042 0.006 0.279 0.132 0.279 0.084 0.062 0.005 0.000 0.701 
247 0.172 0.292 0.446 0.333 0.364 0.578 0.595 0.489 0.501 0.531 0.407 0.160 0.044 0.006 0.278 0.134 0.278 0.081 0.066 0.005 0.000 0.701 
248 0.171 0.305 0.448 0.340 0.362 0.597 0.597 0.482 0.510 0.517 0.418 0.163 0.043 0.006 0.276 0.139 0.282 0.083 0.061 0.005 0.000 0.706 
249 0.171 0.307 0.444 0.348 0.366 0.593 0.596 0.485 0.519 0.498 0.425 0.164 0.044 0.006 0.274 0.132 0.291 0.081 0.058 0.006 0.000 0.708 
250 0.168 0.310 0.444 0.348 0.367 0.595 0.592 0.486 0.522 0.489 0.430 0.164 0.046 0.006 0.272 0.136 0.296 0.086 0.058 0.004 0.001 0.704 
251 0.169 0.308 0.452 0.354 0.365 0.603 0.593 0.491 0.532 0.494 0.433 0.159 0.044 0.006 0.273 0.140 0.296 0.089 0.058 0.004 0.001 0.703 
252 0.171 0.312 0.442 0.363 0.367 0.605 0.577 0.486 0.534 0.502 0.430 0.160 0.044 0.004 0.270 0.146 0.298 0.095 0.057 0.005 0.001 0.704 
253 0.172 0.314 0.444 0.358 0.368 0.612 0.572 0.489 0.535 0.498 0.434 0.163 0.044 0.004 0.268 0.142 0.298 0.095 0.057 0.005 0.001 0.705 
254 0.170 0.311 0.438 0.353 0.373 0.594 0.567 0.491 0.538 0.489 0.437 0.162 0.043 0.004 0.270 0.135 0.291 0.098 0.062 0.004 0.001 0.706 
255 0.172 0.304 0.450 0.355 0.370 0.597 0.571 0.494 0.535 0.476 0.429 0.159 0.041 0.004 0.267 0.132 0.289 0.097 0.062 0.005 0.001 0.699 
256 0.174 0.302 0.450 0.356 0.361 0.595 0.570 0.493 0.524 0.495 0.426 0.162 0.042 0.002 0.271 0.132 0.283 0.100 0.058 0.005 0.001 0.701 
257 0.173 0.308 0.447 0.358 0.370 0.592 0.574 0.493 0.531 0.509 0.420 0.168 0.040 0.002 0.273 0.138 0.284 0.099 0.064 0.005 0.001 0.697 
258 0.178 0.313 0.453 0.369 0.362 0.589 0.564 0.498 0.529 0.518 0.417 0.168 0.039 0.002 0.267 0.137 0.280 0.100 0.069 0.007 0.001 0.698 
259 0.175 0.319 0.460 0.367 0.369 0.589 0.556 0.499 0.519 0.520 0.414 0.168 0.041 0.004 0.261 0.132 0.280 0.099 0.078 0.007 0.001 0.695 
260 0.174 0.321 0.449 0.368 0.379 0.590 0.553 0.499 0.512 0.518 0.415 0.167 0.041 0.004 0.268 0.130 0.281 0.102 0.073 0.007 0.000 0.695 
261 0.169 0.322 0.459 0.363 0.374 0.603 0.548 0.495 0.516 0.522 0.409 0.166 0.042 0.004 0.271 0.130 0.290 0.110 0.072 0.007 0.000 0.691 
262 0.173 0.334 0.451 0.363 0.381 0.602 0.547 0.501 0.528 0.528 0.390 0.161 0.044 0.004 0.272 0.129 0.304 0.110 0.075 0.006 0.000 0.699 
263 0.178 0.329 0.455 0.368 0.375 0.613 0.543 0.501 0.526 0.529 0.402 0.158 0.047 0.004 0.269 0.133 0.295 0.112 0.070 0.010 0.000 0.702 
264 0.181 0.334 0.455 0.377 0.375 0.628 0.545 0.497 0.535 0.523 0.399 0.167 0.054 0.004 0.268 0.132 0.288 0.113 0.068 0.010 0.000 0.701 
265 0.185 0.334 0.452 0.370 0.373 0.624 0.552 0.496 0.537 0.517 0.396 0.179 0.056 0.004 0.273 0.136 0.289 0.108 0.069 0.010 0.000 0.702 
266 0.180 0.344 0.460 0.368 0.373 0.614 0.552 0.503 0.542 0.508 0.408 0.180 0.062 0.004 0.270 0.141 0.284 0.108 0.067 0.009 0.000 0.704 
267 0.179 0.341 0.461 0.362 0.376 0.611 0.544 0.504 0.542 0.502 0.420 0.182 0.064 0.006 0.273 0.142 0.291 0.106 0.068 0.008 0.000 0.709 
268 0.177 0.340 0.462 0.364 0.383 0.605 0.537 0.503 0.536 0.493 0.423 0.184 0.063 0.006 0.270 0.140 0.299 0.109 0.065 0.010 0.000 0.708 
269 0.177 0.334 0.463 0.369 0.389 0.604 0.529 0.501 0.540 0.507 0.417 0.187 0.062 0.006 0.266 0.142 0.303 0.115 0.063 0.010 0.000 0.709 
270 0.181 0.342 0.457 0.370 0.395 0.590 0.537 0.499 0.549 0.491 0.422 0.188 0.064 0.006 0.262 0.140 0.302 0.117 0.057 0.009 0.000 0.703 
271 0.175 0.339 0.463 0.365 0.400 0.582 0.548 0.497 0.542 0.498 0.421 0.188 0.067 0.006 0.263 0.143 0.300 0.115 0.063 0.009 0.000 0.703 
272 0.176 0.332 0.467 0.368 0.395 0.574 0.541 0.496 0.538 0.503 0.425 0.186 0.065 0.006 0.263 0.138 0.303 0.107 0.066 0.009 0.000 0.700 
273 0.174 0.333 0.477 0.376 0.396 0.579 0.543 0.493 0.538 0.511 0.429 0.186 0.065 0.006 0.262 0.142 0.298 0.099 0.074 0.009 0.000 0.699 
274 0.173 0.334 0.475 0.378 0.394 0.583 0.543 0.496 0.534 0.507 0.423 0.188 0.063 0.006 0.265 0.144 0.296 0.098 0.077 0.009 0.000 0.697 
275 0.172 0.331 0.465 0.372 0.400 0.581 0.529 0.501 0.529 0.497 0.422 0.194 0.066 0.006 0.264 0.142 0.297 0.106 0.071 0.014 0.000 0.697 
276 0.175 0.334 0.464 0.374 0.402 0.573 0.532 0.509 0.522 0.499 0.428 0.194 0.065 0.006 0.264 0.145 0.295 0.109 0.070 0.017 0.000 0.699 
277 0.178 0.331 0.461 0.362 0.401 0.577 0.533 0.510 0.534 0.503 0.431 0.196 0.065 0.015 0.265 0.146 0.298 0.107 0.073 0.016 0.000 0.700 
278 0.175 0.328 0.463 0.357 0.398 0.578 0.541 0.516 0.532 0.494 0.431 0.198 0.066 0.023 0.268 0.149 0.295 0.102 0.070 0.016 0.000 0.696 
279 0.176 0.327 0.458 0.361 0.401 0.576 0.547 0.517 0.525 0.509 0.445 0.196 0.065 0.024 0.270 0.152 0.303 0.101 0.064 0.018 0.000 0.696 
280 0.176 0.322 0.469 0.368 0.406 0.577 0.547 0.525 0.523 0.512 0.439 0.197 0.067 0.027 0.271 0.150 0.304 0.104 0.060 0.018 0.000 0.697 
281 0.175 0.324 0.454 0.368 0.404 0.571 0.567 0.530 0.515 0.516 0.437 0.203 0.069 0.029 0.272 0.150 0.316 0.107 0.057 0.018 0.000 0.702 
282 0.170 0.325 0.459 0.376 0.407 0.576 0.565 0.528 0.517 0.514 0.436 0.204 0.076 0.033 0.269 0.154 0.315 0.100 0.061 0.019 0.000 0.706 
283 0.173 0.317 0.464 0.378 0.406 0.574 0.578 0.528 0.519 0.522 0.433 0.205 0.080 0.034 0.274 0.157 0.317 0.099 0.072 0.015 0.000 0.706 
284 0.172 0.311 0.455 0.386 0.406 0.586 0.589 0.528 0.522 0.530 0.438 0.204 0.081 0.034 0.270 0.159 0.316 0.104 0.078 0.015 0.000 0.712 
285 0.179 0.308 0.459 0.391 0.417 0.583 0.579 0.522 0.526 0.534 0.441 0.200 0.079 0.034 0.269 0.159 0.314 0.099 0.078 0.016 0.000 0.709 
286 0.182 0.310 0.450 0.393 0.414 0.574 0.589 0.530 0.521 0.529 0.447 0.200 0.081 0.033 0.262 0.155 0.308 0.094 0.081 0.015 0.000 0.704 
287 0.180 0.321 0.458 0.396 0.417 0.562 0.592 0.538 0.525 0.521 0.453 0.200 0.080 0.031 0.264 0.151 0.308 0.089 0.082 0.014 0.000 0.699 
288 0.177 0.323 0.463 0.404 0.416 0.553 0.596 0.540 0.530 0.512 0.439 0.202 0.079 0.031 0.270 0.152 0.305 0.087 0.094 0.014 0.000 0.691 
289 0.182 0.319 0.461 0.398 0.416 0.556 0.597 0.534 0.531 0.513 0.439 0.205 0.081 0.027 0.264 0.159 0.310 0.090 0.102 0.015 0.000 0.698 
290 0.186 0.327 0.464 0.401 0.420 0.561 0.606 0.529 0.526 0.518 0.429 0.207 0.083 0.029 0.264 0.161 0.304 0.093 0.111 0.016 0.000 0.694 
291 0.190 0.329 0.462 0.405 0.413 0.558 0.594 0.525 0.530 0.516 0.427 0.207 0.083 0.028 0.265 0.156 0.305 0.088 0.119 0.018 0.000 0.695 
292 0.190 0.329 0.462 0.411 0.415 0.539 0.581 0.522 0.534 0.510 0.422 0.209 0.083 0.027 0.265 0.151 0.299 0.090 0.125 0.016 0.000 0.694 
293 0.189 0.327 0.466 0.406 0.418 0.536 0.565 0.522 0.545 0.512 0.429 0.210 0.085 0.028 0.269 0.157 0.301 0.090 0.133 0.018 0.000 0.693 
294 0.196 0.329 0.454 0.393 0.421 0.538 0.544 0.517 0.539 0.514 0.423 0.212 0.091 0.030 0.266 0.159 0.293 0.086 0.134 0.016 0.000 0.697 
295 0.192 0.328 0.455 0.392 0.415 0.541 0.533 0.507 0.532 0.510 0.425 0.219 0.092 0.031 0.267 0.160 0.289 0.087 0.135 0.016 0.000 0.695 
296 0.199 0.337 0.454 0.392 0.420 0.552 0.528 0.514 0.525 0.517 0.430 0.224 0.090 0.033 0.267 0.158 0.292 0.092 0.136 0.014 0.000 0.696 
297 0.198 0.340 0.459 0.390 0.419 0.563 0.532 0.517 0.532 0.525 0.437 0.225 0.090 0.033 0.267 0.159 0.299 0.097 0.133 0.013 0.001 0.695 
298 0.197 0.345 0.453 0.391 0.422 0.564 0.538 0.514 0.533 0.529 0.440 0.217 0.092 0.032 0.268 0.163 0.296 0.102 0.129 0.013 0.001 0.692 
299 0.195 0.344 0.444 0.399 0.435 0.566 0.552 0.512 0.533 0.536 0.452 0.216 0.096 0.032 0.271 0.160 0.293 0.100 0.145 0.012 0.001 0.701 
300 0.194 0.350 0.448 0.395 0.429 0.568 0.555 0.517 0.539 0.529 0.443 0.218 0.102 0.028 0.268 0.155 0.290 0.103 0.130 0.013 0.001 0.705 
301 0.191 0.350 0.450 0.396 0.422 0.571 0.561 0.511 0.545 0.523 0.443 0.215 0.108 0.024 0.264 0.153 0.295 0.111 0.131 0.017 0.001 0.703 
302 0.194 0.353 0.446 0.405 0.433 0.568 0.556 0.519 0.555 0.530 0.448 0.212 0.103 0.024 0.263 0.156 0.297 0.117 0.127 0.015 0.002 0.704 
303 0.192 0.349 0.448 0.399 0.428 0.561 0.567 0.529 0.555 0.537 0.449 0.212 0.102 0.027 0.259 0.151 0.299 0.119 0.135 0.015 0.002 0.698 
304 0.199 0.341 0.447 0.402 0.423 0.570 0.570 0.531 0.552 0.539 0.450 0.214 0.102 0.025 0.261 0.154 0.300 0.122 0.141 0.015 0.002 0.702 
305 0.203 0.338 0.448 0.408 0.421 0.572 0.573 0.528 0.549 0.548 0.447 0.218 0.100 0.023 0.262 0.153 0.303 0.125 0.155 0.014 0.002 0.700 
306 0.198 0.339 0.450 0.417 0.416 0.575 0.579 0.527 0.548 0.553 0.446 0.219 0.102 0.023 0.261 0.152 0.298 0.124 0.151 0.014 0.002 0.696 
307 0.210 0.339 0.460 0.423 0.418 0.582 0.568 0.531 0.545 0.551 0.446 0.222 0.110 0.022 0.263 0.154 0.296 0.125 0.148 0.014 0.003 0.695 
308 0.209 0.345 0.463 0.423 0.417 0.589 0.559 0.534 0.544 0.561 0.448 0.225 0.110 0.023 0.257 0.148 0.307 0.123 0.143 0.015 0.003 0.701 
309 0.209 0.353 0.464 0.415 0.420 0.583 0.568 0.533 0.540 0.570 0.444 0.225 0.104 0.028 0.251 0.153 0.309 0.124 0.147 0.016 0.003 0.696 
310 0.211 0.354 0.464 0.406 0.420 0.603 0.582 0.537 0.543 0.561 0.446 0.222 0.100 0.024 0.252 0.151 0.309 0.120 0.144 0.016 0.002 0.700 
311 0.212 0.346 0.469 0.409 0.418 0.582 0.582 0.531 0.559 0.551 0.450 0.221 0.100 0.021 0.252 0.151 0.306 0.118 0.146 0.015 0.003 0.700 
312 0.206 0.353 0.469 0.404 0.426 0.574 0.586 0.528 0.555 0.554 0.450 0.217 0.102 0.022 0.251 0.147 0.306 0.114 0.136 0.014 0.002 0.706 
313 0.209 0.348 0.473 0.400 0.427 0.564 0.579 0.532 0.559 0.570 0.456 0.213 0.100 0.023 0.248 0.148 0.304 0.122 0.141 0.014 0.002 0.699 
314 0.216 0.348 0.477 0.407 0.422 0.558 0.570 0.535 0.567 0.575 0.450 0.211 0.099 0.027 0.256 0.150 0.309 0.128 0.138 0.012 0.002 0.695 
315 0.215 0.347 0.478 0.409 0.422 0.544 0.565 0.538 0.569 0.557 0.459 0.209 0.097 0.031 0.259 0.147 0.306 0.132 0.141 0.013 0.002 0.695 
316 0.217 0.338 0.477 0.410 0.428 0.541 0.558 0.541 0.553 0.549 0.467 0.211 0.096 0.030 0.263 0.151 0.300 0.131 0.136 0.013 0.002 0.692 
317 0.219 0.334 0.467 0.398 0.434 0.539 0.554 0.538 0.550 0.552 0.466 0.215 0.094 0.031 0.263 0.154 0.296 0.126 0.144 0.012 0.002 0.689 
318 0.219 0.336 0.471 0.408 0.430 0.541 0.557 0.537 0.548 0.548 0.466 0.209 0.099 0.027 0.262 0.155 0.302 0.126 0.140 0.012 0.002 0.687 
319 0.220 0.323 0.470 0.411 0.424 0.547 0.558 0.533 0.543 0.550 0.460 0.213 0.100 0.027 0.266 0.156 0.305 0.129 0.136 0.013 0.002 0.686 
320 0.231 0.327 0.476 0.412 0.425 0.552 0.548 0.532 0.541 0.549 0.458 0.215 0.102 0.028 0.263 0.159 0.304 0.136 0.141 0.016 0.002 0.691 
321 0.236 0.332 0.481 0.403 0.426 0.549 0.564 0.532 0.532 0.547 0.456 0.213 0.105 0.028 0.261 0.164 0.302 0.135 0.142 0.018 0.003 0.691 
322 0.235 0.333 0.483 0.408 0.428 0.556 0.556 0.532 0.535 0.547 0.447 0.212 0.101 0.037 0.264 0.167 0.301 0.139 0.134 0.020 0.003 0.693 
323 0.229 0.340 0.483 0.406 0.426 0.566 0.566 0.539 0.545 0.546 0.446 0.211 0.098 0.044 0.265 0.167 0.297 0.140 0.132 0.021 0.003 0.696 
324 0.236 0.341 0.483 0.406 0.420 0.569 0.565 0.532 0.552 0.549 0.432 0.208 0.100 0.045 0.261 0.166 0.302 0.146 0.135 0.020 0.003 0.697 
325 0.238 0.353 0.481 0.419 0.428 0.568 0.564 0.528 0.561 0.554 0.433 0.206 0.102 0.042 0.264 0.164 0.307 0.149 0.139 0.022 0.003 0.698 
326 0.239 0.361 0.474 0.425 0.437 0.556 0.568 0.535 0.572 0.551 0.441 0.204 0.102 0.038 0.264 0.169 0.309 0.152 0.136 0.020 0.003 0.695 
327 0.234 0.368 0.467 0.434 0.435 0.561 0.564 0.534 0.572 0.551 0.432 0.210 0.104 0.038 0.264 0.170 0.311 0.151 0.141 0.020 0.003 0.690 
328 0.229 0.368 0.470 0.440 0.435 0.564 0.570 0.544 0.586 0.549 0.437 0.209 0.104 0.036 0.265 0.168 0.302 0.148 0.149 0.017 0.003 0.686 
329 0.239 0.362 0.471 0.434 0.438 0.556 0.570 0.542 0.582 0.557 0.437 0.212 0.103 0.034 0.265 0.170 0.300 0.145 0.151 0.017 0.002 0.690 
330 0.234 0.354 0.470 0.436 0.436 0.553 0.568 0.550 0.585 0.556 0.439 0.214 0.108 0.034 0.265 0.173 0.298 0.147 0.152 0.015 0.003 0.696 
331 0.235 0.360 0.467 0.439 0.431 0.552 0.571 0.557 0.583 0.556 0.445 0.209 0.104 0.035 0.269 0.172 0.304 0.147 0.147 0.015 0.003 0.699 
332 0.231 0.359 0.461 0.435 0.434 0.555 0.566 0.551 0.580 0.548 0.445 0.212 0.103 0.031 0.266 0.173 0.302 0.151 0.143 0.015 0.003 0.699 
333 0.228 0.358 0.459 0.429 0.431 0.555 0.570 0.549 0.575 0.545 0.448 0.216 0.111 0.031 0.265 0.167 0.308 0.151 0.148 0.014 0.003 0.701 
334 0.229 0.363 0.462 0.421 0.440 0.542 0.580 0.554 0.569 0.550 0.445 0.214 0.108 0.035 0.267 0.168 0.308 0.172 0.150 0.013 0.003 0.704 
335 0.229 0.365 0.455 0.428 0.450 0.559 0.586 0.561 0.559 0.547 0.443 0.215 0.112 0.032 0.267 0.173 0.312 0.163 0.159 0.014 0.004 0.709 
336 0.226 0.370 0.458 0.427 0.453 0.561 0.587 0.562 0.553 0.541 0.447 0.213 0.117 0.034 0.268 0.173 0.303 0.163 0.159 0.013 0.004 0.708 
337 0.235 0.368 0.451 0.427 0.451 0.550 0.590 0.569 0.563 0.552 0.447 0.213 0.117 0.032 0.264 0.177 0.302 0.170 0.172 0.013 0.005 0.708 
338 0.234 0.376 0.461 0.432 0.441 0.559 0.585 0.564 0.565 0.563 0.445 0.219 0.116 0.032 0.262 0.173 0.307 0.166 0.172 0.015 0.005 0.712 
339 0.236 0.376 0.462 0.437 0.443 0.553 0.583 0.563 0.574 0.562 0.441 0.224 0.119 0.033 0.265 0.173 0.305 0.164 0.172 0.021 0.005 0.710 
340 0.242 0.375 0.465 0.442 0.438 0.543 0.574 0.572 0.567 0.571 0.436 0.223 0.118 0.035 0.265 0.168 0.304 0.161 0.163 0.020 0.005 0.709 
341 0.241 0.376 0.463 0.446 0.442 0.554 0.567 0.563 0.563 0.564 0.441 0.219 0.118 0.035 0.269 0.170 0.318 0.164 0.163 0.022 0.005 0.708 
342 0.239 0.376 0.465 0.446 0.440 0.557 0.566 0.558 0.570 0.560 0.447 0.219 0.119 0.034 0.269 0.174 0.320 0.165 0.162 0.021 0.005 0.704 
343 0.241 0.371 0.467 0.442 0.436 0.562 0.575 0.557 0.573 0.552 0.445 0.216 0.119 0.037 0.270 0.174 0.328 0.163 0.166 0.019 0.006 0.704 
344 0.241 0.382 0.468 0.438 0.444 0.561 0.562 0.564 0.571 0.551 0.445 0.217 0.119 0.035 0.267 0.183 0.322 0.162 0.159 0.023 0.005 0.705 
345 0.243 0.378 0.469 0.435 0.448 0.569 0.568 0.563 0.564 0.549 0.438 0.215 0.121 0.034 0.267 0.179 0.318 0.165 0.161 0.022 0.004 0.707 
346 0.238 0.388 0.469 0.438 0.450 0.568 0.558 0.559 0.564 0.542 0.424 0.214 0.126 0.033 0.264 0.177 0.320 0.172 0.164 0.025 0.004 0.707 
347 0.236 0.389 0.469 0.438 0.451 0.578 0.560 0.560 0.567 0.540 0.417 0.212 0.127 0.033 0.264 0.177 0.322 0.167 0.179 0.025 0.004 0.701 
348 0.241 0.390 0.473 0.437 0.446 0.575 0.567 0.562 0.566 0.543 0.428 0.213 0.128 0.030 0.268 0.178 0.315 0.165 0.173 0.026 0.003 0.704 
349 0.238 0.385 0.474 0.437 0.440 0.574 0.578 0.559 0.566 0.536 0.431 0.208 0.136 0.031 0.272 0.170 0.310 0.169 0.172 0.025 0.003 0.703 
350 0.236 0.378 0.479 0.433 0.439 0.583 0.571 0.564 0.555 0.533 0.430 0.214 0.142 0.029 0.273 0.173 0.308 0.173 0.168 0.025 0.003 0.702 
351 0.239 0.373 0.479 0.430 0.433 0.578 0.584 0.569 0.562 0.543 0.429 0.214 0.142 0.026 0.272 0.169 0.311 0.171 0.172 0.022 0.002 0.697 
352 0.231 0.395 0.474 0.435 0.437 0.582 0.593 0.561 0.558 0.541 0.432 0.214 0.142 0.026 0.272 0.176 0.314 0.176 0.174 0.021 0.003 0.695 
353 0.234 0.401 0.472 0.427 0.436 0.588 0.588 0.554 0.567 0.546 0.443 0.216 0.144 0.028 0.271 0.172 0.316 0.175 0.178 0.025 0.003 0.698 
354 0.234 0.402 0.474 0.441 0.443 0.579 0.586 0.557 0.565 0.539 0.449 0.226 0.141 0.026 0.267 0.182 0.316 0.174 0.175 0.026 0.003 0.700 
355 0.245 0.396 0.474 0.439 0.435 0.565 0.577 0.556 0.569 0.549 0.448 0.228 0.141 0.027 0.270 0.187 0.324 0.175 0.178 0.026 0.002 0.698 
356 0.242 0.388 0.480 0.443 0.441 0.566 0.563 0.559 0.568 0.543 0.443 0.229 0.145 0.024 0.268 0.188 0.319 0.174 0.183 0.024 0.003 0.697 
357 0.245 0.386 0.473 0.440 0.442 0.562 0.564 0.556 0.565 0.549 0.429 0.228 0.147 0.024 0.272 0.188 0.321 0.176 0.186 0.024 0.002 0.698 
358 0.245 0.388 0.470 0.435 0.446 0.542 0.565 0.554 0.574 0.544 0.427 0.231 0.147 0.024 0.273 0.184 0.326 0.183 0.183 0.023 0.002 0.701 
359 0.244 0.385 0.474 0.436 0.446 0.541 0.560 0.553 0.573 0.555 0.425 0.226 0.146 0.028 0.273 0.179 0.326 0.185 0.186 0.024 0.002 0.696 
360 0.242 0.388 0.476 0.433 0.449 0.531 0.554 0.547 0.566 0.547 0.422 0.226 0.149 0.028 0.272 0.172 0.333 0.189 0.179 0.023 0.002 0.692 
361 0.250 0.382 0.486 0.429 0.443 0.529 0.564 0.550 0.568 0.554 0.428 0.230 0.150 0.031 0.273 0.169 0.331 0.189 0.172 0.023 0.002 0.693 
362 0.253 0.384 0.488 0.430 0.442 0.535 0.567 0.555 0.558 0.564 0.425 0.230 0.150 0.032 0.267 0.168 0.332 0.189 0.165 0.024 0.001 0.700 
363 0.245 0.385 0.488 0.418 0.447 0.546 0.572 0.558 0.557 0.566 0.434 0.228 0.147 0.030 0.265 0.166 0.321 0.184 0.172 0.023 0.001 0.694 
364 0.240 0.387 0.489 0.423 0.447 0.554 0.574 0.554 0.559 0.568 0.427 0.230 0.144 0.028 0.263 0.170 0.321 0.189 0.166 0.024 0.001 0.693 
365 0.242 0.376 0.489 0.422 0.440 0.572 0.561 0.555 0.554 0.571 0.435 0.227 0.144 0.028 0.265 0.174 0.318 0.205 0.155 0.024 0.002 0.693 
366 0.239 0.372 0.489 0.415 0.444 0.570 0.564 0.558 0.565 0.557 0.448 0.229 0.140 0.026 0.263 0.173 0.325 0.197 0.160 0.022 0.002 0.695 
367 0.240 0.373 0.494 0.419 0.444 0.573 0.557 0.564 0.566 0.559 0.447 0.232 0.145 0.029 0.263 0.177 0.329 0.196 0.161 0.023 0.003 0.702 
368 0.243 0.372 0.506 0.421 0.446 0.585 0.552 0.560 0.571 0.568 0.437 0.229 0.140 0.028 0.267 0.176 0.331 0.194 0.162 0.025 0.002 0.697 
369 0.244 0.364 0.506 0.430 0.443 0.595 0.565 0.555 0.581 0.550 0.434 0.230 0.141 0.027 0.266 0.173 0.327 0.201 0.157 0.023 0.002 0.701 
370 0.246 0.361 0.507 0.430 0.448 0.603 0.563 0.544 0.581 0.545 0.440 0.233 0.142 0.028 0.268 0.175 0.332 0.206 0.164 0.022 0.004 0.698 
371 0.253 0.360 0.519 0.424 0.444 0.596 0.567 0.549 0.567 0.545 0.441 0.233 0.140 0.030 0.272 0.175 0.333 0.205 0.166 0.024 0.004 0.698 
372 0.258 0.368 0.517 0.420 0.451 0.594 0.578 0.558 0.568 0.540 0.440 0.235 0.141 0.028 0.276 0.175 0.331 0.202 0.169 0.022 0.004 0.698 
373 0.252 0.356 0.526 0.417 0.454 0.578 0.575 0.557 0.566 0.547 0.448 0.232 0.144 0.026 0.275 0.177 0.329 0.205 0.183 0.022 0.005 0.701 
374 0.249 0.363 0.528 0.419 0.450 0.578 0.570 0.556 0.565 0.547 0.443 0.231 0.145 0.028 0.271 0.171 0.327 0.204 0.181 0.020 0.005 0.695 
375 0.254 0.356 0.524 0.417 0.451 0.561 0.571 0.552 0.576 0.562 0.446 0.231 0.147 0.030 0.269 0.173 0.327 0.197 0.183 0.020 0.005 0.686 
376 0.257 0.355 0.520 0.420 0.446 0.542 0.566 0.557 0.577 0.574 0.447 0.229 0.148 0.031 0.268 0.169 0.332 0.204 0.193 0.020 0.005 0.681 
377 0.256 0.355 0.509 0.429 0.451 0.554 0.562 0.547 0.572 0.576 0.447 0.236 0.152 0.029 0.264 0.165 0.322 0.204 0.196 0.022 0.004 0.681 
378 0.254 0.357 0.512 0.424 0.455 0.548 0.558 0.547 0.577 0.573 0.440 0.230 0.154 0.031 0.266 0.163 0.316 0.209 0.191 0.027 0.004 0.679 
379 0.254 0.358 0.506 0.435 0.450 0.548 0.567 0.543 0.576 0.584 0.447 0.231 0.151 0.034 0.266 0.166 0.302 0.208 0.185 0.027 0.004 0.675 
380 0.246 0.370 0.506 0.433 0.450 0.543 0.579 0.538 0.584 0.585 0.462 0.230 0.154 0.041 0.266 0.166 0.302 0.204 0.188 0.026 0.004 0.681 
381 0.245 0.380 0.512 0.429 0.455 0.541 0.585 0.538 0.583 0.585 0.473 0.229 0.157 0.040 0.264 0.163 0.306 0.200 0.190 0.027 0.004 0.691 
382 0.246 0.387 0.510 0.431 0.452 0.543 0.594 0.541 0.580 0.586 0.476 0.232 0.158 0.038 0.267 0.164 0.309 0.202 0.189 0.027 0.004 0.688 
383 0.246 0.385 0.511 0.434 0.452 0.543 0.601 0.540 0.588 0.585 0.477 0.226 0.157 0.037 0.269 0.161 0.308 0.206 0.186 0.027 0.004 0.686 
384 0.244 0.394 0.519 0.438 0.444 0.551 0.610 0.552 0.590 0.586 0.471 0.223 0.157 0.039 0.271 0.161 0.308 0.197 0.191 0.025 0.005 0.687 
385 0.245 0.394 0.509 0.433 0.447 0.551 0.615 0.550 0.587 0.589 0.466 0.226 0.154 0.040 0.271 0.159 0.314 0.201 0.189 0.023 0.005 0.691 
386 0.247 0.392 0.505 0.434 0.449 0.552 0.611 0.549 0.591 0.587 0.463 0.225 0.156 0.041 0.271 0.155 0.314 0.198 0.185 0.029 0.005 0.701 
387 0.251 0.394 0.501 0.426 0.445 0.549 0.604 0.548 0.595 0.595 0.462 0.227 0.155 0.043 0.267 0.161 0.316 0.198 0.173 0.031 0.005 0.699 
388 0.250 0.394 0.498 0.423 0.445 0.535 0.594 0.545 0.603 0.586 0.458 0.228 0.153 0.048 0.266 0.162 0.318 0.202 0.170 0.030 0.006 0.697 
389 0.251 0.393 0.503 0.426 0.449 0.529 0.596 0.545 0.608 0.588 0.455 0.227 0.157 0.052 0.265 0.165 0.314 0.197 0.169 0.031 0.006 0.703 
390 0.254 0.397 0.495 0.431 0.447 0.535 0.593 0.535 0.590 0.569 0.460 0.225 0.163 0.055 0.266 0.174 0.315 0.202 0.177 0.032 0.006 0.707 
391 0.257 0.397 0.498 0.432 0.446 0.541 0.594 0.528 0.580 0.570 0.458 0.225 0.163 0.054 0.268 0.175 0.321 0.202 0.176 0.030 0.005 0.708 
392 0.258 0.391 0.499 0.430 0.453 0.542 0.595 0.530 0.583 0.567 0.468 0.228 0.164 0.058 0.266 0.173 0.331 0.202 0.176 0.028 0.005 0.710 
393 0.252 0.389 0.490 0.436 0.460 0.548 0.594 0.531 0.580 0.575 0.469 0.234 0.164 0.055 0.265 0.171 0.335 0.193 0.174 0.028 0.005 0.707 
394 0.258 0.388 0.497 0.439 0.453 0.555 0.584 0.529 0.589 0.568 0.468 0.230 0.162 0.054 0.266 0.171 0.326 0.187 0.179 0.027 0.005 0.710 
395 0.265 0.382 0.499 0.447 0.457 0.563 0.585 0.529 0.583 0.568 0.469 0.235 0.165 0.055 0.269 0.172 0.331 0.195 0.181 0.025 0.005 0.710 
396 0.267 0.386 0.496 0.444 0.456 0.565 0.590 0.528 0.580 0.572 0.472 0.235 0.167 0.057 0.276 0.167 0.334 0.188 0.190 0.024 0.005 0.711 
397 0.264 0.380 0.498 0.434 0.456 0.570 0.593 0.530 0.583 0.559 0.469 0.237 0.159 0.054 0.275 0.169 0.331 0.186 0.192 0.027 0.004 0.709 
398 0.263 0.385 0.491 0.435 0.448 0.554 0.589 0.531 0.585 0.565 0.469 0.235 0.159 0.055 0.280 0.166 0.330 0.189 0.193 0.030 0.004 0.710 
399 0.266 0.382 0.482 0.427 0.444 0.538 0.585 0.536 0.574 0.571 0.469 0.238 0.156 0.068 0.278 0.170 0.325 0.190 0.195 0.035 0.004 0.706 
400 0.264 0.394 0.480 0.426 0.443 0.548 0.591 0.536 0.565 0.577 0.474 0.238 0.154 0.073 0.274 0.174 0.332 0.188 0.196 0.037 0.004 0.705 
401 0.268 0.394 0.476 0.419 0.445 0.551 0.598 0.538 0.583 0.581 0.480 0.239 0.157 0.066 0.273 0.177 0.330 0.186 0.185 0.037 0.004 0.704 
402 0.272 0.393 0.478 0.418 0.441 0.563 0.601 0.547 0.582 0.585 0.486 0.240 0.155 0.069 0.266 0.183 0.327 0.178 0.189 0.039 0.004 0.695 
403 0.274 0.391 0.485 0.418 0.449 0.576 0.601 0.541 0.586 0.591 0.487 0.244 0.155 0.070 0.267 0.183 0.329 0.187 0.195 0.036 0.005 0.703 
404 0.274 0.389 0.492 0.426 0.446 0.585 0.594 0.537 0.588 0.601 0.486 0.245 0.156 0.074 0.276 0.182 0.328 0.187 0.193 0.038 0.005 0.703 
405 0.274 0.389 0.493 0.424 0.446 0.580 0.599 0.537 0.589 0.604 0.484 0.247 0.153 0.073 0.288 0.182 0.325 0.186 0.198 0.040 0.005 0.700 
406 0.275 0.385 0.493 0.420 0.446 0.573 0.603 0.541 0.583 0.599 0.491 0.243 0.157 0.068 0.287 0.184 0.321 0.190 0.189 0.041 0.006 0.700 
407 0.276 0.380 0.484 0.429 0.448 0.565 0.601 0.537 0.578 0.587 0.497 0.243 0.160 0.066 0.292 0.177 0.327 0.188 0.188 0.039 0.005 0.699 
408 0.277 0.376 0.481 0.432 0.444 0.559 0.608 0.534 0.569 0.596 0.501 0.240 0.158 0.064 0.286 0.179 0.323 0.191 0.192 0.039 0.005 0.698 
409 0.276 0.376 0.476 0.418 0.446 0.556 0.605 0.537 0.570 0.602 0.490 0.243 0.161 0.066 0.287 0.177 0.331 0.196 0.189 0.041 0.006 0.695 
410 0.276 0.369 0.474 0.420 0.441 0.546 0.604 0.537 0.560 0.590 0.488 0.252 0.163 0.062 0.282 0.185 0.332 0.194 0.194 0.038 0.005 0.694 
411 0.280 0.364 0.468 0.423 0.448 0.535 0.596 0.535 0.570 0.577 0.481 0.253 0.162 0.065 0.284 0.182 0.327 0.195 0.202 0.041 0.005 0.690 
412 0.287 0.364 0.476 0.428 0.449 0.535 0.591 0.536 0.571 0.572 0.481 0.253 0.163 0.062 0.285 0.179 0.322 0.188 0.207 0.039 0.005 0.687 
413 0.293 0.361 0.481 0.424 0.443 0.541 0.591 0.532 0.570 0.582 0.469 0.252 0.162 0.065 0.283 0.177 0.317 0.188 0.213 0.039 0.005 0.689 
414 0.292 0.360 0.476 0.428 0.438 0.569 0.588 0.531 0.570 0.595 0.465 0.258 0.166 0.062 0.279 0.177 0.318 0.184 0.212 0.039 0.004 0.689 
415 0.291 0.360 0.476 0.432 0.438 0.571 0.585 0.532 0.596 0.604 0.465 0.256 0.166 0.066 0.284 0.173 0.319 0.181 0.207 0.044 0.004 0.687 
416 0.293 0.365 0.478 0.440 0.435 0.568 0.574 0.543 0.591 0.603 0.474 0.257 0.168 0.068 0.278 0.176 0.324 0.187 0.208 0.044 0.004 0.694 
417 0.298 0.368 0.463 0.441 0.440 0.553 0.583 0.547 0.598 0.601 0.482 0.265 0.167 0.066 0.279 0.175 0.333 0.190 0.206 0.042 0.003 0.694 
418 0.300 0.368 0.447 0.436 0.445 0.546 0.592 0.556 0.608 0.610 0.479 0.269 0.164 0.064 0.272 0.179 0.328 0.188 0.208 0.041 0.004 0.693 
419 0.304 0.363 0.449 0.434 0.445 0.548 0.595 0.555 0.621 0.606 0.485 0.269 0.163 0.068 0.273 0.184 0.327 0.179 0.206 0.039 0.003 0.700 
420 0.303 0.352 0.451 0.439 0.444 0.559 0.590 0.563 0.611 0.608 0.484 0.265 0.162 0.069 0.274 0.188 0.330 0.183 0.199 0.043 0.003 0.700 
421 0.301 0.358 0.451 0.436 0.443 0.553 0.589 0.550 0.607 0.604 0.485 0.266 0.164 0.073 0.274 0.185 0.330 0.184 0.196 0.039 0.005 0.695 
422 0.304 0.360 0.455 0.447 0.444 0.540 0.587 0.547 0.601 0.600 0.479 0.262 0.170 0.075 0.277 0.181 0.328 0.185 0.192 0.040 0.005 0.694 
423 0.300 0.362 0.454 0.457 0.450 0.530 0.593 0.553 0.597 0.600 0.473 0.261 0.166 0.078 0.272 0.178 0.329 0.181 0.189 0.044 0.004 0.693 
424 0.298 0.360 0.460 0.454 0.452 0.531 0.602 0.544 0.587 0.594 0.470 0.266 0.160 0.074 0.272 0.178 0.320 0.184 0.193 0.042 0.003 0.694 
425 0.296 0.360 0.455 0.451 0.455 0.528 0.594 0.545 0.583 0.599 0.473 0.268 0.163 0.078 0.270 0.178 0.321 0.188 0.187 0.045 0.003 0.695 
426 0.303 0.359 0.468 0.449 0.456 0.522 0.591 0.553 0.559 0.596 0.474 0.272 0.159 0.075 0.271 0.181 0.324 0.188 0.185 0.044 0.002 0.699 
427 0.305 0.355 0.468 0.440 0.447 0.523 0.581 0.546 0.572 0.603 0.481 0.271 0.160 0.075 0.277 0.179 0.327 0.186 0.181 0.044 0.003 0.699 
428 0.304 0.348 0.464 0.432 0.452 0.523 0.568 0.554 0.574 0.602 0.485 0.269 0.163 0.078 0.276 0.175 0.321 0.186 0.195 0.041 0.005 0.700 
429 0.307 0.341 0.455 0.427 0.448 0.544 0.570 0.556 0.582 0.603 0.494 0.270 0.169 0.080 0.273 0.175 0.319 0.183 0.190 0.039 0.005 0.705 
430 0.303 0.345 0.461 0.423 0.454 0.537 0.565 0.551 0.592 0.599 0.494 0.269 0.168 0.079 0.278 0.179 0.311 0.179 0.186 0.038 0.005 0.709 
431 0.302 0.357 0.455 0.438 0.450 0.539 0.559 0.547 0.584 0.598 0.488 0.268 0.172 0.080 0.280 0.178 0.317 0.170 0.182 0.041 0.005 0.711 
432 0.303 0.352 0.465 0.444 0.439 0.552 0.573 0.558 0.597 0.593 0.483 0.266 0.175 0.082 0.279 0.186 0.329 0.166 0.177 0.044 0.005 0.714 
433 0.303 0.354 0.466 0.446 0.437 0.552 0.575 0.550 0.603 0.597 0.474 0.265 0.175 0.083 0.280 0.190 0.328 0.170 0.181 0.043 0.007 0.706 
434 0.300 0.351 0.461 0.443 0.444 0.541 0.572 0.548 0.593 0.593 0.479 0.265 0.174 0.084 0.279 0.195 0.322 0.171 0.185 0.042 0.006 0.700 
435 0.303 0.344 0.458 0.445 0.440 0.539 0.580 0.541 0.589 0.596 0.468 0.267 0.169 0.083 0.283 0.192 0.321 0.178 0.179 0.045 0.006 0.699 
436 0.301 0.339 0.465 0.446 0.437 0.536 0.574 0.542 0.588 0.588 0.465 0.270 0.167 0.080 0.279 0.190 0.319 0.175 0.176 0.046 0.006 0.697 
437 0.303 0.337 0.462 0.449 0.431 0.550 0.581 0.541 0.579 0.599 0.464 0.271 0.163 0.085 0.284 0.188 0.323 0.179 0.173 0.044 0.007 0.692 
438 0.309 0.340 0.468 0.441 0.426 0.553 0.575 0.545 0.579 0.602 0.471 0.272 0.161 0.088 0.281 0.186 0.327 0.189 0.167 0.043 0.007 0.690 
439 0.308 0.340 0.464 0.439 0.420 0.541 0.577 0.543 0.583 0.598 0.470 0.269 0.161 0.088 0.277 0.186 0.329 0.192 0.163 0.040 0.008 0.693 
440 0.308 0.340 0.462 0.443 0.424 0.549 0.579 0.552 0.579 0.594 0.465 0.269 0.166 0.086 0.275 0.191 0.328 0.188 0.172 0.041 0.008 0.702 
441 0.309 0.344 0.462 0.445 0.426 0.540 0.579 0.544 0.583 0.610 0.470 0.268 0.169 0.087 0.278 0.193 0.319 0.193 0.177 0.038 0.009 0.697 
442 0.309 0.346 0.457 0.448 0.427 0.535 0.580 0.531 0.577 0.609 0.482 0.271 0.172 0.091 0.278 0.193 0.312 0.193 0.172 0.038 0.010 0.694 
443 0.312 0.345 0.461 0.437 0.435 0.535 0.593 0.542 0.577 0.607 0.482 0.270 0.177 0.087 0.283 0.195 0.314 0.197 0.172 0.035 0.011 0.697 
444 0.319 0.350 0.453 0.435 0.442 0.552 0.596 0.541 0.579 0.604 0.483 0.275 0.181 0.087 0.284 0.200 0.315 0.197 0.167 0.034 0.011 0.696 
445 0.316 0.359 0.447 0.443 0.445 0.559 0.578 0.543 0.577 0.597 0.486 0.278 0.186 0.081 0.282 0.200 0.327 0.202 0.161 0.031 0.010 0.691 
446 0.313 0.362 0.452 0.445 0.445 0.552 0.576 0.549 0.582 0.599 0.486 0.276 0.185 0.087 0.288 0.205 0.328 0.200 0.153 0.031 0.011 0.686 
447 0.323 0.365 0.451 0.442 0.442 0.551 0.568 0.553 0.582 0.602 0.480 0.273 0.182 0.083 0.288 0.204 0.331 0.204 0.160 0.031 0.011 0.684 
448 0.323 0.367 0.446 0.439 0.442 0.555 0.568 0.549 0.588 0.605 0.481 0.273 0.177 0.085 0.283 0.202 0.339 0.209 0.154 0.030 0.011 0.679 
449 0.314 0.370 0.450 0.438 0.442 0.559 0.573 0.563 0.583 0.601 0.486 0.276 0.175 0.085 0.280 0.201 0.336 0.204 0.161 0.029 0.011 0.673 
450 0.302 0.368 0.450 0.431 0.438 0.555 0.573 0.558 0.583 0.603 0.488 0.282 0.173 0.084 0.278 0.199 0.333 0.202 0.164 0.027 0.011 0.676 
451 0.298 0.369 0.456 0.430 0.441 0.545 0.566 0.561 0.606 0.591 0.495 0.280 0.173 0.080 0.279 0.209 0.331 0.204 0.161 0.031 0.010 0.680 
452 0.301 0.378 0.458 0.430 0.446 0.547 0.571 0.564 0.611 0.601 0.495 0.275 0.177 0.080 0.289 0.205 0.337 0.202 0.151 0.037 0.011 0.685 
453 0.306 0.382 0.460 0.435 0.450 0.541 0.575 0.556 0.611 0.594 0.501 0.277 0.173 0.080 0.292 0.203 0.338 0.204 0.158 0.041 0.011 0.685 
454 0.307 0.381 0.460 0.433 0.450 0.544 0.575 0.552 0.613 0.585 0.500 0.273 0.173 0.088 0.292 0.202 0.336 0.207 0.156 0.039 0.011 0.688 
455 0.304 0.379 0.467 0.433 0.446 0.547 0.570 0.555 0.610 0.586 0.486 0.270 0.175 0.091 0.292 0.201 0.336 0.212 0.157 0.035 0.012 0.690 
456 0.303 0.373 0.457 0.433 0.448 0.549 0.567 0.556 0.608 0.584 0.483 0.270 0.172 0.089 0.291 0.202 0.340 0.209 0.171 0.035 0.012 0.693 
457 0.305 0.368 0.458 0.435 0.452 0.548 0.562 0.557 0.606 0.587 0.489 0.268 0.176 0.086 0.291 0.201 0.337 0.208 0.168 0.034 0.011 0.701 
458 0.313 0.363 0.461 0.429 0.444 0.538 0.568 0.562 0.598 0.586 0.484 0.273 0.175 0.080 0.292 0.201 0.334 0.207 0.157 0.034 0.011 0.703 
459 0.315 0.367 0.456 0.431 0.441 0.537 0.572 0.560 0.588 0.585 0.482 0.277 0.174 0.075 0.294 0.196 0.326 0.202 0.160 0.037 0.010 0.704 
460 0.316 0.369 0.463 0.435 0.445 0.536 0.576 0.559 0.580 0.589 0.482 0.278 0.179 0.076 0.292 0.191 0.331 0.205 0.171 0.038 0.011 0.708 
461 0.316 0.373 0.469 0.433 0.438 0.525 0.588 0.552 0.577 0.586 0.473 0.279 0.181 0.072 0.288 0.190 0.333 0.204 0.168 0.038 0.011 0.709 
462 0.314 0.370 0.464 0.440 0.433 0.531 0.587 0.549 0.591 0.584 0.478 0.277 0.181 0.079 0.282 0.192 0.331 0.195 0.173 0.039 0.011 0.710 
463 0.311 0.374 0.467 0.435 0.425 0.524 0.580 0.549 0.580 0.582 0.477 0.275 0.180 0.077 0.277 0.179 0.328 0.190 0.180 0.042 0.010 0.712 
464 0.308 0.384 0.472 0.428 0.424 0.530 0.568 0.549 0.572 0.584 0.474 0.278 0.180 0.073 0.283 0.184 0.327 0.192 0.175 0.035 0.011 0.710 
465 0.313 0.387 0.466 0.431 0.431 0.546 0.557 0.546 0.586 0.588 0.471 0.272 0.183 0.077 0.284 0.184 0.318 0.188 0.179 0.033 0.011 0.709 
466 0.319 0.379 0.458 0.443 0.431 0.546 0.561 0.543 0.593 0.582 0.472 0.273 0.185 0.077 0.280 0.190 0.325 0.185 0.180 0.032 0.010 0.707 
467 0.323 0.386 0.463 0.443 0.431 0.557 0.570 0.546 0.600 0.585 0.469 0.275 0.186 0.081 0.286 0.183 0.337 0.183 0.180 0.031 0.011 0.710 
468 0.324 0.389 0.475 0.441 0.438 0.557 0.568 0.552 0.598 0.590 0.472 0.280 0.182 0.081 0.288 0.178 0.330 0.183 0.178 0.031 0.011 0.711 
469 0.324 0.384 0.477 0.435 0.444 0.553 0.562 0.550 0.593 0.596 0.478 0.287 0.189 0.087 0.287 0.184 0.333 0.180 0.178 0.030 0.012 0.710 
470 0.328 0.382 0.479 0.430 0.436 0.565 0.564 0.550 0.606 0.592 0.487 0.287 0.189 0.086 0.287 0.184 0.331 0.178 0.182 0.029 0.014 0.704 
471 0.320 0.391 0.481 0.434 0.435 0.561 0.567 0.553 0.610 0.583 0.502 0.283 0.200 0.088 0.279 0.189 0.328 0.174 0.179 0.031 0.014 0.699 
472 0.321 0.389 0.479 0.429 0.431 0.554 0.573 0.553 0.619 0.578 0.504 0.278 0.197 0.084 0.280 0.187 0.333 0.169 0.185 0.028 0.015 0.696 
473 0.322 0.382 0.487 0.429 0.433 0.553 0.566 0.553 0.625 0.576 0.512 0.279 0.196 0.088 0.280 0.188 0.338 0.165 0.190 0.032 0.015 0.693 
474 0.324 0.384 0.477 0.434 0.427 0.555 0.557 0.554 0.626 0.575 0.511 0.280 0.197 0.089 0.274 0.189 0.337 0.164 0.188 0.033 0.016 0.693 
475 0.322 0.376 0.475 0.430 0.431 0.563 0.541 0.555 0.623 0.577 0.502 0.271 0.203 0.089 0.279 0.191 0.337 0.164 0.189 0.034 0.016 0.688 
476 0.323 0.364 0.484 0.424 0.430 0.553 0.547 0.564 0.613 0.583 0.499 0.275 0.208 0.095 0.281 0.188 0.336 0.163 0.193 0.034 0.016 0.697 
477 0.324 0.364 0.477 0.410 0.434 0.554 0.555 0.557 0.605 0.588 0.497 0.271 0.208 0.093 0.283 0.187 0.338 0.165 0.195 0.035 0.016 0.697 
478 0.331 0.363 0.476 0.405 0.434 0.557 0.563 0.544 0.595 0.588 0.500 0.276 0.205 0.092 0.285 0.187 0.336 0.164 0.195 0.037 0.015 0.703 
479 0.332 0.358 0.479 0.401 0.432 0.557 0.548 0.545 0.588 0.591 0.486 0.281 0.208 0.091 0.284 0.189 0.336 0.158 0.191 0.034 0.017 0.707 
480 0.331 0.362 0.477 0.397 0.428 0.561 0.554 0.541 0.586 0.578 0.492 0.276 0.204 0.099 0.281 0.191 0.334 0.163 0.197 0.036 0.016 0.707 
481 0.331 0.363 0.481 0.393 0.425 0.563 0.544 0.539 0.577 0.586 0.484 0.274 0.209 0.096 0.282 0.190 0.333 0.165 0.186 0.037 0.016 0.705 
482 0.328 0.363 0.470 0.389 0.424 0.573 0.544 0.541 0.577 0.580 0.480 0.280 0.214 0.091 0.276 0.196 0.328 0.166 0.194 0.039 0.015 0.708 
483 0.328 0.367 0.462 0.394 0.415 0.594 0.553 0.537 0.585 0.581 0.480 0.286 0.212 0.091 0.280 0.197 0.338 0.166 0.194 0.040 0.015 0.704 
484 0.323 0.370 0.465 0.393 0.418 0.585 0.547 0.550 0.582 0.585 0.479 0.281 0.211 0.097 0.282 0.198 0.346 0.166 0.201 0.039 0.014 0.705 
485 0.325 0.364 0.465 0.394 0.418 0.577 0.553 0.554 0.594 0.582 0.484 0.278 0.207 0.095 0.286 0.196 0.345 0.169 0.205 0.042 0.013 0.702 
486 0.320 0.374 0.463 0.395 0.427 0.590 0.553 0.559 0.603 0.577 0.499 0.277 0.207 0.098 0.287 0.200 0.344 0.164 0.194 0.043 0.014 0.702 
487 0.324 0.372 0.476 0.400 0.425 0.590 0.546 0.563 0.605 0.581 0.512 0.274 0.203 0.101 0.291 0.198 0.336 0.161 0.195 0.040 0.015 0.707 
488 0.326 0.378 0.480 0.404 0.417 0.595 0.552 0.568 0.618 0.577 0.517 0.276 0.204 0.098 0.293 0.199 0.336 0.158 0.197 0.038 0.016 0.709 
489 0.327 0.377 0.486 0.416 0.417 0.606 0.523 0.568 0.626 0.578 0.516 0.274 0.205 0.098 0.297 0.193 0.333 0.154 0.195 0.037 0.016 0.707 
490 0.324 0.378 0.487 0.415 0.417 0.583 0.530 0.570 0.622 0.570 0.515 0.275 0.203 0.106 0.293 0.192 0.333 0.150 0.195 0.037 0.015 0.703 
491 0.330 0.378 0.487 0.409 0.416 0.571 0.534 0.567 0.626 0.565 0.506 0.279 0.196 0.107 0.294 0.189 0.342 0.152 0.189 0.037 0.014 0.704 
492 0.330 0.378 0.483 0.402 0.419 0.562 0.541 0.558 0.620 0.568 0.502 0.277 0.195 0.108 0.293 0.193 0.339 0.148 0.190 0.039 0.014 0.702 
493 0.328 0.388 0.492 0.403 0.416 0.557 0.546 0.559 0.618 0.570 0.498 0.280 0.195 0.110 0.298 0.195 0.344 0.151 0.195 0.043 0.014 0.703 
494 0.325 0.374 0.497 0.394 0.420 0.549 0.549 0.556 0.610 0.580 0.497 0.280 0.195 0.116 0.299 0.201 0.346 0.153 0.186 0.043 0.015 0.697 
495 0.320 0.376 0.488 0.401 0.424 0.548 0.553 0.556 0.601 0.578 0.495 0.284 0.194 0.120 0.301 0.202 0.341 0.151 0.181 0.044 0.016 0.691 
496 0.316 0.372 0.483 0.405 0.424 0.538 0.574 0.557 0.603 0.571 0.504 0.286 0.197 0.125 0.302 0.202 0.343 0.152 0.183 0.046 0.015 0.689 
497 0.309 0.372 0.476 0.408 0.422 0.559 0.558 0.561 0.610 0.573 0.508 0.288 0.197 0.134 0.302 0.203 0.348 0.146 0.179 0.042 0.016 0.687 
498 0.309 0.367 0.477 0.409 0.424 0.557 0.553 0.558 0.605 0.565 0.516 0.287 0.196 0.136 0.301 0.206 0.343 0.141 0.185 0.042 0.015 0.691 
499 0.309 0.367 0.477 0.414 0.430 0.562 0.549 0.551 0.613 0.562 0.509 0.286 0.193 0.152 0.306 0.202 0.346 0.138 0.189 0.042 0.016 0.699 