0 307 414 63 96 165 13 17 392 164 244 402 326 557 475 30 156 201 550 80 201 2316 535 
1 292 424 66 94 161 11 16 405 166 242 401 328 565 470 30 154 208 553 86 203 2315 522 
2 293 431 65 93 167 12 17 418 172 240 388 327 583 444 31 157 226 546 88 234 2276 504 
3 299 431 66 93 167 12 19 434 167 239 382 332 597 417 31 159 228 529 103 233 2273 500 
4 301 437 68 99 166 13 19 436 164 244 388 346 615 424 33 158 229 519 116 225 2289 504 
5 295 441 70 102 162 15 20 436 166 261 369 350 624 424 40 158 231 523 116 235 2279 504 
6 299 450 91 100 162 16 20 455 164 259 383 351 612 439 41 157 236 505 106 249 2290 481 
7 298 454 93 100 164 18 20 468 167 267 389 356 613 446 43 156 241 493 102 258 2302 483 
8 298 459 89 119 148 19 20 487 175 284 384 359 620 441 42 160 248 484 101 256 2307 486 
9 297 450 96 124 148 20 21 475 178 276 384 362 624 448 45 161 247 470 100 261 2324 468 
10 297 461 99 134 135 21 23 477 181 271 377 360 622 433 45 156 252 469 100 299 2324 483 
11 295 454 98 138 137 22 24 482 183 269 371 367 612 430 47 150 257 465 100 346 2303 487 
12 292 465 98 137 132 23 25 489 188 259 393 365 622 435 47 142 256 466 109 367 2292 485 
13 295 455 115 130 147 22 25 487 192 249 402 364 622 447 46 148 261 472 107 385 2275 496 
14 293 456 116 125 158 25 28 486 204 224 408 367 628 441 48 148 278 450 109 401 2262 509 
15 297 455 115 129 153 25 29 488 204 231 404 373 634 443 51 151 295 420 109 402 2268 503 
16 282 468 116 134 158 25 26 492 211 230 400 379 634 447 51 152 295 413 113 397 2272 526 
17 292 464 112 139 159 25 26 479 258 227 391 377 635 448 52 158 312 394 113 419 2247 513 
18 299 471 116 139 161 27 26 493 290 227 396 379 632 448 48 161 318 399 137 438 2216 488 
19 302 455 143 137 163 24 26 474 306 229 403 380 633 448 67 164 318 398 139 441 2227 480 
20 311 466 143 138 164 25 29 462 331 231 401 389 636 443 71 163 324 393 143 453 2239 452 
21 308 458 144 137 165 24 27 464 328 229 411 391 649 450 67 171 329 395 143 448 2257 460 
22 312 456 146 136 168 21 29 453 331 231 421 388 660 457 67 174 333 386 139 452 2284 462 
23 313 459 148 135 170 21 30 420 382 241 420 393 659 465 67 175 336 389 143 477 2279 478 
24 311 455 149 117 191 20 30 429 377 249 423 400 679 468 67 173 334 390 145 483 2299 488 
25 302 452 153 117 199 19 31 432 377 249 427 396 672 476 66 173 329 388 147 488 2333 494 
26 295 450 152 107 208 16 32 442 372 253 427 400 661 478 64 174 324 397 153 501 2331 506 
27 301 465 154 101 215 16 32 451 368 252 416 403 668 476 73 171 327 410 149 504 2336 512 
28 298 475 154 101 218 16 31 464 366 258 421 412 680 482 72 171 350 375 174 528 2325 526 
29 298 469 156 101 224 16 33 470 373 262 417 405 696 470 71 168 353 384 175 514 2374 525 
30 296 466 157 103 230 16 34 480 330 300 414 406 707 470 69 169 350 389 172 517 2386 519 
31 301 472 163 103 226 17 58 504 299 328 409 412 702 477 70 176 360 395 170 536 2357 474 
32 302 463 165 98 229 18 62 520 307 329 402 421 713 475 71 179 357 389 171 601 2269 458 
33 304 459 169 102 225 17 74 512 306 321 411 426 714 471 70 185 375 379 167 617 2238 459 
34 312 458 168 101 229 16 78 517 296 318 405 440 700 474 70 186 387 394 162 648 2177 483 
35 317 469 168 103 226 16 90 523 296 321 415 445 713 469 73 193 386 402 163 677 2140 495 
36 314 480 163 104 224 25 97 519 287 323 428 458 738 444 72 181 391 404 158 671 2094 507 
37 335 456 171 106 223 25 103 527 289 327 434 474 738 444 75 188 390 406 144 664 2141 522 
38 339 452 176 107 226 38 125 532 287 322 469 471 751 440 77 191 394 401 143 684 2166 461 
39 335 437 179 110 223 39 126 536 287 329 482 482 753 446 79 193 389 411 142 677 2197 449 
40 354 415 185 107 228 39 123 559 303 300 476 494 786 418 79 198 366 414 145 678 2185 462 
41 359 424 184 108 230 42 123 565 293 309 486 481 816 428 81 198 361 426 140 671 2206 477 
42 368 425 185 106 235 41 143 560 299 310 485 493 818 420 80 199 366 427 141 682 2194 492 
43 369 428 189 103 234 43 148 543 296 312 488 495 821 441 77 202 383 428 128 687 2222 501 
44 375 425 193 100 239 43 148 546 302 306 487 478 842 436 73 203 391 431 126 707 2228 524 
45 390 415 199 103 243 46 156 566 308 307 503 474 847 434 71 205 384 438 122 712 2251 513 
46 391 416 218 112 236 37 157 573 307 312 499 484 835 437 70 204 380 439 120 723 2269 520 
47 380 416 219 112 235 39 164 593 307 320 505 477 844 433 68 212 384 436 122 721 2265 491 
48 379 420 240 111 233 35 167 593 302 323 502 468 867 425 69 213 383 417 144 726 2293 473 
49 378 431 243 114 238 31 170 603 323 297 506 466 887 432 68 221 384 426 142 741 2315 483 
50 388 422 239 117 248 33 169 617 317 312 509 453 840 453 85 220 388 431 142 747 2354 484 
51 399 428 243 117 253 34 174 623 313 358 467 472 813 486 99 221 390 442 150 758 2359 502 
52 367 445 257 113 260 35 175 617 320 363 467 468 787 509 103 225 396 457 151 774 2377 500 
53 374 463 258 111 262 46 168 626 288 404 472 481 778 499 118 228 410 448 156 794 2328 516 
54 370 466 261 110 257 46 169 639 285 416 472 489 770 500 123 228 424 428 157 868 2225 488 
55 372 467 264 109 255 45 169 648 272 417 475 504 765 488 129 227 449 402 176 838 2198 474 
56 392 467 265 111 255 45 172 657 284 404 487 507 771 481 129 227 446 399 178 824 2158 482 
57 389 479 264 111 253 47 180 694 278 421 491 510 771 459 123 226 440 405 184 865 2093 477 
58 391 471 277 110 261 50 218 702 314 395 490 512 776 459 120 230 417 418 190 832 2129 433 
59 391 475 287 110 261 50 234 662 306 393 487 514 785 452 118 238 453 417 188 820 2168 438 
60 393 461 286 122 252 47 236 673 311 387 489 517 830 403 118 240 437 427 189 803 2162 438 
61 395 450 286 149 228 48 242 699 293 402 491 499 845 403 113 240 411 439 208 781 2211 448 
62 409 440 302 153 233 45 248 716 298 402 470 488 844 400 112 248 415 442 213 752 2237 458 
63 413 447 296 153 235 48 200 760 302 420 459 487 851 403 115 253 419 450 206 772 2234 463 
64 427 430 268 154 231 82 199 779 292 408 452 501 861 400 116 257 422 448 210 829 2246 468 
65 435 430 269 153 234 88 200 773 244 476 455 480 872 406 118 257 434 448 213 816 2266 469 
66 448 413 276 158 234 88 199 785 242 466 448 481 858 420 118 268 445 440 212 824 2287 479 
67 446 416 285 163 242 89 205 796 242 450 452 483 867 423 118 274 445 426 225 838 2298 495 
68 449 422 284 163 240 93 206 806 243 434 467 475 874 426 133 271 447 421 233 863 2295 504 
69 449 431 286 163 243 100 206 822 236 426 469 479 864 428 129 277 451 404 235 874 2324 517 
70 449 432 286 158 250 105 216 798 263 431 477 478 851 451 141 274 467 413 235 825 2377 525 
71 461 433 284 173 235 104 218 789 272 440 471 468 840 482 135 270 466 416 239 818 2372 535 
72 465 437 279 174 235 105 218 774 270 440 471 472 840 490 137 268 488 419 240 845 2289 532 
73 472 444 287 173 242 109 245 791 273 445 478 474 836 481 133 270 474 420 245 819 2249 504 
74 465 449 286 171 247 135 227 789 300 422 483 482 841 493 131 277 497 418 257 814 2215 503 
75 469 446 289 175 257 143 234 714 378 410 493 482 824 493 126 271 505 409 248 862 2124 498 
76 457 462 294 183 249 144 253 729 367 418 489 481 858 461 126 265 491 456 218 860 2132 475 
77 457 466 313 173 251 160 254 734 356 425 499 495 889 429 125 270 487 454 233 826 2137 447 
78 445 478 326 170 257 166 259 747 343 429 494 506 844 440 131 268 486 427 242 830 2146 462 
79 476 442 327 173 257 176 263 761 340 442 497 519 836 450 127 262 472 438 243 796 2195 468 
80 469 434 342 165 268 166 287 760 335 444 501 510 815 453 133 264 474 434 246 792 2209 475 
81 481 423 345 163 263 173 293 769 335 430 520 493 820 465 150 278 461 428 251 773 2230 472 
82 485 431 349 168 265 181 293 791 335 422 539 508 763 490 172 286 461 444 236 785 2240 481 
83 490 410 376 165 267 181 291 815 348 419 546 516 780 473 169 290 433 439 245 794 2288 493 
84 508 418 336 166 269 217 300 830 343 424 551 512 780 471 171 287 428 429 241 829 2295 504 
85 518 427 342 163 275 224 313 849 353 445 529 522 773 480 167 298 434 420 233 859 2288 518 
86 530 430 347 166 277 211 337 868 346 439 524 515 768 477 155 312 439 393 247 889 2305 532 
87 525 424 351 172 272 214 343 884 330 455 511 528 769 478 153 319 450 398 245 874 2336 534 
88 533 432 363 170 272 214 359 890 305 487 523 537 791 470 155 320 457 405 243 885 2360 520 
89 543 429 368 172 281 209 403 872 299 484 535 551 802 461 155 314 467 403 246 880 2366 534 
90 566 433 367 174 279 222 431 868 314 498 574 554 810 463 156 320 446 409 260 877 2366 483 
91 576 435 378 176 284 232 444 879 320 478 583 559 810 465 148 328 449 412 264 893 2347 476 
92 576 443 388 169 284 229 476 862 386 429 614 551 814 467 146 334 446 420 260 856 2393 455 
93 590 443 386 172 287 238 494 874 405 421 622 551 832 465 147 331 444 434 250 896 2310 426 
94 586 450 388 175 288 242 504 879 416 413 629 554 804 497 159 330 452 435 234 932 2281 431 
95 583 455 401 177 296 257 528 916 393 457 576 561 816 467 176 328 448 439 232 941 2251 422 
96 596 457 409 175 292 258 551 933 393 462 561 568 813 458 175 328 457 442 219 932 2183 434 
97 602 461 413 177 304 263 556 951 391 461 550 572 819 450 177 326 462 440 219 915 2147 441 
98 605 477 415 176 302 265 562 1008 340 481 549 574 820 440 181 321 473 450 216 919 2102 460 
99 610 451 423 171 314 270 565 1028 352 484 531 570 828 445 176 317 461 448 218 907 2086 476 
100 624 441 425 175 313 282 561 1046 360 468 537 600 828 458 173 325 446 446 214 909 2109 487 
101 634 440 422 171 312 364 517 974 406 475 520 609 832 468 177 332 435 423 245 871 2139 489 
102 635 431 437 168 314 371 545 926 401 464 533 623 843 473 186 340 443 413 254 860 2150 487 
103 648 414 450 171 314 388 513 975 402 502 507 655 846 478 174 340 434 437 249 853 2154 493 
104 636 445 462 175 314 404 500 988 406 478 528 641 848 467 200 350 454 417 233 881 2150 503 
105 639 441 470 178 314 443 477 1027 424 460 511 630 860 481 213 328 461 405 225 869 2184 504 
106 637 444 429 182 318 496 486 1057 426 449 522 641 870 479 214 329 453 418 224 868 2191 509 
107 634 453 441 179 320 492 486 1100 396 450 519 653 884 465 215 333 448 428 235 859 2220 505 
108 636 444 484 177 319 471 487 1096 403 455 513 659 882 466 215 340 448 395 242 843 2243 511 
109 610 469 490 179 326 478 491 1094 390 457 516 628 894 472 231 349 447 398 243 818 2281 534 
110 618 481 486 181 334 476 499 1105 393 461 516 662 832 487 235 361 451 408 248 804 2293 503 
111 626 472 498 179 333 482 508 1053 449 473 513 677 790 495 232 367 441 409 252 784 2311 496 
112 625 463 502 179 332 468 528 1057 457 476 502 681 828 454 250 353 448 402 270 772 2289 498 
113 651 449 506 176 335 470 552 1007 459 481 521 660 894 408 261 358 495 402 267 780 2323 484 
114 661 453 552 169 334 425 533 1062 454 467 528 687 871 417 259 358 499 408 262 788 2321 443 
115 679 447 564 177 332 445 517 1131 449 457 543 694 825 433 278 364 466 410 257 776 2347 454 
116 684 450 574 184 332 464 495 1173 462 448 549 684 827 432 282 369 449 411 255 795 2376 464 
117 678 449 573 184 329 435 509 1204 450 434 568 660 801 423 294 375 459 415 236 806 2380 462 
118 667 430 597 184 336 426 499 1247 447 426 579 659 771 459 299 366 436 424 225 816 2310 452 
119 675 421 562 185 335 463 510 1245 463 427 562 686 750 467 315 370 432 429 220 808 2283 459 
120 653 429 526 185 341 509 528 1200 454 428 563 698 739 470 317 368 448 429 224 886 2205 472 
121 623 442 573 196 346 458 562 1195 404 444 547 712 752 474 282 367 458 442 217 918 2109 480 
122 611 454 566 188 367 466 579 1138 396 464 506 725 757 481 277 375 507 436 215 910 2123 490 
123 611 456 567 191 380 538 527 1145 377 464 513 733 770 489 302 369 513 443 220 905 2132 477 
124 623 457 554 189 356 577 510 1092 383 460 506 720 788 486 306 373 544 448 220 871 2184 482 
125 620 484 521 190 363 606 496 1121 376 427 470 716 801 486 333 377 546 446 225 869 2210 494 
126 626 472 506 190 366 606 490 1082 366 451 475 735 817 473 350 377 605 447 234 840 2257 507 
127 639 474 475 188 352 629 523 1080 361 425 494 732 850 470 351 382 607 464 226 824 2268 492 
128 654 437 476 198 345 643 549 1050 344 436 485 716 875 469 358 387 624 470 231 816 2266 495 
129 661 442 479 201 345 655 600 982 387 431 493 722 861 485 365 389 612 464 244 773 2296 497 
130 670 444 463 200 348 677 580 966 369 453 494 732 854 486 363 391 609 407 276 818 2300 499 
131 688 453 519 194 349 630 580 994 354 459 498 736 861 495 372 384 607 384 282 834 2301 503 
132 669 484 547 198 344 603 599 998 360 456 516 718 867 485 363 376 605 395 263 860 2293 511 
133 670 489 554 198 350 615 599 1019 358 431 547 708 858 477 364 384 561 396 284 875 2303 489 
134 643 523 570 205 351 596 598 1061 378 420 534 696 861 473 364 389 554 411 294 830 2346 507 
135 626 524 575 223 344 602 611 1070 378 404 562 697 862 481 367 396 550 411 298 801 2409 507 
136 593 534 581 227 353 585 653 1044 387 399 558 708 856 473 366 389 557 421 287 869 2314 510 
137 599 511 599 230 362 566 639 1045 383 415 541 702 882 461 382 393 549 420 284 892 2250 523 
138 596 495 584 233 370 556 695 991 386 414 520 719 919 438 377 404 542 425 293 928 2183 525 
139 594 497 603 233 370 541 678 1015 377 411 524 697 907 466 406 403 516 442 306 976 2123 548 
140 576 521 558 240 413 527 694 1000 378 408 532 714 878 508 418 405 517 441 307 950 2146 529 
141 575 532 546 247 422 528 665 1077 342 432 547 734 825 509 425 406 511 453 306 941 2164 477 
142 577 565 507 248 462 541 655 1107 334 451 552 719 820 491 437 406 499 437 322 908 2196 459 
143 578 568 486 254 478 544 631 1132 312 429 554 737 788 483 470 390 507 421 327 913 2239 457 
144 610 541 485 241 500 557 595 1160 308 424 544 744 794 468 501 383 527 391 327 908 2239 458 
145 615 544 526 251 494 555 582 1137 307 430 509 754 834 439 501 388 532 398 316 917 2244 467 
146 617 541 546 253 517 540 597 1113 283 430 520 731 850 448 523 396 562 399 316 874 2288 475 
147 613 561 588 270 473 552 585 1122 289 433 515 744 867 441 536 403 548 412 318 875 2275 480 
148 610 564 593 262 499 544 562 1108 291 435 500 757 862 444 532 414 555 404 311 864 2307 485 
149 609 562 605 261 494 543 562 1059 321 432 490 775 868 439 534 421 556 397 307 842 2347 496 
150 611 572 608 260 499 534 548 988 316 470 452 784 857 475 532 420 591 398 313 855 2344 502 
151 609 583 613 267 513 531 564 969 336 461 419 794 873 472 554 410 605 406 307 824 2375 500 
152 629 580 584 277 508 556 527 1014 338 461 421 788 872 472 560 409 602 404 299 818 2379 510 
153 638 575 542 280 549 555 533 1062 345 475 420 787 882 479 553 429 579 410 321 765 2416 470 
154 641 595 516 278 547 568 507 1085 347 471 423 799 892 466 544 426 584 421 334 810 2349 479 
155 628 595 522 284 541 567 499 1060 346 504 428 789 903 461 549 431 582 404 345 927 2228 484 
156 644 588 520 289 548 565 496 1093 344 514 435 813 866 479 547 438 591 394 344 975 2128 498 
157 654 586 536 288 549 552 503 1116 345 510 447 837 854 486 545 446 589 404 353 964 2172 507 
158 666 593 577 287 558 532 492 1134 342 492 467 824 817 501 550 445 603 409 352 982 2171 516 
159 655 605 587 295 569 528 500 1138 359 471 489 812 808 493 558 448 608 400 362 928 2224 519 
160 669 611 590 296 577 524 534 1133 343 461 516 815 780 498 560 445 616 407 359 921 2233 527 
161 680 612 624 298 567 518 551 1149 343 453 519 813 785 491 567 442 614 408 363 879 2296 516 
162 655 624 641 299 576 504 578 1079 339 458 528 818 825 456 573 443 607 411 362 884 2297 512 
163 632 668 647 293 565 502 597 1040 351 449 539 838 835 452 582 492 578 408 338 824 2357 474 
164 630 693 637 293 578 497 573 1038 348 417 575 839 826 444 588 503 576 423 336 846 2398 480 
165 619 717 639 291 582 500 584 1067 340 413 610 856 843 422 594 497 543 427 325 832 2388 446 
166 624 723 629 305 586 485 586 1081 331 403 642 839 855 421 585 512 539 431 313 870 2300 451 
167 604 701 614 354 588 511 546 1130 321 400 629 856 894 407 595 506 518 425 311 855 2249 455 
168 615 681 621 371 605 532 515 1182 322 397 661 851 871 419 600 522 516 421 304 900 2182 456 
169 630 678 628 349 600 550 510 1150 338 364 683 863 846 424 598 533 524 425 298 961 2087 453 
170 637 657 664 353 568 563 495 1103 356 398 640 875 832 407 597 545 524 428 299 960 2105 449 
171 633 627 668 336 589 569 611 992 364 418 626 899 823 403 593 551 520 421 299 936 2112 461 
172 644 609 606 344 599 650 552 983 357 406 604 924 767 411 607 568 546 431 294 917 2141 474 
173 660 619 624 328 622 581 543 1034 337 431 597 936 777 414 599 574 553 436 272 907 2149 472 
174 656 628 638 326 645 563 522 1084 305 407 616 910 782 417 612 576 549 431 274 957 2124 487 
175 661 638 602 321 658 601 517 1093 297 397 635 901 788 417 624 591 547 437 269 906 2184 486 
176 666 644 596 310 668 582 512 1084 275 395 638 906 790 422 631 604 583 427 284 880 2222 492 
177 678 645 610 314 680 584 505 1100 277 382 642 910 791 426 634 605 600 428 287 872 2234 497 
178 677 653 633 312 684 571 521 1078 283 377 648 915 819 425 640 610 598 415 317 856 2272 513 
179 679 657 633 318 694 556 525 1100 281 357 670 924 821 425 656 633 633 405 294 814 2294 521 
180 701 649 654 337 670 559 546 1107 285 320 714 951 837 430 644 641 646 407 283 827 2301 521 
181 708 624 640 343 662 575 557 1121 286 332 695 946 821 442 636 645 637 411 292 850 2294 535 
182 710 659 619 363 672 610 536 1124 282 371 688 913 826 445 649 654 626 413 285 814 2326 499 
183 688 662 581 361 711 578 546 1120 287 374 663 891 847 432 702 655 633 401 286 768 2366 507 
184 660 667 564 347 731 577 553 1120 285 390 651 894 850 431 698 657 652 390 301 775 2372 496 
185 638 703 537 312 733 586 541 1154 289 389 615 895 863 438 714 665 664 389 280 781 2392 491 
186 642 717 547 310 714 595 568 1134 286 386 597 885 890 431 776 646 624 399 283 852 2301 486 
187 631 740 554 300 671 589 569 1137 303 378 573 878 856 466 791 661 632 404 277 915 2213 482 
188 639 755 569 301 675 596 575 1112 309 372 564 884 848 456 769 664 623 403 273 974 2148 484 
189 669 727 577 308 663 582 590 1105 295 386 566 838 824 454 787 681 627 399 249 978 2118 482 
190 679 733 581 302 674 575 591 1128 284 386 556 855 819 458 792 706 600 397 240 948 2134 469 
191 689 733 558 297 672 589 600 1112 279 396 564 871 805 455 789 717 594 386 252 912 2150 469 
192 706 749 566 295 689 592 600 1104 285 407 564 901 782 456 797 714 590 377 255 898 2154 484 
193 682 751 572 276 720 600 602 1113 290 394 569 910 785 463 795 727 572 390 266 889 2176 495 
194 679 751 568 276 728 599 610 1099 283 391 580 913 793 462 783 706 578 395 264 875 2210 503 
195 673 768 598 259 729 591 609 1060 307 390 599 960 814 460 731 697 604 403 255 857 2241 500 
196 744 707 585 262 744 564 610 1073 313 393 606 948 811 464 724 654 660 402 267 860 2247 507 
197 770 703 555 264 758 572 578 1072 314 398 609 934 813 459 753 652 648 407 272 850 2263 513 
198 771 690 562 261 771 574 579 1103 318 410 583 906 821 462 766 644 636 408 274 850 2275 520 
199 771 667 606 268 739 545 589 1133 347 386 580 896 845 447 781 647 585 396 277 865 2249 531 
200 793 644 619 277 730 537 574 1180 313 402 581 889 848 455 798 619 572 403 276 836 2272 536 
201 811 660 515 352 703 546 572 1177 315 382 621 804 886 441 812 648 554 417 269 861 2250 532 
202 826 658 489 375 685 545 545 1188 316 380 624 809 890 439 809 663 581 418 262 859 2256 535 
203 857 602 539 355 688 519 536 1160 318 377 599 836 848 451 823 680 575 419 260 861 2278 536 
204 808 677 526 385 668 516 572 1139 311 385 597 868 819 465 834 692 568 418 260 818 2314 511 
205 767 720 535 397 649 525 581 1124 309 385 599 874 819 471 843 723 562 425 235 813 2359 508 
206 756 722 526 408 635 533 585 1101 305 409 594 871 805 485 872 715 597 419 239 818 2387 512 
207 731 754 531 382 641 550 586 1117 304 407 549 890 780 500 923 692 632 421 252 818 2328 509 
208 744 753 525 390 651 548 576 1060 350 418 533 927 809 492 916 702 630 402 267 845 2262 502 
209 768 723 526 386 654 549 571 1039 354 462 486 943 807 497 883 687 623 399 262 893 2221 496 
210 780 773 477 392 662 545 558 1056 345 459 535 934 844 478 842 677 618 399 263 885 2212 496 
211 792 776 505 380 712 507 542 1069 344 464 508 932 855 467 859 662 624 400 264 898 2161 497 
212 792 783 447 378 772 508 542 1084 341 458 503 945 856 452 856 659 610 409 267 943 2105 504 
213 811 784 448 399 797 473 527 1127 347 448 494 916 866 437 856 683 608 409 244 912 2148 517 
214 782 846 462 424 807 474 531 1201 370 419 486 856 869 442 922 652 543 395 255 942 2140 518 
215 774 843 471 427 773 495 534 1224 379 406 482 826 872 429 926 654 546 397 255 949 2158 498 
216 765 849 524 405 775 479 520 1282 381 410 477 805 885 429 955 604 531 437 240 925 2199 513 
217 771 859 539 393 785 434 521 1273 391 415 449 807 871 430 984 597 519 449 235 902 2246 515 
218 812 855 556 383 761 434 510 1257 402 393 437 832 841 455 986 593 544 456 231 929 2214 502 
219 814 837 582 384 745 430 510 1263 399 397 381 863 832 451 985 622 513 470 221 895 2276 500 
220 822 817 574 394 750 426 475 1255 397 389 383 852 808 465 969 646 518 460 219 866 2286 508 
221 821 803 583 406 754 437 463 1218 399 388 392 852 802 477 950 649 554 461 220 846 2342 495 
222 898 699 658 415 795 442 438 1162 422 383 398 855 777 501 926 656 567 437 222 859 2333 469 
223 901 720 635 423 741 496 433 1137 424 372 402 886 795 498 908 654 574 434 223 859 2353 452 
224 914 734 629 421 731 551 407 1122 433 376 428 876 816 493 873 660 566 422 220 820 2406 462 
225 930 737 639 415 704 555 454 1067 464 368 431 877 840 483 889 671 585 407 233 828 2322 429 
226 866 813 661 368 715 546 456 1077 459 385 448 882 861 465 862 662 582 414 238 825 2275 437 
227 842 808 698 372 721 536 471 1082 466 403 434 891 886 447 858 652 606 409 242 871 2219 441 
228 831 799 703 358 747 526 470 1092 462 412 440 890 855 469 851 633 613 418 246 885 2159 445 
229 801 825 690 354 758 518 486 1096 469 387 488 895 858 466 813 623 592 427 252 922 2097 452 
230 800 815 700 344 765 508 492 1112 471 390 496 912 849 467 827 604 615 434 264 913 2075 463 
231 790 798 699 344 765 525 504 1140 463 392 495 918 851 457 834 602 604 428 263 914 2080 472 
232 824 793 674 323 766 536 489 1156 454 377 510 913 828 474 829 602 591 421 259 910 2089 460 
233 872 734 654 329 768 542 507 1157 455 362 498 886 796 459 836 597 587 441 222 878 2132 444 
234 875 746 668 325 802 507 513 1175 442 353 515 840 822 460 852 593 582 450 226 868 2149 445 
235 906 720 681 331 842 482 502 1209 431 339 557 814 845 431 848 645 532 459 228 885 2126 458 
236 923 715 726 328 846 523 454 1225 429 340 545 825 847 426 864 640 521 479 233 852 2167 443 
237 930 697 724 367 817 546 406 1260 377 360 538 831 861 432 882 625 481 500 281 822 2189 442 
238 975 675 746 441 751 560 407 1296 365 357 535 841 877 419 880 639 476 504 291 800 2208 446 
239 963 682 773 440 745 513 462 1338 345 358 530 895 883 429 853 660 474 484 287 791 2235 449 
240 951 664 803 433 737 499 474 1234 399 370 527 908 886 426 871 682 505 461 321 766 2245 428 
241 942 698 766 439 739 494 509 1218 355 376 528 917 840 454 882 705 546 455 320 773 2277 438 
242 926 672 830 456 677 529 508 1194 369 386 510 920 839 441 884 714 543 451 327 795 2286 454 
243 927 656 817 482 684 515 489 1104 432 399 504 877 864 429 898 739 562 419 335 816 2274 452 
244 901 656 819 477 706 506 496 1051 479 402 473 900 837 429 911 747 564 413 333 812 2282 454 
245 895 643 869 462 740 457 491 1032 472 401 468 897 817 448 913 764 604 409 326 826 2299 463 
246 886 692 827 435 791 439 489 1038 457 398 442 873 833 458 909 765 609 422 313 829 2327 452 
247 865 711 810 422 809 436 485 1012 431 417 455 851 823 475 923 736 660 434 333 837 2305 448 
248 842 739 804 412 813 434 475 1016 430 424 468 839 798 491 935 703 663 435 356 882 2304 454 
249 809 804 742 453 804 435 450 1067 425 427 469 840 791 488 936 696 678 428 345 884 2296 459 
250 805 810 747 442 831 431 456 1140 413 419 476 806 810 485 974 691 635 415 346 873 2306 463 
251 821 801 725 426 835 426 456 1156 384 432 516 820 819 478 932 654 597 417 408 860 2312 471 
252 818 806 755 407 837 424 438 1188 372 439 541 852 835 491 875 643 578 429 411 846 2352 483 
253 853 794 754 407 873 421 442 1182 359 466 502 828 894 498 867 635 579 437 425 846 2373 495 
254 888 743 761 437 882 419 431 1198 344 464 490 844 885 462 912 612 614 439 395 867 2408 488 
255 887 761 739 426 913 429 428 1170 343 453 481 853 844 452 904 609 605 446 401 882 2337 491 
256 895 755 732 453 883 432 421 1165 332 446 478 869 810 456 889 611 602 460 400 875 2280 501 
257 906 764 702 462 896 424 431 1078 398 449 458 870 799 444 887 617 604 467 387 891 2191 508 
258 868 801 716 467 874 413 446 1043 384 444 460 884 756 439 889 601 648 428 401 918 2122 516 
259 826 851 697 472 849 448 494 982 420 408 468 911 763 451 866 662 627 408 403 901 2108 522 
260 801 870 683 504 808 459 537 952 447 369 468 920 760 454 887 695 603 420 388 876 2129 537 
261 699 955 663 532 784 478 538 948 447 382 494 859 765 461 891 717 602 421 379 866 2172 525 
262 708 906 657 545 829 482 548 970 449 376 497 854 764 461 907 742 610 429 369 840 2207 523 
263 731 896 633 555 850 482 556 987 452 377 496 817 754 472 931 755 627 437 366 831 2217 524 
264 738 899 704 516 863 486 532 1018 460 369 489 826 764 477 953 761 642 432 352 826 2227 494 
265 719 923 729 496 877 460 530 1006 443 380 456 866 774 475 940 775 667 425 352 822 2244 471 
266 742 899 729 469 932 467 534 1019 441 394 433 887 763 480 939 748 689 414 344 815 2271 474 
267 743 852 782 441 912 460 541 1039 419 408 423 892 759 483 950 726 709 414 338 817 2270 473 
268 784 782 832 434 896 495 556 1043 413 410 438 906 772 484 951 760 621 424 328 807 2284 484 
269 797 774 818 452 883 515 494 1086 422 414 443 919 783 489 962 763 572 423 387 795 2301 495 
270 807 763 835 448 872 511 479 1097 421 429 451 918 784 497 967 725 609 433 388 783 2323 506 
271 798 754 834 442 872 523 468 1128 433 424 442 917 764 503 958 714 634 441 377 773 2321 521 
272 801 793 831 443 857 557 463 1122 447 411 452 929 771 478 956 739 623 442 377 786 2362 495 
273 796 818 840 438 793 604 443 1132 458 393 489 935 774 462 910 747 631 451 379 784 2405 495 
274 803 824 840 415 787 628 420 1160 458 398 506 920 772 460 877 747 623 442 392 792 2356 496 
275 809 882 867 425 743 624 416 1164 474 380 494 895 780 457 861 763 624 445 392 832 2295 465 
276 814 905 939 401 754 576 421 1214 440 385 474 906 797 443 888 766 635 446 386 869 2248 460 
277 809 934 895 412 772 566 437 1166 442 380 446 880 791 454 912 761 696 451 377 861 2193 453 
278 835 917 893 402 772 528 513 1134 413 401 428 834 820 457 969 769 688 454 379 868 2146 440 
279 875 921 854 445 771 523 522 1099 404 408 433 850 829 452 967 759 690 459 382 906 2088 442 
280 832 955 849 429 776 530 536 1105 370 443 435 866 842 453 925 765 672 438 404 903 2106 454 
281 837 957 821 442 773 544 567 1079 362 456 434 896 859 448 885 770 686 426 387 873 2121 463 
282 783 962 882 427 806 514 557 1112 331 467 458 889 907 446 879 723 726 415 381 871 2141 482 
283 762 974 916 398 827 509 575 1091 315 477 467 889 900 450 880 724 750 384 391 846 2178 503 
284 762 970 917 455 786 492 563 1075 304 468 488 899 892 447 869 757 761 386 371 831 2193 517 
285 757 950 936 461 805 503 567 1002 352 460 501 909 885 440 841 771 761 397 368 828 2223 497 
286 780 917 936 466 838 490 568 979 370 457 499 915 850 447 897 788 762 398 348 793 2273 508 
287 788 909 929 478 851 484 575 965 360 468 478 919 831 447 923 788 778 367 364 792 2304 517 
288 798 923 957 486 900 452 570 971 349 459 480 910 818 445 944 816 788 368 338 791 2332 496 
289 806 958 946 502 904 449 530 1025 351 470 468 913 783 452 949 802 763 371 351 801 2323 461 
290 821 976 942 494 900 446 517 1051 343 473 453 922 799 452 978 793 806 354 342 820 2340 438 
291 852 1008 882 461 939 460 517 1057 340 493 450 915 792 448 950 856 705 356 351 800 2370 451 
292 857 1008 896 426 913 463 510 1117 338 506 443 937 812 458 938 862 672 372 357 789 2385 454 
293 856 975 893 443 941 462 510 1124 322 521 446 967 833 462 903 863 658 378 365 793 2317 457 
294 851 995 903 445 934 464 503 1158 322 515 492 941 861 473 844 803 677 379 362 789 2262 469 
295 886 942 933 462 903 455 565 1118 345 503 474 924 872 482 863 832 660 380 368 868 2126 478 
296 920 929 926 481 909 456 555 1167 345 483 466 903 878 487 908 802 648 371 362 850 2165 485 
297 918 913 914 496 907 464 551 1142 345 478 448 897 883 492 939 789 641 369 362 851 2175 486 
298 905 972 854 499 878 477 556 1098 357 470 443 868 876 503 951 801 606 377 384 848 2178 494 
299 892 950 860 512 862 460 570 1055 396 462 422 845 891 499 971 807 590 376 387 834 2202 508 
300 859 971 863 503 837 447 571 1063 367 482 411 848 910 470 1001 795 612 383 362 824 2220 511 
301 803 1026 888 507 846 460 572 1099 355 476 426 848 858 477 1008 791 594 374 368 809 2268 505 
302 780 1014 900 493 872 528 501 1100 400 421 446 860 885 440 1012 784 594 381 356 785 2296 500 
303 793 960 912 507 912 524 526 1134 380 437 457 870 862 446 996 781 589 383 357 793 2315 456 
304 766 973 886 516 909 567 513 1185 366 439 472 962 818 472 903 756 555 381 357 793 2358 436 
305 785 970 893 547 910 565 494 1229 363 453 487 928 795 484 915 721 560 384 359 804 2353 448 
306 782 976 980 544 863 556 498 1179 362 453 476 902 812 490 898 729 586 396 369 830 2318 448 
307 797 966 1020 554 882 510 523 1161 357 473 474 901 818 500 921 737 589 393 336 834 2319 457 
308 806 991 1054 565 899 482 594 1058 333 497 469 886 829 492 972 738 605 378 326 850 2299 458 
309 837 985 1029 586 913 476 588 1046 324 505 455 864 853 499 1025 685 630 373 321 845 2322 465 
310 862 965 1067 601 923 456 592 1077 341 454 480 856 880 475 1020 678 623 378 299 825 2362 462 
311 856 980 1074 618 927 476 626 1080 340 444 481 815 893 468 1008 695 628 393 303 820 2341 450 
312 870 981 1063 620 964 469 641 1095 355 401 492 840 873 466 987 706 636 396 301 800 2345 454 
313 880 959 1049 612 970 471 645 1134 351 382 488 883 873 451 967 701 632 396 295 764 2391 468 
314 895 949 1062 597 973 455 645 1127 343 411 480 918 870 441 932 708 613 399 282 828 2319 465 
315 920 926 1138 538 1002 460 623 1115 343 415 480 907 889 441 924 726 608 391 279 896 2224 477 
316 903 960 1124 526 1013 466 607 1104 322 427 482 914 884 457 895 768 594 400 261 887 2200 453 
317 892 978 1141 513 1015 454 594 1102 312 448 475 941 862 468 866 786 580 400 271 905 2138 465 
318 913 981 1110 480 1050 465 596 1085 295 440 478 929 832 498 855 810 620 400 269 896 2138 460 
319 989 937 1098 521 980 500 605 1075 344 387 488 912 843 475 875 808 611 392 284 866 2157 466 
320 943 962 1082 511 1004 502 619 1051 344 388 488 897 814 476 880 810 629 392 275 859 2173 480 
321 974 922 1058 515 1000 526 629 1028 352 385 485 855 805 471 899 798 621 394 266 875 2166 479 
322 981 893 1053 528 989 525 635 990 365 383 482 833 813 456 905 796 643 398 261 865 2205 482 
323 970 904 1073 523 971 526 632 997 353 391 444 798 823 464 948 780 665 403 257 819 2259 477 
324 919 945 1060 512 990 518 608 1038 343 426 405 828 819 452 945 758 687 412 254 811 2313 470 
325 955 893 1067 505 950 520 558 1100 357 400 423 833 830 443 922 760 665 428 273 808 2364 462 
326 989 881 1035 508 931 534 530 1121 358 392 427 827 802 447 917 763 675 422 279 840 2355 468 
327 1006 885 1014 508 918 550 535 1139 367 385 414 853 785 454 929 734 672 433 271 870 2352 475 
328 1036 883 1000 518 933 553 522 1180 365 384 422 873 780 449 902 732 693 429 269 895 2341 483 
329 1056 879 1005 524 943 541 540 1171 368 384 431 888 790 443 877 716 705 404 295 852 2379 493 
330 1082 865 1008 539 962 488 584 1172 371 365 453 900 797 441 848 719 671 405 310 853 2430 506 
331 1072 848 985 557 969 495 608 1123 370 358 444 909 829 436 864 693 668 407 303 898 2336 515 
332 1034 877 936 577 1025 497 608 1121 371 338 433 926 834 444 864 665 663 409 293 922 2301 518 
333 1034 879 905 602 1065 486 587 1107 373 337 448 929 837 455 877 681 684 407 291 981 2199 515 
334 1031 879 920 545 1111 469 603 1050 376 337 481 893 835 467 880 721 689 407 303 1000 2148 519 
335 940 965 921 530 1100 469 590 1075 375 330 447 892 864 461 910 747 663 402 312 990 2099 526 
336 948 948 915 569 1088 470 630 998 401 326 442 875 890 470 915 769 679 396 297 930 2169 472 
337 928 937 953 591 1055 469 642 949 428 340 426 870 897 468 932 773 697 391 285 916 2191 464 
338 926 941 917 632 1021 469 598 1000 367 383 431 890 887 471 947 819 660 389 282 904 2193 460 
339 928 957 908 624 1012 483 582 1048 353 378 441 850 868 478 989 830 679 383 287 881 2234 437 
340 941 971 863 627 1018 481 574 1068 346 378 453 847 840 471 951 843 685 391 271 856 2249 442 
341 951 987 912 570 979 473 569 1060 358 396 446 837 836 477 939 854 686 399 257 848 2274 444 
342 971 997 920 575 1000 445 567 1063 360 419 465 878 854 483 884 840 695 405 255 816 2317 454 
343 989 985 922 573 947 481 545 1091 349 416 473 859 851 481 862 845 716 413 245 827 2327 454 
344 993 962 967 536 988 482 548 1120 347 404 470 867 824 480 862 827 710 419 254 836 2347 466 
345 1034 931 988 545 972 477 550 1140 331 426 446 860 827 477 855 792 714 411 262 850 2336 480 
346 1064 890 1006 541 1005 465 530 1181 327 416 437 836 818 475 867 825 690 407 262 913 2335 486 
347 981 895 1062 551 1031 481 511 1220 317 402 435 839 805 489 869 797 671 402 293 908 2345 492 
348 956 901 977 625 1060 467 515 1175 307 397 443 836 803 496 895 740 684 402 328 904 2345 494 
349 946 899 960 643 1040 488 523 1166 306 391 448 815 835 475 913 748 686 405 335 919 2340 501 
350 965 892 914 604 1101 522 516 1191 308 379 469 815 841 467 940 754 636 413 340 895 2368 502 
351 973 905 905 592 1136 530 516 1172 333 369 474 830 841 465 944 756 648 421 327 878 2421 504 
352 995 924 881 567 1184 580 477 1124 359 360 473 842 840 470 946 751 656 432 310 936 2303 507 
353 992 967 905 553 1150 599 492 1092 361 351 497 828 869 468 937 774 678 434 297 1000 2193 509 
354 997 1002 897 554 1172 606 490 1113 321 326 531 835 896 456 928 760 727 430 258 1084 2136 512 
355 1034 981 903 556 1185 578 499 1089 316 329 519 836 922 450 916 808 687 427 264 1052 2183 499 
356 1092 938 900 569 1161 589 499 1042 344 319 494 879 907 448 878 855 698 405 290 1041 2203 500 
357 1108 951 921 583 1173 584 493 1063 356 342 458 925 853 460 867 867 673 414 276 1036 2217 489 
358 1097 976 961 585 1111 587 490 1102 340 360 446 936 837 447 856 890 652 413 291 1001 2239 495 
359 1070 1024 1062 592 1007 590 495 1114 327 370 443 934 808 445 852 867 674 419 300 975 2233 501 
360 1025 1086 1054 599 1010 596 476 1103 332 377 449 896 830 440 871 802 685 426 303 1043 2255 504 
361 998 1088 1043 621 1016 573 474 1153 348 379 450 876 845 442 864 794 678 425 299 1042 2264 524 
362 996 1087 1059 637 1027 609 440 1149 333 395 439 902 848 448 844 802 693 437 283 1018 2288 465 
363 1002 1065 1056 643 978 606 434 1173 337 387 425 945 889 446 788 807 683 442 284 1016 2294 471 
364 1025 1051 1022 665 1001 618 415 1175 332 380 416 947 893 458 804 797 699 442 285 1021 2308 476 
365 1046 1044 1010 674 1003 642 441 1163 332 387 418 915 907 467 804 782 679 448 330 993 2332 478 
366 1017 1017 977 675 1007 679 453 1209 324 389 411 899 915 475 825 776 637 454 314 982 2355 469 
367 1038 1050 988 678 952 667 461 1179 361 369 421 901 849 481 879 759 620 458 312 984 2353 472 
368 1060 1039 948 710 958 657 483 1146 371 366 447 866 850 485 897 748 626 461 312 1002 2345 484 
369 1109 986 1014 607 997 661 502 1131 382 354 451 862 834 494 902 724 624 468 323 1006 2355 480 
370 1120 1013 991 619 1040 636 481 1120 363 381 454 855 831 485 909 747 643 463 309 988 2357 487 
371 1130 1062 989 614 1049 631 476 1076 361 403 454 840 849 490 909 756 689 478 308 959 2387 503 
372 1156 1078 914 639 1091 615 502 1090 327 436 460 850 810 481 901 767 741 470 313 937 2383 526 
373 1111 1137 908 635 997 669 524 1098 329 413 471 881 834 469 862 777 772 454 331 907 2406 516 
374 1130 1075 1020 626 958 646 509 1110 331 414 458 875 849 459 847 797 748 466 332 931 2332 515 
375 1093 1108 978 624 982 665 520 1199 320 399 473 890 888 421 839 801 695 459 335 970 2235 459 
376 1112 1080 973 627 1000 685 512 1218 302 422 444 925 905 428 827 841 692 454 318 960 2214 433 
377 1117 1097 985 607 1029 680 525 1084 398 419 451 928 892 434 820 840 702 455 319 959 2146 427 
378 1029 1244 915 609 1032 680 532 1050 413 413 442 943 915 420 786 831 674 456 308 979 2173 437 
379 985 1262 916 608 1062 660 560 1012 410 404 433 951 878 406 796 846 644 466 300 974 2207 447 
380 1028 1228 931 617 1091 667 552 1001 431 380 441 969 851 402 806 835 618 471 342 965 2218 419 
381 976 1249 990 649 1063 653 568 968 442 379 447 946 833 415 830 790 627 462 352 963 2218 442 
382 1010 1233 984 681 1039 641 568 1000 445 369 441 947 821 418 862 784 631 457 357 967 2238 441 
383 1031 1224 995 696 990 665 548 1026 444 357 438 955 797 420 866 792 636 455 366 929 2255 444 
384 1066 1179 1012 706 1007 671 521 1025 468 363 435 967 787 418 863 755 652 453 364 902 2286 453 
385 1072 1197 997 687 1051 646 512 1040 472 364 443 947 806 410 856 746 649 459 356 899 2308 470 
386 1094 1117 1076 674 1085 621 527 1067 473 354 415 990 806 404 866 697 682 459 357 881 2342 475 
387 1158 1080 1072 679 1104 625 524 1062 481 358 403 935 817 415 905 705 685 446 375 880 2343 487 
388 1184 1081 1045 677 1126 657 521 1044 480 374 393 913 830 426 914 716 679 444 370 874 2392 487 
389 1210 1070 1080 671 1120 638 538 1009 504 378 397 913 847 432 914 742 664 442 390 846 2429 484 
390 1161 1121 1085 674 1131 638 516 1001 494 402 392 895 863 427 911 730 675 448 405 849 2388 486 
391 1145 1091 1088 667 1135 645 510 945 476 388 410 906 874 432 916 737 720 449 396 841 2332 498 
392 1123 1146 1087 662 1148 640 496 1024 472 360 453 905 848 450 959 750 674 443 386 894 2247 497 
393 1111 1144 1060 591 1205 682 497 1037 486 333 472 900 871 436 958 770 679 446 376 927 2161 519 
394 1074 1176 1092 584 1189 662 488 1085 456 317 506 878 880 435 928 782 699 418 419 899 2118 510 
395 1043 1186 1073 589 1191 651 472 1114 447 319 515 873 887 437 927 751 717 425 406 914 2135 503 
396 1013 1212 1064 543 1223 658 455 1129 450 322 494 914 882 448 900 762 711 429 407 905 2171 513 
397 1010 1203 1079 548 1205 656 463 1094 471 324 524 897 892 459 886 798 695 421 416 915 2177 473 
398 997 1199 1105 560 1149 715 499 1047 455 338 537 858 917 470 865 815 697 382 453 902 2198 462 
399 962 1223 1156 579 1143 717 480 1010 501 347 540 873 879 472 843 802 702 380 451 877 2206 423 
400 932 1214 1195 617 1135 694 479 961 521 378 531 896 846 494 810 784 744 390 449 856 2226 421 
401 907 1182 1217 609 1142 690 466 973 513 360 537 913 807 493 829 785 731 401 440 841 2236 424 
402 978 1122 1155 585 1160 739 493 995 510 347 526 920 790 493 828 793 735 419 432 801 2293 410 
403 995 1093 1175 612 1129 734 467 1032 501 356 537 938 813 475 815 803 734 414 413 836 2263 401 
404 990 1098 1188 599 1104 736 464 1055 491 336 541 972 826 458 818 808 715 467 359 825 2262 404 
405 1017 1109 1231 550 1043 739 469 1102 467 334 534 968 833 448 844 825 710 473 348 824 2262 397 
406 1057 1106 1235 556 1061 714 498 1114 463 351 522 963 842 434 864 860 693 485 346 786 2280 404 
407 1055 1096 1269 563 1108 667 479 1135 460 373 499 987 819 436 885 895 688 486 347 780 2300 406 
408 1082 1052 1248 568 1120 663 485 1175 442 358 515 1002 830 429 890 852 687 483 376 791 2350 415 
409 1097 1009 1218 571 1157 657 499 1193 431 358 499 1004 836 428 892 847 670 489 374 795 2361 420 
410 1090 1018 1203 606 1185 676 480 1263 440 353 487 1003 841 430 894 835 591 491 353 810 2378 426 
411 1088 986 1204 633 1164 700 413 1277 448 336 478 996 857 435 896 781 643 509 361 819 2406 429 
412 1059 999 1163 660 1213 690 389 1259 468 324 477 1002 860 437 890 777 659 512 316 876 2339 435 
413 1033 1032 1133 615 1267 726 388 1293 438 323 473 991 852 449 889 746 672 511 323 913 2288 450 
414 1031 1052 1098 631 1246 727 376 1245 438 351 440 970 894 422 895 759 688 523 314 924 2277 458 
415 1009 1066 1103 592 1258 721 355 1181 424 347 430 949 867 434 927 759 768 573 269 1001 2151 470 
416 1011 1062 1119 596 1268 700 355 1151 424 334 429 965 819 443 925 794 740 547 313 995 2139 482 
417 984 1027 1192 618 1202 707 370 1132 429 325 423 921 838 456 911 815 718 537 319 974 2172 484 
418 1046 974 1232 632 1155 706 386 1119 414 322 417 917 791 467 906 826 718 522 315 950 2192 492 
419 1069 932 1295 641 1119 711 373 1134 424 317 410 911 821 478 909 853 680 489 372 925 2210 486 
420 1053 948 1292 666 1117 721 380 1120 420 303 397 914 811 505 889 865 650 479 379 939 2210 480 
421 1091 908 1268 690 1116 689 391 1153 428 301 411 889 847 506 859 854 599 465 411 941 2193 469 
422 1097 931 1299 669 1134 669 416 1131 425 296 415 897 861 494 842 869 635 428 430 944 2186 467 
423 1112 935 1236 691 1127 660 428 1084 493 299 436 928 884 471 792 888 650 435 409 941 2201 472 
424 1126 939 1216 683 1171 576 505 1114 469 306 472 900 887 469 785 907 679 427 408 909 2218 472 
425 1136 957 1217 685 1152 574 526 1044 522 315 466 932 844 480 769 902 697 433 405 919 2244 486 
426 1148 974 1211 698 1131 567 545 1039 514 314 455 933 825 474 798 912 647 427 407 945 2275 499 
427 1136 986 1215 687 1093 617 548 1023 509 303 477 930 807 461 826 891 643 425 404 943 2257 501 
428 1193 980 1179 681 1111 609 580 1009 516 320 472 959 817 435 843 817 667 431 401 980 2274 517 
429 1179 1011 1208 676 1011 681 584 1020 489 322 469 993 758 453 861 818 649 433 388 961 2309 529 
430 1236 962 1230 686 980 690 573 1010 493 324 468 966 778 450 901 812 649 439 423 900 2351 532 
431 1263 944 1249 692 985 682 569 1025 470 328 474 950 770 452 888 829 653 449 430 881 2352 510 
432 1253 880 1291 676 1013 676 536 1115 461 326 469 917 775 457 873 844 644 451 422 837 2399 480 
433 1222 916 1331 635 1017 702 521 1145 452 339 433 917 788 451 855 842 625 440 413 842 2364 451 
434 1213 937 1318 624 1014 694 531 1167 442 325 435 884 813 448 842 829 616 447 411 861 2275 458 
435 1184 909 1350 642 1038 715 564 1119 433 307 427 891 817 456 830 838 651 438 415 856 2224 474 
436 1182 929 1345 645 1053 709 578 1104 435 302 427 911 827 463 800 771 646 442 461 836 2214 477 
437 1148 985 1301 643 1059 744 590 1075 456 307 417 923 835 468 807 777 656 447 477 845 2174 482 
438 1135 1018 1315 629 1062 732 625 1071 451 302 414 940 850 447 803 779 671 447 483 866 2118 491 
439 1125 989 1366 620 1067 737 614 1060 439 307 404 959 853 456 807 784 689 477 447 855 2142 502 
440 1129 997 1377 574 1120 750 623 1045 430 327 385 975 865 470 803 778 696 480 442 850 2154 515 
441 1093 1012 1376 566 1144 762 608 975 442 329 397 959 863 481 787 773 744 478 415 870 2159 517 
442 1077 974 1377 578 1184 736 602 968 440 301 433 975 883 485 791 781 744 483 418 874 2147 526 
443 1123 1008 1321 582 1189 712 594 918 477 299 428 997 868 482 799 811 762 482 413 853 2166 544 
444 1200 959 1331 604 1196 714 592 911 471 304 436 994 858 481 813 835 751 490 394 864 2179 509 
445 1251 929 1338 615 1184 701 589 916 463 301 441 989 863 501 817 835 762 487 400 836 2215 506 
446 1178 973 1348 630 1167 717 578 951 440 298 421 1022 891 475 823 835 750 488 398 833 2228 508 
447 1143 1007 1313 646 1160 749 537 993 461 302 420 1055 858 467 858 808 749 501 413 791 2252 503 
448 1103 1014 1305 656 1081 785 541 1019 445 313 407 1079 838 456 878 827 730 487 415 770 2244 492 
449 1091 996 1320 653 1077 774 535 1028 444 320 401 1073 809 465 883 840 728 460 411 801 2227 490 
450 1027 970 1370 629 1078 763 564 1054 441 324 408 1018 823 458 916 819 715 448 423 797 2260 496 
451 1084 929 1364 563 1156 760 559 1100 415 329 379 997 834 446 945 823 713 446 408 806 2273 496 
452 1108 925 1458 557 1128 746 521 1190 397 328 378 974 847 427 954 778 739 433 404 808 2284 456 
453 1129 896 1482 584 1118 722 517 1246 400 328 399 947 850 428 952 755 673 438 412 830 2309 468 
454 1130 888 1429 619 1078 746 538 1252 387 346 413 921 821 427 975 741 661 459 396 860 2318 478 
455 1163 854 1413 636 1097 750 493 1296 384 354 423 937 796 426 967 727 665 456 399 885 2309 474 
456 1186 856 1416 684 1077 730 559 1245 403 360 366 999 814 424 968 737 661 474 372 902 2317 484 
457 1136 896 1428 707 999 750 579 1230 415 356 360 1016 830 426 946 778 627 451 411 921 2319 487 
458 1076 952 1414 725 985 761 601 1197 418 363 383 996 825 438 911 783 651 448 407 912 2354 483 
459 1044 915 1422 710 930 842 590 1168 428 354 416 977 841 434 850 803 683 452 377 893 2347 489 
460 1045 880 1410 720 987 862 602 1138 428 359 411 950 876 438 878 819 704 456 367 879 2340 449 
461 1053 883 1387 722 1034 853 600 1088 464 335 442 938 891 436 862 822 717 461 364 852 2338 435 
462 1084 879 1379 709 1041 862 589 1108 409 318 460 924 915 441 788 883 706 465 372 822 2366 441 
463 1067 867 1416 670 1087 834 583 1088 436 313 458 960 892 441 744 883 707 468 361 781 2410 445 
464 1069 840 1417 651 1052 835 623 1068 418 318 457 957 886 441 746 872 700 464 364 834 2337 436 
465 1080 841 1440 663 1039 786 651 993 416 360 456 962 848 444 771 849 718 456 360 874 2282 439 
466 1070 887 1397 665 981 793 627 1036 406 369 422 920 851 449 795 834 734 462 333 936 2222 453 
467 1062 903 1363 701 947 819 611 1087 388 370 404 920 836 451 811 857 686 461 340 924 2204 466 
468 1076 931 1368 721 918 813 605 1101 383 378 418 875 829 442 850 809 710 468 320 935 2141 473 
469 1114 921 1353 726 998 787 562 1098 374 376 403 912 789 457 859 833 696 499 322 905 2143 467 
470 1123 926 1350 670 1054 792 550 1160 356 373 401 928 788 452 873 820 669 506 337 883 2148 468 
471 1135 936 1349 666 1066 772 536 1218 311 392 391 931 792 442 882 808 657 513 340 872 2170 482 
472 1140 918 1368 674 1020 767 524 1172 326 405 383 948 760 455 897 796 689 513 354 862 2184 500 
473 1174 874 1390 653 1002 768 538 1119 323 419 383 957 785 441 906 785 733 498 362 832 2195 509 
474 1209 860 1389 618 1055 758 491 1137 322 378 418 962 786 443 916 781 711 492 392 851 2226 520 
475 1222 872 1414 628 1102 739 491 1096 331 367 440 975 799 450 896 759 752 475 394 847 2241 476 
476 1205 882 1383 655 1125 772 454 1069 317 362 452 983 789 479 907 754 787 472 384 891 2218 462 
477 1170 908 1376 678 1115 773 445 1066 314 367 445 993 800 488 920 741 759 472 397 913 2215 475 
478 1151 908 1370 652 1166 764 430 1069 314 370 434 1027 800 490 941 728 756 470 378 931 2237 474 
479 1104 907 1405 627 1215 744 426 1032 333 372 427 1021 802 493 946 687 772 428 394 925 2273 486 
480 1070 943 1395 640 1234 753 423 1008 360 377 384 953 861 493 963 681 738 430 403 930 2278 489 
481 956 1114 1314 666 1193 771 424 1007 332 396 400 929 931 464 890 692 708 439 407 944 2258 496 
482 963 1104 1281 674 1181 749 426 1016 331 400 400 921 873 476 901 689 708 439 419 908 2267 505 
483 998 1081 1322 681 1136 747 446 991 280 449 403 981 809 490 910 641 712 453 416 908 2334 510 
484 1023 1057 1318 715 1121 757 409 1000 277 450 416 1015 796 496 902 668 700 454 397 912 2325 514 
485 1036 1065 1299 735 1122 768 428 996 283 461 413 1048 801 493 885 674 705 461 393 901 2358 518 
486 1036 1007 1322 738 1088 786 447 986 348 425 443 966 851 499 862 693 676 477 384 924 2373 515 
487 1123 933 1242 753 1100 837 485 908 351 378 490 941 859 501 856 697 707 487 399 900 2359 490 
488 1201 859 1207 783 1132 860 468 925 349 389 489 931 882 452 859 712 712 513 371 917 2357 489 
489 1230 796 1215 809 1170 864 480 902 346 441 431 948 883 446 865 710 691 497 388 903 2356 474 
490 1162 835 1178 810 1173 885 481 917 342 446 415 939 910 446 855 740 667 505 397 921 2380 461 
491 1080 887 1173 782 1180 884 468 933 334 455 420 855 911 433 906 749 661 476 435 897 2393 463 
492 1083 894 1183 782 1210 910 445 959 330 458 412 860 916 436 911 752 650 487 423 893 2316 462 
493 1080 925 1130 809 1210 923 433 963 327 468 425 858 918 443 902 764 632 464 433 955 2222 465 
494 1084 935 1128 752 1235 928 420 989 354 446 432 883 878 458 887 781 637 459 429 939 2178 466 
495 1044 994 1043 762 1332 936 422 1009 339 445 444 918 883 451 863 755 666 461 423 982 2129 477 
496 989 1026 1032 756 1312 943 407 1015 337 434 449 930 858 457 852 728 696 470 415 976 2159 482 
497 1004 1007 1019 756 1287 974 419 1027 339 446 443 944 845 445 877 743 677 468 396 965 2166 484 
498 1028 1000 1012 800 1268 926 411 1036 368 449 437 947 831 449 896 734 640 463 399 947 2185 492 
499 1037 954 1013 805 1244 959 404 970 389 456 460 984 797 445 888 739 668 424 432 920 2236 510 