0 0.000 0.000 0.000 0.000 0.000 0.000 0.000 0.000 0.000 0.000 0.000 0.000 0.000 0.000 0.000 0.000 0.000 0.000 0.000 0.000 0.000 0.690 
1 0.000 0.000 0.000 0.000 0.000 0.000 0.000 0.025 0.006 0.004 0.000 0.000 0.000 0.000 0.000 0.000 0.000 0.000 0.000 0.000 0.000 0.697 
2 0.000 0.000 0.000 0.000 0.000 0.000 0.000 0.024 0.052 0.004 0.000 0.000 0.000 0.000 0.000 0.000 0.000 0.000 0.000 0.000 0.000 0.706 
3 0.000 0.000 0.000 0.000 0.000 0.000 0.000 0.023 0.054 0.004 0.018 0.000 0.000 0.000 0.000 0.000 0.000 0.000 0.000 0.000 0.000 0.694 
4 0.000 0.000 0.000 0.000 0.000 0.077 0.000 0.023 0.055 0.008 0.018 0.000 0.000 0.000 0.000 0.000 0.000 0.000 0.000 0.000 0.000 0.687 
5 0.000 0.000 0.000 0.000 0.000 0.067 0.000 0.023 0.054 0.008 0.019 0.000 0.000 0.000 0.000 0.000 0.000 0.000 0.000 0.000 0.000 0.690 
6 0.000 0.000 0.187 0.000 0.000 0.062 0.000 0.022 0.061 0.008 0.018 0.000 0.000 0.000 0.000 0.000 0.000 0.000 0.000 0.000 0.000 0.688 
7 0.000 0.000 0.161 0.000 0.000 0.056 0.000 0.021 0.066 0.007 0.018 0.000 0.000 0.000 0.000 0.000 0.000 0.000 0.000 0.000 0.000 0.675 
8 0.000 0.002 0.169 0.000 0.000 0.053 0.000 0.025 0.063 0.007 0.018 0.000 0.000 0.000 0.000 0.000 0.000 0.000 0.000 0.000 0.000 0.671 
9 0.000 0.002 0.156 0.000 0.000 0.050 0.048 0.027 0.073 0.007 0.018 0.000 0.000 0.000 0.000 0.000 0.000 0.000 0.000 0.000 0.000 0.694 
10 0.000 0.002 0.141 0.000 0.000 0.048 0.087 0.029 0.077 0.007 0.019 0.000 0.000 0.000 0.000 0.000 0.000 0.000 0.000 0.000 0.000 0.694 
11 0.000 0.002 0.143 0.000 0.000 0.045 0.083 0.031 0.077 0.007 0.024 0.000 0.000 0.000 0.000 0.000 0.000 0.000 0.000 0.000 0.000 0.692 
12 0.000 0.002 0.153 0.000 0.000 0.043 0.080 0.029 0.074 0.008 0.020 0.000 0.000 0.000 0.000 0.000 0.000 0.000 0.000 0.000 0.000 0.703 
13 0.000 0.002 0.139 0.000 0.000 0.045 0.040 0.029 0.073 0.008 0.020 0.000 0.000 0.000 0.000 0.000 0.000 0.000 0.000 0.000 0.000 0.688 
14 0.000 0.002 0.121 0.000 0.000 0.040 0.036 0.031 0.069 0.004 0.025 0.000 0.000 0.000 0.000 0.000 0.000 0.000 0.000 0.000 0.000 0.682 
15 0.000 0.002 0.130 0.000 0.000 0.040 0.034 0.029 0.069 0.004 0.025 0.000 0.000 0.000 0.000 0.000 0.000 0.000 0.000 0.000 0.000 0.708 
16 0.000 0.002 0.121 0.000 0.000 0.040 0.038 0.028 0.071 0.004 0.028 0.000 0.000 0.000 0.000 0.000 0.000 0.000 0.000 0.000 0.000 0.696 
17 0.000 0.002 0.116 0.000 0.000 0.040 0.038 0.027 0.120 0.000 0.023 0.000 0.000 0.000 0.000 0.000 0.000 0.000 0.000 0.000 0.000 0.698 
18 0.000 0.002 0.121 0.000 0.000 0.037 0.038 0.026 0.176 0.000 0.023 0.000 0.000 0.000 0.000 0.000 0.000 0.000 0.000 0.000 0.000 0.684 
19 0.000 0.002 0.098 0.000 0.000 0.000 0.038 0.027 0.176 0.000 0.022 0.000 0.000 0.000 0.000 0.000 0.000 0.000 0.000 0.000 0.000 0.688 
20 0.000 0.002 0.098 0.000 0.000 0.000 0.034 0.041 0.184 0.000 0.022 0.000 0.000 0.000 0.000 0.000 0.000 0.000 0.000 0.000 0.000 0.688 
21 0.000 0.002 0.097 0.000 0.000 0.000 0.037 0.043 0.186 0.000 0.019 0.000 0.000 0.000 0.000 0.000 0.000 0.000 0.000 0.000 0.000 0.700 
22 0.000 0.002 0.096 0.000 0.000 0.000 0.034 0.044 0.187 0.000 0.017 0.000 0.000 0.000 0.000 0.000 0.000 0.000 0.000 0.000 0.000 0.680 
23 0.000 0.002 0.095 0.000 0.000 0.000 0.033 0.040 0.170 0.000 0.017 0.000 0.000 0.000 0.000 0.000 0.000 0.000 0.000 0.000 0.000 0.674 
24 0.000 0.000 0.087 0.000 0.000 0.000 0.033 0.040 0.167 0.000 0.017 0.000 0.000 0.000 0.000 0.000 0.000 0.000 0.000 0.000 0.000 0.701 
25 0.000 0.000 0.092 0.000 0.000 0.000 0.032 0.042 0.164 0.000 0.016 0.000 0.000 0.000 0.000 0.000 0.000 0.000 0.000 0.000 0.000 0.694 
26 0.000 0.000 0.086 0.000 0.000 0.000 0.031 0.038 0.164 0.000 0.016 0.000 0.000 0.000 0.000 0.000 0.000 0.000 0.000 0.000 0.000 0.692 
27 0.000 0.000 0.084 0.000 0.000 0.000 0.031 0.038 0.168 0.000 0.014 0.000 0.000 0.000 0.000 0.000 0.000 0.000 0.000 0.000 0.000 0.699 
28 0.000 0.000 0.078 0.000 0.000 0.000 0.032 0.039 0.156 0.000 0.014 0.000 0.000 0.000 0.000 0.000 0.000 0.000 0.000 0.000 0.000 0.696 
29 0.000 0.000 0.077 0.000 0.000 0.000 0.030 0.040 0.153 0.000 0.014 0.000 0.000 0.000 0.000 0.000 0.000 0.000 0.000 0.000 0.000 0.697 
30 0.000 0.000 0.076 0.000 0.000 0.000 0.029 0.042 0.145 0.030 0.014 0.000 0.000 0.000 0.000 0.000 0.000 0.000 0.000 0.000 0.000 0.711 
31 0.000 0.000 0.080 0.000 0.000 0.000 0.414 0.075 0.127 0.046 0.017 0.000 0.000 0.000 0.000 0.000 0.000 0.000 0.000 0.000 0.000 0.688 
32 0.000 0.000 0.091 0.000 0.000 0.000 0.355 0.075 0.127 0.046 0.017 0.000 0.000 0.000 0.000 0.000 0.000 0.000 0.000 0.000 0.000 0.703 
33 0.000 0.000 0.107 0.000 0.000 0.000 0.311 0.072 0.131 0.040 0.017 0.000 0.000 0.000 0.000 0.000 0.000 0.000 0.000 0.000 0.000 0.704 
34 0.000 0.000 0.107 0.000 0.000 0.000 0.295 0.074 0.122 0.044 0.020 0.000 0.000 0.000 0.000 0.000 0.000 0.000 0.000 0.000 0.000 0.687 
35 0.000 0.000 0.119 0.000 0.000 0.000 0.344 0.075 0.118 0.044 0.019 0.000 0.000 0.000 0.000 0.000 0.000 0.000 0.000 0.000 0.000 0.675 
36 0.000 0.000 0.123 0.000 0.000 0.000 0.340 0.075 0.118 0.040 0.019 0.000 0.000 0.000 0.000 0.000 0.000 0.000 0.000 0.000 0.000 0.677 
37 0.000 0.000 0.117 0.000 0.000 0.000 0.320 0.076 0.125 0.037 0.018 0.000 0.000 0.000 0.000 0.000 0.000 0.000 0.000 0.000 0.000 0.676 
38 0.000 0.000 0.114 0.000 0.000 0.053 0.464 0.073 0.132 0.037 0.066 0.000 0.000 0.000 0.000 0.000 0.000 0.000 0.000 0.000 0.000 0.675 
39 0.000 0.000 0.112 0.000 0.000 0.077 0.484 0.073 0.139 0.040 0.066 0.000 0.000 0.000 0.000 0.000 0.000 0.000 0.000 0.000 0.000 0.670 
40 0.000 0.000 0.103 0.000 0.000 0.077 0.488 0.070 0.132 0.037 0.063 0.000 0.000 0.000 0.000 0.000 0.000 0.000 0.000 0.000 0.000 0.665 
41 0.000 0.000 0.103 0.000 0.000 0.071 0.472 0.069 0.137 0.039 0.064 0.000 0.000 0.000 0.000 0.000 0.000 0.000 0.000 0.000 0.000 0.656 
42 0.000 0.000 0.108 0.000 0.000 0.073 0.441 0.070 0.144 0.039 0.062 0.000 0.000 0.000 0.000 0.000 0.000 0.000 0.000 0.000 0.000 0.669 
43 0.000 0.000 0.101 0.000 0.000 0.070 0.459 0.070 0.139 0.035 0.061 0.000 0.000 0.000 0.000 0.000 0.003 0.000 0.000 0.000 0.000 0.683 
44 0.000 0.000 0.104 0.000 0.000 0.070 0.480 0.070 0.132 0.036 0.057 0.000 0.000 0.000 0.000 0.000 0.003 0.000 0.000 0.000 0.000 0.662 
45 0.000 0.000 0.101 0.000 0.000 0.065 0.468 0.072 0.127 0.036 0.058 0.000 0.000 0.000 0.000 0.000 0.003 0.000 0.000 0.000 0.000 0.676 
46 0.000 0.000 0.087 0.000 0.000 0.081 0.478 0.072 0.124 0.038 0.056 0.000 0.000 0.000 0.000 0.000 0.003 0.000 0.000 0.000 0.000 0.685 
47 0.000 0.000 0.091 0.000 0.000 0.077 0.476 0.096 0.130 0.037 0.053 0.000 0.000 0.000 0.000 0.000 0.003 0.000 0.000 0.000 0.000 0.699 
48 0.000 0.000 0.133 0.000 0.000 0.086 0.449 0.105 0.132 0.037 0.054 0.000 0.000 0.000 0.000 0.000 0.003 0.000 0.000 0.000 0.000 0.700 
49 0.000 0.000 0.132 0.000 0.000 0.097 0.447 0.106 0.136 0.027 0.053 0.000 0.000 0.000 0.000 0.000 0.003 0.000 0.000 0.000 0.000 0.700 
50 0.000 0.000 0.126 0.000 0.000 0.121 0.456 0.107 0.129 0.029 0.051 0.000 0.000 0.000 0.000 0.000 0.003 0.000 0.000 0.000 0.000 0.688 
51 0.000 0.000 0.136 0.000 0.000 0.118 0.448 0.096 0.131 0.059 0.032 0.000 0.000 0.000 0.000 0.000 0.003 0.000 0.000 0.000 0.000 0.667 
52 0.000 0.000 0.128 0.000 0.000 0.114 0.474 0.099 0.125 0.055 0.032 0.000 0.000 0.000 0.000 0.000 0.000 0.000 0.000 0.000 0.000 0.672 
53 0.000 0.000 0.140 0.000 0.000 0.283 0.452 0.097 0.108 0.072 0.032 0.000 0.000 0.000 0.000 0.000 0.000 0.000 0.000 0.000 0.000 0.680 
54 0.000 0.000 0.134 0.000 0.000 0.261 0.432 0.099 0.147 0.075 0.032 0.000 0.000 0.000 0.000 0.000 0.000 0.000 0.000 0.000 0.000 0.680 
55 0.000 0.000 0.140 0.000 0.000 0.267 0.444 0.106 0.158 0.079 0.032 0.000 0.000 0.000 0.000 0.000 0.000 0.000 0.000 0.000 0.000 0.698 
56 0.000 0.000 0.140 0.000 0.000 0.267 0.448 0.105 0.155 0.077 0.031 0.000 0.000 0.000 0.000 0.000 0.000 0.000 0.000 0.000 0.000 0.691 
57 0.000 0.000 0.148 0.000 0.000 0.255 0.422 0.121 0.162 0.076 0.029 0.000 0.000 0.000 0.000 0.000 0.000 0.000 0.000 0.000 0.000 0.677 
58 0.000 0.000 0.184 0.000 0.000 0.220 0.472 0.115 0.159 0.071 0.031 0.000 0.000 0.000 0.000 0.000 0.000 0.000 0.000 0.000 0.000 0.658 
59 0.000 0.000 0.181 0.000 0.000 0.200 0.453 0.110 0.163 0.074 0.033 0.000 0.000 0.000 0.000 0.000 0.009 0.000 0.000 0.000 0.000 0.658 
60 0.000 0.000 0.199 0.000 0.000 0.191 0.458 0.110 0.161 0.075 0.031 0.000 0.000 0.000 0.000 0.000 0.009 0.000 0.000 0.000 0.000 0.678 
61 0.000 0.000 0.192 0.000 0.000 0.188 0.463 0.107 0.160 0.085 0.033 0.000 0.000 0.000 0.000 0.000 0.010 0.000 0.000 0.000 0.000 0.688 
62 0.000 0.000 0.185 0.000 0.000 0.178 0.464 0.110 0.154 0.090 0.030 0.000 0.000 0.000 0.000 0.000 0.010 0.000 0.000 0.000 0.000 0.683 
63 0.000 0.000 0.189 0.000 0.000 0.208 0.400 0.153 0.159 0.093 0.028 0.000 0.000 0.000 0.000 0.000 0.010 0.000 0.000 0.000 0.000 0.680 
64 0.000 0.000 0.164 0.000 0.000 0.220 0.422 0.151 0.164 0.093 0.029 0.000 0.000 0.000 0.000 0.000 0.009 0.000 0.000 0.000 0.000 0.699 
65 0.000 0.000 0.171 0.000 0.000 0.216 0.420 0.155 0.168 0.103 0.026 0.000 0.000 0.000 0.000 0.000 0.009 0.000 0.000 0.000 0.000 0.719 
66 0.000 0.000 0.167 0.000 0.000 0.227 0.422 0.157 0.169 0.099 0.029 0.000 0.000 0.000 0.000 0.000 0.009 0.000 0.000 0.000 0.000 0.729 
67 0.000 0.000 0.161 0.000 0.000 0.213 0.400 0.158 0.178 0.093 0.031 0.000 0.000 0.000 0.000 0.000 0.009 0.000 0.000 0.000 0.000 0.707 
68 0.000 0.000 0.155 0.000 0.000 0.194 0.403 0.160 0.177 0.092 0.036 0.000 0.000 0.000 0.000 0.000 0.009 0.000 0.000 0.000 0.000 0.702 
69 0.000 0.000 0.157 0.000 0.000 0.180 0.417 0.157 0.169 0.096 0.038 0.000 0.000 0.000 0.000 0.000 0.009 0.000 0.000 0.000 0.000 0.696 
70 0.000 0.000 0.150 0.000 0.000 0.181 0.403 0.143 0.183 0.104 0.042 0.000 0.000 0.000 0.000 0.000 0.009 0.000 0.000 0.000 0.000 0.709 
71 0.000 0.000 0.141 0.000 0.000 0.183 0.399 0.139 0.176 0.093 0.040 0.000 0.000 0.000 0.000 0.000 0.009 0.000 0.000 0.000 0.000 0.701 
72 0.000 0.000 0.143 0.000 0.000 0.200 0.399 0.137 0.178 0.093 0.040 0.000 0.000 0.000 0.000 0.000 0.018 0.000 0.000 0.000 0.000 0.699 
73 0.000 0.000 0.139 0.000 0.000 0.202 0.424 0.135 0.168 0.092 0.044 0.000 0.000 0.000 0.000 0.000 0.019 0.000 0.000 0.000 0.000 0.710 
74 0.000 0.000 0.140 0.000 0.000 0.230 0.405 0.139 0.173 0.081 0.039 0.000 0.000 0.000 0.000 0.000 0.026 0.000 0.000 0.000 0.000 0.714 
75 0.000 0.000 0.145 0.000 0.000 0.238 0.389 0.129 0.188 0.112 0.041 0.000 0.000 0.000 0.000 0.000 0.026 0.000 0.000 0.000 0.000 0.691 
76 0.000 0.000 0.139 0.000 0.000 0.236 0.435 0.129 0.196 0.105 0.041 0.000 0.000 0.000 0.000 0.000 0.022 0.000 0.000 0.000 0.000 0.688 
77 0.000 0.000 0.137 0.000 0.000 0.312 0.441 0.131 0.191 0.115 0.040 0.000 0.000 0.000 0.000 0.000 0.023 0.000 0.000 0.000 0.000 0.696 
78 0.000 0.000 0.132 0.000 0.000 0.295 0.429 0.127 0.192 0.112 0.040 0.000 0.000 0.000 0.000 0.000 0.021 0.000 0.000 0.000 0.000 0.703 
79 0.000 0.000 0.116 0.000 0.000 0.295 0.414 0.130 0.200 0.111 0.040 0.000 0.000 0.000 0.000 0.000 0.019 0.000 0.000 0.000 0.000 0.703 
80 0.000 0.000 0.108 0.000 0.000 0.283 0.415 0.136 0.200 0.108 0.040 0.000 0.000 0.000 0.000 0.000 0.019 0.000 0.000 0.000 0.000 0.686 
81 0.000 0.000 0.107 0.000 0.000 0.283 0.420 0.135 0.200 0.116 0.046 0.000 0.000 0.000 0.000 0.000 0.024 0.000 0.000 0.000 0.000 0.710 
82 0.000 0.000 0.100 0.000 0.000 0.276 0.410 0.125 0.188 0.114 0.050 0.000 0.000 0.000 0.000 0.000 0.022 0.000 0.000 0.000 0.000 0.719 
83 0.000 0.000 0.093 0.000 0.000 0.260 0.395 0.117 0.181 0.122 0.049 0.000 0.000 0.000 0.000 0.000 0.021 0.000 0.000 0.000 0.000 0.714 
84 0.000 0.000 0.095 0.000 0.000 0.249 0.373 0.119 0.184 0.118 0.047 0.000 0.000 0.000 0.000 0.000 0.019 0.000 0.000 0.000 0.000 0.698 
85 0.000 0.000 0.102 0.000 0.000 0.241 0.371 0.115 0.178 0.117 0.047 0.000 0.000 0.000 0.000 0.000 0.016 0.000 0.000 0.000 0.000 0.703 
86 0.000 0.000 0.095 0.000 0.000 0.209 0.386 0.112 0.179 0.121 0.053 0.000 0.000 0.000 0.000 0.000 0.018 0.000 0.000 0.000 0.000 0.690 
87 0.000 0.000 0.097 0.000 0.000 0.206 0.391 0.112 0.176 0.110 0.059 0.000 0.000 0.000 0.000 0.000 0.018 0.000 0.000 0.000 0.000 0.687 
88 0.000 0.000 0.096 0.000 0.000 0.215 0.426 0.111 0.174 0.115 0.054 0.000 0.000 0.000 0.000 0.000 0.018 0.000 0.000 0.000 0.000 0.663 
89 0.000 0.000 0.095 0.000 0.000 0.230 0.400 0.107 0.177 0.110 0.056 0.000 0.000 0.000 0.000 0.000 0.017 0.000 0.000 0.000 0.000 0.665 
90 0.000 0.000 0.098 0.000 0.000 0.279 0.390 0.105 0.213 0.108 0.078 0.000 0.000 0.000 0.000 0.000 0.018 0.000 0.000 0.000 0.000 0.644 
91 0.000 0.000 0.093 0.000 0.000 0.276 0.394 0.108 0.209 0.111 0.079 0.000 0.000 0.000 0.000 0.000 0.018 0.000 0.000 0.000 0.000 0.647 
92 0.000 0.000 0.098 0.000 0.000 0.297 0.376 0.109 0.246 0.100 0.078 0.000 0.000 0.000 0.000 0.000 0.018 0.000 0.000 0.000 0.000 0.646 
93 0.000 0.000 0.096 0.000 0.000 0.290 0.395 0.113 0.252 0.100 0.072 0.000 0.000 0.000 0.000 0.000 0.018 0.000 0.000 0.000 0.000 0.636 
94 0.000 0.000 0.095 0.000 0.000 0.293 0.381 0.111 0.243 0.099 0.064 0.000 0.000 0.000 0.000 0.000 0.013 0.000 0.000 0.000 0.000 0.671 
95 0.000 0.000 0.095 0.000 0.000 0.327 0.356 0.130 0.211 0.103 0.059 0.000 0.000 0.000 0.000 0.000 0.013 0.000 0.000 0.000 0.000 0.664 
96 0.000 0.000 0.098 0.000 0.000 0.329 0.354 0.133 0.206 0.102 0.062 0.000 0.000 0.000 0.000 0.000 0.011 0.000 0.000 0.000 0.000 0.675 
97 0.000 0.000 0.090 0.000 0.000 0.327 0.358 0.130 0.199 0.102 0.062 0.000 0.000 0.000 0.000 0.000 0.011 0.000 0.000 0.000 0.000 0.678 
98 0.000 0.000 0.092 0.000 0.000 0.336 0.359 0.131 0.188 0.110 0.066 0.000 0.000 0.000 0.000 0.000 0.011 0.000 0.000 0.000 0.000 0.663 
99 0.000 0.000 0.090 0.000 0.000 0.333 0.356 0.123 0.196 0.107 0.070 0.000 0.000 0.000 0.000 0.000 0.011 0.000 0.000 0.000 0.000 0.664 
100 0.000 0.000 0.089 0.000 0.000 0.323 0.346 0.120 0.211 0.098 0.065 0.000 0.000 0.000 0.000 0.000 0.013 0.000 0.000 0.000 0.000 0.676 
101 0.000 0.000 0.088 0.000 0.000 0.357 0.309 0.121 0.204 0.095 0.062 0.000 0.000 0.000 0.000 0.000 0.009 0.000 0.004 0.000 0.000 0.673 
102 0.000 0.000 0.087 0.000 0.000 0.348 0.308 0.122 0.200 0.095 0.062 0.000 0.000 0.000 0.000 0.000 0.011 0.000 0.004 0.000 0.000 0.694 
103 0.000 0.000 0.080 0.000 0.000 0.327 0.306 0.129 0.192 0.092 0.057 0.000 0.000 0.000 0.000 0.000 0.009 0.000 0.004 0.000 0.000 0.682 
104 0.000 0.000 0.080 0.000 0.000 0.327 0.314 0.126 0.190 0.086 0.061 0.000 0.000 0.000 0.000 0.000 0.009 0.000 0.004 0.000 0.000 0.698 
105 0.000 0.000 0.074 0.000 0.000 0.318 0.304 0.127 0.172 0.089 0.053 0.000 0.000 0.000 0.014 0.000 0.011 0.000 0.004 0.000 0.000 0.720 
106 0.000 0.000 0.065 0.000 0.000 0.296 0.305 0.124 0.162 0.094 0.056 0.000 0.000 0.000 0.014 0.000 0.009 0.000 0.004 0.000 0.000 0.737 
107 0.000 0.000 0.066 0.000 0.000 0.280 0.321 0.136 0.149 0.096 0.054 0.000 0.000 0.000 0.014 0.000 0.009 0.000 0.004 0.000 0.000 0.733 
108 0.000 0.000 0.083 0.000 0.000 0.272 0.314 0.134 0.159 0.095 0.051 0.000 0.000 0.000 0.014 0.000 0.004 0.000 0.004 0.000 0.000 0.728 
109 0.000 0.000 0.082 0.000 0.000 0.272 0.312 0.140 0.159 0.094 0.048 0.000 0.000 0.000 0.013 0.000 0.004 0.000 0.004 0.000 0.000 0.695 
110 0.000 0.000 0.082 0.000 0.000 0.286 0.305 0.151 0.150 0.095 0.050 0.000 0.000 0.000 0.013 0.000 0.004 0.000 0.004 0.000 0.000 0.694 
111 0.000 0.000 0.084 0.000 0.000 0.282 0.301 0.151 0.163 0.099 0.051 0.000 0.000 0.000 0.013 0.000 0.005 0.000 0.004 0.000 0.000 0.698 
112 0.000 0.000 0.092 0.000 0.000 0.278 0.307 0.149 0.166 0.105 0.044 0.000 0.000 0.000 0.012 0.000 0.004 0.000 0.004 0.000 0.000 0.695 
113 0.000 0.000 0.097 0.000 0.000 0.277 0.295 0.145 0.183 0.100 0.042 0.000 0.000 0.000 0.011 0.000 0.022 0.000 0.004 0.000 0.000 0.692 
114 0.000 0.000 0.114 0.000 0.000 0.268 0.319 0.167 0.176 0.107 0.045 0.000 0.000 0.000 0.012 0.000 0.022 0.000 0.004 0.000 0.000 0.668 
115 0.000 0.000 0.108 0.000 0.000 0.256 0.321 0.160 0.174 0.109 0.050 0.000 0.000 0.000 0.011 0.000 0.021 0.000 0.004 0.000 0.000 0.665 
116 0.000 0.000 0.110 0.000 0.000 0.261 0.303 0.165 0.167 0.105 0.055 0.000 0.000 0.000 0.011 0.000 0.020 0.000 0.004 0.000 0.000 0.659 
117 0.000 0.000 0.108 0.000 0.000 0.267 0.308 0.167 0.169 0.099 0.056 0.000 0.000 0.000 0.007 0.000 0.020 0.000 0.004 0.000 0.000 0.669 
118 0.000 0.000 0.102 0.000 0.000 0.286 0.319 0.164 0.170 0.099 0.057 0.000 0.000 0.000 0.007 0.000 0.014 0.000 0.004 0.000 0.000 0.662 
119 0.000 0.000 0.098 0.000 0.000 0.276 0.318 0.159 0.166 0.094 0.050 0.000 0.000 0.000 0.013 0.000 0.012 0.002 0.000 0.000 0.000 0.675 
120 0.000 0.000 0.086 0.000 0.000 0.285 0.303 0.152 0.163 0.098 0.046 0.000 0.000 0.000 0.009 0.000 0.029 0.000 0.000 0.000 0.000 0.667 
121 0.000 0.000 0.101 0.000 0.000 0.275 0.297 0.152 0.166 0.097 0.046 0.000 0.000 0.000 0.000 0.000 0.028 0.000 0.000 0.000 0.000 0.685 
122 0.000 0.000 0.102 0.000 0.000 0.273 0.299 0.148 0.164 0.101 0.040 0.000 0.000 0.000 0.000 0.000 0.041 0.000 0.000 0.000 0.000 0.690 
123 0.000 0.000 0.102 0.000 0.000 0.322 0.273 0.144 0.154 0.084 0.051 0.000 0.000 0.000 0.000 0.000 0.041 0.000 0.000 0.000 0.000 0.677 
124 0.000 0.000 0.090 0.000 0.000 0.305 0.290 0.146 0.170 0.076 0.051 0.000 0.000 0.000 0.000 0.000 0.048 0.000 0.000 0.000 0.000 0.672 
125 0.000 0.000 0.081 0.000 0.000 0.290 0.302 0.148 0.170 0.070 0.049 0.000 0.000 0.000 0.000 0.000 0.048 0.000 0.000 0.000 0.000 0.684 
126 0.000 0.000 0.089 0.000 0.000 0.279 0.310 0.141 0.158 0.075 0.053 0.000 0.000 0.000 0.000 0.000 0.064 0.000 0.000 0.000 0.000 0.686 
127 0.000 0.004 0.076 0.000 0.000 0.267 0.317 0.145 0.147 0.080 0.057 0.000 0.000 0.000 0.000 0.000 0.066 0.000 0.000 0.000 0.000 0.693 
128 0.000 0.005 0.071 0.000 0.000 0.252 0.319 0.147 0.140 0.083 0.052 0.000 0.000 0.000 0.000 0.000 0.064 0.000 0.000 0.000 0.000 0.689 
129 0.000 0.005 0.079 0.000 0.000 0.240 0.312 0.133 0.150 0.070 0.051 0.000 0.000 0.000 0.000 0.000 0.062 0.000 0.000 0.000 0.000 0.702 
130 0.000 0.005 0.082 0.000 0.000 0.227 0.305 0.142 0.146 0.077 0.053 0.000 0.000 0.000 0.000 0.000 0.054 0.000 0.000 0.000 0.000 0.735 
131 0.000 0.004 0.108 0.000 0.000 0.219 0.310 0.148 0.138 0.085 0.054 0.000 0.000 0.000 0.000 0.000 0.051 0.000 0.000 0.000 0.000 0.744 
132 0.000 0.004 0.106 0.000 0.000 0.226 0.292 0.149 0.139 0.090 0.052 0.000 0.000 0.000 0.000 0.000 0.048 0.000 0.000 0.000 0.000 0.734 
133 0.000 0.004 0.105 0.000 0.000 0.254 0.290 0.153 0.140 0.095 0.051 0.000 0.000 0.000 0.000 0.000 0.046 0.000 0.004 0.000 0.000 0.728 
134 0.000 0.004 0.114 0.000 0.000 0.253 0.288 0.153 0.146 0.088 0.047 0.000 0.000 0.000 0.000 0.000 0.045 0.000 0.003 0.000 0.000 0.710 
135 0.000 0.004 0.108 0.004 0.000 0.252 0.288 0.149 0.140 0.084 0.046 0.001 0.000 0.000 0.000 0.000 0.047 0.000 0.003 0.000 0.000 0.714 
136 0.000 0.004 0.103 0.004 0.000 0.256 0.303 0.146 0.140 0.078 0.045 0.001 0.000 0.000 0.000 0.000 0.047 0.000 0.003 0.000 0.000 0.708 
137 0.000 0.004 0.100 0.004 0.000 0.265 0.300 0.149 0.138 0.072 0.046 0.001 0.000 0.000 0.003 0.000 0.047 0.000 0.004 0.000 0.000 0.704 
138 0.000 0.004 0.092 0.013 0.000 0.273 0.285 0.142 0.148 0.070 0.046 0.001 0.000 0.000 0.003 0.000 0.046 0.000 0.003 0.000 0.000 0.705 
139 0.000 0.006 0.091 0.013 0.000 0.283 0.285 0.143 0.149 0.071 0.046 0.001 0.000 0.000 0.002 0.000 0.043 0.000 0.003 0.000 0.000 0.690 
140 0.000 0.038 0.093 0.013 0.007 0.292 0.290 0.138 0.153 0.076 0.043 0.001 0.000 0.000 0.002 0.000 0.041 0.000 0.000 0.000 0.000 0.690 
141 0.000 0.036 0.090 0.016 0.007 0.290 0.325 0.148 0.132 0.097 0.042 0.001 0.000 0.000 0.002 0.000 0.041 0.000 0.000 0.000 0.000 0.690 
142 0.000 0.051 0.077 0.016 0.030 0.279 0.330 0.145 0.129 0.102 0.036 0.001 0.000 0.000 0.000 0.000 0.044 0.000 0.000 0.000 0.000 0.686 
143 0.000 0.053 0.080 0.016 0.033 0.292 0.326 0.151 0.125 0.103 0.038 0.001 0.000 0.000 0.002 0.000 0.047 0.000 0.000 0.000 0.000 0.685 
144 0.000 0.059 0.089 0.017 0.032 0.291 0.326 0.144 0.133 0.104 0.037 0.001 0.000 0.000 0.004 0.000 0.042 0.000 0.000 0.000 0.000 0.699 
145 0.000 0.057 0.101 0.016 0.030 0.270 0.318 0.142 0.134 0.102 0.041 0.003 0.000 0.000 0.004 0.000 0.038 0.000 0.000 0.000 0.000 0.694 
146 0.000 0.054 0.108 0.016 0.027 0.257 0.318 0.137 0.120 0.114 0.038 0.003 0.000 0.000 0.006 0.000 0.048 0.000 0.000 0.000 0.000 0.718 
147 0.000 0.050 0.114 0.019 0.008 0.252 0.315 0.135 0.121 0.113 0.039 0.001 0.000 0.000 0.006 0.000 0.049 0.000 0.000 0.000 0.000 0.713 
148 0.000 0.050 0.111 0.019 0.020 0.248 0.322 0.140 0.120 0.115 0.038 0.003 0.000 0.000 0.004 0.000 0.047 0.000 0.000 0.000 0.000 0.730 
149 0.000 0.057 0.109 0.019 0.020 0.243 0.322 0.141 0.140 0.113 0.037 0.003 0.000 0.000 0.004 0.000 0.049 0.000 0.000 0.000 0.000 0.716 
150 0.000 0.054 0.112 0.019 0.020 0.238 0.314 0.142 0.133 0.109 0.024 0.003 0.000 0.000 0.004 0.000 0.056 0.000 0.003 0.000 0.000 0.719 
151 0.000 0.055 0.111 0.019 0.019 0.234 0.309 0.142 0.143 0.111 0.026 0.003 0.000 0.000 0.004 0.000 0.060 0.000 0.003 0.000 0.000 0.724 
152 0.000 0.055 0.101 0.018 0.018 0.243 0.298 0.143 0.133 0.108 0.026 0.003 0.000 0.000 0.004 0.000 0.063 0.000 0.003 0.000 0.000 0.716 
153 0.000 0.057 0.087 0.025 0.031 0.236 0.298 0.165 0.128 0.105 0.029 0.003 0.000 0.000 0.004 0.000 0.059 0.000 0.019 0.000 0.000 0.709 
154 0.000 0.057 0.081 0.025 0.031 0.239 0.316 0.166 0.127 0.106 0.031 0.003 0.000 0.000 0.004 0.000 0.060 0.000 0.015 0.000 0.000 0.720 
155 0.000 0.057 0.098 0.025 0.030 0.226 0.317 0.160 0.124 0.107 0.030 0.003 0.000 0.000 0.004 0.000 0.062 0.000 0.014 0.000 0.000 0.721 
156 0.000 0.053 0.106 0.024 0.031 0.230 0.315 0.158 0.122 0.105 0.032 0.001 0.000 0.000 0.004 0.000 0.056 0.000 0.015 0.000 0.000 0.705 
157 0.000 0.051 0.112 0.024 0.033 0.232 0.316 0.158 0.125 0.100 0.031 0.001 0.000 0.000 0.004 0.000 0.054 0.000 0.014 0.000 0.000 0.712 
158 0.000 0.054 0.121 0.024 0.030 0.220 0.325 0.154 0.137 0.093 0.041 0.001 0.000 0.000 0.004 0.000 0.053 0.000 0.014 0.000 0.000 0.700 
159 0.000 0.055 0.114 0.024 0.047 0.197 0.322 0.152 0.145 0.072 0.051 0.001 0.000 0.000 0.004 0.000 0.056 0.000 0.014 0.000 0.000 0.703 
160 0.000 0.057 0.115 0.024 0.045 0.210 0.320 0.150 0.152 0.072 0.047 0.001 0.000 0.000 0.004 0.000 0.055 0.000 0.014 0.000 0.000 0.693 
161 0.000 0.060 0.119 0.023 0.042 0.207 0.310 0.149 0.155 0.071 0.048 0.001 0.000 0.000 0.004 0.000 0.057 0.000 0.014 0.000 0.000 0.721 
162 0.000 0.053 0.119 0.020 0.042 0.204 0.304 0.148 0.153 0.072 0.047 0.001 0.000 0.000 0.002 0.000 0.058 0.000 0.011 0.000 0.000 0.729 
163 0.000 0.084 0.113 0.017 0.046 0.205 0.310 0.150 0.160 0.065 0.061 0.001 0.000 0.000 0.002 0.014 0.052 0.000 0.009 0.000 0.000 0.734 
164 0.000 0.079 0.113 0.017 0.040 0.209 0.309 0.154 0.164 0.058 0.064 0.001 0.000 0.000 0.002 0.014 0.056 0.000 0.009 0.000 0.000 0.738 
165 0.000 0.078 0.111 0.017 0.040 0.214 0.329 0.152 0.159 0.068 0.092 0.001 0.000 0.000 0.002 0.012 0.048 0.000 0.009 0.000 0.000 0.733 
166 0.000 0.079 0.121 0.016 0.039 0.219 0.329 0.154 0.172 0.074 0.089 0.001 0.000 0.000 0.002 0.012 0.048 0.000 0.010 0.000 0.000 0.738 
167 0.000 0.054 0.140 0.040 0.041 0.200 0.328 0.155 0.178 0.075 0.091 0.005 0.000 0.000 0.002 0.012 0.048 0.000 0.006 0.000 0.000 0.741 
168 0.000 0.057 0.135 0.038 0.038 0.220 0.307 0.149 0.174 0.076 0.089 0.005 0.000 0.000 0.000 0.011 0.045 0.000 0.007 0.000 0.000 0.721 
169 0.000 0.059 0.134 0.037 0.038 0.227 0.318 0.143 0.175 0.080 0.089 0.005 0.000 0.000 0.000 0.011 0.042 0.000 0.010 0.000 0.000 0.715 
170 0.000 0.059 0.130 0.034 0.035 0.218 0.315 0.149 0.166 0.080 0.086 0.005 0.000 0.000 0.000 0.013 0.042 0.000 0.010 0.000 0.000 0.722 
171 0.000 0.057 0.129 0.033 0.037 0.223 0.313 0.136 0.173 0.081 0.088 0.004 0.000 0.000 0.000 0.013 0.038 0.000 0.010 0.000 0.000 0.705 
172 0.000 0.059 0.122 0.029 0.040 0.228 0.315 0.143 0.168 0.084 0.084 0.004 0.000 0.000 0.007 0.012 0.042 0.000 0.010 0.000 0.000 0.709 
173 0.000 0.063 0.138 0.030 0.055 0.207 0.298 0.151 0.166 0.081 0.087 0.003 0.000 0.000 0.007 0.014 0.042 0.000 0.011 0.000 0.000 0.708 
174 0.000 0.061 0.141 0.031 0.059 0.197 0.289 0.152 0.164 0.084 0.089 0.003 0.000 0.000 0.007 0.016 0.046 0.000 0.011 0.000 0.000 0.696 
175 0.000 0.058 0.131 0.031 0.062 0.200 0.306 0.151 0.172 0.083 0.088 0.003 0.000 0.000 0.006 0.017 0.049 0.000 0.011 0.000 0.000 0.695 
176 0.000 0.061 0.134 0.032 0.058 0.199 0.301 0.145 0.178 0.078 0.083 0.003 0.000 0.000 0.006 0.018 0.065 0.000 0.011 0.000 0.000 0.697 
177 0.000 0.067 0.133 0.032 0.054 0.185 0.293 0.150 0.173 0.065 0.081 0.003 0.000 0.000 0.006 0.020 0.065 0.000 0.010 0.000 0.000 0.688 
178 0.000 0.063 0.131 0.032 0.051 0.177 0.294 0.150 0.170 0.066 0.082 0.003 0.000 0.000 0.005 0.020 0.067 0.000 0.009 0.000 0.000 0.698 
179 0.000 0.065 0.130 0.031 0.052 0.180 0.299 0.153 0.164 0.053 0.081 0.003 0.000 0.000 0.005 0.017 0.062 0.000 0.014 0.000 0.000 0.702 
180 0.000 0.066 0.125 0.030 0.055 0.172 0.291 0.148 0.172 0.050 0.078 0.003 0.000 0.000 0.005 0.017 0.063 0.000 0.018 0.000 0.000 0.708 
181 0.010 0.054 0.113 0.029 0.054 0.174 0.276 0.146 0.157 0.054 0.076 0.003 0.000 0.000 0.005 0.017 0.057 0.000 0.017 0.000 0.000 0.707 
182 0.010 0.097 0.115 0.033 0.054 0.170 0.274 0.145 0.149 0.062 0.071 0.003 0.000 0.000 0.005 0.015 0.062 0.000 0.018 0.000 0.000 0.675 
183 0.010 0.095 0.100 0.025 0.069 0.154 0.280 0.148 0.153 0.061 0.069 0.002 0.000 0.000 0.006 0.017 0.065 0.000 0.017 0.000 0.000 0.677 
184 0.006 0.097 0.098 0.026 0.067 0.153 0.284 0.145 0.154 0.062 0.071 0.002 0.000 0.000 0.004 0.017 0.075 0.000 0.020 0.000 0.000 0.667 
185 0.006 0.080 0.114 0.026 0.065 0.159 0.281 0.145 0.159 0.064 0.070 0.002 0.000 0.000 0.004 0.017 0.077 0.000 0.018 0.000 0.000 0.670 
186 0.006 0.078 0.117 0.032 0.062 0.153 0.285 0.146 0.157 0.067 0.069 0.003 0.000 0.000 0.004 0.017 0.075 0.000 0.018 0.000 0.000 0.677 
187 0.005 0.074 0.117 0.030 0.060 0.144 0.258 0.164 0.168 0.061 0.073 0.003 0.000 0.000 0.004 0.014 0.073 0.000 0.014 0.000 0.000 0.676 
188 0.005 0.075 0.112 0.030 0.056 0.144 0.271 0.158 0.159 0.070 0.074 0.007 0.000 0.000 0.004 0.014 0.072 0.000 0.011 0.000 0.000 0.688 
189 0.015 0.070 0.120 0.029 0.063 0.146 0.271 0.161 0.156 0.067 0.074 0.007 0.000 0.000 0.004 0.013 0.067 0.000 0.012 0.000 0.000 0.707 
190 0.013 0.072 0.114 0.033 0.067 0.141 0.266 0.154 0.155 0.067 0.074 0.006 0.000 0.000 0.004 0.013 0.067 0.000 0.013 0.000 0.000 0.725 
191 0.012 0.070 0.099 0.034 0.065 0.153 0.268 0.150 0.183 0.063 0.074 0.006 0.000 0.000 0.004 0.013 0.067 0.000 0.012 0.000 0.000 0.733 
192 0.011 0.069 0.099 0.037 0.065 0.149 0.268 0.150 0.182 0.059 0.071 0.007 0.000 0.000 0.003 0.011 0.064 0.000 0.012 0.000 0.000 0.713 
193 0.013 0.067 0.098 0.040 0.067 0.140 0.266 0.151 0.176 0.063 0.069 0.005 0.000 0.000 0.003 0.011 0.063 0.000 0.011 0.000 0.000 0.701 
194 0.013 0.067 0.097 0.036 0.071 0.152 0.272 0.153 0.173 0.064 0.067 0.004 0.000 0.000 0.003 0.011 0.059 0.000 0.011 0.000 0.000 0.698 
195 0.010 0.065 0.102 0.035 0.074 0.152 0.273 0.152 0.186 0.059 0.065 0.004 0.000 0.000 0.003 0.011 0.060 0.000 0.012 0.000 0.000 0.702 
196 0.032 0.047 0.104 0.034 0.071 0.144 0.267 0.154 0.185 0.059 0.063 0.004 0.000 0.000 0.001 0.008 0.065 0.000 0.011 0.000 0.000 0.704 
197 0.030 0.048 0.105 0.034 0.073 0.145 0.261 0.160 0.185 0.060 0.064 0.002 0.000 0.000 0.001 0.011 0.062 0.000 0.011 0.000 0.000 0.706 
198 0.030 0.049 0.094 0.031 0.071 0.145 0.263 0.155 0.186 0.061 0.060 0.002 0.000 0.000 0.001 0.009 0.058 0.000 0.015 0.000 0.000 0.706 
199 0.031 0.049 0.099 0.030 0.072 0.127 0.265 0.152 0.187 0.062 0.059 0.002 0.000 0.000 0.001 0.009 0.053 0.000 0.014 0.000 0.000 0.697 
200 0.033 0.045 0.097 0.029 0.073 0.136 0.277 0.150 0.169 0.072 0.065 0.002 0.000 0.000 0.001 0.008 0.056 0.000 0.011 0.000 0.000 0.701 
201 0.032 0.048 0.089 0.057 0.060 0.132 0.280 0.154 0.200 0.079 0.066 0.002 0.000 0.000 0.001 0.009 0.052 0.000 0.015 0.000 0.000 0.669 
202 0.034 0.055 0.080 0.056 0.058 0.127 0.281 0.156 0.203 0.076 0.064 0.002 0.000 0.000 0.001 0.009 0.059 0.000 0.015 0.000 0.000 0.686 
203 0.029 0.055 0.080 0.048 0.055 0.135 0.295 0.157 0.204 0.074 0.062 0.001 0.000 0.000 0.002 0.009 0.054 0.000 0.015 0.000 0.000 0.687 
204 0.030 0.089 0.080 0.049 0.057 0.134 0.297 0.154 0.196 0.083 0.067 0.001 0.000 0.000 0.001 0.009 0.055 0.000 0.015 0.000 0.000 0.677 
205 0.026 0.090 0.077 0.050 0.055 0.135 0.282 0.151 0.201 0.081 0.067 0.001 0.000 0.000 0.000 0.010 0.059 0.000 0.013 0.000 0.000 0.683 
206 0.026 0.089 0.076 0.047 0.060 0.137 0.292 0.153 0.197 0.081 0.062 0.001 0.000 0.000 0.000 0.010 0.059 0.000 0.013 0.000 0.000 0.691 
207 0.027 0.086 0.072 0.045 0.064 0.140 0.282 0.153 0.197 0.081 0.056 0.001 0.000 0.000 0.003 0.009 0.054 0.000 0.012 0.000 0.000 0.709 
208 0.027 0.088 0.074 0.038 0.069 0.137 0.274 0.156 0.197 0.077 0.053 0.004 0.000 0.000 0.003 0.007 0.052 0.000 0.015 0.000 0.000 0.727 
209 0.031 0.087 0.072 0.039 0.064 0.137 0.266 0.163 0.192 0.069 0.047 0.004 0.000 0.000 0.003 0.006 0.048 0.000 0.015 0.000 0.000 0.728 
210 0.029 0.085 0.075 0.038 0.068 0.138 0.253 0.170 0.186 0.068 0.043 0.004 0.000 0.000 0.004 0.004 0.047 0.000 0.011 0.000 0.000 0.738 
211 0.029 0.085 0.079 0.039 0.074 0.154 0.268 0.176 0.163 0.067 0.041 0.004 0.000 0.000 0.007 0.005 0.046 0.000 0.008 0.000 0.000 0.734 
212 0.030 0.087 0.065 0.042 0.084 0.154 0.264 0.179 0.155 0.068 0.042 0.004 0.000 0.000 0.007 0.005 0.046 0.000 0.007 0.000 0.000 0.732 
213 0.028 0.093 0.078 0.040 0.080 0.156 0.256 0.184 0.150 0.067 0.036 0.001 0.000 0.000 0.012 0.004 0.046 0.000 0.008 0.000 0.000 0.727 
214 0.023 0.092 0.082 0.047 0.077 0.158 0.266 0.180 0.130 0.074 0.033 0.001 0.000 0.000 0.012 0.003 0.037 0.000 0.008 0.000 0.000 0.730 
215 0.021 0.097 0.079 0.052 0.076 0.188 0.262 0.181 0.140 0.067 0.033 0.001 0.000 0.000 0.012 0.003 0.038 0.000 0.008 0.000 0.000 0.697 
216 0.022 0.095 0.086 0.049 0.079 0.180 0.260 0.175 0.136 0.068 0.034 0.002 0.000 0.000 0.013 0.003 0.032 0.002 0.004 0.000 0.000 0.696 
217 0.023 0.092 0.091 0.046 0.083 0.166 0.257 0.174 0.141 0.072 0.031 0.002 0.000 0.000 0.012 0.003 0.033 0.002 0.004 0.000 0.000 0.689 
218 0.028 0.113 0.088 0.047 0.078 0.154 0.265 0.172 0.139 0.076 0.027 0.002 0.000 0.000 0.012 0.003 0.037 0.002 0.004 0.000 0.000 0.677 
219 0.029 0.106 0.088 0.047 0.072 0.147 0.261 0.173 0.135 0.081 0.026 0.003 0.000 0.000 0.011 0.005 0.033 0.002 0.005 0.000 0.000 0.692 
220 0.033 0.103 0.082 0.046 0.072 0.136 0.269 0.178 0.141 0.077 0.023 0.004 0.000 0.000 0.010 0.005 0.042 0.002 0.005 0.000 0.000 0.709 
221 0.032 0.102 0.084 0.049 0.070 0.167 0.259 0.184 0.133 0.072 0.023 0.004 0.000 0.000 0.011 0.005 0.052 0.002 0.005 0.000 0.000 0.701 
222 0.047 0.086 0.116 0.048 0.078 0.167 0.260 0.172 0.159 0.073 0.025 0.002 0.000 0.000 0.011 0.005 0.053 0.002 0.005 0.000 0.000 0.708 
223 0.044 0.079 0.112 0.054 0.078 0.194 0.268 0.171 0.160 0.078 0.022 0.002 0.000 0.000 0.010 0.005 0.056 0.002 0.004 0.000 0.000 0.706 
224 0.044 0.080 0.113 0.055 0.077 0.191 0.270 0.166 0.150 0.080 0.021 0.001 0.000 0.000 0.008 0.005 0.055 0.002 0.005 0.000 0.000 0.706 
225 0.043 0.077 0.111 0.053 0.075 0.187 0.267 0.165 0.183 0.079 0.021 0.000 0.000 0.000 0.007 0.004 0.062 0.002 0.004 0.000 0.000 0.713 
226 0.040 0.075 0.106 0.049 0.074 0.190 0.274 0.169 0.198 0.073 0.020 0.000 0.000 0.000 0.006 0.003 0.058 0.005 0.004 0.000 0.000 0.705 
227 0.040 0.071 0.103 0.048 0.075 0.183 0.276 0.162 0.200 0.072 0.021 0.000 0.000 0.000 0.006 0.003 0.068 0.005 0.004 0.000 0.000 0.692 
228 0.040 0.071 0.108 0.042 0.078 0.181 0.274 0.168 0.212 0.080 0.023 0.000 0.000 0.000 0.006 0.003 0.064 0.007 0.004 0.000 0.000 0.703 
229 0.036 0.076 0.114 0.037 0.079 0.183 0.280 0.168 0.207 0.070 0.033 0.000 0.000 0.000 0.006 0.003 0.066 0.007 0.004 0.000 0.000 0.710 
230 0.037 0.075 0.117 0.038 0.078 0.183 0.276 0.170 0.214 0.064 0.036 0.000 0.000 0.000 0.007 0.003 0.060 0.007 0.004 0.000 0.000 0.704 
231 0.039 0.079 0.119 0.035 0.078 0.187 0.272 0.167 0.212 0.064 0.036 0.000 0.000 0.000 0.007 0.003 0.060 0.007 0.004 0.000 0.000 0.714 
232 0.040 0.081 0.119 0.043 0.078 0.188 0.274 0.170 0.222 0.061 0.037 0.000 0.000 0.000 0.007 0.003 0.061 0.007 0.004 0.000 0.000 0.717 
233 0.053 0.057 0.157 0.046 0.078 0.181 0.270 0.174 0.229 0.061 0.040 0.000 0.000 0.000 0.007 0.003 0.058 0.009 0.000 0.000 0.000 0.709 
234 0.056 0.058 0.160 0.043 0.082 0.174 0.271 0.180 0.226 0.062 0.043 0.000 0.000 0.000 0.006 0.003 0.053 0.009 0.000 0.000 0.000 0.735 
235 0.054 0.054 0.162 0.048 0.089 0.160 0.257 0.186 0.225 0.062 0.041 0.000 0.000 0.000 0.006 0.012 0.038 0.013 0.000 0.000 0.000 0.725 
236 0.055 0.055 0.163 0.043 0.090 0.195 0.256 0.189 0.221 0.059 0.042 0.000 0.000 0.000 0.006 0.013 0.040 0.017 0.000 0.000 0.000 0.725 
237 0.049 0.056 0.173 0.041 0.088 0.214 0.244 0.190 0.220 0.078 0.043 0.000 0.000 0.000 0.006 0.013 0.033 0.014 0.021 0.000 0.000 0.729 
238 0.048 0.053 0.166 0.066 0.081 0.204 0.251 0.186 0.230 0.073 0.045 0.000 0.000 0.000 0.006 0.014 0.032 0.012 0.024 0.000 0.000 0.749 
239 0.047 0.054 0.163 0.066 0.079 0.185 0.260 0.182 0.206 0.073 0.043 0.000 0.000 0.000 0.007 0.015 0.034 0.008 0.024 0.000 0.000 0.742 
240 0.046 0.050 0.191 0.065 0.081 0.174 0.264 0.168 0.228 0.070 0.040 0.000 0.000 0.000 0.007 0.018 0.048 0.007 0.022 0.000 0.000 0.738 
241 0.049 0.057 0.178 0.066 0.083 0.176 0.263 0.161 0.231 0.069 0.036 0.000 0.000 0.000 0.007 0.018 0.062 0.009 0.025 0.000 0.000 0.717 
242 0.048 0.052 0.166 0.072 0.075 0.200 0.258 0.156 0.233 0.075 0.033 0.000 0.000 0.000 0.007 0.018 0.066 0.009 0.024 0.000 0.000 0.716 
243 0.041 0.049 0.162 0.068 0.079 0.190 0.258 0.152 0.252 0.075 0.030 0.000 0.000 0.000 0.007 0.016 0.066 0.005 0.024 0.000 0.000 0.721 
244 0.040 0.049 0.164 0.065 0.084 0.190 0.246 0.141 0.244 0.072 0.032 0.003 0.000 0.000 0.008 0.017 0.067 0.005 0.021 0.000 0.000 0.716 
245 0.040 0.042 0.169 0.065 0.089 0.173 0.244 0.141 0.235 0.072 0.030 0.003 0.000 0.000 0.008 0.018 0.075 0.005 0.025 0.000 0.000 0.721 
246 0.042 0.098 0.138 0.062 0.107 0.153 0.252 0.142 0.230 0.075 0.032 0.002 0.000 0.000 0.008 0.018 0.071 0.005 0.022 0.000 0.000 0.719 
247 0.044 0.091 0.135 0.064 0.112 0.154 0.254 0.151 0.204 0.082 0.033 0.001 0.000 0.000 0.009 0.016 0.074 0.005 0.021 0.000 0.000 0.728 
248 0.043 0.092 0.133 0.063 0.116 0.152 0.257 0.155 0.193 0.080 0.032 0.001 0.000 0.000 0.009 0.016 0.075 0.005 0.022 0.000 0.000 0.718 
249 0.040 0.096 0.119 0.095 0.116 0.147 0.244 0.156 0.195 0.080 0.034 0.001 0.000 0.000 0.007 0.014 0.072 0.005 0.017 0.000 0.000 0.717 
250 0.043 0.088 0.120 0.090 0.116 0.153 0.246 0.154 0.186 0.081 0.036 0.001 0.000 0.000 0.007 0.016 0.074 0.005 0.017 0.000 0.000 0.717 
251 0.041 0.085 0.130 0.085 0.114 0.150 0.248 0.153 0.169 0.097 0.033 0.001 0.000 0.000 0.006 0.012 0.064 0.005 0.047 0.000 0.000 0.715 
252 0.045 0.082 0.128 0.086 0.109 0.153 0.249 0.154 0.164 0.096 0.031 0.001 0.000 0.000 0.008 0.012 0.062 0.005 0.046 0.000 0.000 0.725 
253 0.045 0.081 0.127 0.088 0.109 0.154 0.247 0.155 0.173 0.094 0.030 0.001 0.000 0.000 0.008 0.013 0.062 0.005 0.040 0.000 0.000 0.713 
254 0.042 0.078 0.125 0.092 0.108 0.143 0.253 0.155 0.186 0.101 0.031 0.001 0.000 0.000 0.008 0.013 0.064 0.005 0.041 0.000 0.000 0.723 
255 0.042 0.084 0.120 0.094 0.101 0.138 0.255 0.154 0.190 0.099 0.035 0.001 0.000 0.000 0.007 0.013 0.056 0.004 0.057 0.000 0.000 0.721 
256 0.041 0.083 0.117 0.095 0.097 0.139 0.264 0.155 0.193 0.099 0.038 0.000 0.000 0.000 0.007 0.015 0.058 0.004 0.058 0.000 0.000 0.721 
257 0.039 0.082 0.118 0.093 0.100 0.146 0.269 0.147 0.221 0.094 0.037 0.000 0.000 0.000 0.007 0.015 0.056 0.004 0.059 0.000 0.000 0.720 
258 0.038 0.084 0.126 0.099 0.100 0.140 0.278 0.143 0.224 0.095 0.030 0.000 0.000 0.000 0.010 0.013 0.074 0.005 0.047 0.000 0.000 0.715 
259 0.039 0.083 0.109 0.097 0.102 0.152 0.275 0.136 0.224 0.083 0.032 0.000 0.000 0.000 0.012 0.018 0.077 0.005 0.047 0.000 0.000 0.707 
260 0.037 0.080 0.110 0.105 0.098 0.153 0.268 0.130 0.208 0.079 0.032 0.000 0.000 0.000 0.011 0.020 0.076 0.005 0.054 0.000 0.000 0.698 
261 0.023 0.086 0.109 0.102 0.102 0.142 0.268 0.129 0.215 0.081 0.030 0.000 0.000 0.000 0.011 0.018 0.078 0.005 0.055 0.000 0.000 0.697 
262 0.021 0.084 0.100 0.092 0.106 0.154 0.266 0.132 0.209 0.074 0.028 0.000 0.000 0.000 0.012 0.019 0.085 0.002 0.049 0.000 0.000 0.690 
263 0.025 0.086 0.109 0.092 0.112 0.151 0.254 0.137 0.206 0.069 0.026 0.000 0.000 0.000 0.012 0.019 0.086 0.002 0.044 0.000 0.000 0.683 
264 0.024 0.085 0.134 0.087 0.112 0.154 0.250 0.143 0.209 0.062 0.025 0.000 0.000 0.000 0.012 0.020 0.084 0.002 0.045 0.000 0.000 0.686 
265 0.024 0.085 0.139 0.081 0.109 0.148 0.255 0.144 0.199 0.079 0.024 0.001 0.000 0.000 0.012 0.018 0.088 0.002 0.043 0.000 0.000 0.705 
266 0.023 0.085 0.145 0.070 0.108 0.154 0.255 0.145 0.200 0.084 0.025 0.001 0.000 0.000 0.012 0.019 0.089 0.002 0.035 0.000 0.000 0.700 
267 0.024 0.079 0.156 0.063 0.106 0.159 0.253 0.144 0.203 0.088 0.031 0.001 0.000 0.000 0.013 0.021 0.080 0.002 0.036 0.000 0.000 0.693 
268 0.032 0.074 0.147 0.060 0.102 0.174 0.255 0.150 0.206 0.090 0.030 0.001 0.000 0.000 0.013 0.026 0.079 0.002 0.040 0.000 0.000 0.682 
269 0.031 0.087 0.141 0.073 0.093 0.177 0.257 0.156 0.213 0.089 0.029 0.001 0.000 0.000 0.012 0.025 0.077 0.002 0.054 0.000 0.000 0.675 
270 0.030 0.093 0.126 0.069 0.094 0.176 0.265 0.162 0.207 0.079 0.031 0.001 0.000 0.000 0.010 0.025 0.076 0.002 0.057 0.000 0.000 0.676 
271 0.034 0.095 0.124 0.070 0.096 0.168 0.252 0.164 0.215 0.073 0.032 0.001 0.000 0.000 0.010 0.027 0.073 0.002 0.061 0.000 0.000 0.668 
272 0.034 0.105 0.126 0.074 0.098 0.172 0.244 0.162 0.208 0.073 0.033 0.001 0.000 0.000 0.010 0.026 0.072 0.002 0.053 0.000 0.000 0.683 
273 0.031 0.108 0.121 0.071 0.100 0.171 0.253 0.161 0.197 0.069 0.033 0.002 0.000 0.000 0.010 0.024 0.073 0.002 0.058 0.000 0.000 0.679 
274 0.031 0.106 0.123 0.065 0.097 0.172 0.260 0.160 0.197 0.075 0.032 0.002 0.000 0.000 0.009 0.024 0.067 0.002 0.056 0.000 0.000 0.675 
275 0.031 0.132 0.129 0.061 0.097 0.170 0.272 0.162 0.196 0.074 0.028 0.002 0.000 0.000 0.009 0.024 0.067 0.002 0.054 0.000 0.000 0.658 
276 0.028 0.127 0.133 0.057 0.097 0.167 0.264 0.160 0.186 0.081 0.023 0.002 0.000 0.000 0.009 0.023 0.069 0.002 0.054 0.000 0.000 0.674 
277 0.026 0.116 0.141 0.068 0.098 0.163 0.256 0.164 0.188 0.089 0.022 0.002 0.000 0.000 0.011 0.025 0.073 0.002 0.053 0.000 0.000 0.684 
278 0.029 0.111 0.147 0.067 0.101 0.152 0.248 0.154 0.184 0.100 0.026 0.002 0.000 0.000 0.009 0.023 0.092 0.002 0.053 0.000 0.000 0.709 
279 0.027 0.110 0.138 0.083 0.108 0.155 0.234 0.155 0.196 0.096 0.025 0.002 0.000 0.000 0.009 0.020 0.097 0.002 0.047 0.002 0.000 0.710 
280 0.024 0.116 0.128 0.086 0.106 0.158 0.241 0.152 0.192 0.111 0.025 0.002 0.000 0.000 0.008 0.021 0.100 0.002 0.042 0.002 0.000 0.716 
281 0.025 0.121 0.125 0.084 0.110 0.153 0.236 0.149 0.202 0.110 0.025 0.003 0.000 0.000 0.007 0.021 0.093 0.002 0.036 0.002 0.000 0.719 
282 0.023 0.111 0.136 0.077 0.109 0.158 0.223 0.154 0.208 0.105 0.031 0.002 0.000 0.000 0.009 0.022 0.088 0.002 0.031 0.001 0.000 0.707 
283 0.024 0.109 0.132 0.078 0.102 0.155 0.230 0.154 0.184 0.103 0.030 0.002 0.000 0.000 0.009 0.023 0.083 0.003 0.033 0.001 0.000 0.684 
284 0.026 0.108 0.130 0.088 0.099 0.165 0.222 0.146 0.188 0.107 0.029 0.002 0.000 0.000 0.009 0.024 0.089 0.003 0.038 0.001 0.000 0.691 
285 0.033 0.103 0.151 0.087 0.102 0.165 0.217 0.137 0.205 0.111 0.032 0.002 0.000 0.000 0.010 0.022 0.087 0.003 0.030 0.001 0.000 0.674 
286 0.038 0.108 0.146 0.092 0.104 0.169 0.213 0.134 0.195 0.114 0.028 0.002 0.000 0.000 0.009 0.025 0.080 0.003 0.026 0.001 0.000 0.673 
287 0.037 0.108 0.142 0.096 0.101 0.167 0.216 0.139 0.203 0.115 0.023 0.002 0.000 0.000 0.011 0.027 0.076 0.003 0.022 0.001 0.000 0.681 
288 0.040 0.111 0.166 0.097 0.104 0.162 0.209 0.142 0.218 0.122 0.023 0.002 0.000 0.000 0.011 0.028 0.075 0.003 0.018 0.000 0.000 0.673 
289 0.042 0.123 0.184 0.094 0.102 0.165 0.198 0.153 0.205 0.128 0.030 0.002 0.000 0.000 0.009 0.029 0.072 0.003 0.017 0.000 0.000 0.664 
290 0.041 0.136 0.179 0.093 0.100 0.175 0.203 0.155 0.216 0.118 0.029 0.002 0.000 0.000 0.009 0.028 0.067 0.003 0.020 0.001 0.000 0.678 
291 0.042 0.135 0.170 0.091 0.101 0.183 0.207 0.158 0.215 0.116 0.029 0.002 0.000 0.000 0.009 0.036 0.054 0.000 0.031 0.001 0.000 0.678 
292 0.041 0.137 0.163 0.089 0.101 0.171 0.198 0.160 0.207 0.109 0.032 0.003 0.000 0.000 0.010 0.035 0.048 0.000 0.031 0.001 0.000 0.681 
293 0.040 0.125 0.166 0.113 0.103 0.167 0.204 0.159 0.202 0.107 0.029 0.004 0.000 0.000 0.010 0.035 0.050 0.000 0.030 0.001 0.000 0.691 
294 0.038 0.119 0.166 0.115 0.104 0.168 0.213 0.160 0.199 0.109 0.028 0.003 0.000 0.000 0.012 0.031 0.049 0.000 0.033 0.001 0.000 0.693 
295 0.043 0.111 0.169 0.121 0.107 0.178 0.228 0.158 0.186 0.109 0.023 0.003 0.000 0.000 0.012 0.031 0.053 0.000 0.033 0.001 0.000 0.682 
296 0.041 0.113 0.159 0.133 0.101 0.173 0.218 0.151 0.180 0.104 0.021 0.003 0.000 0.000 0.011 0.030 0.049 0.000 0.033 0.001 0.000 0.695 
297 0.042 0.116 0.155 0.137 0.103 0.185 0.216 0.153 0.171 0.100 0.016 0.003 0.000 0.000 0.013 0.030 0.047 0.000 0.036 0.001 0.000 0.712 
298 0.040 0.123 0.149 0.138 0.101 0.180 0.210 0.165 0.162 0.113 0.018 0.003 0.000 0.000 0.013 0.030 0.041 0.000 0.039 0.001 0.000 0.694 
299 0.038 0.128 0.148 0.135 0.108 0.178 0.212 0.163 0.164 0.117 0.021 0.004 0.000 0.000 0.013 0.029 0.044 0.000 0.036 0.001 0.000 0.677 
300 0.038 0.117 0.148 0.139 0.112 0.190 0.217 0.162 0.174 0.114 0.019 0.004 0.000 0.000 0.014 0.030 0.047 0.000 0.030 0.001 0.000 0.667 
301 0.036 0.113 0.162 0.144 0.119 0.204 0.213 0.160 0.177 0.111 0.021 0.002 0.000 0.000 0.014 0.025 0.047 0.000 0.030 0.000 0.000 0.655 
302 0.032 0.116 0.164 0.150 0.120 0.229 0.200 0.165 0.190 0.107 0.025 0.002 0.000 0.000 0.014 0.024 0.051 0.003 0.028 0.000 0.000 0.662 
303 0.037 0.108 0.172 0.152 0.123 0.229 0.251 0.163 0.182 0.117 0.024 0.002 0.000 0.000 0.014 0.023 0.053 0.003 0.031 0.000 0.000 0.654 
304 0.037 0.109 0.161 0.153 0.121 0.240 0.250 0.161 0.186 0.109 0.025 0.003 0.000 0.000 0.014 0.022 0.049 0.003 0.031 0.001 0.000 0.674 
305 0.038 0.107 0.161 0.144 0.123 0.228 0.243 0.159 0.193 0.106 0.025 0.002 0.000 0.000 0.016 0.024 0.050 0.003 0.028 0.001 0.000 0.679 
306 0.037 0.109 0.157 0.138 0.121 0.230 0.247 0.159 0.213 0.097 0.023 0.003 0.000 0.000 0.018 0.021 0.048 0.003 0.030 0.001 0.000 0.699 
307 0.035 0.110 0.166 0.141 0.129 0.208 0.250 0.158 0.196 0.099 0.019 0.003 0.000 0.000 0.017 0.022 0.044 0.003 0.030 0.001 0.000 0.691 
308 0.035 0.105 0.172 0.147 0.138 0.189 0.253 0.154 0.195 0.111 0.019 0.003 0.000 0.000 0.016 0.020 0.050 0.003 0.031 0.001 0.000 0.703 
309 0.039 0.101 0.168 0.148 0.133 0.200 0.248 0.156 0.201 0.111 0.015 0.002 0.000 0.000 0.017 0.019 0.049 0.005 0.031 0.001 0.000 0.703 
310 0.041 0.099 0.174 0.148 0.131 0.200 0.230 0.152 0.196 0.101 0.023 0.002 0.001 0.000 0.016 0.022 0.051 0.005 0.023 0.002 0.000 0.708 
311 0.040 0.110 0.178 0.144 0.129 0.197 0.240 0.148 0.179 0.095 0.027 0.001 0.001 0.000 0.014 0.022 0.053 0.005 0.026 0.002 0.000 0.711 
312 0.039 0.111 0.171 0.145 0.129 0.200 0.239 0.152 0.183 0.080 0.033 0.001 0.001 0.000 0.013 0.023 0.052 0.005 0.027 0.001 0.000 0.709 
313 0.042 0.112 0.170 0.154 0.130 0.204 0.234 0.145 0.177 0.084 0.033 0.003 0.000 0.000 0.011 0.023 0.049 0.005 0.027 0.001 0.000 0.690 
314 0.045 0.110 0.173 0.151 0.131 0.200 0.231 0.147 0.169 0.090 0.029 0.004 0.000 0.000 0.011 0.027 0.055 0.005 0.018 0.001 0.000 0.716 
315 0.050 0.107 0.177 0.128 0.132 0.215 0.217 0.146 0.163 0.084 0.033 0.004 0.000 0.000 0.010 0.028 0.062 0.008 0.018 0.001 0.000 0.709 
316 0.052 0.130 0.178 0.124 0.134 0.215 0.217 0.157 0.149 0.089 0.031 0.002 0.000 0.000 0.009 0.027 0.067 0.007 0.015 0.001 0.000 0.709 
317 0.052 0.126 0.174 0.125 0.137 0.218 0.229 0.155 0.157 0.089 0.027 0.002 0.000 0.000 0.008 0.028 0.066 0.007 0.015 0.000 0.000 0.695 
318 0.048 0.122 0.177 0.144 0.137 0.224 0.232 0.151 0.149 0.089 0.027 0.001 0.000 0.000 0.008 0.027 0.089 0.007 0.015 0.000 0.000 0.696 
319 0.055 0.123 0.179 0.146 0.135 0.216 0.226 0.146 0.157 0.078 0.029 0.001 0.000 0.000 0.008 0.026 0.093 0.008 0.014 0.000 0.000 0.702 
320 0.053 0.122 0.183 0.147 0.137 0.213 0.226 0.146 0.154 0.072 0.025 0.001 0.000 0.000 0.008 0.025 0.091 0.008 0.018 0.000 0.000 0.702 
321 0.063 0.112 0.193 0.151 0.137 0.217 0.224 0.141 0.156 0.075 0.025 0.001 0.000 0.000 0.007 0.020 0.087 0.008 0.019 0.005 0.001 0.697 
322 0.063 0.111 0.198 0.159 0.135 0.215 0.225 0.139 0.153 0.084 0.025 0.001 0.000 0.000 0.007 0.019 0.090 0.008 0.019 0.005 0.001 0.703 
323 0.065 0.127 0.187 0.153 0.132 0.219 0.226 0.136 0.156 0.084 0.025 0.001 0.000 0.000 0.007 0.019 0.090 0.007 0.019 0.005 0.001 0.698 
324 0.060 0.138 0.186 0.150 0.135 0.214 0.222 0.139 0.149 0.080 0.020 0.002 0.000 0.000 0.007 0.018 0.087 0.007 0.020 0.005 0.001 0.700 
325 0.070 0.129 0.184 0.162 0.133 0.217 0.222 0.146 0.160 0.070 0.019 0.002 0.000 0.000 0.010 0.016 0.087 0.007 0.026 0.005 0.001 0.708 
326 0.072 0.125 0.186 0.159 0.135 0.217 0.226 0.150 0.154 0.069 0.019 0.002 0.000 0.000 0.010 0.016 0.081 0.007 0.025 0.004 0.001 0.699 
327 0.074 0.124 0.180 0.163 0.142 0.225 0.237 0.148 0.153 0.065 0.019 0.002 0.000 0.000 0.011 0.015 0.080 0.007 0.022 0.001 0.001 0.714 
328 0.071 0.129 0.179 0.160 0.143 0.230 0.236 0.146 0.151 0.065 0.019 0.002 0.000 0.000 0.011 0.015 0.079 0.007 0.026 0.001 0.001 0.720 
329 0.073 0.124 0.181 0.155 0.141 0.231 0.239 0.144 0.155 0.062 0.016 0.002 0.001 0.000 0.009 0.017 0.077 0.005 0.027 0.001 0.000 0.712 
330 0.072 0.125 0.190 0.148 0.137 0.217 0.240 0.142 0.148 0.060 0.018 0.001 0.001 0.000 0.009 0.018 0.077 0.005 0.023 0.001 0.000 0.704 
331 0.072 0.125 0.192 0.145 0.137 0.232 0.234 0.146 0.135 0.059 0.018 0.001 0.001 0.000 0.010 0.017 0.079 0.005 0.020 0.002 0.000 0.707 
332 0.068 0.120 0.187 0.153 0.139 0.237 0.234 0.135 0.132 0.050 0.028 0.001 0.001 0.000 0.009 0.015 0.081 0.002 0.020 0.003 0.000 0.705 
333 0.065 0.121 0.186 0.146 0.135 0.245 0.227 0.137 0.134 0.050 0.027 0.001 0.001 0.000 0.009 0.018 0.088 0.002 0.017 0.002 0.000 0.697 
334 0.064 0.121 0.180 0.141 0.131 0.222 0.234 0.137 0.133 0.053 0.025 0.001 0.001 0.000 0.011 0.025 0.099 0.002 0.017 0.002 0.000 0.696 
335 0.064 0.119 0.182 0.149 0.133 0.228 0.244 0.139 0.128 0.055 0.025 0.002 0.001 0.000 0.010 0.032 0.100 0.002 0.022 0.002 0.000 0.696 
336 0.066 0.149 0.179 0.156 0.131 0.240 0.256 0.131 0.152 0.058 0.023 0.002 0.001 0.000 0.011 0.034 0.100 0.003 0.017 0.002 0.000 0.659 
337 0.064 0.149 0.180 0.157 0.132 0.237 0.257 0.124 0.164 0.062 0.026 0.001 0.001 0.000 0.012 0.034 0.095 0.003 0.014 0.003 0.000 0.664 
338 0.068 0.148 0.186 0.152 0.138 0.232 0.247 0.146 0.155 0.073 0.026 0.001 0.001 0.000 0.012 0.039 0.086 0.003 0.014 0.006 0.000 0.672 
339 0.065 0.149 0.186 0.155 0.141 0.240 0.246 0.161 0.156 0.077 0.025 0.001 0.001 0.000 0.011 0.040 0.088 0.005 0.014 0.006 0.000 0.654 
340 0.063 0.142 0.184 0.153 0.143 0.231 0.249 0.157 0.171 0.077 0.024 0.001 0.001 0.000 0.008 0.038 0.088 0.005 0.015 0.007 0.000 0.672 
341 0.062 0.139 0.188 0.160 0.150 0.245 0.251 0.158 0.162 0.078 0.025 0.000 0.001 0.000 0.007 0.036 0.085 0.005 0.012 0.006 0.000 0.671 
342 0.063 0.131 0.182 0.160 0.155 0.247 0.249 0.156 0.161 0.069 0.024 0.000 0.001 0.000 0.009 0.038 0.085 0.005 0.012 0.006 0.000 0.676 
343 0.064 0.138 0.185 0.150 0.154 0.252 0.242 0.165 0.160 0.070 0.023 0.000 0.001 0.000 0.008 0.038 0.082 0.005 0.012 0.006 0.000 0.683 
344 0.064 0.132 0.182 0.151 0.155 0.259 0.246 0.162 0.161 0.064 0.023 0.000 0.001 0.000 0.008 0.035 0.076 0.005 0.016 0.005 0.000 0.687 
345 0.066 0.125 0.183 0.154 0.150 0.264 0.240 0.159 0.157 0.063 0.020 0.001 0.002 0.000 0.008 0.037 0.081 0.005 0.015 0.005 0.000 0.679 
346 0.069 0.130 0.175 0.150 0.161 0.252 0.238 0.160 0.150 0.060 0.023 0.001 0.002 0.000 0.008 0.042 0.086 0.002 0.015 0.004 0.000 0.689 
347 0.068 0.130 0.174 0.145 0.158 0.249 0.243 0.166 0.139 0.047 0.032 0.001 0.002 0.000 0.008 0.041 0.079 0.002 0.020 0.007 0.000 0.691 
348 0.070 0.130 0.166 0.154 0.165 0.257 0.231 0.164 0.137 0.045 0.032 0.001 0.002 0.000 0.009 0.039 0.085 0.002 0.018 0.008 0.000 0.700 
349 0.069 0.132 0.165 0.163 0.163 0.270 0.233 0.160 0.141 0.043 0.029 0.001 0.002 0.000 0.009 0.040 0.079 0.005 0.021 0.008 0.000 0.705 
350 0.074 0.138 0.151 0.161 0.176 0.278 0.238 0.155 0.146 0.050 0.028 0.000 0.002 0.000 0.007 0.044 0.085 0.005 0.021 0.008 0.000 0.711 
351 0.073 0.135 0.145 0.160 0.177 0.277 0.236 0.154 0.165 0.051 0.030 0.000 0.002 0.000 0.007 0.045 0.085 0.007 0.021 0.008 0.000 0.740 
352 0.071 0.133 0.149 0.159 0.174 0.264 0.256 0.160 0.159 0.047 0.025 0.000 0.002 0.000 0.007 0.049 0.084 0.007 0.019 0.006 0.000 0.742 
353 0.072 0.140 0.162 0.161 0.165 0.252 0.244 0.160 0.150 0.046 0.026 0.000 0.002 0.000 0.007 0.048 0.086 0.012 0.020 0.007 0.000 0.741 
354 0.072 0.135 0.156 0.166 0.162 0.238 0.249 0.164 0.140 0.055 0.023 0.000 0.002 0.000 0.008 0.043 0.083 0.012 0.019 0.008 0.000 0.740 
355 0.074 0.158 0.155 0.160 0.161 0.232 0.265 0.162 0.142 0.058 0.025 0.000 0.003 0.000 0.008 0.045 0.086 0.014 0.019 0.009 0.000 0.715 
356 0.081 0.158 0.158 0.167 0.160 0.233 0.267 0.155 0.154 0.056 0.026 0.000 0.003 0.000 0.008 0.042 0.096 0.015 0.017 0.008 0.000 0.712 
357 0.076 0.161 0.173 0.170 0.157 0.233 0.276 0.153 0.152 0.061 0.022 0.002 0.004 0.000 0.007 0.043 0.092 0.014 0.018 0.008 0.000 0.691 
358 0.076 0.157 0.166 0.173 0.150 0.235 0.267 0.156 0.144 0.067 0.022 0.002 0.004 0.000 0.007 0.042 0.092 0.015 0.021 0.008 0.000 0.681 
359 0.076 0.154 0.170 0.181 0.144 0.244 0.255 0.157 0.141 0.065 0.023 0.002 0.004 0.000 0.007 0.039 0.093 0.014 0.027 0.006 0.000 0.703 
360 0.069 0.155 0.170 0.180 0.151 0.248 0.263 0.153 0.151 0.064 0.022 0.001 0.005 0.000 0.007 0.036 0.095 0.016 0.026 0.008 0.000 0.700 
361 0.062 0.165 0.169 0.174 0.156 0.239 0.272 0.150 0.149 0.061 0.022 0.001 0.004 0.000 0.005 0.037 0.094 0.016 0.030 0.007 0.000 0.693 
362 0.059 0.185 0.178 0.173 0.159 0.245 0.255 0.152 0.156 0.061 0.018 0.003 0.004 0.000 0.006 0.039 0.091 0.016 0.032 0.005 0.001 0.690 
363 0.085 0.165 0.174 0.174 0.150 0.249 0.260 0.154 0.154 0.059 0.016 0.006 0.002 0.000 0.004 0.035 0.081 0.016 0.032 0.004 0.001 0.669 
364 0.083 0.167 0.169 0.179 0.147 0.236 0.260 0.158 0.166 0.058 0.019 0.006 0.003 0.000 0.002 0.034 0.080 0.016 0.032 0.004 0.001 0.674 
365 0.082 0.169 0.155 0.172 0.148 0.234 0.263 0.152 0.163 0.059 0.019 0.005 0.003 0.000 0.002 0.033 0.078 0.016 0.036 0.004 0.001 0.678 
366 0.082 0.160 0.164 0.181 0.147 0.237 0.274 0.152 0.167 0.059 0.019 0.006 0.003 0.000 0.002 0.032 0.075 0.018 0.038 0.004 0.001 0.699 
367 0.082 0.165 0.170 0.178 0.142 0.228 0.275 0.146 0.183 0.062 0.019 0.006 0.002 0.000 0.003 0.032 0.079 0.017 0.032 0.003 0.001 0.695 
368 0.086 0.175 0.155 0.179 0.140 0.224 0.273 0.157 0.164 0.057 0.020 0.006 0.002 0.000 0.003 0.031 0.080 0.017 0.035 0.004 0.001 0.698 
369 0.093 0.170 0.156 0.157 0.149 0.234 0.259 0.160 0.160 0.054 0.022 0.005 0.002 0.000 0.003 0.032 0.083 0.017 0.040 0.004 0.001 0.706 
370 0.090 0.166 0.149 0.166 0.155 0.237 0.260 0.164 0.157 0.063 0.022 0.004 0.002 0.000 0.003 0.033 0.090 0.017 0.042 0.003 0.001 0.704 
371 0.084 0.168 0.150 0.168 0.152 0.242 0.275 0.165 0.141 0.072 0.022 0.004 0.002 0.000 0.002 0.033 0.097 0.017 0.042 0.001 0.001 0.702 
372 0.085 0.163 0.148 0.182 0.147 0.236 0.269 0.166 0.131 0.083 0.022 0.004 0.002 0.000 0.001 0.038 0.096 0.015 0.042 0.001 0.001 0.675 
373 0.087 0.157 0.144 0.181 0.146 0.223 0.267 0.160 0.134 0.077 0.023 0.003 0.002 0.000 0.001 0.037 0.092 0.015 0.036 0.001 0.001 0.671 
374 0.082 0.147 0.173 0.176 0.149 0.204 0.269 0.161 0.145 0.077 0.022 0.003 0.002 0.000 0.001 0.038 0.092 0.015 0.042 0.001 0.001 0.666 
375 0.081 0.169 0.171 0.184 0.148 0.202 0.308 0.167 0.141 0.075 0.021 0.003 0.002 0.000 0.001 0.034 0.086 0.015 0.039 0.001 0.001 0.641 
376 0.085 0.189 0.171 0.183 0.147 0.200 0.311 0.165 0.152 0.073 0.016 0.005 0.002 0.000 0.001 0.032 0.087 0.015 0.044 0.001 0.001 0.621 
377 0.084 0.191 0.179 0.181 0.147 0.194 0.307 0.142 0.186 0.064 0.016 0.005 0.002 0.000 0.001 0.030 0.085 0.018 0.047 0.001 0.001 0.628 
378 0.077 0.199 0.173 0.181 0.153 0.191 0.305 0.143 0.177 0.063 0.016 0.006 0.002 0.000 0.001 0.034 0.079 0.018 0.042 0.002 0.001 0.632 
379 0.081 0.190 0.170 0.178 0.153 0.180 0.293 0.142 0.163 0.064 0.021 0.006 0.002 0.000 0.001 0.031 0.078 0.013 0.047 0.002 0.001 0.647 
380 0.088 0.187 0.187 0.180 0.150 0.186 0.293 0.140 0.167 0.068 0.020 0.007 0.002 0.000 0.001 0.030 0.079 0.013 0.047 0.002 0.001 0.663 
381 0.084 0.183 0.190 0.193 0.158 0.172 0.278 0.135 0.167 0.069 0.022 0.006 0.002 0.000 0.005 0.027 0.081 0.011 0.045 0.002 0.001 0.672 
382 0.094 0.175 0.205 0.185 0.155 0.175 0.282 0.138 0.164 0.068 0.018 0.005 0.002 0.000 0.005 0.026 0.084 0.011 0.048 0.002 0.001 0.698 
383 0.096 0.164 0.208 0.185 0.149 0.198 0.261 0.137 0.160 0.064 0.018 0.004 0.003 0.000 0.003 0.029 0.082 0.013 0.052 0.001 0.001 0.712 
384 0.103 0.165 0.214 0.183 0.161 0.203 0.234 0.139 0.156 0.066 0.018 0.004 0.003 0.000 0.003 0.028 0.078 0.013 0.049 0.001 0.001 0.722 
385 0.104 0.163 0.222 0.188 0.167 0.197 0.246 0.135 0.146 0.066 0.018 0.004 0.001 0.000 0.005 0.027 0.080 0.015 0.053 0.001 0.001 0.713 
386 0.103 0.160 0.219 0.177 0.166 0.195 0.245 0.130 0.148 0.065 0.017 0.005 0.001 0.000 0.005 0.024 0.085 0.017 0.048 0.001 0.001 0.726 
387 0.105 0.155 0.218 0.169 0.172 0.195 0.250 0.130 0.143 0.064 0.015 0.005 0.002 0.000 0.003 0.023 0.086 0.016 0.048 0.001 0.001 0.706 
388 0.099 0.159 0.213 0.167 0.171 0.196 0.255 0.139 0.140 0.059 0.015 0.005 0.002 0.000 0.003 0.022 0.091 0.016 0.049 0.001 0.001 0.737 
389 0.094 0.162 0.217 0.168 0.171 0.187 0.251 0.135 0.141 0.058 0.015 0.007 0.002 0.000 0.004 0.026 0.090 0.016 0.051 0.001 0.001 0.740 
390 0.088 0.165 0.214 0.160 0.169 0.182 0.252 0.139 0.128 0.067 0.015 0.006 0.002 0.000 0.004 0.023 0.090 0.013 0.049 0.004 0.001 0.728 
391 0.087 0.167 0.210 0.162 0.172 0.183 0.259 0.134 0.130 0.067 0.017 0.006 0.002 0.000 0.004 0.026 0.101 0.016 0.048 0.004 0.000 0.723 
392 0.085 0.161 0.202 0.157 0.178 0.192 0.256 0.141 0.131 0.053 0.024 0.006 0.002 0.000 0.004 0.027 0.093 0.011 0.047 0.002 0.000 0.730 
393 0.086 0.163 0.209 0.152 0.180 0.185 0.258 0.143 0.121 0.048 0.025 0.004 0.002 0.000 0.004 0.029 0.094 0.011 0.048 0.002 0.000 0.696 
394 0.077 0.168 0.226 0.151 0.180 0.184 0.260 0.147 0.112 0.047 0.024 0.005 0.002 0.000 0.005 0.031 0.093 0.007 0.053 0.001 0.000 0.678 
395 0.076 0.167 0.229 0.138 0.183 0.204 0.233 0.143 0.112 0.047 0.021 0.006 0.002 0.000 0.005 0.031 0.089 0.007 0.052 0.002 0.000 0.662 
396 0.073 0.162 0.222 0.142 0.187 0.204 0.233 0.143 0.109 0.043 0.020 0.008 0.002 0.000 0.003 0.030 0.090 0.009 0.057 0.002 0.000 0.651 
397 0.073 0.163 0.234 0.155 0.185 0.206 0.238 0.148 0.115 0.043 0.015 0.008 0.002 0.000 0.003 0.033 0.085 0.010 0.058 0.002 0.000 0.638 
398 0.069 0.158 0.227 0.154 0.175 0.213 0.234 0.142 0.119 0.041 0.015 0.008 0.002 0.000 0.003 0.032 0.088 0.008 0.055 0.002 0.000 0.645 
399 0.069 0.154 0.228 0.152 0.170 0.227 0.233 0.142 0.138 0.043 0.013 0.008 0.002 0.000 0.004 0.034 0.084 0.005 0.053 0.002 0.000 0.662 
400 0.062 0.157 0.223 0.147 0.166 0.226 0.242 0.140 0.132 0.053 0.013 0.009 0.001 0.000 0.002 0.037 0.078 0.005 0.053 0.001 0.000 0.698 
401 0.066 0.146 0.225 0.158 0.160 0.220 0.238 0.142 0.136 0.047 0.015 0.009 0.000 0.000 0.002 0.039 0.079 0.005 0.059 0.001 0.000 0.708 
402 0.065 0.144 0.219 0.157 0.166 0.229 0.266 0.147 0.133 0.055 0.013 0.009 0.000 0.000 0.002 0.035 0.076 0.007 0.056 0.000 0.000 0.707 
403 0.068 0.153 0.216 0.167 0.170 0.226 0.242 0.159 0.132 0.056 0.013 0.010 0.000 0.000 0.002 0.036 0.076 0.005 0.058 0.000 0.000 0.736 
404 0.072 0.153 0.212 0.162 0.168 0.224 0.237 0.158 0.134 0.051 0.017 0.009 0.000 0.000 0.002 0.037 0.071 0.017 0.053 0.000 0.000 0.730 
405 0.073 0.168 0.213 0.158 0.182 0.221 0.228 0.167 0.133 0.051 0.015 0.010 0.000 0.000 0.002 0.040 0.069 0.017 0.055 0.000 0.000 0.718 
406 0.070 0.168 0.210 0.160 0.180 0.216 0.235 0.165 0.140 0.051 0.013 0.010 0.000 0.000 0.002 0.040 0.071 0.016 0.049 0.000 0.000 0.710 
407 0.065 0.169 0.210 0.172 0.184 0.210 0.236 0.174 0.133 0.051 0.010 0.010 0.000 0.000 0.002 0.039 0.080 0.016 0.055 0.000 0.000 0.704 
408 0.068 0.162 0.212 0.171 0.186 0.211 0.231 0.172 0.136 0.047 0.012 0.009 0.000 0.000 0.002 0.034 0.086 0.017 0.064 0.000 0.000 0.704 
409 0.072 0.155 0.213 0.172 0.185 0.205 0.224 0.168 0.137 0.047 0.014 0.010 0.000 0.000 0.002 0.037 0.091 0.014 0.064 0.000 0.000 0.712 
410 0.070 0.158 0.214 0.165 0.186 0.216 0.210 0.163 0.132 0.048 0.014 0.013 0.000 0.000 0.002 0.037 0.076 0.014 0.065 0.002 0.000 0.709 
411 0.072 0.161 0.214 0.175 0.182 0.220 0.208 0.168 0.125 0.045 0.010 0.013 0.000 0.000 0.006 0.036 0.086 0.020 0.053 0.004 0.000 0.718 
412 0.074 0.161 0.208 0.173 0.187 0.225 0.206 0.177 0.124 0.046 0.010 0.010 0.000 0.000 0.006 0.035 0.082 0.021 0.044 0.008 0.000 0.731 
413 0.074 0.164 0.209 0.180 0.188 0.223 0.206 0.170 0.135 0.050 0.011 0.010 0.000 0.000 0.006 0.035 0.080 0.023 0.040 0.008 0.000 0.713 
414 0.072 0.165 0.211 0.181 0.181 0.227 0.207 0.172 0.132 0.048 0.007 0.010 0.000 0.000 0.004 0.036 0.083 0.021 0.045 0.005 0.000 0.712 
415 0.073 0.167 0.213 0.176 0.181 0.223 0.248 0.158 0.125 0.040 0.007 0.012 0.000 0.000 0.003 0.036 0.099 0.024 0.048 0.005 0.000 0.706 
416 0.076 0.169 0.209 0.174 0.187 0.229 0.254 0.146 0.127 0.039 0.012 0.011 0.000 0.000 0.002 0.040 0.088 0.020 0.064 0.005 0.000 0.697 
417 0.083 0.164 0.217 0.188 0.181 0.209 0.295 0.141 0.126 0.040 0.009 0.013 0.000 0.000 0.002 0.043 0.088 0.022 0.063 0.005 0.000 0.682 
418 0.092 0.156 0.222 0.195 0.176 0.211 0.293 0.141 0.123 0.037 0.012 0.010 0.000 0.000 0.001 0.045 0.085 0.019 0.057 0.005 0.000 0.663 
419 0.090 0.144 0.216 0.195 0.169 0.218 0.306 0.147 0.125 0.038 0.012 0.010 0.000 0.000 0.001 0.045 0.087 0.014 0.056 0.004 0.000 0.687 
420 0.091 0.149 0.220 0.188 0.171 0.225 0.295 0.153 0.124 0.040 0.015 0.011 0.000 0.000 0.001 0.044 0.083 0.015 0.063 0.003 0.000 0.685 
421 0.093 0.146 0.218 0.187 0.172 0.216 0.320 0.147 0.124 0.037 0.012 0.011 0.000 0.000 0.001 0.046 0.082 0.015 0.049 0.002 0.000 0.710 
422 0.095 0.145 0.218 0.172 0.171 0.223 0.337 0.141 0.132 0.034 0.014 0.011 0.000 0.000 0.001 0.046 0.082 0.012 0.044 0.001 0.000 0.704 
423 0.094 0.145 0.206 0.175 0.179 0.223 0.336 0.135 0.130 0.033 0.014 0.011 0.000 0.000 0.001 0.044 0.080 0.011 0.044 0.001 0.000 0.703 
424 0.096 0.146 0.214 0.170 0.182 0.210 0.327 0.134 0.132 0.039 0.011 0.010 0.000 0.000 0.000 0.041 0.077 0.012 0.042 0.001 0.000 0.706 
425 0.099 0.146 0.214 0.177 0.168 0.214 0.316 0.128 0.146 0.038 0.011 0.009 0.000 0.000 0.000 0.041 0.076 0.014 0.040 0.001 0.000 0.689 
426 0.099 0.143 0.213 0.196 0.159 0.210 0.316 0.132 0.144 0.038 0.011 0.009 0.000 0.000 0.000 0.035 0.070 0.014 0.042 0.002 0.000 0.687 
427 0.095 0.147 0.213 0.194 0.165 0.214 0.325 0.132 0.134 0.036 0.010 0.010 0.000 0.000 0.000 0.037 0.068 0.014 0.045 0.002 0.000 0.689 
428 0.097 0.146 0.206 0.204 0.168 0.205 0.316 0.132 0.136 0.031 0.011 0.008 0.000 0.000 0.000 0.034 0.067 0.014 0.037 0.003 0.000 0.694 
429 0.098 0.140 0.209 0.200 0.161 0.209 0.334 0.132 0.141 0.031 0.011 0.008 0.000 0.000 0.000 0.033 0.071 0.016 0.036 0.002 0.000 0.681 
430 0.105 0.133 0.206 0.187 0.171 0.199 0.333 0.136 0.138 0.031 0.009 0.008 0.000 0.000 0.000 0.037 0.076 0.018 0.038 0.002 0.000 0.682 
431 0.105 0.135 0.211 0.188 0.172 0.186 0.336 0.150 0.136 0.027 0.008 0.009 0.000 0.000 0.000 0.037 0.080 0.018 0.035 0.002 0.000 0.688 
432 0.106 0.139 0.212 0.189 0.171 0.186 0.349 0.153 0.124 0.031 0.009 0.010 0.001 0.000 0.000 0.038 0.079 0.013 0.038 0.002 0.000 0.694 
433 0.109 0.145 0.222 0.184 0.170 0.184 0.359 0.151 0.126 0.029 0.007 0.012 0.001 0.000 0.002 0.037 0.080 0.011 0.034 0.002 0.000 0.663 
434 0.106 0.145 0.226 0.189 0.172 0.179 0.354 0.148 0.122 0.031 0.007 0.012 0.001 0.000 0.002 0.037 0.076 0.011 0.032 0.002 0.000 0.670 
435 0.102 0.134 0.237 0.192 0.174 0.180 0.349 0.139 0.120 0.036 0.007 0.012 0.001 0.000 0.002 0.037 0.086 0.011 0.027 0.002 0.000 0.654 
436 0.101 0.132 0.236 0.192 0.168 0.185 0.346 0.138 0.129 0.043 0.007 0.013 0.001 0.000 0.003 0.038 0.091 0.011 0.030 0.005 0.000 0.669 
437 0.096 0.138 0.239 0.187 0.171 0.196 0.351 0.136 0.127 0.046 0.007 0.014 0.000 0.000 0.002 0.037 0.090 0.011 0.027 0.005 0.000 0.691 
438 0.093 0.137 0.237 0.186 0.170 0.194 0.341 0.133 0.115 0.050 0.005 0.016 0.000 0.000 0.002 0.037 0.088 0.009 0.027 0.005 0.000 0.695 
439 0.096 0.133 0.231 0.185 0.174 0.194 0.342 0.131 0.118 0.052 0.002 0.018 0.000 0.000 0.002 0.040 0.094 0.010 0.027 0.005 0.000 0.675 
440 0.093 0.133 0.237 0.167 0.173 0.193 0.337 0.128 0.116 0.046 0.005 0.018 0.000 0.000 0.002 0.037 0.096 0.010 0.027 0.002 0.000 0.683 
441 0.089 0.125 0.241 0.177 0.171 0.192 0.340 0.125 0.118 0.046 0.008 0.020 0.000 0.000 0.003 0.038 0.101 0.010 0.027 0.002 0.000 0.706 
442 0.096 0.118 0.237 0.178 0.180 0.193 0.342 0.128 0.114 0.040 0.014 0.021 0.000 0.000 0.004 0.037 0.101 0.017 0.024 0.003 0.000 0.713 
443 0.097 0.128 0.233 0.168 0.181 0.185 0.338 0.119 0.128 0.040 0.012 0.019 0.000 0.000 0.004 0.038 0.098 0.017 0.022 0.001 0.000 0.702 
444 0.098 0.125 0.234 0.167 0.178 0.213 0.341 0.119 0.127 0.043 0.011 0.019 0.000 0.000 0.004 0.037 0.097 0.016 0.028 0.001 0.000 0.688 
445 0.094 0.121 0.238 0.172 0.175 0.205 0.345 0.115 0.130 0.050 0.011 0.019 0.000 0.000 0.002 0.035 0.092 0.014 0.028 0.001 0.000 0.676 
446 0.091 0.126 0.240 0.167 0.171 0.212 0.343 0.116 0.123 0.047 0.012 0.021 0.000 0.000 0.002 0.035 0.093 0.014 0.028 0.001 0.000 0.687 
447 0.086 0.129 0.236 0.164 0.166 0.215 0.322 0.126 0.124 0.046 0.010 0.021 0.000 0.000 0.003 0.033 0.099 0.012 0.022 0.001 0.000 0.698 
448 0.087 0.130 0.235 0.163 0.168 0.222 0.303 0.130 0.117 0.045 0.010 0.020 0.000 0.000 0.003 0.033 0.099 0.012 0.022 0.001 0.000 0.713 
449 0.089 0.134 0.233 0.162 0.166 0.222 0.308 0.127 0.113 0.047 0.010 0.021 0.000 0.000 0.003 0.033 0.095 0.013 0.022 0.001 0.000 0.720 
450 0.087 0.130 0.240 0.159 0.168 0.212 0.300 0.137 0.118 0.046 0.010 0.018 0.000 0.000 0.008 0.038 0.095 0.011 0.021 0.001 0.000 0.710 
451 0.093 0.130 0.235 0.167 0.166 0.221 0.288 0.143 0.108 0.043 0.008 0.016 0.002 0.000 0.008 0.040 0.094 0.016 0.017 0.004 0.000 0.694 
452 0.092 0.126 0.241 0.172 0.153 0.231 0.290 0.146 0.116 0.043 0.008 0.015 0.002 0.000 0.008 0.033 0.096 0.016 0.020 0.004 0.000 0.689 
453 0.092 0.125 0.231 0.183 0.155 0.230 0.296 0.148 0.113 0.043 0.005 0.015 0.004 0.000 0.006 0.032 0.082 0.018 0.017 0.005 0.000 0.690 
454 0.094 0.125 0.229 0.194 0.154 0.221 0.294 0.139 0.119 0.052 0.007 0.015 0.004 0.000 0.006 0.031 0.085 0.020 0.020 0.005 0.000 0.695 
455 0.093 0.119 0.227 0.190 0.165 0.213 0.284 0.151 0.122 0.051 0.007 0.015 0.004 0.000 0.006 0.032 0.089 0.015 0.025 0.005 0.000 0.686 
456 0.088 0.124 0.220 0.206 0.155 0.210 0.277 0.145 0.139 0.056 0.005 0.015 0.004 0.000 0.005 0.030 0.091 0.019 0.022 0.004 0.000 0.696 
457 0.090 0.128 0.222 0.204 0.146 0.212 0.282 0.141 0.140 0.053 0.006 0.014 0.004 0.000 0.005 0.031 0.086 0.018 0.024 0.004 0.000 0.704 
458 0.086 0.122 0.219 0.200 0.151 0.217 0.288 0.143 0.132 0.052 0.005 0.014 0.002 0.000 0.005 0.033 0.086 0.018 0.025 0.004 0.000 0.723 
459 0.088 0.114 0.218 0.194 0.148 0.228 0.273 0.135 0.126 0.054 0.005 0.014 0.002 0.000 0.005 0.032 0.091 0.018 0.029 0.006 0.000 0.730 
460 0.090 0.109 0.216 0.193 0.148 0.244 0.281 0.140 0.124 0.056 0.000 0.014 0.002 0.000 0.006 0.031 0.092 0.018 0.030 0.006 0.000 0.704 
461 0.090 0.123 0.218 0.186 0.152 0.247 0.288 0.141 0.129 0.060 0.005 0.013 0.002 0.000 0.006 0.029 0.086 0.017 0.036 0.006 0.000 0.708 
462 0.089 0.122 0.214 0.186 0.150 0.230 0.299 0.145 0.115 0.057 0.007 0.013 0.003 0.000 0.006 0.032 0.079 0.019 0.038 0.006 0.000 0.712 
463 0.086 0.126 0.217 0.182 0.146 0.223 0.302 0.138 0.122 0.061 0.007 0.015 0.003 0.000 0.004 0.029 0.078 0.019 0.044 0.006 0.000 0.710 
464 0.087 0.126 0.217 0.181 0.147 0.230 0.291 0.139 0.132 0.053 0.007 0.015 0.003 0.000 0.005 0.029 0.076 0.019 0.044 0.006 0.000 0.739 
465 0.090 0.128 0.214 0.189 0.144 0.229 0.290 0.150 0.130 0.069 0.007 0.015 0.005 0.000 0.004 0.029 0.074 0.020 0.039 0.007 0.000 0.745 
466 0.095 0.134 0.206 0.195 0.148 0.233 0.279 0.166 0.128 0.065 0.009 0.014 0.006 0.000 0.004 0.026 0.069 0.017 0.036 0.006 0.000 0.726 
467 0.096 0.131 0.204 0.198 0.136 0.232 0.260 0.178 0.129 0.059 0.010 0.014 0.006 0.000 0.005 0.029 0.069 0.017 0.035 0.008 0.000 0.719 
468 0.099 0.126 0.206 0.196 0.135 0.226 0.255 0.179 0.131 0.061 0.010 0.011 0.004 0.000 0.008 0.026 0.070 0.017 0.019 0.009 0.000 0.712 
469 0.104 0.119 0.210 0.194 0.150 0.208 0.253 0.174 0.128 0.064 0.010 0.012 0.004 0.000 0.008 0.023 0.073 0.018 0.019 0.009 0.000 0.715 
470 0.110 0.116 0.209 0.196 0.145 0.216 0.253 0.167 0.132 0.062 0.010 0.011 0.004 0.000 0.008 0.021 0.073 0.018 0.021 0.009 0.000 0.720 
471 0.108 0.122 0.213 0.191 0.144 0.215 0.259 0.163 0.122 0.074 0.010 0.012 0.004 0.000 0.008 0.020 0.078 0.018 0.018 0.009 0.000 0.703 
472 0.107 0.119 0.213 0.188 0.160 0.213 0.250 0.154 0.132 0.074 0.010 0.012 0.004 0.000 0.008 0.021 0.083 0.018 0.020 0.009 0.000 0.676 
473 0.103 0.117 0.212 0.187 0.172 0.199 0.245 0.147 0.130 0.074 0.010 0.013 0.004 0.000 0.008 0.019 0.080 0.016 0.019 0.010 0.000 0.674 
474 0.103 0.123 0.213 0.181 0.178 0.198 0.251 0.146 0.130 0.069 0.017 0.012 0.004 0.000 0.009 0.020 0.076 0.016 0.028 0.009 0.000 0.671 
475 0.097 0.127 0.223 0.182 0.177 0.200 0.251 0.136 0.136 0.074 0.016 0.012 0.004 0.000 0.008 0.022 0.082 0.017 0.028 0.009 0.000 0.679 
476 0.098 0.125 0.220 0.183 0.172 0.207 0.238 0.136 0.142 0.077 0.015 0.012 0.003 0.002 0.008 0.021 0.080 0.015 0.029 0.010 0.001 0.686 
477 0.096 0.123 0.217 0.189 0.172 0.208 0.231 0.129 0.169 0.076 0.013 0.015 0.001 0.002 0.008 0.023 0.082 0.015 0.028 0.010 0.001 0.682 
478 0.101 0.133 0.213 0.178 0.177 0.213 0.230 0.130 0.159 0.073 0.014 0.015 0.001 0.002 0.006 0.026 0.074 0.015 0.024 0.010 0.001 0.700 
479 0.091 0.132 0.211 0.179 0.192 0.204 0.230 0.127 0.153 0.070 0.016 0.016 0.001 0.002 0.006 0.017 0.074 0.012 0.025 0.010 0.001 0.712 
480 0.089 0.130 0.209 0.191 0.188 0.205 0.232 0.123 0.169 0.069 0.018 0.015 0.005 0.002 0.005 0.018 0.070 0.012 0.030 0.010 0.001 0.703 
481 0.089 0.139 0.196 0.212 0.182 0.208 0.236 0.130 0.172 0.071 0.018 0.016 0.004 0.002 0.006 0.014 0.066 0.014 0.037 0.011 0.001 0.700 
482 0.087 0.139 0.199 0.215 0.184 0.203 0.244 0.127 0.172 0.075 0.018 0.016 0.003 0.002 0.006 0.016 0.062 0.014 0.033 0.012 0.001 0.695 
483 0.090 0.130 0.199 0.219 0.176 0.205 0.247 0.130 0.161 0.094 0.017 0.018 0.001 0.002 0.005 0.017 0.060 0.013 0.036 0.010 0.001 0.684 
484 0.092 0.125 0.202 0.222 0.184 0.203 0.259 0.141 0.155 0.093 0.017 0.018 0.001 0.002 0.006 0.016 0.066 0.018 0.040 0.010 0.001 0.685 
485 0.095 0.127 0.198 0.220 0.193 0.198 0.255 0.137 0.155 0.091 0.017 0.016 0.001 0.002 0.006 0.016 0.062 0.013 0.041 0.010 0.001 0.681 
486 0.092 0.118 0.201 0.214 0.199 0.196 0.248 0.136 0.149 0.085 0.020 0.011 0.006 0.002 0.005 0.017 0.052 0.019 0.036 0.009 0.000 0.701 
487 0.101 0.116 0.188 0.218 0.199 0.211 0.225 0.138 0.142 0.090 0.027 0.011 0.006 0.000 0.005 0.016 0.064 0.018 0.030 0.008 0.000 0.714 
488 0.102 0.119 0.187 0.232 0.196 0.210 0.216 0.134 0.140 0.093 0.025 0.012 0.006 0.000 0.005 0.014 0.065 0.018 0.030 0.008 0.000 0.726 
489 0.098 0.117 0.175 0.229 0.202 0.219 0.200 0.136 0.136 0.100 0.019 0.013 0.006 0.000 0.005 0.011 0.062 0.016 0.034 0.008 0.000 0.719 
490 0.093 0.129 0.187 0.228 0.201 0.216 0.185 0.138 0.137 0.099 0.022 0.013 0.005 0.000 0.005 0.011 0.061 0.020 0.033 0.008 0.000 0.696 
491 0.091 0.129 0.193 0.228 0.199 0.214 0.186 0.139 0.135 0.099 0.021 0.013 0.005 0.000 0.006 0.009 0.062 0.017 0.034 0.008 0.000 0.706 
492 0.090 0.126 0.195 0.221 0.191 0.210 0.187 0.145 0.130 0.103 0.022 0.015 0.005 0.000 0.005 0.009 0.062 0.016 0.035 0.008 0.000 0.710 
493 0.086 0.132 0.194 0.213 0.191 0.209 0.185 0.145 0.128 0.100 0.021 0.015 0.004 0.000 0.007 0.012 0.062 0.015 0.035 0.007 0.000 0.714 
494 0.092 0.133 0.191 0.217 0.194 0.212 0.186 0.146 0.113 0.101 0.021 0.015 0.002 0.000 0.009 0.013 0.066 0.015 0.035 0.007 0.000 0.723 
495 0.084 0.135 0.178 0.202 0.207 0.213 0.187 0.134 0.109 0.108 0.020 0.014 0.002 0.000 0.009 0.013 0.075 0.013 0.035 0.007 0.000 0.715 
496 0.079 0.130 0.184 0.200 0.204 0.203 0.194 0.130 0.110 0.111 0.020 0.014 0.002 0.000 0.008 0.014 0.070 0.013 0.036 0.007 0.000 0.722 
497 0.080 0.124 0.177 0.196 0.214 0.198 0.220 0.131 0.118 0.105 0.018 0.014 0.002 0.000 0.008 0.012 0.072 0.013 0.040 0.008 0.000 0.707 
498 0.082 0.120 0.171 0.200 0.213 0.200 0.219 0.123 0.130 0.100 0.018 0.014 0.002 0.000 0.008 0.012 0.073 0.011 0.045 0.007 0.000 0.697 
499 0.084 0.113 0.176 0.202 0.207 0.210 0.225 0.124 0.136 0.099 0.020 0.014 0.003 0.000 0.008 0.012 0.073 0.012 0.044 0.008 0.000 0.690 