0 355 447 42 140 194 2 42 418 190 229 377 348 635 595 39 194 234 674 111 214 2282 526 
1 358 446 44 144 195 2 42 429 215 229 378 343 642 592 41 195 231 661 113 246 2272 515 
2 335 469 43 147 201 2 43 433 203 230 389 346 649 575 54 203 234 634 123 265 2289 521 
3 324 464 43 149 190 2 44 426 201 227 396 342 652 556 80 195 243 621 123 297 2289 526 
4 331 470 44 155 190 2 48 418 194 250 355 374 646 559 99 196 281 569 131 303 2328 529 
5 337 457 43 155 194 2 49 415 190 249 349 389 668 540 102 200 331 504 145 308 2362 538 
6 337 456 42 157 205 2 52 418 185 227 382 384 688 514 103 195 347 500 154 315 2357 554 
7 343 459 62 157 189 17 49 432 186 230 389 358 708 485 140 193 369 471 152 339 2366 531 
8 346 475 63 160 192 18 50 431 182 239 400 365 759 438 143 198 393 449 158 367 2341 539 
9 355 473 66 164 187 20 52 438 182 241 382 374 765 443 140 197 399 443 165 419 2325 528 
10 396 439 69 164 188 20 52 443 182 239 394 377 766 451 136 199 412 441 163 460 2275 518 
11 366 475 79 175 189 20 48 453 187 237 384 386 763 450 159 197 410 434 170 459 2324 501 
12 363 494 82 179 183 22 43 450 170 262 329 437 774 463 168 200 412 420 178 466 2321 506 
13 368 492 80 176 186 22 39 451 166 262 329 411 764 458 196 200 420 408 185 473 2351 500 
14 409 447 86 178 188 22 38 455 172 263 332 416 782 462 209 208 420 402 188 473 2369 489 
15 428 441 85 171 193 22 40 461 172 266 334 424 788 468 205 201 424 420 185 483 2357 483 
16 430 435 108 175 199 21 41 473 170 271 329 430 821 456 212 202 423 417 183 491 2383 449 
17 422 429 109 182 198 19 44 482 173 266 334 427 812 458 221 203 426 414 189 542 2286 461 
18 426 433 112 182 197 20 47 484 159 266 366 426 823 466 248 180 423 420 181 675 2125 471 
19 436 431 116 181 198 20 51 487 154 271 371 421 836 467 241 182 405 444 186 706 2100 474 
20 438 439 115 184 204 21 50 482 164 277 375 423 805 482 250 182 407 459 187 720 2117 494 
21 438 433 110 210 187 21 53 486 146 303 375 418 818 487 244 180 357 461 220 758 2108 494 
22 448 431 111 208 187 20 54 503 130 304 377 413 820 496 247 181 368 456 224 798 2083 506 
23 465 419 108 203 193 20 54 507 130 313 377 428 828 493 244 180 377 460 222 841 2071 521 
24 470 418 113 205 194 19 54 504 128 311 380 455 833 475 233 182 376 457 222 842 2111 521 
25 478 424 144 207 197 20 56 508 128 313 385 459 892 411 236 180 384 453 225 860 2127 497 
26 517 405 145 212 198 21 56 515 127 307 394 459 887 402 238 173 387 441 224 918 2107 513 
27 516 415 144 224 200 22 60 529 128 314 397 462 866 410 256 166 400 440 219 970 2085 527 
28 522 414 148 228 203 18 59 523 131 265 430 465 855 444 238 164 400 437 216 970 2104 515 
29 531 420 163 230 210 17 97 502 133 253 422 457 836 447 241 160 386 380 285 981 2093 483 
30 544 430 172 235 216 15 99 483 130 256 395 479 778 468 273 159 395 388 275 963 2143 472 
31 556 436 170 240 220 15 121 450 136 252 353 512 795 473 275 160 405 409 268 918 2197 482 
32 568 443 170 242 223 15 156 416 133 255 363 534 804 476 274 156 404 417 266 894 2225 491 
33 569 447 170 264 206 15 169 394 118 277 371 533 833 485 254 174 379 408 284 859 2299 508 
34 568 453 167 266 205 15 170 400 122 285 379 533 813 500 245 192 376 405 270 871 2328 503 
35 565 460 167 266 210 15 165 405 127 279 371 557 824 464 281 197 366 408 264 817 2392 508 
36 572 467 163 256 214 26 150 431 125 320 346 561 831 452 285 201 355 409 265 844 2328 488 
37 584 473 173 258 220 26 151 431 124 328 340 567 831 451 284 205 348 434 257 942 2172 489 
38 596 478 175 261 223 26 159 423 124 340 339 567 850 445 291 207 347 451 258 987 2104 483 
39 619 447 186 265 224 28 159 431 156 300 350 573 875 422 289 210 357 449 244 986 2142 484 
40 611 462 187 268 236 29 163 425 157 296 346 584 893 427 292 209 371 438 237 947 2202 493 
41 608 462 179 270 242 29 161 449 135 299 349 581 895 435 302 209 380 433 226 936 2208 488 
42 620 472 183 271 243 28 166 464 134 294 363 554 884 447 325 213 416 398 228 906 2241 495 
43 632 459 186 272 249 26 176 463 129 285 371 550 868 458 337 207 402 412 231 913 2266 492 
44 649 436 183 285 248 24 172 472 131 281 375 557 865 469 331 208 410 409 234 883 2324 510 
45 657 422 185 250 279 24 140 518 137 281 380 564 815 518 338 208 410 417 238 862 2314 530 
46 652 424 184 242 288 24 144 537 141 283 384 567 807 519 334 217 413 420 248 849 2307 537 
47 645 454 181 245 287 27 144 517 144 289 386 572 772 532 332 227 415 426 251 820 2346 544 
48 660 465 184 237 289 43 187 510 123 284 389 584 796 536 327 227 421 442 256 815 2368 526 
49 673 462 187 231 295 76 165 477 121 270 385 586 823 534 335 221 463 430 255 822 2392 487 
50 677 467 195 240 302 134 165 464 124 269 416 561 868 483 343 223 445 422 246 925 2245 430 
51 690 452 166 242 307 171 165 466 122 274 401 576 878 477 351 213 451 427 238 958 2183 414 
52 690 461 166 243 311 179 159 468 127 283 390 576 884 463 356 216 445 443 232 1009 2078 413 
53 669 481 169 252 322 191 161 459 130 300 385 577 902 451 352 209 431 447 238 975 2131 419 
54 638 493 181 256 324 189 164 460 132 300 387 568 923 420 384 213 431 455 234 962 2138 420 
55 663 460 189 254 330 194 165 464 137 312 371 574 923 423 396 216 450 439 224 954 2154 425 
56 657 452 190 259 335 193 162 458 137 314 367 575 862 451 415 215 456 425 224 988 2140 427 
57 614 482 194 259 340 202 160 469 134 315 362 585 858 463 418 221 441 426 223 1036 2102 429 
58 610 486 201 261 341 200 165 469 145 311 366 563 858 476 451 224 441 418 220 1029 2130 440 
59 611 494 200 261 344 228 163 475 150 309 378 568 845 472 457 221 443 390 236 973 2200 412 
60 616 498 195 254 349 234 162 480 151 320 375 569 827 472 460 222 402 432 238 939 2231 417 
61 631 470 193 257 355 245 162 484 151 309 389 580 819 464 460 223 407 447 236 803 2380 412 
62 716 390 191 264 360 253 161 488 155 255 437 591 795 498 460 226 407 451 246 788 2332 407 
63 698 423 174 269 360 265 151 533 128 269 398 602 810 485 463 223 402 445 265 829 2305 404 
64 646 479 213 273 355 249 158 519 128 273 400 612 851 466 464 224 417 428 291 829 2252 393 
65 636 467 216 267 366 248 157 523 127 283 320 706 847 453 482 228 405 392 333 830 2203 397 
66 617 471 214 270 366 257 154 501 133 293 325 692 851 441 501 229 401 404 328 839 2150 404 
67 603 461 217 271 365 257 154 497 149 265 341 696 859 438 497 237 378 410 343 907 2025 411 
68 637 442 222 297 331 259 157 466 153 269 375 678 862 442 504 234 381 406 345 911 2018 415 
69 641 430 224 300 336 263 157 472 150 284 356 711 871 450 511 241 395 409 344 872 2088 410 
70 667 407 231 282 370 267 160 478 150 288 384 654 882 464 541 245 425 413 322 823 2124 415 
71 698 407 236 279 375 266 166 492 155 295 384 648 915 473 521 250 428 405 315 838 2122 416 
72 687 404 247 279 385 266 160 515 154 293 386 652 862 490 544 262 391 428 305 823 2177 426 
73 690 409 257 283 399 254 148 520 142 300 384 637 865 502 546 273 397 432 301 801 2192 434 
74 682 433 286 256 427 253 140 515 161 299 406 632 853 500 531 279 388 454 286 744 2250 410 
75 677 449 288 249 443 252 139 531 152 301 362 632 782 517 627 277 384 457 275 751 2270 421 
76 634 485 298 250 446 260 142 534 147 309 358 633 802 507 631 282 393 439 257 780 2259 427 
77 649 484 301 243 448 264 142 526 148 311 355 632 838 492 654 272 371 476 229 786 2286 429 
78 651 472 321 247 457 248 144 515 150 308 363 634 868 461 670 245 380 475 226 812 2300 441 
79 593 514 317 248 463 251 144 494 163 313 369 622 877 454 675 241 384 479 232 818 2304 454 
80 649 466 314 249 473 249 150 497 161 319 367 606 891 455 665 248 390 479 231 833 2308 468 
81 662 461 318 250 477 254 160 490 163 309 390 580 903 443 684 253 398 472 232 830 2310 473 
82 678 437 317 260 478 260 161 462 151 318 392 586 893 470 662 250 430 472 234 844 2331 469 
83 692 413 336 260 485 270 155 467 146 307 406 580 875 492 649 253 422 445 251 883 2341 456 
84 674 419 335 266 489 289 143 478 149 298 384 575 847 508 698 248 413 448 248 867 2357 460 
85 647 442 340 264 500 296 141 491 140 294 391 587 791 544 703 245 411 446 250 839 2392 464 
86 624 469 347 258 499 304 138 500 137 298 366 586 775 534 751 251 410 440 250 838 2402 466 
87 622 470 348 270 492 313 137 507 134 296 363 589 788 508 767 253 411 428 256 889 2307 469 
88 610 468 362 268 493 315 137 509 133 245 411 577 795 517 776 265 395 443 258 983 2181 483 
89 617 473 372 297 467 327 133 515 139 267 393 584 817 500 789 278 400 424 260 1112 2014 472 
90 634 474 386 300 462 333 126 524 140 263 404 586 823 493 802 295 384 420 256 1062 2042 480 
91 643 484 386 291 464 336 125 539 144 267 402 599 824 482 799 283 360 379 285 1050 2059 489 
92 647 487 379 271 492 356 142 485 159 276 403 577 857 460 812 295 388 381 279 1052 2062 487 
93 659 480 390 268 504 355 148 469 155 280 402 578 864 451 819 305 401 386 264 1052 2108 492 
94 685 454 389 259 512 356 154 474 156 278 402 594 848 467 833 308 412 386 269 1026 2142 505 
95 669 446 393 255 525 358 158 480 157 277 412 606 852 474 839 311 422 423 242 1026 2165 519 
96 648 438 427 239 559 331 152 497 158 266 415 606 897 471 805 327 413 407 268 1018 2185 535 
97 645 437 437 249 551 373 155 506 147 272 415 615 869 459 819 334 418 406 274 1026 2165 505 
98 661 419 461 276 518 368 152 518 144 271 439 599 870 451 843 334 427 411 273 1000 2194 487 
99 681 409 469 283 512 368 132 548 144 266 426 613 817 458 877 341 416 408 251 1011 2200 474 
100 563 522 454 280 506 398 130 551 142 266 438 590 811 444 897 342 426 411 241 1014 2224 462 
101 586 514 456 269 509 407 136 545 147 262 452 585 799 436 911 337 428 414 231 1014 2250 470 
102 571 519 470 286 479 414 152 515 141 270 420 605 793 446 895 344 431 396 248 957 2302 485 
103 580 498 496 247 481 421 150 512 140 262 429 630 792 462 892 359 424 416 258 899 2374 500 
104 600 466 505 242 483 433 153 511 142 271 439 652 797 468 846 360 414 422 254 913 2386 515 
105 616 456 504 244 481 456 157 465 147 274 473 651 791 467 826 352 462 421 246 933 2341 522 
106 644 438 514 251 480 466 158 475 142 280 464 682 795 474 802 351 468 417 244 947 2274 538 
107 666 414 538 258 482 463 158 482 142 283 458 694 785 468 806 356 472 415 241 980 2198 542 
108 669 416 570 256 487 500 161 489 138 284 469 705 774 469 799 358 465 426 241 963 2172 489 
109 672 422 619 259 493 511 157 492 140 283 459 726 800 445 808 364 460 427 239 1000 2109 445 
110 684 428 650 263 507 520 158 540 132 286 446 713 797 448 847 366 450 431 224 1010 2099 427 
111 656 450 666 295 486 530 153 553 130 295 444 714 795 450 873 366 417 455 228 957 2120 445 
112 605 493 667 302 482 542 150 539 113 319 453 710 792 451 861 386 426 428 251 915 2178 449 
113 605 488 679 291 482 552 151 534 138 324 453 712 851 458 800 394 430 400 267 900 2203 456 
114 629 471 694 294 477 554 154 494 169 327 446 718 862 451 814 392 422 411 251 870 2213 459 
115 644 446 779 258 520 505 152 500 172 324 401 758 881 454 837 374 406 410 256 920 2205 444 
116 687 395 767 258 509 554 149 528 157 317 421 757 880 450 861 387 381 408 249 899 2248 450 
117 659 424 775 259 504 562 142 516 152 304 415 763 916 436 862 390 383 419 229 884 2267 462 
118 614 467 793 261 507 571 141 489 144 270 444 782 901 429 878 370 413 431 208 879 2285 475 
119 622 478 809 261 509 578 135 485 140 276 448 784 879 455 883 369 409 438 207 898 2285 483 
120 648 461 821 308 457 590 136 467 143 273 456 799 819 457 899 373 421 438 208 882 2313 494 
121 648 465 812 305 450 615 138 470 140 272 438 840 823 460 910 381 422 437 216 859 2333 496 
122 670 433 836 307 456 619 138 476 137 276 420 881 761 501 900 388 429 436 216 868 2312 487 
123 673 420 835 315 460 626 144 476 138 273 412 926 749 520 876 393 434 420 235 857 2344 493 
124 618 477 855 321 474 641 152 479 129 287 429 883 772 489 860 394 434 408 240 851 2378 504 
125 602 481 885 312 479 626 146 493 124 281 422 874 793 459 853 396 439 406 246 870 2319 516 
126 611 477 878 286 513 633 149 495 131 261 416 875 822 430 855 409 446 400 243 881 2254 535 
127 608 475 886 277 528 632 148 497 132 251 393 884 845 426 836 416 453 396 238 866 2224 526 
128 612 493 925 275 547 645 148 506 128 249 404 847 929 428 792 420 431 401 239 903 2150 525 
129 586 521 946 347 486 673 153 506 117 231 402 850 932 434 792 420 425 405 234 907 2132 501 
130 594 521 982 346 472 658 152 510 114 241 420 826 912 435 800 422 423 414 241 888 2157 493 
131 613 535 1005 349 478 678 150 522 119 240 420 837 926 437 793 450 407 395 264 866 2149 480 
132 639 532 1023 346 485 704 152 506 134 251 413 870 880 448 795 468 402 401 260 822 2202 462 
133 675 494 1088 328 482 667 152 502 137 264 403 877 871 453 800 476 405 393 242 790 2229 472 
134 675 484 1100 339 483 662 161 496 137 270 409 873 894 456 782 482 404 411 204 797 2261 484 
135 665 465 1135 355 478 660 135 503 166 249 416 935 814 464 804 482 411 412 200 779 2292 485 
136 669 467 1164 369 473 694 132 498 160 253 441 883 802 461 822 479 410 417 195 793 2333 471 
137 675 483 1182 379 477 685 120 524 156 255 431 881 809 466 833 460 413 401 187 828 2381 478 
138 688 484 1204 377 480 699 119 519 150 256 397 916 801 464 850 465 398 414 184 903 2303 489 
139 679 489 1248 381 477 706 125 488 147 257 398 882 797 470 875 457 425 420 188 918 2236 462 
140 663 511 1238 349 502 744 127 476 145 261 391 878 803 473 894 497 398 437 209 959 2101 463 
141 647 524 1254 352 504 779 126 448 162 271 379 834 826 482 933 512 414 400 243 979 2094 467 
142 593 588 1289 356 514 787 128 477 141 282 358 845 884 482 847 511 413 400 248 989 2104 466 
143 584 585 1358 350 532 726 132 476 138 276 374 823 929 494 835 490 389 408 246 995 2093 468 
144 572 602 1367 400 477 713 138 502 133 271 386 857 921 477 820 489 374 413 249 969 2122 482 
145 602 583 1384 385 487 683 142 504 138 274 387 861 969 461 782 474 377 409 253 1013 2137 479 
146 611 581 1448 393 479 643 143 508 135 273 379 874 946 451 780 481 386 413 254 1001 2170 483 
147 637 561 1463 378 492 742 147 507 134 273 386 901 984 391 788 472 390 420 258 991 2184 391 
148 626 572 1460 388 490 800 152 513 133 262 391 917 969 387 798 504 404 427 259 950 2178 397 
149 621 560 1506 406 484 765 151 515 131 258 388 915 981 386 758 506 405 466 227 899 2243 400 
150 661 524 1561 417 481 767 152 521 146 221 397 928 971 394 770 506 411 426 257 911 2277 393 
151 673 525 1553 443 502 760 158 511 143 227 408 882 959 400 785 516 419 421 252 882 2314 405 
152 697 510 1584 465 526 744 154 500 144 230 411 871 965 407 803 512 418 395 266 852 2370 407 
153 692 505 1597 514 534 724 147 491 143 228 411 848 936 406 846 516 430 402 255 843 2384 416 
154 653 542 1595 517 536 737 152 494 141 223 401 883 891 405 864 490 443 412 245 907 2290 427 
155 644 542 1615 541 549 733 154 501 132 226 373 858 867 412 879 493 432 419 244 922 2243 430 
156 656 499 1607 553 555 728 150 487 132 220 369 830 820 456 926 473 443 428 237 945 2194 434 
157 637 482 1614 548 565 764 151 487 130 220 369 843 829 463 884 481 428 440 231 971 2166 431 
158 580 556 1641 561 569 770 133 498 129 221 369 856 815 467 876 478 407 440 230 1049 2064 439 
159 615 530 1654 578 577 755 133 491 132 228 378 892 803 472 842 476 392 446 225 1068 2068 445 
160 643 527 1689 617 553 748 130 490 135 234 385 870 804 465 848 485 377 455 227 1069 2023 445 
161 703 474 1655 620 538 781 134 485 140 239 386 896 811 476 800 521 389 420 261 1049 2021 460 
162 706 479 1607 662 541 789 136 443 142 234 379 928 775 507 809 526 431 419 260 1070 2035 467 
163 683 527 1574 686 550 812 142 443 143 242 406 887 779 503 831 571 440 399 260 1023 2073 478 
164 681 541 1652 702 541 718 144 442 157 225 415 874 794 492 846 579 433 411 258 1003 2091 483 
165 657 533 1618 720 566 722 147 457 149 226 411 799 898 434 892 581 423 418 256 1036 2076 487 
166 655 529 1622 756 549 673 147 451 150 226 412 823 904 408 865 580 435 434 257 1017 2117 485 
167 621 562 1646 719 575 669 148 458 146 243 391 834 925 413 845 588 433 439 251 998 2139 493 
168 609 593 1605 736 595 679 150 478 134 252 382 851 883 409 865 602 416 445 241 994 2128 506 
169 610 596 1589 738 598 668 141 499 119 272 389 865 901 415 827 596 398 467 244 1002 2150 518 
170 609 608 1550 710 653 715 145 499 116 271 389 883 872 452 808 594 373 469 241 983 2177 513 
171 624 607 1586 652 671 700 151 500 125 271 383 894 872 458 804 602 370 482 238 964 2196 512 
172 625 617 1609 603 709 703 155 506 126 268 388 908 863 452 788 615 386 464 229 974 2160 517 
173 624 609 1618 611 707 708 156 493 129 234 416 905 876 454 809 588 393 443 226 980 2182 509 
174 630 617 1589 620 748 732 156 500 131 235 405 924 875 452 807 600 404 383 289 918 2243 521 
175 636 627 1598 608 786 753 147 508 126 241 412 927 857 454 820 645 403 391 287 877 2264 518 
176 647 639 1554 611 806 790 146 508 130 247 412 901 854 465 850 652 397 394 300 859 2299 521 
177 661 624 1563 644 843 709 137 520 138 252 402 859 880 463 859 672 397 399 275 856 2330 530 
178 676 638 1526 657 876 690 144 527 127 255 396 822 887 458 875 648 407 412 283 825 2381 534 
179 717 601 1502 679 928 654 147 502 137 263 390 835 849 498 888 642 411 410 280 857 2319 536 
180 693 602 1475 701 995 650 150 500 134 268 374 859 837 503 888 645 402 419 271 871 2247 540 
181 680 605 1383 746 1061 648 167 484 134 263 366 867 881 446 875 625 407 414 268 961 2132 531 
182 677 587 1379 757 1060 672 163 487 131 254 369 883 844 443 888 611 406 434 247 962 2130 539 
183 665 585 1428 754 1064 697 169 484 130 259 370 914 795 462 927 566 395 437 261 990 2128 500 
184 666 581 1441 754 1095 705 154 501 130 259 371 883 806 464 928 568 394 437 255 965 2162 489 
185 695 537 1453 799 1100 709 192 457 132 254 377 855 864 472 912 578 392 444 249 901 2266 483 
186 688 533 1532 753 1120 723 206 473 130 253 376 846 894 452 892 576 392 444 246 852 2308 489 
187 681 525 1479 779 1094 785 183 487 127 249 364 829 866 490 882 577 397 456 243 813 2366 495 
188 664 546 1511 740 1145 736 186 502 115 235 380 805 862 494 884 585 412 437 247 795 2388 495 
189 677 547 1473 751 1134 766 188 513 115 209 427 844 798 483 874 606 413 426 243 818 2322 498 
190 661 559 1477 732 1169 764 180 520 118 205 383 866 771 466 900 623 413 420 243 801 2276 497 
191 670 565 1414 789 1192 744 176 528 119 207 349 887 858 420 876 629 411 421 243 861 2203 511 
192 653 575 1379 795 1228 718 187 506 114 186 387 911 886 416 865 626 407 417 241 951 2088 509 
193 684 557 1337 803 1278 712 182 501 117 189 392 935 901 417 825 626 403 422 236 977 2064 519 
194 697 550 1362 783 1338 728 184 513 102 182 420 916 901 435 785 617 401 400 266 968 2067 504 
195 694 550 1410 797 1313 713 181 477 127 183 448 855 880 446 788 642 407 419 269 966 2052 511 
196 711 556 1423 811 1325 709 186 468 132 189 464 813 866 453 814 672 414 419 269 943 2058 519 
197 719 566 1471 802 1370 640 180 475 132 194 463 826 846 459 853 646 413 427 272 945 2085 533 
198 717 582 1476 800 1380 629 176 467 136 199 466 827 834 470 859 619 420 442 271 929 2130 528 
199 728 576 1510 786 1409 648 167 480 133 194 435 860 780 475 910 616 418 433 273 909 2189 517 
200 718 582 1553 735 1480 694 160 491 136 197 451 848 785 488 905 615 433 450 259 895 2192 485 
201 729 569 1585 738 1518 756 166 497 136 204 440 868 817 493 913 573 433 452 241 898 2201 450 
202 721 577 1562 749 1579 735 165 499 137 210 438 867 838 482 904 629 373 448 295 847 2218 451 
203 708 593 1545 744 1645 707 163 505 149 191 425 896 865 467 873 626 380 430 307 820 2248 464 
204 695 605 1564 817 1557 708 161 533 130 193 431 910 892 457 860 643 379 389 336 797 2279 470 
205 664 635 1579 833 1472 728 175 521 131 195 434 899 942 440 854 647 385 396 336 810 2298 475 
206 648 655 1550 866 1455 737 174 508 131 199 414 936 911 442 835 655 377 396 331 820 2304 487 
207 651 666 1525 906 1420 753 174 497 131 174 433 940 908 449 813 664 382 398 324 791 2312 489 
208 658 676 1449 1001 1411 782 165 448 173 172 420 928 889 472 811 667 408 394 306 734 2316 491 
209 695 658 1439 1010 1454 752 168 454 177 174 412 920 885 477 778 649 393 407 303 757 2340 493 
210 672 662 1427 1031 1490 744 160 454 170 176 412 882 845 486 822 660 398 416 274 780 2354 506 
211 710 605 1447 1062 1527 735 157 448 172 177 413 846 842 505 826 648 371 440 274 790 2397 508 
212 729 592 1465 1016 1573 735 161 440 172 178 417 838 824 502 849 641 350 441 291 849 2357 516 
213 753 568 1446 1008 1606 726 161 448 166 183 373 840 811 499 896 628 358 424 293 980 2202 516 
214 765 551 1480 969 1638 719 160 464 164 182 366 843 828 498 830 636 358 425 293 1019 2137 533 
215 762 532 1516 936 1697 710 160 472 170 187 366 835 809 502 818 654 358 439 287 989 2135 503 
216 723 545 1541 905 1685 743 156 497 145 185 361 824 830 489 810 638 368 449 280 1012 2143 469 
217 705 562 1508 912 1630 814 156 499 141 187 380 789 827 491 809 617 374 433 276 1008 2151 475 
218 638 629 1635 849 1554 821 148 503 144 192 391 795 842 482 789 592 375 400 302 1030 2147 485 
219 633 604 1652 871 1491 830 141 535 146 191 391 880 739 478 802 596 363 409 295 1043 2144 498 
220 639 589 1620 907 1491 838 143 518 152 192 390 900 762 464 804 632 363 406 282 1026 2151 502 
221 632 581 1596 922 1521 859 131 503 149 196 429 877 767 448 793 629 371 408 270 965 2205 510 
222 614 555 1570 930 1541 891 130 470 167 196 434 896 773 451 785 661 376 428 259 896 2278 515 
223 610 547 1587 915 1533 946 137 459 162 199 449 878 788 425 797 676 382 430 256 864 2290 526 
224 599 565 1596 920 1584 878 137 478 140 198 434 892 809 431 776 703 395 434 251 847 2301 535 
225 606 546 1608 877 1651 858 133 477 132 196 428 897 816 435 777 688 405 427 273 866 2279 534 
226 613 536 1597 845 1702 856 134 483 139 197 403 917 826 429 807 650 420 436 273 836 2308 529 
227 620 529 1568 874 1683 887 140 491 144 190 390 818 834 432 908 640 431 441 270 825 2312 529 
228 634 533 1571 923 1606 888 141 502 139 195 380 808 846 440 870 653 387 484 271 816 2346 526 
229 640 527 1594 978 1616 895 143 523 134 202 353 814 827 452 866 610 374 480 272 809 2402 477 
230 654 515 1609 971 1604 903 143 515 147 197 358 826 845 462 867 569 365 485 254 880 2303 474 
231 664 513 1647 984 1508 925 148 490 167 203 354 830 867 470 837 574 366 473 259 865 2279 464 
232 685 503 1639 1042 1404 982 150 491 165 213 360 840 888 469 776 616 379 472 243 889 2256 449 
233 693 501 1619 1003 1440 1020 145 498 156 189 391 842 907 455 786 622 357 492 245 918 2188 460 
234 708 498 1572 957 1486 1024 152 484 147 200 401 840 902 467 802 622 360 489 243 935 2121 463 
235 693 509 1528 956 1515 1037 151 481 148 243 354 892 865 481 823 622 358 485 247 927 2158 483 
236 662 519 1563 942 1579 994 147 479 148 242 359 895 830 490 858 620 359 479 251 936 2154 492 
237 653 530 1539 914 1636 1003 146 467 159 243 350 891 804 490 853 652 356 478 232 907 2175 502 
238 628 551 1460 891 1706 1035 147 481 157 251 355 908 774 497 876 662 359 485 224 893 2168 507 
239 641 540 1425 891 1714 1028 148 498 151 253 361 903 807 472 851 665 354 464 255 889 2159 510 
240 622 579 1416 878 1692 1032 144 502 145 261 370 909 872 409 875 673 357 459 232 869 2188 506 
241 589 569 1457 839 1695 1007 145 490 143 256 371 905 889 412 875 668 360 453 222 861 2199 523 
242 591 556 1484 879 1673 985 148 490 137 252 372 910 916 423 870 680 365 400 260 852 2210 517 
243 598 550 1551 899 1678 988 169 487 131 258 373 938 892 425 899 662 363 418 236 842 2237 471 
244 624 515 1571 906 1663 1010 171 488 128 251 375 936 873 442 872 668 368 420 232 811 2261 429 
245 650 505 1581 911 1642 1030 167 475 126 250 378 896 865 477 869 676 393 420 206 739 2295 435 
246 662 515 1558 929 1638 1034 134 479 127 242 387 875 887 476 841 663 393 429 208 755 2286 448 
247 667 513 1579 943 1641 1002 132 501 117 198 425 874 887 482 811 660 393 422 210 799 2299 454 
248 678 504 1586 963 1637 974 128 501 116 198 425 866 878 482 788 643 392 413 228 866 2242 458 
249 703 487 1583 952 1586 1003 136 518 105 200 417 884 861 476 801 633 401 410 222 864 2266 467 
250 698 430 1607 919 1575 1001 135 520 106 202 418 895 843 471 814 622 409 402 229 899 2241 474 
251 686 432 1675 944 1506 990 135 509 107 206 407 931 799 471 810 619 415 411 228 850 2291 485 
252 679 437 1655 922 1546 970 130 509 107 205 402 918 812 467 790 657 396 417 262 793 2352 498 
253 669 435 1634 909 1584 947 133 514 110 208 388 886 837 469 838 621 409 415 266 766 2393 498 
254 661 455 1652 881 1616 956 135 518 114 211 380 831 891 474 854 623 406 414 257 824 2329 504 
255 612 503 1642 839 1662 949 133 523 117 215 376 801 926 476 870 582 410 421 259 881 2257 517 
256 600 507 1642 828 1713 922 135 518 123 222 378 806 919 487 889 592 414 415 257 971 2104 522 
257 609 504 1638 863 1781 885 131 505 123 227 372 843 905 489 901 602 415 425 250 965 2116 537 
258 618 511 1613 886 1766 916 131 501 125 228 389 843 897 499 854 658 425 425 240 909 2109 523 
259 620 511 1612 898 1741 934 130 466 163 222 386 851 889 497 840 677 434 443 219 887 2133 521 
260 620 526 1612 931 1697 947 127 478 164 233 383 876 917 450 804 731 405 456 240 826 2178 490 
261 592 572 1573 996 1669 955 124 475 164 242 362 875 895 455 809 707 398 412 299 832 2175 485 
262 597 563 1603 979 1613 979 126 476 156 270 349 930 833 467 848 652 380 381 353 822 2192 467 
263 595 553 1592 966 1599 978 124 490 144 273 346 923 833 451 859 639 379 383 350 805 2214 485 
264 593 536 1573 887 1677 1018 111 485 148 261 377 891 827 477 849 642 376 379 358 841 2202 501 
265 627 510 1559 866 1695 1020 110 499 132 260 387 885 825 457 845 644 390 374 341 852 2218 515 
266 632 513 1513 927 1723 1034 111 517 117 253 409 845 838 479 824 636 392 391 320 836 2252 533 
267 648 500 1445 942 1784 1097 112 527 114 252 379 876 782 492 823 612 410 396 314 825 2260 493 
268 657 512 1454 954 1849 1092 112 514 105 237 367 859 783 480 846 605 408 408 329 787 2286 475 
269 638 549 1450 931 1853 1107 116 473 128 233 364 861 806 458 832 591 401 424 333 784 2278 467 
270 636 557 1483 946 1805 1100 117 447 145 242 345 851 815 460 857 576 402 431 334 752 2332 475 
271 649 548 1531 950 1824 1046 110 458 147 249 360 843 843 427 870 589 401 460 309 746 2327 470 
272 656 517 1534 957 1805 1046 109 466 151 254 368 812 888 422 881 595 407 444 306 739 2332 472 
273 686 490 1508 971 1823 1041 116 468 143 259 381 822 901 437 875 594 432 416 295 743 2363 455 
274 685 485 1481 1026 1737 1044 117 466 138 273 381 828 906 443 871 595 434 412 296 748 2403 465 
275 686 495 1486 1002 1761 1048 121 448 150 266 382 833 839 501 871 594 435 368 323 817 2325 466 
276 710 533 1475 983 1771 1045 125 440 155 225 416 872 791 484 887 593 439 377 302 905 2203 471 
277 721 545 1470 991 1698 1070 126 442 154 226 423 896 799 478 888 592 400 385 319 933 2175 475 
278 740 542 1437 1005 1736 1038 129 454 148 234 424 896 805 480 893 637 390 398 312 843 2214 487 
279 745 600 1448 968 1697 1046 124 466 141 238 419 903 797 475 911 637 397 389 319 923 2073 472 
280 755 609 1437 1008 1651 1019 125 472 143 239 444 886 812 449 885 653 409 377 315 907 2150 467 
281 667 702 1383 1023 1647 1032 126 476 143 270 421 903 843 471 851 657 422 346 320 866 2203 470 
282 656 723 1396 981 1708 999 125 485 148 268 414 903 853 481 868 644 402 361 313 840 2238 484 
283 650 735 1415 946 1774 1007 127 497 151 274 408 888 856 498 831 739 404 374 290 854 2212 481 
284 630 779 1427 923 1819 1008 125 499 148 269 407 882 861 504 814 738 397 376 284 872 2204 482 
285 635 790 1408 885 1906 995 126 515 145 251 404 874 882 461 827 766 390 377 272 830 2211 492 
286 636 791 1399 909 1883 987 92 546 140 247 407 878 884 448 828 774 395 381 268 806 2231 504 
287 634 805 1413 966 1846 961 94 539 138 226 438 877 888 451 821 759 394 369 262 807 2260 520 
288 634 813 1381 976 1853 973 97 515 151 231 389 934 862 451 819 735 395 377 291 792 2315 514 
289 679 782 1427 998 1803 963 102 494 164 236 391 918 839 475 821 744 362 378 297 818 2283 515 
290 692 776 1396 1036 1801 954 118 445 185 246 413 878 848 498 755 741 364 383 288 770 2337 503 
291 701 788 1361 1030 1823 951 102 492 157 254 414 877 854 499 770 751 365 383 262 782 2365 475 
292 704 803 1369 1011 1808 960 95 497 156 250 406 856 838 493 799 742 365 390 256 782 2397 487 
293 706 790 1413 1027 1789 985 96 501 159 250 392 842 795 508 869 721 380 399 259 815 2336 484 
294 710 802 1417 1049 1712 981 101 505 156 253 394 825 813 501 872 695 390 403 271 930 2212 493 
295 725 820 1357 1071 1753 988 104 491 164 249 394 835 850 488 891 661 392 409 272 994 2086 496 
296 698 861 1380 940 1922 948 105 488 156 252 391 840 857 469 896 660 402 406 304 935 2091 495 
297 672 903 1361 943 1982 957 110 497 144 263 395 845 891 445 868 640 411 420 300 935 2114 509 
298 662 911 1341 901 2031 945 100 536 128 269 397 838 858 466 881 659 401 442 271 930 2132 509 
299 661 889 1333 915 2019 952 118 497 138 251 409 842 849 473 861 676 396 448 285 958 2126 515 
300 656 886 1353 938 1950 960 117 493 139 247 424 857 815 490 826 684 396 457 278 941 2135 514 
301 660 890 1333 935 1962 974 116 478 138 218 436 873 812 487 883 635 425 419 271 905 2157 526 
302 668 894 1315 949 1958 952 115 456 133 220 440 853 801 493 891 646 453 402 279 893 2151 511 
303 689 865 1341 956 1906 946 115 463 132 225 437 872 817 495 866 634 427 415 291 881 2184 518 
304 659 912 1326 983 1900 933 117 459 125 227 429 889 794 510 876 615 432 421 322 824 2233 537 
305 706 863 1374 1001 1868 876 119 471 123 235 401 923 794 500 874 630 421 423 325 787 2295 531 
306 710 848 1346 1006 1830 861 123 474 117 240 422 953 796 484 827 623 397 449 325 788 2310 545 
307 731 817 1336 1025 1788 856 128 473 111 234 397 946 814 464 817 630 385 452 327 752 2366 536 
308 754 798 1400 982 1809 842 128 481 110 230 424 913 840 443 766 616 391 444 315 762 2411 524 
309 775 792 1423 964 1777 838 126 494 110 241 415 901 874 444 784 616 380 443 315 860 2329 526 
310 777 811 1491 990 1730 856 118 490 127 246 424 867 894 415 775 613 382 446 302 908 2267 472 
311 769 864 1477 1008 1763 871 126 493 123 253 397 884 902 424 782 614 380 442 298 950 2196 439 
312 789 886 1441 986 1836 845 124 484 124 248 396 861 880 421 818 627 397 419 290 951 2159 443 
313 776 910 1436 1015 1844 843 125 489 121 251 405 832 856 435 822 648 404 412 314 998 2004 448 
314 728 963 1448 1005 1918 829 137 496 125 251 393 831 829 432 871 622 425 400 309 978 2015 461 
315 732 952 1447 998 1947 824 141 500 128 269 373 802 851 435 868 613 437 412 297 962 2037 463 
316 659 1008 1444 970 2032 809 132 511 131 259 372 794 817 430 926 627 421 428 295 939 2041 468 
317 701 939 1505 976 1981 782 139 522 131 259 383 817 786 431 904 611 402 426 290 973 2017 484 
318 721 906 1476 976 1990 785 146 524 132 259 385 833 793 431 880 626 398 437 291 983 2020 491 
319 723 915 1454 1031 1873 815 141 530 137 267 368 852 803 439 843 629 394 439 298 1007 1996 485 
320 731 920 1437 1012 1905 785 145 550 139 260 374 867 812 446 777 665 347 491 273 985 2036 485 
321 743 906 1463 1033 1866 768 147 561 141 262 363 884 780 465 791 653 359 463 269 990 2061 491 
322 760 857 1505 994 1850 760 153 572 142 262 381 883 795 465 790 639 363 472 266 961 2087 501 
323 759 876 1491 954 1866 763 156 557 150 264 384 901 819 444 818 627 363 462 261 961 2103 515 
324 775 877 1500 968 1876 754 159 512 171 255 371 904 824 448 830 595 359 449 262 917 2178 525 
325 797 921 1522 944 1871 724 148 564 148 259 368 903 825 450 842 615 398 423 254 909 2180 538 
326 804 932 1542 972 1800 771 146 575 142 241 378 921 827 448 839 639 406 408 270 873 2211 503 
327 814 947 1568 991 1742 777 150 579 136 247 375 926 847 445 855 675 415 399 277 827 2236 501 
328 831 948 1567 958 1812 748 189 540 134 253 359 883 889 452 867 649 423 393 289 835 2267 485 
329 847 962 1544 953 1865 749 192 532 143 253 358 843 877 469 882 632 445 387 285 839 2279 441 
330 807 1005 1516 936 1925 742 196 538 146 251 364 832 818 517 905 631 435 386 271 842 2296 450 
331 819 1003 1577 849 1994 697 195 555 148 252 376 789 814 494 875 652 411 384 268 788 2344 456 
332 783 1006 1568 869 2043 677 196 557 145 258 367 785 823 466 827 647 381 410 259 778 2362 459 
333 798 987 1602 897 1963 670 198 563 142 261 348 786 842 442 807 658 380 422 250 794 2393 473 
334 804 1002 1621 933 1926 667 194 567 145 238 397 818 778 492 752 661 380 436 244 838 2358 476 
335 831 919 1585 971 1921 681 208 560 145 245 336 847 769 490 812 630 387 444 238 954 2222 501 
336 870 900 1527 988 1923 692 209 564 138 251 331 848 760 489 834 623 395 447 232 986 2140 510 
337 910 876 1500 997 1901 710 216 570 138 244 324 837 787 496 844 611 404 455 244 995 2089 519 
338 907 912 1497 948 1871 742 214 576 127 242 326 841 777 502 851 601 406 446 286 954 2117 503 
339 916 953 1572 925 1781 736 215 583 115 255 310 856 774 511 857 613 439 421 288 922 2112 478 
340 908 982 1521 919 1858 733 226 581 114 270 331 864 773 506 824 624 448 416 293 898 2142 473 
341 926 988 1540 902 1931 689 217 591 113 261 342 874 804 487 844 619 466 411 294 879 2130 476 
342 961 963 1540 874 2004 690 202 605 119 257 346 877 834 463 848 648 467 400 294 864 2126 469 
343 977 981 1562 918 1945 707 200 605 121 254 346 880 845 432 867 636 464 426 276 869 2162 481 
344 936 1019 1582 954 1844 743 196 613 121 256 346 835 903 445 873 634 437 466 268 866 2173 495 
345 928 1039 1565 989 1780 799 192 612 122 258 358 849 901 447 872 613 440 444 266 877 2202 514 
346 876 1086 1572 1007 1753 826 201 620 120 250 357 844 864 462 887 607 469 415 273 877 2227 522 
347 835 1144 1543 1046 1782 818 203 624 137 225 357 839 863 463 895 597 451 388 302 859 2241 490 
348 795 1169 1504 1035 1804 832 198 618 140 227 359 841 843 481 928 575 432 398 280 874 2265 490 
349 761 1182 1523 1041 1835 847 228 629 146 230 360 859 825 497 914 574 433 391 277 869 2281 440 
350 760 1179 1523 999 1895 854 237 616 153 232 362 883 807 496 920 590 429 401 287 816 2318 428 
351 702 1189 1552 971 1972 814 249 607 157 232 369 894 778 511 852 621 428 414 278 796 2348 434 
352 711 1181 1527 972 1957 826 266 601 153 228 381 912 789 495 820 633 435 420 280 794 2353 435 
353 755 1140 1577 915 1945 817 270 591 151 217 417 934 820 487 776 636 438 429 273 749 2386 424 
354 805 1108 1581 942 1931 822 277 589 148 216 416 910 864 444 785 635 443 432 272 812 2302 425 
355 819 1088 1563 969 1908 848 275 595 122 225 395 915 846 428 792 630 438 424 281 920 2175 419 
356 877 1027 1610 966 1905 834 292 580 125 221 383 854 856 434 843 632 442 444 278 917 2129 426 
357 885 1011 1599 1040 1842 832 313 559 123 220 373 828 889 424 852 645 412 481 281 901 2148 424 
358 908 1017 1616 1031 1855 828 312 562 122 220 362 801 875 427 880 642 418 486 315 853 2174 436 
359 943 1023 1598 1032 1830 835 310 563 121 216 335 803 851 419 934 666 403 480 332 813 2201 441 
360 951 1054 1610 999 1814 869 316 550 162 219 340 811 832 418 943 649 394 465 323 813 2240 459 
361 960 1085 1608 977 1827 864 313 532 180 219 350 829 820 420 959 638 374 462 312 792 2290 461 
362 905 1142 1549 923 1873 902 319 524 176 223 351 843 804 425 954 654 374 465 302 764 2320 468 
363 875 1136 1537 956 1879 909 330 532 178 226 352 873 762 442 994 587 380 459 292 785 2315 476 
364 833 1125 1586 980 1848 934 315 534 175 226 352 877 764 446 969 586 397 456 282 786 2329 486 
365 839 1105 1587 989 1815 907 341 548 165 225 392 896 776 455 941 571 405 446 286 822 2303 494 
366 848 1066 1610 1017 1830 881 346 536 168 227 403 897 791 455 929 576 405 443 284 828 2315 507 
367 903 1025 1576 1063 1812 880 343 539 160 231 398 898 812 460 908 607 413 471 236 822 2318 520 
368 901 990 1628 999 1843 904 338 557 162 236 402 892 828 452 895 623 423 461 217 829 2345 516 
369 909 975 1656 972 1849 861 341 553 176 240 417 903 822 451 883 629 428 443 240 830 2366 521 
370 903 1053 1564 1045 1803 893 340 560 175 248 418 907 842 457 866 644 389 460 241 859 2387 477 
371 905 1072 1552 1010 1770 971 323 588 171 249 411 923 891 471 816 657 376 446 251 944 2317 467 
372 916 1128 1526 1012 1757 960 329 594 166 240 423 888 880 477 798 662 382 440 276 935 2266 462 
373 940 1146 1518 1010 1764 938 353 548 215 227 432 863 816 510 847 626 394 436 309 965 2193 470 
374 880 1203 1601 1011 1703 921 352 528 227 226 460 847 840 504 815 604 409 428 305 999 2126 473 
375 871 1177 1603 980 1724 900 354 528 222 230 464 815 819 501 847 578 406 426 311 1015 2150 472 
376 842 1191 1559 970 1787 925 365 540 232 234 455 787 796 499 896 591 435 405 315 988 2191 479 
377 869 1171 1550 921 1813 916 367 535 238 237 462 796 808 478 881 631 434 392 278 1031 2159 479 
378 889 1164 1517 912 1874 872 390 540 227 230 453 805 853 453 858 652 433 398 291 1002 2218 483 
379 888 1170 1490 900 1882 892 375 536 234 233 441 841 850 434 845 656 435 406 297 978 2229 486 
380 903 1153 1531 921 1735 942 379 532 221 244 430 850 851 438 828 652 453 387 308 965 2268 487 
381 937 1139 1541 892 1755 905 383 528 212 245 423 855 860 452 819 657 438 386 301 942 2340 484 
382 985 1130 1539 875 1727 939 387 538 208 242 389 893 864 459 797 689 443 374 308 914 2363 493 
383 1000 1117 1517 861 1701 921 393 569 190 245 395 887 863 458 806 674 423 373 299 941 2363 513 
384 1042 1083 1493 878 1725 930 408 592 186 244 375 924 875 454 818 660 419 375 316 927 2380 522 
385 1028 1101 1514 891 1707 921 415 586 180 247 360 905 886 466 844 655 404 381 325 1046 2187 530 
386 1019 1127 1440 902 1646 1027 399 577 175 248 366 850 884 468 871 647 390 381 346 1108 2082 534 
387 941 1158 1474 954 1617 1051 399 568 180 252 373 826 879 470 885 644 364 397 352 1126 2073 538 
388 930 1147 1485 972 1648 1033 405 561 182 248 365 811 868 484 889 621 387 399 332 1086 2079 534 
389 964 1091 1496 927 1686 1041 403 573 178 250 388 800 820 494 926 619 400 394 328 1036 2134 540 
390 977 1080 1504 915 1741 1001 403 545 202 250 403 778 816 473 910 616 406 397 341 1061 2121 548 
391 1009 1077 1482 910 1723 1011 376 573 205 248 400 787 859 432 916 600 416 403 358 1037 2138 525 
392 1028 1099 1480 874 1776 1015 353 587 205 246 376 841 824 434 920 604 419 409 356 1029 2147 512 
393 1041 1132 1453 888 1788 1046 364 604 204 247 409 812 809 476 889 601 423 406 359 1009 2185 507 
394 1073 1140 1390 911 1823 1085 352 605 208 246 399 832 728 491 897 607 433 410 351 979 2209 505 
395 1053 1168 1427 914 1859 1107 377 606 208 267 377 848 735 481 877 653 417 436 318 1011 2169 468 
396 982 1244 1412 922 1889 1090 389 571 205 286 374 848 727 493 803 678 433 442 316 972 2201 478 
397 953 1221 1420 964 1834 1115 407 564 211 245 389 851 729 482 803 683 426 445 306 929 2274 476 
398 964 1167 1485 958 1813 1039 460 575 198 254 382 853 753 489 766 678 398 459 303 951 2279 480 
399 991 1152 1503 963 1766 1035 473 590 182 255 382 862 774 457 774 675 383 453 308 954 2266 490 
400 1025 1134 1490 961 1744 1076 441 599 184 251 386 875 802 436 781 656 381 450 300 976 2304 501 
401 1050 1118 1450 941 1749 1070 439 604 185 196 422 873 834 439 779 645 386 439 300 975 2293 521 
402 1053 1110 1453 920 1784 1081 441 629 171 203 422 888 843 447 754 667 383 432 302 945 2337 477 
403 1074 1111 1454 889 1770 1099 441 638 167 204 411 892 852 466 759 681 416 428 307 875 2358 464 
404 1046 1175 1442 900 1708 1130 444 640 165 207 426 898 863 470 743 676 445 405 312 892 2325 474 
405 1043 1201 1461 931 1665 1144 433 672 156 216 452 908 868 486 709 652 435 387 307 864 2377 483 
406 993 1269 1380 922 1675 1173 433 667 161 222 411 918 888 488 732 642 425 396 306 866 2306 490 
407 1029 1259 1365 913 1697 1143 428 633 193 232 418 865 861 509 750 631 403 395 340 952 2172 505 
408 1043 1274 1345 899 1731 1134 447 630 200 243 420 847 838 496 781 623 399 406 333 961 2119 519 
409 1096 1217 1320 944 1686 1188 460 622 213 241 421 772 877 469 805 603 413 412 333 958 2119 536 
410 1153 1157 1309 983 1665 1189 459 620 221 244 412 777 902 444 815 582 420 432 302 988 2115 531 
411 1162 1123 1283 990 1701 1201 449 631 225 248 381 816 916 436 804 581 402 438 322 984 2104 518 
412 1173 1156 1299 1037 1652 1181 455 660 213 256 358 838 883 457 834 605 386 437 363 949 2123 495 
413 1059 1278 1322 1048 1568 1210 463 658 210 266 336 849 848 480 856 646 384 442 368 925 2123 494 
414 1036 1284 1350 980 1603 1265 410 643 225 266 336 844 804 496 885 657 384 449 402 834 2144 490 
415 1030 1252 1400 955 1633 1258 426 620 221 262 339 846 799 501 881 655 397 445 396 837 2162 476 
416 1066 1229 1381 936 1657 1293 453 577 222 254 331 852 788 491 892 654 397 435 353 905 2155 462 
417 1101 1204 1378 927 1720 1292 479 554 223 230 359 856 829 460 882 675 399 430 350 883 2165 474 
418 1126 1181 1351 899 1786 1310 466 572 214 228 375 841 861 445 862 661 408 402 358 885 2175 494 
419 1145 1165 1395 876 1799 1249 475 574 212 226 377 867 878 436 824 657 420 416 353 873 2182 496 
420 1163 1156 1443 892 1795 1255 461 595 205 233 386 870 918 430 801 609 450 420 326 908 2192 505 
421 1192 1133 1441 903 1830 1205 491 617 189 237 387 886 931 434 808 570 439 421 329 911 2198 524 
422 1222 1116 1431 930 1848 1204 496 613 187 241 398 914 895 454 809 584 447 415 310 888 2212 527 
423 1251 1115 1440 957 1933 1186 488 622 183 236 410 875 875 464 814 588 449 413 302 888 2246 528 
424 1272 1125 1436 999 1888 1171 474 619 170 233 414 855 857 469 822 592 441 391 342 823 2309 522 
425 1220 1179 1487 991 1825 1178 454 617 156 240 428 828 823 485 847 608 454 396 336 816 2332 523 
426 1126 1340 1442 1026 1803 1177 435 580 159 269 423 779 812 475 872 613 494 389 323 800 2347 461 
427 1104 1326 1503 1013 1750 1140 413 614 145 274 398 782 818 483 904 622 493 387 286 825 2342 459 
428 1127 1278 1454 994 1809 1155 472 601 139 253 430 778 824 490 886 624 479 394 292 809 2385 439 
429 1151 1282 1450 973 1760 1182 469 580 140 261 423 804 782 493 894 639 495 407 287 845 2311 436 
430 1163 1280 1447 996 1716 1188 468 582 174 227 421 808 794 475 877 648 505 405 285 889 2203 419 
431 1209 1245 1488 990 1733 1176 471 598 184 226 415 820 835 424 881 655 495 403 281 897 2191 428 
432 1248 1182 1554 1004 1694 1186 463 598 191 226 403 838 865 419 871 652 490 414 285 942 2083 426 
433 1269 1170 1600 998 1644 1156 470 613 186 226 396 877 879 417 826 673 479 410 283 923 2116 431 
434 1313 1129 1606 982 1665 1147 478 637 182 226 384 862 918 424 814 643 481 408 274 961 2089 438 
435 1344 1095 1596 977 1709 1145 484 665 152 228 395 855 881 474 774 628 453 411 327 934 2090 440 
436 1412 1026 1632 944 1746 1102 499 665 153 230 379 865 850 462 832 627 464 396 309 901 2134 450 
437 1309 1167 1585 965 1788 1113 487 665 146 238 380 922 806 474 845 607 465 397 307 881 2174 460 
438 1291 1195 1639 958 1818 1092 486 680 137 248 387 914 790 478 839 581 479 406 315 859 2186 457 
439 1278 1193 1670 943 1867 1127 485 656 139 252 379 904 797 487 852 599 482 404 293 845 2213 468 
440 1249 1162 1662 995 1851 1150 474 641 142 252 378 868 807 492 852 611 467 408 276 813 2242 473 
441 1226 1171 1694 984 1809 1152 453 605 144 259 380 831 835 504 854 615 497 415 266 820 2218 475 
442 1250 1162 1766 955 1730 1177 478 604 148 251 389 804 848 501 867 628 449 421 279 797 2232 468 
443 1266 1136 1725 977 1669 1244 450 603 149 248 370 849 847 499 875 641 424 437 281 801 2245 477 
444 1293 1130 1673 1014 1647 1234 459 590 153 249 380 857 841 501 887 628 435 431 277 844 2236 480 
445 1296 1147 1679 974 1648 1261 471 586 150 253 378 862 836 494 889 639 448 430 284 834 2259 489 
446 1336 1130 1654 1019 1580 1274 499 546 161 261 379 856 903 460 881 638 430 437 285 852 2271 486 
447 1325 1097 1624 1063 1622 1286 492 557 153 258 381 902 789 468 921 660 422 442 292 822 2283 494 
448 1298 1066 1662 1007 1663 1297 484 562 155 264 387 913 795 456 853 704 427 449 294 785 2293 504 
449 1275 1114 1654 1013 1692 1280 473 572 157 257 421 938 788 455 832 703 430 437 282 821 2289 509 
450 1276 1112 1580 1052 1736 1313 435 562 165 255 416 949 784 456 814 681 426 434 272 832 2315 526 
451 1158 1251 1567 1049 1786 1329 421 576 163 254 406 929 833 454 819 675 432 419 276 861 2303 539 
452 1100 1309 1592 1050 1834 1301 414 581 160 257 395 908 908 403 825 655 435 408 293 813 2340 516 
453 1084 1325 1657 1028 1813 1302 392 597 176 230 389 874 900 415 816 651 419 390 285 825 2331 504 
454 1109 1315 1684 1018 1796 1281 379 594 184 230 371 879 857 419 844 645 411 394 279 835 2323 508 
455 1097 1318 1737 990 1787 1222 404 595 165 255 374 893 855 420 803 620 416 395 272 834 2332 506 
456 1099 1331 1749 1004 1713 1237 408 607 164 262 376 877 830 431 801 602 401 411 262 828 2342 501 
457 1119 1303 1790 975 1744 1246 419 578 175 265 388 845 815 446 810 607 407 412 257 802 2368 491 
458 1156 1203 1806 998 1738 1264 423 565 183 265 392 834 812 451 821 595 414 406 246 787 2407 490 
459 1183 1225 1783 1009 1723 1262 440 559 164 270 399 797 799 450 853 578 434 411 255 821 2369 457 
460 1213 1209 1799 981 1705 1262 444 554 165 267 396 789 822 457 860 582 426 411 262 820 2295 444 
461 1212 1199 1791 1006 1720 1229 467 545 164 269 397 802 809 459 868 616 411 417 246 826 2210 455 
462 1224 1180 1811 1018 1681 1264 470 537 164 275 396 807 820 465 872 628 402 422 240 885 2132 457 
463 1250 1152 1834 996 1676 1258 481 529 166 261 408 773 787 470 935 654 393 426 238 856 2156 471 
464 1263 1147 1868 1049 1592 1269 450 550 180 235 399 793 808 481 921 668 384 432 244 829 2210 476 
465 1278 1180 1836 1048 1682 1210 485 560 180 235 384 806 827 484 895 669 385 427 215 798 2256 476 
466 1312 1212 1802 1050 1710 1195 473 563 184 256 362 837 842 484 845 641 402 450 214 768 2284 483 
467 1317 1230 1793 1072 1753 1126 465 567 190 253 363 839 848 495 833 631 396 453 209 816 2279 468 
468 1313 1290 1825 1068 1775 1132 465 578 194 259 366 852 855 488 813 629 397 454 215 838 2296 477 
469 1320 1310 1817 1040 1856 1052 468 568 194 270 374 852 854 492 821 627 422 443 216 849 2326 476 
470 1348 1329 1772 1070 1883 1047 476 574 192 279 377 872 938 426 786 627 423 453 221 910 2298 476 
471 1320 1310 1835 1040 1857 1038 472 580 209 260 385 897 908 424 786 621 466 412 233 882 2306 473 
472 1258 1363 1841 1028 1884 1030 470 613 206 252 399 890 905 428 822 610 449 417 231 851 2376 485 
473 1239 1347 1870 1027 1848 1034 482 621 196 251 415 898 879 452 832 593 458 425 233 867 2354 509 
474 1216 1383 1854 1082 1874 1012 468 632 197 230 417 903 848 457 844 611 461 392 257 856 2382 523 
475 1120 1471 1892 1067 1796 1049 465 652 192 238 416 898 804 461 868 624 482 363 254 943 2241 504 
476 1133 1459 1842 1056 1821 1065 416 675 194 237 397 917 786 470 875 671 469 383 249 970 2136 511 
477 1143 1460 1888 1066 1795 1047 413 650 182 248 397 832 839 469 886 657 474 349 282 934 2184 525 
478 1161 1465 1930 1065 1755 1040 411 657 182 267 370 806 867 465 887 684 461 353 273 861 2240 500 
479 1222 1440 1910 1041 1735 1043 401 664 202 241 371 811 861 467 888 624 481 356 274 806 2311 505 
480 1246 1433 1907 1026 1816 994 405 681 200 250 371 811 876 469 888 633 445 362 286 784 2345 497 
481 1312 1322 1974 1005 1829 997 410 690 201 253 367 829 869 472 889 636 417 366 289 765 2379 500 
482 1345 1267 1979 997 1837 978 444 688 205 258 370 825 894 480 907 637 409 365 264 832 2302 501 
483 1389 1288 1912 981 1897 955 477 668 196 259 374 851 867 490 913 621 434 353 265 859 2255 492 
484 1384 1271 1872 977 1997 939 485 666 177 261 380 925 803 493 896 594 452 354 257 941 2168 493 
485 1407 1245 1864 940 1985 951 491 615 174 268 389 921 824 470 878 563 474 347 250 996 2115 498 
486 1397 1246 1825 954 1962 945 489 634 160 283 397 910 847 461 846 582 465 331 278 989 2112 492 
487 1358 1260 1778 955 1930 984 539 575 163 270 403 895 858 431 827 628 457 330 272 946 2139 499 
488 1356 1246 1778 952 1922 964 527 594 157 262 404 855 931 417 775 636 444 334 268 935 2149 499 
489 1342 1247 1812 947 1875 962 525 583 152 267 450 837 880 420 786 646 435 337 278 922 2145 493 
490 1389 1283 1828 933 1778 1039 522 561 151 270 426 824 892 401 811 688 449 367 260 851 2184 462 
491 1421 1260 1880 933 1741 995 540 542 147 280 408 790 848 468 833 657 452 364 257 838 2224 447 
492 1446 1267 1901 920 1719 1003 558 538 162 263 404 803 820 474 857 626 448 375 261 862 2243 474 
493 1540 1232 1833 920 1798 1024 558 556 165 257 393 803 819 475 876 623 427 400 259 842 2290 494 
494 1512 1318 1820 918 1818 1026 532 598 161 252 374 801 777 516 910 617 403 415 248 812 2334 491 
495 1459 1367 1844 880 1844 1028 520 607 147 261 359 800 820 503 885 637 420 425 234 818 2325 484 
496 1422 1405 1839 873 1887 1052 485 642 143 265 346 801 834 510 863 609 461 437 232 806 2352 490 
497 1373 1436 1862 870 1923 1057 483 669 115 238 375 816 909 432 829 602 461 443 226 805 2373 460 
498 1407 1423 1819 915 1922 1074 478 682 117 237 389 839 890 442 799 587 455 438 223 821 2388 459 
499 1433 1408 1831 937 1863 1099 464 696 120 223 394 851 863 437 813 613 444 449 221 815 2369 447 