0 0.000 0.000 0.000 0.000 0.000 0.000 0.000 0.000 0.000 0.000 0.000 0.000 0.000 0.000 0.000 0.000 0.000 0.000 0.000 0.000 0.000 0.736 
1 0.000 0.000 0.000 0.000 0.000 0.000 0.000 0.000 0.079 0.000 0.000 0.000 0.000 0.000 0.000 0.000 0.000 0.000 0.000 0.000 0.000 0.730 
2 0.000 0.000 0.000 0.000 0.000 0.000 0.000 0.000 0.069 0.000 0.000 0.000 0.000 0.000 0.000 0.000 0.000 0.000 0.000 0.000 0.000 0.729 
3 0.000 0.000 0.000 0.000 0.000 0.000 0.000 0.000 0.075 0.000 0.000 0.000 0.000 0.000 0.000 0.000 0.000 0.000 0.000 0.000 0.000 0.730 
4 0.000 0.000 0.000 0.000 0.000 0.000 0.000 0.000 0.072 0.000 0.000 0.000 0.000 0.000 0.000 0.000 0.000 0.000 0.000 0.000 0.000 0.741 
5 0.000 0.000 0.000 0.000 0.000 0.000 0.000 0.000 0.068 0.000 0.000 0.000 0.000 0.000 0.000 0.000 0.000 0.000 0.000 0.000 0.000 0.732 
6 0.000 0.000 0.000 0.000 0.000 0.000 0.000 0.000 0.065 0.000 0.000 0.000 0.000 0.000 0.000 0.000 0.000 0.000 0.000 0.000 0.000 0.715 
7 0.000 0.000 0.355 0.000 0.000 0.000 0.000 0.000 0.059 0.000 0.000 0.000 0.000 0.000 0.000 0.000 0.000 0.000 0.000 0.000 0.000 0.695 
8 0.000 0.000 0.365 0.000 0.000 0.000 0.000 0.000 0.055 0.000 0.000 0.000 0.000 0.000 0.000 0.000 0.000 0.000 0.000 0.000 0.000 0.692 
9 0.000 0.000 0.318 0.000 0.000 0.050 0.000 0.000 0.038 0.000 0.000 0.000 0.000 0.000 0.000 0.000 0.000 0.000 0.000 0.000 0.000 0.695 
10 0.000 0.000 0.319 0.000 0.000 0.050 0.000 0.000 0.044 0.000 0.000 0.000 0.000 0.000 0.000 0.000 0.000 0.000 0.000 0.000 0.000 0.710 
11 0.000 0.000 0.354 0.000 0.000 0.000 0.000 0.000 0.048 0.000 0.000 0.000 0.000 0.000 0.000 0.000 0.000 0.000 0.000 0.000 0.000 0.709 
12 0.000 0.000 0.341 0.000 0.000 0.045 0.000 0.000 0.041 0.008 0.000 0.000 0.000 0.000 0.000 0.000 0.000 0.000 0.000 0.000 0.000 0.698 
13 0.000 0.000 0.312 0.000 0.000 0.045 0.000 0.000 0.042 0.008 0.000 0.000 0.000 0.000 0.000 0.000 0.000 0.000 0.000 0.000 0.000 0.708 
14 0.000 0.000 0.291 0.000 0.000 0.045 0.000 0.000 0.041 0.008 0.000 0.000 0.000 0.000 0.000 0.000 0.000 0.000 0.000 0.000 0.000 0.695 
15 0.000 0.000 0.271 0.000 0.000 0.045 0.000 0.000 0.047 0.008 0.000 0.000 0.000 0.000 0.000 0.000 0.000 0.000 0.000 0.000 0.000 0.700 
16 0.000 0.002 0.370 0.000 0.000 0.048 0.000 0.000 0.047 0.007 0.000 0.000 0.000 0.000 0.000 0.000 0.000 0.000 0.000 0.000 0.000 0.715 
17 0.000 0.002 0.349 0.005 0.000 0.053 0.000 0.000 0.046 0.008 0.000 0.000 0.000 0.000 0.000 0.000 0.000 0.000 0.000 0.000 0.000 0.690 
18 0.000 0.002 0.366 0.005 0.000 0.050 0.000 0.000 0.025 0.023 0.000 0.000 0.000 0.000 0.000 0.000 0.000 0.000 0.000 0.000 0.000 0.692 
19 0.000 0.002 0.362 0.006 0.000 0.100 0.000 0.000 0.026 0.022 0.000 0.000 0.000 0.000 0.000 0.000 0.000 0.000 0.000 0.000 0.000 0.696 
20 0.000 0.002 0.357 0.005 0.000 0.095 0.000 0.000 0.018 0.025 0.000 0.000 0.000 0.000 0.000 0.000 0.000 0.000 0.000 0.000 0.000 0.680 
21 0.000 0.002 0.373 0.005 0.000 0.095 0.000 0.000 0.007 0.023 0.000 0.000 0.000 0.000 0.000 0.000 0.000 0.000 0.000 0.000 0.000 0.700 
22 0.000 0.002 0.369 0.000 0.000 0.100 0.000 0.000 0.008 0.023 0.000 0.000 0.000 0.000 0.000 0.000 0.000 0.000 0.000 0.000 0.000 0.706 
23 0.000 0.002 0.370 0.000 0.000 0.100 0.000 0.000 0.008 0.022 0.000 0.000 0.000 0.000 0.000 0.000 0.000 0.000 0.000 0.000 0.000 0.691 
24 0.000 0.002 0.372 0.000 0.000 0.053 0.000 0.000 0.000 0.023 0.000 0.000 0.000 0.000 0.000 0.000 0.000 0.000 0.000 0.000 0.000 0.712 
25 0.000 0.002 0.493 0.000 0.000 0.050 0.000 0.000 0.000 0.019 0.000 0.000 0.000 0.000 0.000 0.000 0.000 0.000 0.000 0.000 0.000 0.696 
26 0.000 0.002 0.483 0.000 0.000 0.048 0.000 0.000 0.000 0.020 0.000 0.000 0.000 0.000 0.000 0.000 0.000 0.000 0.000 0.000 0.000 0.684 
27 0.000 0.000 0.486 0.000 0.000 0.045 0.000 0.000 0.000 0.019 0.000 0.000 0.000 0.000 0.000 0.000 0.000 0.000 0.000 0.000 0.000 0.677 
28 0.000 0.000 0.459 0.000 0.000 0.000 0.000 0.000 0.000 0.011 0.005 0.000 0.000 0.000 0.000 0.000 0.000 0.000 0.000 0.000 0.000 0.680 
29 0.000 0.000 0.521 0.000 0.000 0.000 0.000 0.000 0.000 0.016 0.005 0.000 0.000 0.000 0.000 0.000 0.000 0.000 0.000 0.000 0.000 0.689 
30 0.000 0.000 0.494 0.000 0.000 0.000 0.000 0.000 0.000 0.016 0.005 0.000 0.000 0.000 0.000 0.000 0.000 0.000 0.000 0.000 0.000 0.697 
31 0.000 0.000 0.488 0.000 0.000 0.000 0.000 0.000 0.000 0.016 0.006 0.000 0.000 0.000 0.000 0.000 0.000 0.000 0.000 0.000 0.000 0.693 
32 0.000 0.000 0.482 0.000 0.000 0.000 0.000 0.000 0.000 0.016 0.003 0.000 0.000 0.000 0.000 0.000 0.000 0.000 0.000 0.000 0.000 0.707 
33 0.000 0.000 0.488 0.000 0.000 0.000 0.000 0.000 0.000 0.014 0.003 0.000 0.000 0.000 0.000 0.000 0.000 0.000 0.000 0.000 0.000 0.691 
34 0.000 0.000 0.479 0.000 0.000 0.000 0.000 0.000 0.000 0.014 0.003 0.000 0.000 0.000 0.000 0.000 0.000 0.000 0.000 0.000 0.000 0.716 
35 0.000 0.000 0.497 0.000 0.000 0.000 0.000 0.000 0.000 0.014 0.003 0.000 0.000 0.000 0.000 0.000 0.000 0.000 0.000 0.000 0.000 0.719 
36 0.000 0.000 0.528 0.000 0.000 0.269 0.000 0.000 0.000 0.031 0.000 0.000 0.000 0.000 0.000 0.000 0.000 0.000 0.000 0.000 0.000 0.699 
37 0.000 0.000 0.532 0.000 0.000 0.269 0.000 0.000 0.000 0.030 0.000 0.000 0.000 0.000 0.000 0.000 0.000 0.000 0.000 0.000 0.000 0.710 
38 0.000 0.000 0.520 0.000 0.000 0.269 0.000 0.000 0.000 0.024 0.003 0.000 0.000 0.000 0.000 0.000 0.000 0.000 0.000 0.000 0.000 0.718 
39 0.000 0.000 0.489 0.000 0.000 0.250 0.000 0.000 0.006 0.017 0.006 0.000 0.000 0.000 0.000 0.000 0.000 0.000 0.000 0.000 0.000 0.721 
40 0.000 0.000 0.471 0.000 0.000 0.241 0.000 0.000 0.006 0.017 0.006 0.000 0.000 0.000 0.000 0.000 0.000 0.000 0.000 0.000 0.000 0.742 
41 0.000 0.000 0.497 0.000 0.000 0.241 0.000 0.000 0.007 0.017 0.006 0.000 0.000 0.000 0.000 0.000 0.000 0.000 0.000 0.000 0.000 0.752 
42 0.000 0.000 0.503 0.000 0.000 0.250 0.000 0.000 0.007 0.017 0.006 0.000 0.000 0.000 0.000 0.000 0.000 0.000 0.000 0.000 0.000 0.747 
43 0.000 0.000 0.484 0.000 0.000 0.231 0.000 0.000 0.008 0.025 0.005 0.000 0.000 0.000 0.000 0.000 0.000 0.000 0.000 0.000 0.000 0.750 
44 0.000 0.000 0.497 0.000 0.000 0.250 0.000 0.000 0.008 0.021 0.005 0.000 0.000 0.000 0.000 0.000 0.000 0.000 0.000 0.000 0.000 0.739 
45 0.000 0.000 0.486 0.000 0.000 0.250 0.000 0.000 0.007 0.021 0.005 0.000 0.000 0.000 0.000 0.000 0.000 0.000 0.000 0.000 0.000 0.721 
46 0.000 0.000 0.500 0.000 0.000 0.250 0.000 0.000 0.007 0.021 0.005 0.000 0.000 0.000 0.000 0.000 0.000 0.000 0.000 0.000 0.000 0.717 
47 0.000 0.000 0.519 0.000 0.000 0.222 0.000 0.000 0.007 0.021 0.005 0.000 0.000 0.000 0.000 0.000 0.000 0.000 0.000 0.000 0.000 0.710 
48 0.000 0.000 0.511 0.000 0.000 0.465 0.000 0.000 0.008 0.025 0.005 0.000 0.000 0.000 0.000 0.000 0.000 0.000 0.000 0.000 0.000 0.709 
49 0.000 0.000 0.503 0.000 0.000 0.566 0.000 0.000 0.008 0.026 0.005 0.000 0.000 0.000 0.000 0.000 0.000 0.000 0.000 0.000 0.000 0.713 
50 0.000 0.000 0.503 0.000 0.000 0.709 0.000 0.000 0.008 0.026 0.005 0.000 0.000 0.000 0.000 0.000 0.000 0.000 0.000 0.000 0.000 0.691 
51 0.000 0.000 0.464 0.000 0.000 0.678 0.000 0.000 0.008 0.026 0.005 0.000 0.000 0.000 0.000 0.000 0.000 0.000 0.000 0.000 0.000 0.727 
52 0.000 0.000 0.476 0.000 0.000 0.631 0.000 0.000 0.008 0.028 0.005 0.000 0.000 0.000 0.000 0.000 0.000 0.000 0.000 0.000 0.000 0.741 
53 0.000 0.000 0.485 0.000 0.000 0.592 0.000 0.000 0.023 0.027 0.005 0.000 0.000 0.000 0.000 0.000 0.000 0.000 0.000 0.000 0.000 0.733 
54 0.000 0.000 0.470 0.000 0.000 0.556 0.000 0.000 0.023 0.027 0.005 0.000 0.000 0.000 0.000 0.000 0.000 0.000 0.000 0.000 0.000 0.726 
55 0.000 0.000 0.466 0.000 0.000 0.531 0.000 0.000 0.022 0.029 0.005 0.000 0.000 0.000 0.000 0.000 0.000 0.000 0.000 0.000 0.000 0.729 
56 0.000 0.000 0.453 0.000 0.000 0.560 0.000 0.000 0.022 0.029 0.005 0.000 0.000 0.000 0.000 0.000 0.000 0.000 0.000 0.000 0.000 0.735 
57 0.000 0.000 0.474 0.000 0.000 0.520 0.000 0.000 0.022 0.029 0.006 0.000 0.000 0.000 0.000 0.000 0.000 0.000 0.000 0.000 0.000 0.732 
58 0.000 0.000 0.463 0.000 0.000 0.540 0.000 0.000 0.014 0.029 0.005 0.000 0.000 0.000 0.000 0.000 0.000 0.000 0.000 0.000 0.000 0.705 
59 0.000 0.000 0.470 0.000 0.000 0.566 0.000 0.000 0.007 0.029 0.005 0.000 0.000 0.000 0.000 0.000 0.000 0.000 0.000 0.000 0.000 0.711 
60 0.000 0.000 0.477 0.000 0.000 0.577 0.000 0.000 0.007 0.028 0.005 0.000 0.000 0.000 0.000 0.000 0.000 0.000 0.000 0.000 0.000 0.705 
61 0.000 0.000 0.503 0.000 0.000 0.608 0.000 0.000 0.007 0.023 0.008 0.000 0.000 0.000 0.000 0.000 0.000 0.000 0.000 0.000 0.000 0.684 
62 0.000 0.000 0.518 0.000 0.000 0.621 0.000 0.000 0.006 0.024 0.007 0.000 0.000 0.000 0.000 0.000 0.000 0.000 0.000 0.000 0.000 0.683 
63 0.000 0.000 0.546 0.000 0.000 0.626 0.000 0.000 0.008 0.022 0.008 0.000 0.000 0.000 0.000 0.000 0.000 0.000 0.000 0.000 0.000 0.688 
64 0.000 0.000 0.577 0.000 0.000 0.610 0.000 0.000 0.008 0.022 0.007 0.000 0.000 0.000 0.000 0.000 0.000 0.000 0.000 0.000 0.000 0.705 
65 0.000 0.000 0.593 0.000 0.000 0.609 0.000 0.000 0.008 0.021 0.006 0.001 0.000 0.000 0.000 0.000 0.000 0.000 0.000 0.000 0.000 0.708 
66 0.000 0.000 0.565 0.000 0.000 0.611 0.000 0.000 0.008 0.020 0.006 0.001 0.000 0.000 0.000 0.000 0.000 0.000 0.000 0.000 0.000 0.696 
67 0.000 0.000 0.553 0.000 0.000 0.619 0.000 0.000 0.007 0.023 0.006 0.001 0.000 0.000 0.000 0.000 0.000 0.000 0.000 0.000 0.000 0.696 
68 0.000 0.000 0.541 0.000 0.000 0.606 0.000 0.000 0.007 0.026 0.005 0.001 0.000 0.000 0.000 0.000 0.000 0.000 0.000 0.000 0.000 0.696 
69 0.000 0.000 0.540 0.000 0.000 0.620 0.000 0.000 0.007 0.021 0.003 0.001 0.000 0.000 0.000 0.000 0.000 0.000 0.000 0.000 0.000 0.693 
70 0.000 0.000 0.511 0.000 0.000 0.599 0.000 0.000 0.007 0.021 0.005 0.000 0.000 0.000 0.000 0.000 0.000 0.000 0.000 0.000 0.000 0.689 
71 0.000 0.000 0.508 0.000 0.000 0.594 0.000 0.000 0.006 0.020 0.005 0.000 0.000 0.000 0.000 0.000 0.000 0.000 0.000 0.000 0.000 0.692 
72 0.000 0.000 0.502 0.000 0.000 0.583 0.000 0.000 0.006 0.020 0.003 0.000 0.000 0.000 0.000 0.000 0.000 0.000 0.000 0.000 0.000 0.700 
73 0.000 0.000 0.490 0.000 0.013 0.594 0.000 0.000 0.021 0.020 0.003 0.000 0.000 0.000 0.000 0.000 0.000 0.000 0.000 0.000 0.000 0.694 
74 0.000 0.000 0.531 0.000 0.012 0.601 0.000 0.000 0.019 0.020 0.002 0.000 0.000 0.000 0.000 0.000 0.000 0.000 0.000 0.000 0.000 0.710 
75 0.000 0.000 0.521 0.000 0.011 0.603 0.000 0.000 0.026 0.023 0.000 0.000 0.000 0.000 0.002 0.000 0.000 0.000 0.000 0.000 0.000 0.720 
76 0.000 0.000 0.503 0.000 0.011 0.600 0.000 0.000 0.027 0.029 0.000 0.000 0.000 0.000 0.002 0.000 0.000 0.000 0.000 0.000 0.000 0.712 
77 0.000 0.000 0.512 0.000 0.011 0.598 0.000 0.000 0.027 0.029 0.000 0.000 0.000 0.000 0.002 0.000 0.000 0.000 0.000 0.000 0.000 0.723 
78 0.000 0.000 0.514 0.000 0.011 0.609 0.000 0.000 0.027 0.032 0.000 0.000 0.000 0.000 0.001 0.000 0.000 0.000 0.000 0.000 0.000 0.707 
79 0.000 0.000 0.536 0.000 0.011 0.618 0.000 0.000 0.025 0.029 0.000 0.000 0.000 0.000 0.001 0.000 0.000 0.000 0.000 0.000 0.000 0.709 
80 0.000 0.000 0.538 0.000 0.011 0.602 0.000 0.000 0.025 0.028 0.000 0.000 0.000 0.000 0.002 0.000 0.000 0.000 0.000 0.000 0.000 0.705 
81 0.000 0.000 0.531 0.000 0.010 0.594 0.000 0.000 0.025 0.026 0.003 0.000 0.000 0.000 0.001 0.000 0.000 0.000 0.000 0.000 0.000 0.691 
82 0.000 0.000 0.533 0.000 0.010 0.592 0.000 0.002 0.020 0.025 0.003 0.000 0.000 0.000 0.002 0.000 0.000 0.000 0.000 0.000 0.000 0.710 
83 0.000 0.000 0.586 0.000 0.012 0.581 0.000 0.004 0.014 0.026 0.002 0.000 0.000 0.000 0.002 0.000 0.000 0.000 0.000 0.000 0.000 0.686 
84 0.000 0.000 0.567 0.000 0.014 0.571 0.000 0.004 0.013 0.023 0.003 0.000 0.000 0.000 0.001 0.000 0.000 0.000 0.000 0.000 0.000 0.687 
85 0.000 0.000 0.559 0.000 0.014 0.571 0.000 0.004 0.014 0.024 0.003 0.000 0.000 0.000 0.001 0.000 0.000 0.000 0.000 0.000 0.000 0.700 
86 0.000 0.000 0.533 0.000 0.012 0.572 0.000 0.004 0.015 0.027 0.003 0.000 0.000 0.000 0.001 0.000 0.000 0.000 0.000 0.000 0.000 0.708 
87 0.000 0.000 0.537 0.000 0.012 0.556 0.000 0.002 0.015 0.027 0.003 0.000 0.000 0.000 0.001 0.000 0.000 0.000 0.000 0.000 0.000 0.723 
88 0.000 0.000 0.539 0.000 0.014 0.562 0.000 0.002 0.015 0.016 0.007 0.000 0.000 0.000 0.001 0.000 0.000 0.000 0.000 0.000 0.000 0.702 
89 0.000 0.000 0.522 0.000 0.015 0.578 0.000 0.002 0.014 0.015 0.008 0.000 0.000 0.000 0.001 0.000 0.000 0.000 0.000 0.000 0.000 0.703 
90 0.000 0.000 0.513 0.000 0.015 0.571 0.000 0.002 0.014 0.015 0.007 0.000 0.000 0.000 0.001 0.000 0.000 0.000 0.000 0.000 0.000 0.708 
91 0.000 0.000 0.508 0.000 0.015 0.589 0.000 0.002 0.014 0.011 0.007 0.000 0.000 0.000 0.001 0.000 0.000 0.000 0.000 0.000 0.000 0.699 
92 0.000 0.000 0.493 0.000 0.014 0.615 0.000 0.002 0.013 0.014 0.007 0.000 0.000 0.000 0.001 0.000 0.000 0.000 0.000 0.000 0.000 0.704 
93 0.000 0.000 0.505 0.000 0.012 0.617 0.000 0.002 0.013 0.014 0.010 0.000 0.000 0.000 0.001 0.000 0.000 0.000 0.000 0.000 0.000 0.707 
94 0.000 0.000 0.522 0.000 0.012 0.624 0.000 0.002 0.006 0.011 0.010 0.000 0.000 0.000 0.001 0.000 0.000 0.000 0.000 0.000 0.000 0.699 
95 0.000 0.000 0.522 0.000 0.011 0.620 0.000 0.002 0.006 0.007 0.010 0.000 0.000 0.000 0.001 0.000 0.000 0.000 0.000 0.000 0.000 0.696 
96 0.000 0.000 0.532 0.000 0.011 0.607 0.000 0.002 0.006 0.008 0.010 0.000 0.000 0.000 0.001 0.000 0.000 0.000 0.000 0.000 0.000 0.703 
97 0.000 0.000 0.531 0.000 0.011 0.657 0.000 0.000 0.007 0.007 0.012 0.000 0.000 0.000 0.001 0.000 0.000 0.000 0.000 0.000 0.000 0.687 
98 0.000 0.000 0.547 0.000 0.012 0.660 0.000 0.000 0.007 0.011 0.011 0.000 0.000 0.000 0.001 0.000 0.000 0.000 0.000 0.000 0.000 0.684 
99 0.000 0.000 0.554 0.000 0.012 0.658 0.000 0.000 0.007 0.011 0.009 0.000 0.000 0.000 0.001 0.000 0.000 0.000 0.000 0.000 0.000 0.681 
100 0.000 0.000 0.533 0.000 0.014 0.646 0.000 0.000 0.007 0.011 0.009 0.000 0.000 0.000 0.001 0.000 0.000 0.000 0.000 0.000 0.000 0.684 
101 0.000 0.000 0.535 0.000 0.014 0.631 0.000 0.000 0.007 0.011 0.009 0.000 0.000 0.000 0.002 0.000 0.000 0.000 0.000 0.000 0.000 0.683 
102 0.000 0.000 0.530 0.003 0.013 0.623 0.000 0.000 0.007 0.007 0.010 0.000 0.000 0.000 0.002 0.000 0.000 0.000 0.000 0.000 0.000 0.697 
103 0.000 0.000 0.492 0.004 0.010 0.618 0.000 0.000 0.007 0.008 0.009 0.000 0.000 0.000 0.002 0.000 0.000 0.000 0.000 0.000 0.000 0.696 
104 0.000 0.000 0.491 0.004 0.010 0.594 0.000 0.000 0.007 0.007 0.009 0.002 0.000 0.000 0.001 0.000 0.000 0.000 0.000 0.000 0.000 0.683 
105 0.000 0.000 0.496 0.004 0.010 0.586 0.000 0.000 0.007 0.007 0.008 0.002 0.000 0.000 0.001 0.000 0.000 0.000 0.000 0.000 0.000 0.697 
106 0.000 0.000 0.486 0.004 0.010 0.586 0.000 0.000 0.000 0.007 0.009 0.001 0.000 0.000 0.001 0.000 0.000 0.000 0.000 0.000 0.000 0.686 
107 0.000 0.000 0.480 0.008 0.008 0.594 0.000 0.000 0.000 0.007 0.009 0.001 0.000 0.000 0.001 0.000 0.000 0.000 0.000 0.000 0.000 0.690 
108 0.000 0.000 0.488 0.008 0.008 0.600 0.000 0.000 0.000 0.007 0.006 0.001 0.000 0.000 0.001 0.000 0.000 0.000 0.000 0.000 0.000 0.677 
109 0.000 0.000 0.507 0.008 0.006 0.583 0.000 0.000 0.000 0.007 0.007 0.001 0.000 0.000 0.001 0.000 0.000 0.000 0.000 0.000 0.000 0.676 
110 0.000 0.000 0.505 0.008 0.006 0.569 0.000 0.000 0.000 0.007 0.004 0.001 0.000 0.000 0.001 0.000 0.000 0.000 0.000 0.000 0.000 0.686 
111 0.000 0.000 0.503 0.007 0.004 0.570 0.000 0.000 0.000 0.007 0.005 0.001 0.000 0.000 0.001 0.000 0.000 0.000 0.000 0.000 0.000 0.692 
112 0.000 0.000 0.499 0.010 0.004 0.572 0.000 0.000 0.000 0.006 0.007 0.000 0.000 0.000 0.001 0.000 0.000 0.000 0.000 0.000 0.000 0.693 
113 0.000 0.000 0.502 0.010 0.006 0.574 0.000 0.000 0.000 0.006 0.007 0.000 0.001 0.000 0.000 0.000 0.000 0.000 0.000 0.000 0.000 0.693 
114 0.000 0.000 0.509 0.010 0.004 0.576 0.000 0.000 0.000 0.009 0.007 0.000 0.001 0.000 0.000 0.000 0.000 0.000 0.000 0.000 0.000 0.697 
115 0.000 0.000 0.526 0.008 0.006 0.578 0.000 0.000 0.000 0.009 0.007 0.000 0.001 0.000 0.000 0.000 0.000 0.000 0.000 0.000 0.000 0.694 
116 0.000 0.000 0.495 0.008 0.006 0.581 0.000 0.000 0.000 0.006 0.010 0.000 0.001 0.000 0.000 0.000 0.000 0.000 0.000 0.000 0.000 0.696 
117 0.000 0.000 0.502 0.008 0.006 0.584 0.000 0.000 0.000 0.010 0.010 0.000 0.001 0.000 0.000 0.000 0.000 0.000 0.000 0.000 0.000 0.697 
118 0.000 0.000 0.499 0.008 0.006 0.580 0.000 0.000 0.000 0.007 0.011 0.000 0.001 0.000 0.000 0.000 0.000 0.000 0.000 0.000 0.000 0.699 
119 0.000 0.000 0.514 0.008 0.006 0.592 0.000 0.000 0.000 0.007 0.009 0.000 0.001 0.000 0.000 0.000 0.000 0.000 0.000 0.000 0.000 0.689 
120 0.000 0.000 0.519 0.010 0.004 0.585 0.000 0.000 0.000 0.007 0.009 0.000 0.000 0.000 0.001 0.000 0.000 0.000 0.000 0.000 0.000 0.688 
121 0.000 0.000 0.510 0.010 0.004 0.592 0.000 0.000 0.000 0.007 0.011 0.000 0.000 0.000 0.001 0.000 0.000 0.000 0.000 0.000 0.000 0.694 
122 0.000 0.000 0.533 0.010 0.004 0.596 0.000 0.000 0.000 0.007 0.012 0.000 0.000 0.000 0.002 0.000 0.000 0.000 0.000 0.000 0.000 0.686 
123 0.000 0.000 0.523 0.010 0.011 0.593 0.000 0.000 0.000 0.007 0.007 0.001 0.000 0.000 0.002 0.000 0.000 0.000 0.000 0.000 0.000 0.684 
124 0.000 0.000 0.536 0.009 0.011 0.579 0.000 0.000 0.000 0.007 0.007 0.001 0.000 0.000 0.002 0.000 0.000 0.000 0.000 0.000 0.000 0.675 
125 0.000 0.017 0.557 0.010 0.010 0.572 0.000 0.000 0.000 0.004 0.007 0.001 0.000 0.000 0.002 0.000 0.000 0.000 0.000 0.000 0.000 0.686 
126 0.000 0.017 0.557 0.007 0.012 0.585 0.000 0.000 0.000 0.004 0.007 0.000 0.000 0.000 0.002 0.000 0.000 0.000 0.000 0.000 0.000 0.669 
127 0.000 0.017 0.561 0.007 0.011 0.601 0.000 0.000 0.000 0.004 0.008 0.000 0.000 0.000 0.002 0.000 0.000 0.000 0.000 0.000 0.000 0.686 
128 0.000 0.014 0.555 0.007 0.011 0.597 0.000 0.000 0.000 0.004 0.005 0.001 0.000 0.000 0.004 0.000 0.000 0.000 0.000 0.000 0.000 0.667 
129 0.000 0.013 0.532 0.006 0.012 0.624 0.000 0.000 0.000 0.009 0.005 0.001 0.000 0.000 0.004 0.000 0.000 0.000 0.000 0.000 0.000 0.659 
130 0.000 0.015 0.527 0.009 0.013 0.605 0.000 0.000 0.000 0.008 0.005 0.001 0.000 0.000 0.004 0.000 0.000 0.000 0.000 0.000 0.000 0.667 
131 0.000 0.015 0.513 0.009 0.010 0.606 0.000 0.000 0.000 0.008 0.005 0.001 0.000 0.000 0.004 0.000 0.000 0.000 0.000 0.000 0.000 0.690 
132 0.000 0.015 0.522 0.009 0.010 0.619 0.000 0.000 0.000 0.012 0.005 0.001 0.000 0.000 0.004 0.000 0.000 0.000 0.000 0.000 0.000 0.684 
133 0.000 0.016 0.524 0.006 0.010 0.612 0.000 0.000 0.000 0.011 0.005 0.001 0.000 0.000 0.003 0.000 0.000 0.000 0.000 0.000 0.000 0.695 
134 0.000 0.012 0.515 0.050 0.008 0.609 0.000 0.000 0.000 0.015 0.005 0.001 0.001 0.000 0.001 0.000 0.000 0.000 0.000 0.000 0.000 0.684 
135 0.000 0.015 0.513 0.045 0.004 0.638 0.000 0.000 0.000 0.008 0.007 0.001 0.001 0.000 0.001 0.000 0.000 0.000 0.000 0.000 0.000 0.709 
136 0.000 0.013 0.517 0.043 0.004 0.634 0.000 0.000 0.000 0.008 0.007 0.001 0.001 0.000 0.001 0.000 0.000 0.000 0.000 0.000 0.000 0.715 
137 0.000 0.025 0.500 0.045 0.006 0.645 0.000 0.000 0.000 0.008 0.007 0.001 0.001 0.000 0.001 0.000 0.000 0.000 0.000 0.000 0.000 0.703 
138 0.000 0.025 0.504 0.042 0.008 0.645 0.000 0.000 0.000 0.008 0.008 0.002 0.000 0.000 0.001 0.000 0.000 0.000 0.000 0.000 0.000 0.699 
139 0.000 0.025 0.509 0.047 0.008 0.639 0.000 0.000 0.000 0.008 0.008 0.002 0.000 0.000 0.001 0.000 0.000 0.000 0.000 0.000 0.000 0.710 
140 0.000 0.023 0.502 0.054 0.008 0.630 0.000 0.000 0.000 0.008 0.005 0.002 0.000 0.000 0.001 0.000 0.000 0.000 0.000 0.000 0.000 0.713 
141 0.000 0.019 0.498 0.054 0.008 0.629 0.000 0.000 0.000 0.007 0.005 0.001 0.000 0.000 0.001 0.000 0.000 0.000 0.000 0.000 0.000 0.702 
142 0.000 0.017 0.498 0.053 0.008 0.620 0.000 0.000 0.000 0.007 0.006 0.001 0.000 0.000 0.001 0.000 0.000 0.000 0.000 0.000 0.000 0.691 
143 0.000 0.014 0.518 0.057 0.008 0.601 0.000 0.000 0.000 0.007 0.005 0.001 0.000 0.000 0.001 0.000 0.000 0.000 0.000 0.000 0.000 0.692 
144 0.000 0.013 0.522 0.052 0.006 0.593 0.000 0.000 0.000 0.007 0.005 0.001 0.000 0.000 0.001 0.000 0.000 0.000 0.000 0.000 0.000 0.689 
145 0.000 0.014 0.523 0.086 0.008 0.593 0.000 0.000 0.000 0.007 0.005 0.001 0.001 0.000 0.000 0.000 0.000 0.000 0.000 0.000 0.000 0.697 
146 0.000 0.015 0.521 0.089 0.006 0.586 0.000 0.000 0.000 0.007 0.005 0.001 0.001 0.000 0.000 0.000 0.000 0.000 0.000 0.000 0.000 0.696 
147 0.000 0.014 0.520 0.090 0.006 0.609 0.000 0.000 0.000 0.007 0.005 0.001 0.001 0.000 0.000 0.000 0.000 0.000 0.000 0.000 0.000 0.657 
148 0.000 0.016 0.514 0.090 0.006 0.605 0.000 0.000 0.000 0.008 0.005 0.001 0.001 0.000 0.000 0.000 0.000 0.000 0.000 0.000 0.000 0.670 
149 0.000 0.014 0.511 0.103 0.006 0.613 0.000 0.000 0.000 0.008 0.005 0.001 0.001 0.000 0.000 0.000 0.000 0.000 0.000 0.000 0.000 0.677 
150 0.000 0.019 0.502 0.103 0.006 0.617 0.000 0.000 0.000 0.009 0.005 0.001 0.001 0.000 0.000 0.000 0.000 0.000 0.000 0.000 0.000 0.674 
151 0.000 0.019 0.489 0.095 0.054 0.607 0.000 0.000 0.000 0.009 0.005 0.001 0.001 0.000 0.000 0.000 0.000 0.000 0.000 0.000 0.000 0.677 
152 0.000 0.018 0.497 0.092 0.053 0.603 0.000 0.000 0.000 0.009 0.005 0.001 0.001 0.000 0.000 0.000 0.000 0.000 0.000 0.000 0.000 0.693 
153 0.000 0.018 0.505 0.138 0.052 0.606 0.000 0.000 0.000 0.013 0.005 0.001 0.001 0.000 0.000 0.000 0.000 0.000 0.000 0.000 0.000 0.692 
154 0.000 0.017 0.510 0.137 0.054 0.593 0.000 0.000 0.000 0.013 0.005 0.001 0.001 0.000 0.000 0.000 0.000 0.000 0.000 0.000 0.000 0.717 
155 0.000 0.015 0.510 0.155 0.056 0.581 0.000 0.000 0.000 0.013 0.005 0.001 0.001 0.000 0.000 0.000 0.000 0.000 0.000 0.000 0.000 0.707 
156 0.000 0.018 0.520 0.156 0.059 0.584 0.000 0.000 0.000 0.009 0.005 0.001 0.000 0.002 0.000 0.000 0.000 0.000 0.000 0.000 0.000 0.712 
157 0.000 0.017 0.515 0.153 0.058 0.588 0.000 0.000 0.000 0.009 0.005 0.001 0.000 0.002 0.000 0.000 0.000 0.000 0.000 0.000 0.000 0.705 
158 0.000 0.014 0.517 0.150 0.063 0.584 0.000 0.000 0.000 0.009 0.005 0.001 0.000 0.002 0.000 0.000 0.000 0.000 0.000 0.000 0.000 0.715 
159 0.000 0.015 0.515 0.173 0.064 0.585 0.000 0.000 0.000 0.009 0.005 0.001 0.000 0.002 0.000 0.000 0.000 0.000 0.000 0.000 0.000 0.717 
160 0.000 0.015 0.515 0.169 0.065 0.574 0.000 0.000 0.000 0.009 0.005 0.001 0.000 0.002 0.000 0.000 0.000 0.000 0.000 0.000 0.000 0.724 
161 0.000 0.021 0.511 0.165 0.065 0.571 0.000 0.000 0.000 0.008 0.003 0.001 0.000 0.000 0.000 0.000 0.000 0.000 0.000 0.000 0.000 0.730 
162 0.000 0.021 0.526 0.190 0.068 0.573 0.000 0.000 0.000 0.009 0.003 0.001 0.000 0.000 0.000 0.000 0.000 0.000 0.000 0.000 0.000 0.741 
163 0.000 0.047 0.515 0.198 0.064 0.562 0.000 0.000 0.000 0.008 0.002 0.001 0.000 0.000 0.000 0.000 0.000 0.000 0.000 0.000 0.000 0.738 
164 0.000 0.057 0.517 0.204 0.068 0.563 0.000 0.000 0.006 0.000 0.002 0.001 0.000 0.000 0.000 0.000 0.000 0.000 0.000 0.000 0.000 0.739 
165 0.000 0.053 0.522 0.200 0.090 0.560 0.000 0.000 0.007 0.000 0.002 0.001 0.000 0.000 0.000 0.000 0.000 0.000 0.000 0.000 0.000 0.727 
166 0.000 0.055 0.517 0.201 0.098 0.556 0.000 0.000 0.007 0.000 0.002 0.001 0.000 0.000 0.000 0.000 0.000 0.000 0.000 0.000 0.000 0.707 
167 0.000 0.053 0.507 0.200 0.104 0.564 0.000 0.000 0.007 0.000 0.003 0.001 0.000 0.000 0.000 0.000 0.000 0.000 0.000 0.000 0.000 0.698 
168 0.000 0.049 0.491 0.228 0.116 0.568 0.000 0.000 0.007 0.000 0.003 0.001 0.000 0.000 0.000 0.000 0.000 0.000 0.000 0.000 0.000 0.713 
169 0.000 0.049 0.499 0.226 0.120 0.588 0.000 0.000 0.000 0.004 0.005 0.001 0.000 0.000 0.000 0.000 0.000 0.000 0.000 0.000 0.000 0.708 
170 0.000 0.049 0.499 0.197 0.158 0.599 0.000 0.000 0.000 0.004 0.005 0.001 0.000 0.000 0.000 0.000 0.000 0.000 0.000 0.000 0.000 0.723 
171 0.000 0.048 0.494 0.195 0.161 0.596 0.000 0.000 0.000 0.004 0.005 0.001 0.000 0.000 0.000 0.000 0.000 0.000 0.000 0.000 0.000 0.740 
172 0.000 0.047 0.482 0.204 0.168 0.599 0.000 0.000 0.000 0.004 0.005 0.001 0.000 0.000 0.000 0.000 0.000 0.000 0.000 0.000 0.000 0.749 
173 0.000 0.044 0.479 0.205 0.164 0.595 0.000 0.000 0.000 0.004 0.005 0.000 0.000 0.000 0.000 0.000 0.000 0.000 0.000 0.000 0.000 0.743 
174 0.000 0.044 0.483 0.205 0.174 0.583 0.000 0.000 0.000 0.004 0.005 0.000 0.000 0.000 0.000 0.000 0.000 0.000 0.000 0.000 0.000 0.731 
175 0.000 0.043 0.466 0.204 0.187 0.576 0.000 0.000 0.000 0.004 0.005 0.000 0.000 0.000 0.000 0.000 0.000 0.000 0.000 0.000 0.000 0.745 
176 0.002 0.044 0.467 0.205 0.181 0.581 0.000 0.000 0.000 0.004 0.005 0.000 0.000 0.000 0.000 0.000 0.000 0.000 0.000 0.000 0.000 0.749 
177 0.003 0.042 0.468 0.230 0.202 0.556 0.000 0.000 0.000 0.004 0.005 0.000 0.000 0.000 0.000 0.000 0.000 0.000 0.000 0.000 0.000 0.732 
178 0.003 0.039 0.474 0.227 0.207 0.558 0.000 0.000 0.000 0.004 0.005 0.000 0.000 0.000 0.000 0.000 0.000 0.000 0.000 0.000 0.000 0.727 
179 0.003 0.043 0.474 0.233 0.224 0.567 0.000 0.000 0.000 0.000 0.005 0.000 0.000 0.000 0.000 0.000 0.000 0.000 0.000 0.000 0.000 0.743 
180 0.003 0.040 0.470 0.223 0.239 0.560 0.000 0.000 0.000 0.000 0.005 0.000 0.000 0.000 0.000 0.000 0.000 0.000 0.000 0.000 0.000 0.744 
181 0.003 0.040 0.466 0.237 0.255 0.588 0.000 0.000 0.000 0.000 0.005 0.000 0.000 0.000 0.000 0.000 0.000 0.000 0.000 0.000 0.000 0.716 
182 0.004 0.044 0.473 0.232 0.256 0.586 0.000 0.000 0.000 0.000 0.005 0.000 0.000 0.000 0.000 0.000 0.000 0.000 0.000 0.000 0.000 0.716 
183 0.005 0.041 0.484 0.229 0.248 0.582 0.000 0.000 0.000 0.000 0.005 0.000 0.000 0.000 0.000 0.000 0.000 0.000 0.000 0.000 0.000 0.704 
184 0.008 0.036 0.480 0.225 0.259 0.587 0.000 0.000 0.000 0.000 0.003 0.000 0.000 0.000 0.000 0.000 0.000 0.000 0.000 0.000 0.000 0.693 
185 0.013 0.032 0.467 0.230 0.259 0.578 0.000 0.000 0.000 0.000 0.003 0.000 0.000 0.000 0.000 0.000 0.000 0.000 0.000 0.000 0.000 0.720 
186 0.012 0.030 0.456 0.224 0.257 0.577 0.000 0.000 0.000 0.000 0.003 0.000 0.000 0.000 0.000 0.000 0.000 0.000 0.000 0.000 0.000 0.730 
187 0.012 0.029 0.464 0.235 0.247 0.566 0.000 0.000 0.000 0.000 0.003 0.000 0.000 0.000 0.000 0.000 0.000 0.000 0.000 0.000 0.000 0.729 
188 0.012 0.027 0.465 0.228 0.267 0.545 0.000 0.000 0.000 0.000 0.003 0.000 0.000 0.000 0.000 0.000 0.000 0.000 0.000 0.000 0.000 0.749 
189 0.012 0.026 0.464 0.225 0.271 0.556 0.000 0.000 0.000 0.000 0.002 0.000 0.000 0.000 0.000 0.000 0.000 0.000 0.000 0.000 0.000 0.749 
190 0.012 0.023 0.464 0.225 0.269 0.555 0.000 0.000 0.000 0.000 0.003 0.000 0.000 0.000 0.000 0.000 0.000 0.000 0.000 0.000 0.000 0.767 
191 0.012 0.023 0.455 0.260 0.271 0.558 0.000 0.000 0.000 0.000 0.003 0.000 0.000 0.000 0.001 0.000 0.000 0.000 0.000 0.000 0.000 0.750 
192 0.011 0.031 0.463 0.268 0.282 0.550 0.000 0.000 0.000 0.000 0.003 0.000 0.000 0.000 0.001 0.000 0.000 0.000 0.000 0.000 0.000 0.747 
193 0.010 0.034 0.468 0.263 0.283 0.546 0.000 0.000 0.000 0.000 0.003 0.000 0.000 0.000 0.001 0.000 0.000 0.000 0.000 0.000 0.000 0.730 
194 0.010 0.038 0.468 0.254 0.284 0.541 0.000 0.000 0.000 0.000 0.002 0.000 0.000 0.000 0.001 0.000 0.000 0.000 0.000 0.000 0.000 0.722 
195 0.010 0.038 0.475 0.258 0.270 0.537 0.000 0.000 0.000 0.000 0.000 0.000 0.000 0.000 0.001 0.000 0.000 0.000 0.000 0.000 0.000 0.710 
196 0.010 0.041 0.469 0.259 0.270 0.551 0.000 0.000 0.000 0.000 0.000 0.000 0.000 0.000 0.001 0.000 0.000 0.000 0.000 0.000 0.000 0.694 
197 0.010 0.042 0.467 0.262 0.274 0.552 0.000 0.000 0.000 0.000 0.000 0.000 0.000 0.000 0.001 0.000 0.000 0.000 0.000 0.000 0.000 0.689 
198 0.008 0.046 0.473 0.255 0.276 0.561 0.000 0.000 0.000 0.000 0.000 0.000 0.000 0.000 0.001 0.000 0.000 0.000 0.000 0.000 0.000 0.684 
199 0.008 0.045 0.477 0.260 0.273 0.557 0.000 0.000 0.000 0.000 0.000 0.000 0.000 0.000 0.001 0.000 0.000 0.000 0.000 0.000 0.000 0.685 
200 0.008 0.045 0.475 0.249 0.278 0.571 0.000 0.000 0.000 0.000 0.000 0.000 0.000 0.000 0.001 0.000 0.000 0.000 0.000 0.000 0.000 0.670 
201 0.007 0.046 0.476 0.251 0.269 0.573 0.000 0.000 0.000 0.000 0.000 0.000 0.001 0.000 0.000 0.000 0.000 0.000 0.000 0.000 0.000 0.662 
202 0.007 0.047 0.472 0.247 0.281 0.558 0.000 0.000 0.000 0.000 0.000 0.000 0.001 0.000 0.000 0.000 0.000 0.000 0.000 0.000 0.000 0.681 
203 0.006 0.049 0.469 0.245 0.280 0.559 0.000 0.000 0.000 0.000 0.000 0.000 0.001 0.000 0.000 0.000 0.000 0.000 0.000 0.000 0.000 0.681 
204 0.006 0.046 0.462 0.252 0.270 0.555 0.000 0.000 0.000 0.000 0.000 0.000 0.002 0.000 0.000 0.000 0.000 0.000 0.000 0.000 0.000 0.683 
205 0.009 0.047 0.466 0.258 0.278 0.537 0.000 0.000 0.000 0.000 0.000 0.000 0.002 0.000 0.000 0.000 0.000 0.000 0.000 0.000 0.000 0.688 
206 0.009 0.049 0.461 0.270 0.278 0.533 0.000 0.000 0.000 0.000 0.000 0.000 0.002 0.000 0.000 0.000 0.000 0.000 0.000 0.000 0.000 0.676 
207 0.009 0.051 0.445 0.285 0.286 0.521 0.000 0.000 0.000 0.000 0.000 0.000 0.002 0.000 0.000 0.000 0.000 0.000 0.000 0.000 0.000 0.685 
208 0.008 0.049 0.424 0.313 0.288 0.519 0.000 0.000 0.000 0.000 0.000 0.000 0.001 0.000 0.000 0.000 0.000 0.000 0.000 0.000 0.000 0.690 
209 0.007 0.050 0.420 0.318 0.279 0.533 0.000 0.000 0.000 0.000 0.000 0.000 0.001 0.000 0.000 0.000 0.000 0.000 0.000 0.000 0.000 0.688 
210 0.009 0.044 0.411 0.314 0.288 0.535 0.000 0.000 0.000 0.000 0.000 0.000 0.001 0.000 0.000 0.000 0.000 0.000 0.000 0.000 0.000 0.692 
211 0.011 0.040 0.404 0.301 0.294 0.541 0.000 0.000 0.000 0.000 0.000 0.000 0.001 0.000 0.000 0.000 0.000 0.000 0.000 0.000 0.000 0.705 
212 0.012 0.032 0.403 0.291 0.295 0.546 0.000 0.000 0.000 0.000 0.000 0.000 0.001 0.000 0.000 0.000 0.000 0.000 0.000 0.000 0.000 0.705 
213 0.012 0.032 0.411 0.290 0.295 0.545 0.000 0.000 0.000 0.000 0.000 0.000 0.001 0.000 0.000 0.000 0.000 0.000 0.000 0.000 0.000 0.721 
214 0.012 0.031 0.405 0.282 0.301 0.533 0.000 0.000 0.000 0.000 0.003 0.000 0.001 0.000 0.000 0.000 0.000 0.000 0.000 0.000 0.000 0.700 
215 0.010 0.034 0.410 0.278 0.293 0.534 0.000 0.000 0.000 0.000 0.003 0.000 0.001 0.000 0.000 0.000 0.000 0.000 0.000 0.000 0.000 0.698 
216 0.011 0.033 0.429 0.281 0.295 0.517 0.000 0.000 0.000 0.000 0.003 0.000 0.001 0.000 0.000 0.000 0.000 0.000 0.000 0.000 0.000 0.712 
217 0.009 0.034 0.420 0.283 0.296 0.504 0.000 0.000 0.000 0.000 0.003 0.000 0.001 0.000 0.000 0.000 0.000 0.000 0.000 0.000 0.000 0.733 
218 0.009 0.029 0.426 0.277 0.290 0.493 0.000 0.000 0.000 0.000 0.003 0.000 0.001 0.000 0.000 0.000 0.000 0.000 0.000 0.000 0.000 0.722 
219 0.009 0.028 0.411 0.281 0.298 0.501 0.000 0.000 0.000 0.000 0.003 0.000 0.001 0.000 0.000 0.000 0.000 0.000 0.000 0.000 0.000 0.707 
220 0.008 0.029 0.402 0.299 0.292 0.513 0.000 0.000 0.000 0.000 0.003 0.000 0.003 0.000 0.000 0.000 0.000 0.000 0.000 0.000 0.000 0.703 
221 0.006 0.029 0.401 0.297 0.297 0.519 0.000 0.000 0.000 0.000 0.005 0.000 0.001 0.000 0.000 0.000 0.000 0.000 0.000 0.000 0.000 0.712 
222 0.007 0.025 0.387 0.292 0.299 0.496 0.000 0.000 0.000 0.000 0.005 0.000 0.001 0.000 0.000 0.000 0.000 0.000 0.000 0.000 0.000 0.718 
223 0.007 0.024 0.378 0.285 0.293 0.479 0.000 0.000 0.000 0.000 0.004 0.000 0.001 0.000 0.000 0.000 0.000 0.000 0.000 0.000 0.000 0.703 
224 0.005 0.019 0.375 0.300 0.301 0.464 0.000 0.000 0.000 0.000 0.005 0.000 0.001 0.000 0.000 0.000 0.000 0.000 0.000 0.000 0.000 0.690 
225 0.007 0.018 0.371 0.304 0.305 0.467 0.000 0.000 0.000 0.000 0.007 0.000 0.001 0.000 0.000 0.000 0.000 0.000 0.000 0.000 0.000 0.693 
226 0.005 0.017 0.371 0.308 0.305 0.473 0.000 0.000 0.000 0.000 0.007 0.000 0.001 0.000 0.000 0.000 0.000 0.000 0.000 0.000 0.000 0.696 
227 0.005 0.019 0.371 0.303 0.307 0.480 0.000 0.000 0.000 0.000 0.008 0.000 0.001 0.000 0.000 0.000 0.000 0.000 0.000 0.000 0.000 0.671 
228 0.003 0.021 0.379 0.298 0.307 0.476 0.000 0.000 0.000 0.000 0.008 0.000 0.001 0.000 0.000 0.000 0.000 0.000 0.000 0.000 0.000 0.681 
229 0.003 0.021 0.388 0.291 0.303 0.479 0.000 0.000 0.000 0.000 0.008 0.000 0.001 0.000 0.000 0.000 0.000 0.000 0.000 0.000 0.000 0.692 
230 0.003 0.019 0.376 0.289 0.306 0.474 0.000 0.000 0.000 0.000 0.006 0.000 0.001 0.000 0.000 0.000 0.000 0.000 0.000 0.000 0.000 0.692 
231 0.003 0.018 0.383 0.287 0.298 0.479 0.000 0.000 0.000 0.000 0.006 0.000 0.001 0.000 0.000 0.000 0.000 0.000 0.000 0.000 0.000 0.681 
232 0.003 0.020 0.385 0.284 0.292 0.485 0.000 0.000 0.000 0.000 0.003 0.000 0.001 0.000 0.000 0.000 0.000 0.000 0.000 0.000 0.000 0.675 
233 0.003 0.020 0.382 0.281 0.297 0.482 0.000 0.000 0.000 0.000 0.003 0.000 0.001 0.000 0.000 0.000 0.000 0.000 0.000 0.000 0.000 0.689 
234 0.001 0.022 0.384 0.293 0.301 0.484 0.000 0.000 0.000 0.000 0.002 0.000 0.001 0.000 0.000 0.000 0.000 0.000 0.000 0.000 0.000 0.704 
235 0.001 0.024 0.386 0.292 0.296 0.476 0.000 0.000 0.000 0.000 0.000 0.001 0.001 0.000 0.000 0.000 0.000 0.000 0.000 0.000 0.000 0.706 
236 0.002 0.021 0.381 0.294 0.301 0.473 0.000 0.000 0.000 0.000 0.000 0.002 0.001 0.000 0.000 0.000 0.000 0.000 0.000 0.000 0.000 0.699 
237 0.002 0.021 0.371 0.299 0.297 0.488 0.007 0.000 0.000 0.000 0.000 0.002 0.001 0.000 0.000 0.000 0.000 0.000 0.000 0.000 0.000 0.711 
238 0.002 0.020 0.373 0.294 0.300 0.482 0.007 0.000 0.000 0.000 0.000 0.002 0.001 0.000 0.000 0.000 0.000 0.000 0.000 0.000 0.000 0.726 
239 0.002 0.020 0.379 0.304 0.309 0.467 0.007 0.000 0.000 0.000 0.000 0.002 0.001 0.000 0.000 0.000 0.000 0.000 0.000 0.000 0.000 0.729 
240 0.002 0.021 0.376 0.308 0.309 0.465 0.007 0.000 0.000 0.000 0.000 0.002 0.001 0.000 0.000 0.000 0.000 0.000 0.000 0.000 0.000 0.727 
241 0.002 0.019 0.368 0.309 0.315 0.479 0.000 0.000 0.000 0.000 0.000 0.002 0.001 0.000 0.000 0.000 0.000 0.000 0.000 0.000 0.000 0.715 
242 0.002 0.016 0.376 0.312 0.316 0.474 0.000 0.000 0.000 0.000 0.000 0.002 0.001 0.000 0.000 0.000 0.000 0.000 0.000 0.000 0.000 0.716 
243 0.002 0.018 0.392 0.309 0.313 0.461 0.000 0.000 0.000 0.000 0.000 0.002 0.001 0.000 0.000 0.000 0.000 0.000 0.000 0.000 0.000 0.709 
244 0.005 0.017 0.406 0.308 0.310 0.471 0.000 0.000 0.000 0.000 0.000 0.002 0.001 0.000 0.000 0.000 0.000 0.000 0.000 0.000 0.000 0.674 
245 0.005 0.018 0.404 0.312 0.309 0.463 0.000 0.000 0.000 0.000 0.000 0.002 0.001 0.000 0.000 0.000 0.000 0.000 0.000 0.000 0.000 0.678 
246 0.005 0.017 0.403 0.307 0.311 0.465 0.000 0.000 0.000 0.000 0.000 0.002 0.001 0.000 0.000 0.000 0.000 0.000 0.000 0.000 0.000 0.688 
247 0.006 0.016 0.398 0.310 0.317 0.447 0.000 0.000 0.000 0.000 0.000 0.002 0.001 0.000 0.000 0.000 0.000 0.000 0.000 0.000 0.000 0.694 
248 0.006 0.016 0.397 0.305 0.317 0.453 0.000 0.000 0.000 0.000 0.000 0.002 0.001 0.000 0.000 0.000 0.000 0.000 0.000 0.000 0.000 0.694 
249 0.004 0.016 0.390 0.304 0.313 0.449 0.000 0.000 0.000 0.000 0.000 0.001 0.001 0.000 0.001 0.000 0.000 0.000 0.000 0.000 0.000 0.717 
250 0.004 0.019 0.381 0.305 0.319 0.452 0.000 0.000 0.000 0.000 0.000 0.001 0.001 0.000 0.001 0.000 0.000 0.000 0.000 0.000 0.000 0.698 
251 0.003 0.021 0.367 0.302 0.328 0.438 0.000 0.000 0.000 0.000 0.000 0.001 0.001 0.000 0.001 0.000 0.000 0.000 0.000 0.000 0.000 0.697 
252 0.004 0.018 0.370 0.304 0.329 0.451 0.000 0.000 0.000 0.000 0.000 0.001 0.001 0.000 0.001 0.000 0.000 0.000 0.000 0.000 0.000 0.697 
253 0.004 0.021 0.370 0.304 0.318 0.456 0.000 0.000 0.000 0.000 0.000 0.001 0.001 0.000 0.001 0.000 0.000 0.000 0.000 0.000 0.000 0.703 
254 0.005 0.020 0.373 0.293 0.311 0.455 0.000 0.000 0.000 0.000 0.000 0.001 0.001 0.000 0.001 0.000 0.000 0.000 0.000 0.000 0.000 0.706 
255 0.005 0.018 0.374 0.297 0.316 0.454 0.000 0.000 0.000 0.000 0.000 0.001 0.002 0.000 0.001 0.000 0.000 0.000 0.000 0.000 0.000 0.704 
256 0.005 0.018 0.379 0.303 0.319 0.446 0.007 0.000 0.000 0.000 0.000 0.001 0.002 0.000 0.001 0.000 0.000 0.000 0.000 0.000 0.000 0.718 
257 0.005 0.020 0.383 0.308 0.317 0.443 0.008 0.000 0.000 0.000 0.000 0.001 0.002 0.000 0.001 0.000 0.000 0.000 0.000 0.000 0.000 0.706 
258 0.005 0.020 0.390 0.306 0.318 0.442 0.008 0.000 0.000 0.000 0.000 0.001 0.001 0.000 0.001 0.000 0.000 0.000 0.000 0.000 0.000 0.717 
259 0.005 0.023 0.379 0.301 0.315 0.451 0.008 0.000 0.000 0.000 0.000 0.001 0.001 0.000 0.001 0.000 0.000 0.000 0.000 0.000 0.000 0.710 
260 0.005 0.025 0.386 0.301 0.327 0.467 0.008 0.000 0.000 0.000 0.000 0.001 0.001 0.000 0.001 0.000 0.000 0.000 0.000 0.000 0.000 0.700 
261 0.005 0.024 0.383 0.312 0.323 0.461 0.008 0.000 0.000 0.000 0.000 0.001 0.001 0.000 0.001 0.000 0.000 0.000 0.000 0.000 0.000 0.711 
262 0.005 0.025 0.391 0.308 0.323 0.454 0.000 0.000 0.000 0.000 0.000 0.001 0.001 0.000 0.001 0.000 0.000 0.000 0.000 0.000 0.000 0.717 
263 0.005 0.024 0.396 0.308 0.330 0.440 0.000 0.000 0.000 0.000 0.000 0.001 0.001 0.000 0.001 0.000 0.000 0.000 0.000 0.000 0.000 0.707 
264 0.005 0.030 0.392 0.309 0.326 0.438 0.000 0.000 0.000 0.000 0.000 0.001 0.001 0.000 0.001 0.000 0.000 0.000 0.000 0.000 0.000 0.705 
265 0.005 0.031 0.386 0.323 0.331 0.437 0.000 0.000 0.000 0.000 0.000 0.002 0.001 0.000 0.001 0.000 0.000 0.000 0.000 0.000 0.000 0.703 
266 0.005 0.035 0.386 0.327 0.337 0.442 0.000 0.000 0.000 0.000 0.000 0.002 0.001 0.000 0.001 0.000 0.000 0.000 0.000 0.000 0.000 0.683 
267 0.006 0.034 0.387 0.330 0.341 0.453 0.000 0.000 0.000 0.000 0.000 0.002 0.001 0.000 0.001 0.000 0.000 0.000 0.000 0.000 0.000 0.669 
268 0.006 0.035 0.392 0.323 0.337 0.451 0.000 0.000 0.000 0.000 0.000 0.002 0.001 0.000 0.002 0.000 0.000 0.000 0.000 0.000 0.000 0.646 
269 0.006 0.035 0.395 0.318 0.345 0.455 0.000 0.000 0.000 0.000 0.000 0.002 0.001 0.000 0.002 0.000 0.000 0.000 0.000 0.000 0.000 0.681 
270 0.006 0.036 0.399 0.329 0.342 0.443 0.000 0.000 0.000 0.000 0.000 0.002 0.001 0.000 0.002 0.000 0.000 0.000 0.000 0.000 0.000 0.682 
271 0.008 0.036 0.404 0.327 0.347 0.430 0.000 0.000 0.000 0.000 0.000 0.002 0.001 0.000 0.002 0.000 0.000 0.000 0.000 0.000 0.000 0.674 
272 0.009 0.035 0.395 0.323 0.351 0.425 0.000 0.000 0.000 0.000 0.000 0.002 0.001 0.000 0.003 0.000 0.000 0.000 0.000 0.000 0.000 0.684 
273 0.012 0.035 0.399 0.315 0.346 0.427 0.000 0.000 0.000 0.000 0.000 0.002 0.001 0.000 0.002 0.000 0.000 0.000 0.000 0.000 0.000 0.701 
274 0.013 0.037 0.398 0.326 0.352 0.426 0.000 0.000 0.000 0.000 0.000 0.002 0.001 0.000 0.002 0.000 0.000 0.000 0.000 0.000 0.000 0.712 
275 0.013 0.036 0.398 0.326 0.357 0.414 0.000 0.000 0.000 0.000 0.000 0.004 0.001 0.000 0.002 0.000 0.000 0.000 0.000 0.000 0.000 0.712 
276 0.013 0.064 0.391 0.330 0.343 0.417 0.000 0.000 0.000 0.000 0.000 0.003 0.000 0.002 0.002 0.000 0.000 0.000 0.000 0.000 0.000 0.705 
277 0.012 0.062 0.396 0.331 0.345 0.414 0.000 0.000 0.000 0.000 0.000 0.003 0.000 0.002 0.002 0.000 0.000 0.000 0.000 0.000 0.000 0.709 
278 0.018 0.070 0.402 0.331 0.347 0.401 0.000 0.000 0.000 0.000 0.000 0.003 0.000 0.002 0.002 0.000 0.000 0.000 0.000 0.000 0.000 0.708 
279 0.016 0.137 0.402 0.325 0.343 0.394 0.000 0.000 0.000 0.000 0.000 0.003 0.000 0.002 0.002 0.000 0.000 0.000 0.000 0.000 0.000 0.686 
280 0.015 0.131 0.406 0.324 0.345 0.400 0.000 0.000 0.000 0.000 0.000 0.003 0.000 0.002 0.002 0.000 0.000 0.000 0.000 0.000 0.000 0.664 
281 0.009 0.128 0.399 0.328 0.342 0.403 0.008 0.000 0.000 0.000 0.000 0.003 0.000 0.002 0.002 0.000 0.000 0.000 0.000 0.000 0.000 0.664 
282 0.009 0.123 0.399 0.328 0.347 0.392 0.016 0.000 0.000 0.000 0.000 0.003 0.000 0.002 0.001 0.000 0.000 0.000 0.000 0.000 0.000 0.667 
283 0.009 0.122 0.420 0.322 0.352 0.390 0.016 0.000 0.000 0.000 0.000 0.002 0.000 0.002 0.001 0.001 0.000 0.000 0.000 0.000 0.000 0.657 
284 0.010 0.121 0.406 0.327 0.353 0.388 0.016 0.000 0.000 0.000 0.000 0.002 0.000 0.002 0.001 0.001 0.000 0.000 0.000 0.000 0.000 0.676 
285 0.009 0.119 0.401 0.322 0.353 0.389 0.016 0.000 0.000 0.000 0.000 0.002 0.000 0.002 0.001 0.001 0.000 0.000 0.000 0.000 0.000 0.669 
286 0.008 0.114 0.392 0.317 0.354 0.393 0.022 0.000 0.000 0.000 0.000 0.003 0.000 0.002 0.000 0.001 0.000 0.000 0.000 0.000 0.000 0.685 
287 0.008 0.111 0.389 0.326 0.350 0.402 0.021 0.000 0.000 0.000 0.000 0.002 0.000 0.002 0.000 0.001 0.000 0.000 0.000 0.000 0.000 0.681 
288 0.006 0.108 0.379 0.334 0.351 0.403 0.021 0.000 0.000 0.000 0.000 0.002 0.000 0.002 0.000 0.001 0.000 0.000 0.000 0.000 0.000 0.702 
289 0.009 0.106 0.378 0.339 0.348 0.397 0.020 0.000 0.000 0.000 0.000 0.002 0.000 0.002 0.000 0.001 0.000 0.000 0.000 0.000 0.000 0.709 
290 0.007 0.103 0.378 0.343 0.351 0.399 0.068 0.000 0.000 0.000 0.000 0.002 0.000 0.002 0.000 0.001 0.000 0.000 0.000 0.000 0.000 0.712 
291 0.009 0.108 0.378 0.346 0.350 0.403 0.078 0.000 0.000 0.000 0.000 0.002 0.000 0.002 0.000 0.001 0.000 0.000 0.000 0.000 0.000 0.703 
292 0.009 0.108 0.375 0.358 0.354 0.403 0.084 0.000 0.000 0.000 0.000 0.002 0.000 0.002 0.000 0.001 0.000 0.000 0.000 0.000 0.000 0.710 
293 0.008 0.105 0.367 0.354 0.356 0.413 0.083 0.000 0.000 0.000 0.000 0.002 0.000 0.002 0.000 0.001 0.000 0.000 0.000 0.000 0.000 0.692 
294 0.008 0.107 0.369 0.349 0.370 0.403 0.089 0.000 0.000 0.000 0.000 0.002 0.000 0.002 0.000 0.001 0.000 0.000 0.000 0.000 0.000 0.686 
295 0.008 0.109 0.354 0.352 0.370 0.410 0.096 0.000 0.000 0.004 0.000 0.002 0.000 0.002 0.000 0.002 0.000 0.000 0.000 0.000 0.000 0.688 
296 0.007 0.107 0.361 0.335 0.377 0.405 0.095 0.000 0.000 0.004 0.000 0.002 0.000 0.002 0.000 0.002 0.000 0.000 0.000 0.000 0.000 0.687 
297 0.007 0.103 0.359 0.330 0.373 0.400 0.091 0.000 0.000 0.004 0.000 0.002 0.000 0.002 0.000 0.002 0.000 0.000 0.000 0.000 0.000 0.690 
298 0.009 0.109 0.364 0.327 0.372 0.401 0.090 0.002 0.000 0.000 0.000 0.002 0.000 0.002 0.000 0.002 0.000 0.000 0.000 0.000 0.000 0.701 
299 0.011 0.110 0.380 0.329 0.364 0.386 0.076 0.002 0.000 0.000 0.000 0.002 0.000 0.002 0.000 0.001 0.000 0.000 0.000 0.000 0.000 0.695 
300 0.011 0.114 0.392 0.323 0.355 0.384 0.068 0.002 0.000 0.000 0.000 0.002 0.000 0.002 0.000 0.001 0.000 0.000 0.000 0.000 0.000 0.710 
301 0.011 0.108 0.385 0.328 0.357 0.390 0.078 0.002 0.000 0.000 0.000 0.002 0.000 0.004 0.000 0.002 0.000 0.000 0.000 0.000 0.000 0.715 
302 0.010 0.116 0.389 0.342 0.356 0.383 0.078 0.002 0.000 0.000 0.000 0.002 0.000 0.004 0.000 0.002 0.000 0.000 0.000 0.000 0.000 0.726 
303 0.012 0.121 0.398 0.339 0.350 0.382 0.070 0.002 0.000 0.000 0.000 0.002 0.000 0.004 0.000 0.002 0.000 0.000 0.000 0.000 0.000 0.726 
304 0.011 0.114 0.399 0.339 0.354 0.378 0.077 0.002 0.000 0.000 0.000 0.002 0.000 0.004 0.000 0.002 0.000 0.000 0.000 0.000 0.000 0.724 
305 0.021 0.107 0.409 0.332 0.361 0.360 0.076 0.002 0.000 0.000 0.000 0.002 0.000 0.004 0.000 0.002 0.000 0.000 0.000 0.000 0.000 0.719 
306 0.021 0.108 0.407 0.332 0.375 0.370 0.065 0.002 0.000 0.000 0.000 0.002 0.001 0.002 0.000 0.002 0.000 0.000 0.000 0.000 0.000 0.708 
307 0.023 0.103 0.400 0.347 0.374 0.368 0.062 0.015 0.000 0.000 0.000 0.001 0.000 0.002 0.000 0.002 0.000 0.000 0.000 0.000 0.000 0.701 
308 0.023 0.103 0.401 0.347 0.370 0.373 0.062 0.017 0.000 0.000 0.000 0.001 0.000 0.002 0.000 0.002 0.000 0.000 0.000 0.000 0.000 0.689 
309 0.022 0.112 0.401 0.334 0.371 0.383 0.071 0.016 0.000 0.000 0.000 0.001 0.000 0.002 0.000 0.002 0.000 0.000 0.000 0.000 0.000 0.690 
310 0.022 0.110 0.410 0.331 0.365 0.386 0.059 0.014 0.008 0.000 0.000 0.001 0.000 0.002 0.000 0.002 0.000 0.000 0.000 0.000 0.000 0.682 
311 0.022 0.117 0.400 0.325 0.370 0.393 0.063 0.014 0.008 0.000 0.000 0.001 0.000 0.002 0.000 0.002 0.000 0.000 0.000 0.000 0.000 0.686 
312 0.018 0.128 0.388 0.328 0.382 0.391 0.065 0.017 0.008 0.000 0.000 0.001 0.000 0.002 0.000 0.002 0.000 0.000 0.000 0.000 0.000 0.684 
313 0.021 0.122 0.381 0.330 0.384 0.393 0.064 0.016 0.008 0.000 0.000 0.001 0.000 0.002 0.000 0.002 0.000 0.000 0.000 0.000 0.000 0.699 
314 0.022 0.115 0.377 0.325 0.381 0.379 0.102 0.016 0.008 0.000 0.000 0.001 0.000 0.002 0.000 0.002 0.000 0.000 0.000 0.000 0.000 0.698 
315 0.022 0.116 0.384 0.321 0.376 0.374 0.106 0.016 0.008 0.000 0.000 0.001 0.000 0.002 0.000 0.002 0.000 0.000 0.000 0.000 0.000 0.695 
316 0.023 0.110 0.376 0.314 0.384 0.372 0.098 0.016 0.008 0.000 0.000 0.001 0.000 0.002 0.000 0.002 0.000 0.000 0.000 0.000 0.000 0.692 
317 0.024 0.111 0.366 0.320 0.381 0.379 0.094 0.017 0.008 0.000 0.000 0.001 0.000 0.002 0.000 0.002 0.000 0.000 0.000 0.000 0.000 0.676 
318 0.025 0.110 0.370 0.333 0.381 0.389 0.082 0.017 0.008 0.000 0.000 0.001 0.000 0.002 0.000 0.002 0.000 0.000 0.000 0.000 0.000 0.690 
319 0.025 0.128 0.367 0.353 0.368 0.406 0.078 0.015 0.007 0.000 0.000 0.001 0.000 0.002 0.000 0.002 0.000 0.000 0.000 0.000 0.000 0.720 
320 0.025 0.129 0.372 0.346 0.381 0.392 0.076 0.013 0.007 0.000 0.000 0.002 0.000 0.002 0.000 0.002 0.000 0.000 0.000 0.000 0.000 0.726 
321 0.026 0.127 0.373 0.360 0.376 0.385 0.075 0.012 0.007 0.000 0.000 0.002 0.000 0.002 0.000 0.002 0.000 0.000 0.000 0.000 0.000 0.719 
322 0.026 0.126 0.369 0.360 0.383 0.393 0.072 0.012 0.007 0.000 0.000 0.002 0.000 0.002 0.000 0.002 0.000 0.000 0.000 0.000 0.000 0.713 
323 0.022 0.129 0.376 0.349 0.385 0.400 0.077 0.013 0.007 0.000 0.000 0.002 0.000 0.002 0.000 0.002 0.000 0.000 0.000 0.000 0.000 0.707 
324 0.027 0.121 0.379 0.342 0.384 0.402 0.069 0.016 0.006 0.000 0.000 0.002 0.000 0.002 0.000 0.002 0.000 0.000 0.000 0.000 0.000 0.714 
325 0.028 0.134 0.378 0.333 0.387 0.398 0.068 0.021 0.000 0.000 0.000 0.002 0.000 0.002 0.000 0.000 0.000 0.000 0.000 0.000 0.000 0.706 
326 0.031 0.131 0.377 0.336 0.375 0.416 0.068 0.019 0.000 0.000 0.000 0.001 0.000 0.002 0.000 0.000 0.000 0.000 0.000 0.000 0.000 0.690 
327 0.031 0.129 0.372 0.347 0.374 0.407 0.067 0.019 0.000 0.000 0.000 0.001 0.000 0.002 0.000 0.000 0.000 0.000 0.000 0.000 0.000 0.681 
328 0.030 0.127 0.371 0.335 0.381 0.414 0.063 0.019 0.000 0.000 0.000 0.001 0.000 0.002 0.000 0.000 0.000 0.000 0.000 0.000 0.000 0.705 
329 0.035 0.138 0.376 0.336 0.376 0.415 0.062 0.021 0.000 0.000 0.000 0.001 0.000 0.002 0.000 0.000 0.000 0.000 0.000 0.000 0.000 0.680 
330 0.037 0.130 0.377 0.343 0.379 0.408 0.061 0.019 0.000 0.000 0.000 0.001 0.000 0.002 0.000 0.000 0.000 0.000 0.000 0.000 0.000 0.678 
331 0.037 0.136 0.378 0.335 0.385 0.396 0.067 0.018 0.000 0.000 0.000 0.001 0.000 0.002 0.000 0.000 0.000 0.000 0.000 0.000 0.000 0.691 
332 0.040 0.131 0.375 0.341 0.386 0.388 0.066 0.022 0.000 0.000 0.000 0.001 0.000 0.002 0.000 0.000 0.000 0.000 0.000 0.000 0.000 0.688 
333 0.040 0.134 0.373 0.341 0.394 0.384 0.066 0.020 0.000 0.000 0.000 0.001 0.000 0.002 0.000 0.000 0.000 0.000 0.000 0.000 0.000 0.687 
334 0.040 0.135 0.368 0.333 0.398 0.370 0.057 0.023 0.000 0.000 0.000 0.001 0.000 0.002 0.000 0.000 0.000 0.000 0.000 0.000 0.000 0.685 
335 0.057 0.122 0.360 0.337 0.395 0.370 0.053 0.025 0.000 0.000 0.000 0.001 0.000 0.004 0.000 0.000 0.000 0.000 0.000 0.000 0.000 0.665 
336 0.059 0.137 0.358 0.323 0.393 0.377 0.053 0.025 0.000 0.000 0.000 0.001 0.000 0.004 0.000 0.000 0.000 0.000 0.000 0.000 0.000 0.684 
337 0.059 0.145 0.354 0.335 0.399 0.372 0.056 0.023 0.000 0.000 0.000 0.001 0.000 0.004 0.000 0.000 0.000 0.000 0.000 0.000 0.000 0.671 
338 0.056 0.150 0.361 0.325 0.387 0.388 0.061 0.023 0.000 0.000 0.000 0.001 0.000 0.004 0.000 0.000 0.000 0.000 0.000 0.000 0.000 0.666 
339 0.055 0.172 0.361 0.314 0.381 0.389 0.056 0.026 0.000 0.000 0.000 0.001 0.000 0.004 0.000 0.000 0.000 0.000 0.000 0.000 0.000 0.667 
340 0.054 0.166 0.366 0.319 0.376 0.396 0.053 0.026 0.000 0.000 0.000 0.000 0.000 0.004 0.000 0.000 0.000 0.000 0.000 0.000 0.000 0.674 
341 0.049 0.167 0.356 0.324 0.376 0.376 0.046 0.025 0.000 0.000 0.000 0.000 0.000 0.004 0.000 0.000 0.000 0.000 0.000 0.000 0.000 0.689 
342 0.052 0.169 0.353 0.322 0.377 0.362 0.045 0.025 0.000 0.000 0.000 0.000 0.001 0.002 0.000 0.000 0.000 0.000 0.000 0.000 0.000 0.701 
343 0.051 0.164 0.356 0.331 0.370 0.356 0.040 0.025 0.000 0.000 0.000 0.000 0.001 0.000 0.000 0.000 0.000 0.000 0.000 0.000 0.000 0.684 
344 0.043 0.168 0.356 0.331 0.369 0.377 0.041 0.024 0.000 0.000 0.000 0.000 0.001 0.000 0.000 0.000 0.000 0.000 0.000 0.000 0.000 0.687 
345 0.041 0.174 0.351 0.343 0.379 0.382 0.047 0.028 0.000 0.000 0.000 0.000 0.000 0.000 0.001 0.000 0.000 0.000 0.000 0.000 0.000 0.681 
346 0.040 0.173 0.347 0.343 0.375 0.375 0.050 0.027 0.000 0.000 0.000 0.000 0.000 0.000 0.001 0.000 0.000 0.000 0.000 0.000 0.000 0.672 
347 0.035 0.178 0.357 0.342 0.375 0.369 0.049 0.027 0.000 0.000 0.000 0.000 0.000 0.000 0.001 0.000 0.000 0.000 0.000 0.000 0.000 0.659 
348 0.034 0.173 0.361 0.341 0.376 0.376 0.051 0.028 0.000 0.000 0.000 0.000 0.000 0.000 0.001 0.000 0.000 0.000 0.000 0.000 0.000 0.667 
349 0.029 0.179 0.362 0.338 0.374 0.378 0.193 0.024 0.000 0.000 0.000 0.000 0.000 0.000 0.001 0.000 0.000 0.000 0.000 0.000 0.000 0.650 
350 0.025 0.189 0.362 0.348 0.370 0.379 0.186 0.026 0.000 0.000 0.000 0.000 0.000 0.000 0.001 0.000 0.000 0.000 0.000 0.000 0.000 0.671 
351 0.023 0.180 0.360 0.344 0.368 0.370 0.181 0.025 0.000 0.000 0.000 0.000 0.000 0.000 0.001 0.000 0.000 0.000 0.000 0.000 0.000 0.694 
352 0.021 0.179 0.364 0.347 0.373 0.361 0.165 0.025 0.000 0.000 0.000 0.000 0.000 0.000 0.001 0.000 0.000 0.000 0.000 0.000 0.000 0.703 
353 0.036 0.167 0.362 0.354 0.377 0.368 0.159 0.024 0.000 0.000 0.000 0.000 0.000 0.000 0.001 0.000 0.000 0.000 0.000 0.000 0.000 0.726 
354 0.040 0.162 0.359 0.358 0.380 0.361 0.148 0.024 0.000 0.000 0.000 0.000 0.000 0.000 0.001 0.000 0.000 0.000 0.000 0.000 0.000 0.748 
355 0.039 0.164 0.357 0.346 0.377 0.368 0.142 0.022 0.000 0.000 0.000 0.000 0.000 0.000 0.001 0.000 0.000 0.000 0.000 0.000 0.000 0.749 
356 0.042 0.174 0.360 0.347 0.376 0.365 0.147 0.021 0.000 0.000 0.000 0.000 0.000 0.000 0.001 0.000 0.000 0.000 0.000 0.000 0.000 0.763 
357 0.049 0.175 0.357 0.344 0.371 0.359 0.153 0.018 0.000 0.000 0.000 0.000 0.000 0.000 0.001 0.000 0.000 0.000 0.000 0.000 0.000 0.774 
358 0.055 0.172 0.344 0.349 0.371 0.355 0.157 0.016 0.000 0.000 0.000 0.000 0.000 0.000 0.001 0.000 0.000 0.000 0.000 0.000 0.000 0.757 
359 0.054 0.165 0.338 0.348 0.371 0.360 0.165 0.014 0.000 0.000 0.000 0.000 0.000 0.000 0.001 0.000 0.000 0.000 0.000 0.000 0.000 0.748 
360 0.055 0.168 0.334 0.354 0.367 0.354 0.165 0.015 0.000 0.000 0.000 0.000 0.000 0.000 0.001 0.000 0.000 0.000 0.000 0.000 0.000 0.723 
361 0.048 0.167 0.331 0.344 0.366 0.367 0.166 0.015 0.000 0.000 0.000 0.000 0.000 0.000 0.001 0.000 0.000 0.000 0.000 0.000 0.000 0.727 
362 0.044 0.168 0.326 0.350 0.364 0.373 0.157 0.015 0.000 0.000 0.000 0.000 0.000 0.000 0.001 0.000 0.000 0.000 0.000 0.000 0.000 0.714 
363 0.045 0.165 0.320 0.351 0.367 0.369 0.155 0.017 0.000 0.000 0.000 0.000 0.000 0.000 0.001 0.000 0.000 0.000 0.000 0.000 0.000 0.714 
364 0.046 0.164 0.318 0.348 0.358 0.370 0.149 0.017 0.000 0.000 0.000 0.000 0.000 0.000 0.001 0.000 0.000 0.000 0.000 0.000 0.000 0.695 
365 0.045 0.167 0.323 0.355 0.360 0.365 0.164 0.015 0.000 0.000 0.000 0.000 0.000 0.000 0.001 0.000 0.000 0.000 0.000 0.000 0.000 0.704 
366 0.044 0.162 0.316 0.350 0.358 0.354 0.171 0.017 0.000 0.000 0.000 0.000 0.000 0.000 0.001 0.000 0.000 0.000 0.000 0.000 0.000 0.694 
367 0.044 0.161 0.314 0.346 0.358 0.353 0.172 0.015 0.000 0.000 0.000 0.000 0.000 0.000 0.000 0.000 0.000 0.000 0.000 0.000 0.000 0.694 
368 0.041 0.165 0.327 0.346 0.357 0.360 0.180 0.013 0.000 0.000 0.000 0.000 0.000 0.000 0.000 0.000 0.000 0.000 0.000 0.000 0.000 0.680 
369 0.048 0.160 0.331 0.340 0.358 0.355 0.185 0.016 0.000 0.000 0.000 0.000 0.000 0.000 0.000 0.000 0.000 0.000 0.000 0.000 0.000 0.691 
370 0.049 0.179 0.348 0.343 0.357 0.346 0.168 0.014 0.000 0.000 0.000 0.000 0.000 0.000 0.000 0.000 0.000 0.000 0.000 0.000 0.000 0.686 
371 0.048 0.173 0.355 0.327 0.364 0.354 0.152 0.015 0.000 0.000 0.000 0.000 0.000 0.000 0.000 0.000 0.000 0.000 0.000 0.000 0.000 0.696 
372 0.049 0.180 0.351 0.328 0.364 0.361 0.152 0.015 0.000 0.000 0.000 0.000 0.000 0.000 0.000 0.000 0.000 0.000 0.000 0.000 0.000 0.690 
373 0.046 0.178 0.363 0.329 0.365 0.362 0.176 0.018 0.000 0.000 0.000 0.000 0.000 0.000 0.000 0.000 0.000 0.000 0.000 0.000 0.000 0.702 
374 0.041 0.174 0.368 0.315 0.356 0.368 0.182 0.017 0.004 0.000 0.000 0.000 0.000 0.000 0.000 0.000 0.000 0.000 0.000 0.000 0.000 0.712 
375 0.047 0.189 0.362 0.301 0.373 0.369 0.175 0.019 0.005 0.000 0.000 0.000 0.000 0.000 0.000 0.000 0.000 0.000 0.000 0.000 0.000 0.716 
376 0.049 0.191 0.364 0.303 0.366 0.362 0.184 0.019 0.004 0.000 0.000 0.000 0.000 0.000 0.000 0.000 0.000 0.000 0.000 0.000 0.000 0.722 
377 0.055 0.188 0.368 0.300 0.359 0.364 0.177 0.019 0.004 0.000 0.000 0.000 0.000 0.000 0.000 0.000 0.000 0.000 0.000 0.000 0.000 0.727 
378 0.054 0.185 0.359 0.304 0.355 0.374 0.197 0.017 0.004 0.000 0.000 0.000 0.000 0.000 0.000 0.000 0.000 0.000 0.000 0.000 0.000 0.727 
379 0.055 0.180 0.360 0.302 0.354 0.372 0.208 0.017 0.004 0.000 0.000 0.000 0.000 0.000 0.000 0.000 0.000 0.000 0.000 0.000 0.000 0.737 
380 0.058 0.179 0.368 0.308 0.339 0.366 0.195 0.017 0.005 0.000 0.000 0.000 0.000 0.000 0.000 0.000 0.000 0.000 0.000 0.000 0.000 0.733 
381 0.057 0.180 0.367 0.311 0.346 0.372 0.193 0.017 0.005 0.000 0.000 0.000 0.000 0.000 0.000 0.000 0.000 0.000 0.000 0.000 0.000 0.733 
382 0.061 0.184 0.363 0.309 0.343 0.381 0.191 0.017 0.005 0.000 0.000 0.000 0.000 0.000 0.000 0.000 0.000 0.000 0.000 0.000 0.000 0.726 
383 0.063 0.187 0.361 0.321 0.342 0.394 0.196 0.019 0.000 0.000 0.000 0.000 0.000 0.000 0.000 0.000 0.000 0.000 0.000 0.000 0.000 0.713 
384 0.066 0.187 0.354 0.321 0.347 0.386 0.189 0.017 0.000 0.000 0.000 0.000 0.000 0.000 0.000 0.000 0.000 0.000 0.000 0.000 0.000 0.711 
385 0.063 0.187 0.345 0.320 0.344 0.391 0.193 0.015 0.000 0.000 0.000 0.000 0.000 0.000 0.000 0.000 0.000 0.000 0.000 0.000 0.000 0.692 
386 0.067 0.196 0.340 0.315 0.338 0.389 0.173 0.016 0.000 0.000 0.000 0.000 0.000 0.000 0.000 0.000 0.000 0.000 0.000 0.000 0.000 0.684 
387 0.066 0.183 0.337 0.314 0.338 0.382 0.173 0.014 0.006 0.000 0.000 0.000 0.000 0.000 0.000 0.000 0.000 0.000 0.000 0.000 0.000 0.669 
388 0.069 0.183 0.336 0.313 0.342 0.376 0.193 0.014 0.005 0.000 0.000 0.000 0.000 0.000 0.000 0.000 0.000 0.000 0.000 0.000 0.000 0.665 
389 0.070 0.184 0.339 0.311 0.347 0.363 0.191 0.014 0.006 0.000 0.000 0.000 0.000 0.000 0.000 0.000 0.000 0.000 0.000 0.000 0.000 0.648 
390 0.069 0.182 0.344 0.307 0.356 0.357 0.206 0.015 0.005 0.000 0.000 0.000 0.000 0.000 0.000 0.000 0.000 0.000 0.000 0.000 0.000 0.659 
391 0.071 0.208 0.342 0.324 0.353 0.365 0.202 0.030 0.005 0.000 0.000 0.000 0.000 0.000 0.000 0.000 0.000 0.000 0.000 0.000 0.000 0.650 
392 0.067 0.207 0.344 0.320 0.355 0.367 0.198 0.032 0.005 0.000 0.000 0.000 0.000 0.000 0.000 0.000 0.000 0.000 0.000 0.000 0.000 0.666 
393 0.072 0.204 0.339 0.319 0.351 0.367 0.192 0.033 0.005 0.000 0.000 0.000 0.000 0.000 0.000 0.000 0.000 0.000 0.000 0.000 0.000 0.673 
394 0.067 0.204 0.338 0.315 0.351 0.369 0.185 0.035 0.005 0.000 0.000 0.000 0.000 0.000 0.000 0.000 0.000 0.000 0.000 0.000 0.000 0.695 
395 0.066 0.197 0.355 0.303 0.349 0.365 0.207 0.033 0.005 0.004 0.000 0.000 0.000 0.000 0.000 0.000 0.000 0.000 0.000 0.000 0.000 0.690 
396 0.064 0.194 0.350 0.300 0.347 0.367 0.219 0.035 0.005 0.003 0.000 0.000 0.000 0.000 0.000 0.000 0.005 0.000 0.000 0.000 0.000 0.682 
397 0.070 0.197 0.345 0.299 0.342 0.370 0.226 0.032 0.005 0.004 0.000 0.000 0.000 0.000 0.000 0.000 0.005 0.000 0.000 0.000 0.000 0.697 
398 0.068 0.196 0.351 0.300 0.343 0.381 0.241 0.033 0.005 0.004 0.000 0.000 0.000 0.000 0.000 0.000 0.003 0.000 0.000 0.000 0.000 0.698 
399 0.073 0.193 0.345 0.304 0.348 0.385 0.235 0.036 0.005 0.000 0.000 0.000 0.000 0.000 0.000 0.000 0.000 0.000 0.000 0.000 0.000 0.692 
400 0.075 0.188 0.340 0.324 0.350 0.377 0.229 0.037 0.005 0.000 0.000 0.000 0.000 0.000 0.000 0.000 0.000 0.000 0.000 0.000 0.000 0.683 
401 0.076 0.194 0.341 0.327 0.347 0.376 0.226 0.035 0.005 0.000 0.000 0.000 0.000 0.000 0.000 0.000 0.000 0.000 0.000 0.000 0.000 0.672 
402 0.076 0.200 0.345 0.316 0.346 0.394 0.229 0.033 0.006 0.000 0.000 0.000 0.000 0.000 0.000 0.000 0.000 0.000 0.000 0.000 0.000 0.677 
403 0.074 0.203 0.338 0.318 0.346 0.399 0.229 0.033 0.006 0.000 0.000 0.000 0.000 0.000 0.000 0.000 0.000 0.000 0.000 0.000 0.000 0.705 
404 0.076 0.210 0.325 0.323 0.338 0.401 0.223 0.031 0.006 0.000 0.000 0.000 0.000 0.000 0.000 0.000 0.000 0.000 0.000 0.000 0.000 0.703 
405 0.074 0.206 0.319 0.331 0.336 0.397 0.219 0.028 0.006 0.000 0.000 0.000 0.000 0.000 0.000 0.000 0.000 0.000 0.000 0.000 0.000 0.708 
406 0.066 0.206 0.312 0.333 0.344 0.396 0.222 0.024 0.006 0.000 0.000 0.000 0.000 0.000 0.000 0.000 0.000 0.000 0.000 0.000 0.000 0.714 
407 0.072 0.211 0.316 0.323 0.350 0.390 0.222 0.025 0.005 0.000 0.000 0.000 0.000 0.000 0.000 0.000 0.000 0.000 0.000 0.000 0.000 0.703 
408 0.076 0.211 0.317 0.330 0.345 0.386 0.217 0.022 0.005 0.000 0.000 0.000 0.000 0.000 0.000 0.000 0.003 0.000 0.000 0.000 0.000 0.697 
409 0.089 0.213 0.311 0.338 0.345 0.377 0.220 0.023 0.005 0.000 0.000 0.000 0.000 0.000 0.000 0.000 0.002 0.000 0.000 0.000 0.000 0.683 
410 0.091 0.211 0.314 0.337 0.339 0.377 0.222 0.023 0.005 0.000 0.000 0.000 0.000 0.000 0.000 0.000 0.002 0.000 0.000 0.000 0.000 0.684 
411 0.092 0.212 0.309 0.325 0.340 0.382 0.223 0.021 0.004 0.000 0.000 0.000 0.000 0.000 0.000 0.000 0.002 0.000 0.000 0.000 0.000 0.681 
412 0.090 0.221 0.319 0.323 0.343 0.367 0.251 0.024 0.005 0.000 0.000 0.000 0.000 0.000 0.000 0.000 0.003 0.000 0.000 0.000 0.000 0.669 
413 0.088 0.207 0.317 0.318 0.343 0.388 0.242 0.024 0.010 0.000 0.000 0.000 0.000 0.000 0.000 0.000 0.003 0.000 0.000 0.000 0.000 0.682 
414 0.086 0.212 0.321 0.317 0.342 0.391 0.220 0.026 0.009 0.000 0.000 0.000 0.000 0.000 0.000 0.000 0.003 0.000 0.000 0.000 0.000 0.694 
415 0.088 0.217 0.318 0.315 0.355 0.382 0.235 0.027 0.009 0.000 0.009 0.000 0.000 0.000 0.000 0.000 0.003 0.000 0.000 0.000 0.000 0.693 
416 0.089 0.211 0.319 0.309 0.352 0.374 0.225 0.028 0.009 0.000 0.009 0.000 0.000 0.000 0.000 0.000 0.003 0.000 0.000 0.000 0.000 0.695 
417 0.094 0.202 0.316 0.317 0.344 0.372 0.219 0.027 0.004 0.000 0.008 0.000 0.000 0.000 0.000 0.000 0.003 0.000 0.000 0.000 0.000 0.694 
418 0.100 0.204 0.310 0.320 0.348 0.376 0.215 0.024 0.005 0.000 0.011 0.000 0.000 0.000 0.000 0.000 0.002 0.000 0.000 0.000 0.000 0.686 
419 0.105 0.203 0.312 0.326 0.349 0.384 0.219 0.024 0.005 0.000 0.011 0.000 0.000 0.000 0.000 0.000 0.002 0.000 0.000 0.000 0.000 0.694 
420 0.102 0.203 0.315 0.326 0.348 0.382 0.210 0.025 0.010 0.000 0.013 0.000 0.000 0.000 0.000 0.000 0.002 0.000 0.000 0.000 0.000 0.677 
421 0.104 0.205 0.314 0.326 0.344 0.376 0.236 0.026 0.011 0.000 0.013 0.000 0.000 0.000 0.000 0.000 0.002 0.000 0.000 0.000 0.000 0.668 
422 0.102 0.212 0.312 0.326 0.347 0.378 0.232 0.026 0.011 0.000 0.010 0.000 0.000 0.000 0.000 0.000 0.000 0.000 0.000 0.000 0.000 0.660 
423 0.109 0.201 0.313 0.319 0.351 0.372 0.230 0.024 0.011 0.000 0.010 0.000 0.000 0.000 0.000 0.000 0.000 0.000 0.000 0.000 0.000 0.663 
424 0.108 0.201 0.308 0.323 0.352 0.381 0.241 0.023 0.012 0.000 0.010 0.000 0.000 0.000 0.000 0.000 0.000 0.000 0.000 0.000 0.000 0.670 
425 0.107 0.202 0.324 0.328 0.347 0.379 0.238 0.024 0.006 0.000 0.007 0.000 0.000 0.000 0.000 0.000 0.000 0.000 0.000 0.000 0.000 0.656 
426 0.105 0.226 0.318 0.333 0.358 0.382 0.237 0.024 0.006 0.000 0.007 0.000 0.000 0.000 0.000 0.000 0.002 0.000 0.000 0.000 0.000 0.644 
427 0.105 0.222 0.313 0.337 0.361 0.376 0.245 0.031 0.007 0.000 0.008 0.000 0.000 0.000 0.000 0.000 0.002 0.000 0.000 0.000 0.000 0.660 
428 0.108 0.217 0.298 0.328 0.359 0.377 0.282 0.030 0.007 0.000 0.007 0.000 0.000 0.000 0.000 0.000 0.002 0.000 0.000 0.000 0.000 0.667 
429 0.108 0.215 0.294 0.334 0.358 0.382 0.277 0.031 0.007 0.000 0.007 0.000 0.000 0.000 0.000 0.000 0.002 0.000 0.000 0.000 0.000 0.690 
430 0.112 0.220 0.299 0.340 0.353 0.389 0.276 0.029 0.011 0.000 0.007 0.000 0.000 0.000 0.000 0.000 0.002 0.000 0.000 0.000 0.000 0.704 
431 0.122 0.216 0.302 0.329 0.349 0.385 0.276 0.030 0.011 0.000 0.007 0.000 0.000 0.000 0.000 0.000 0.002 0.000 0.000 0.000 0.000 0.701 
432 0.121 0.202 0.302 0.335 0.351 0.390 0.274 0.027 0.016 0.000 0.005 0.000 0.000 0.000 0.000 0.000 0.002 0.000 0.000 0.000 0.000 0.709 
433 0.121 0.198 0.304 0.342 0.351 0.394 0.270 0.026 0.011 0.000 0.005 0.000 0.000 0.000 0.000 0.000 0.002 0.000 0.000 0.000 0.000 0.698 
434 0.126 0.192 0.308 0.340 0.351 0.399 0.272 0.027 0.011 0.000 0.005 0.000 0.000 0.000 0.000 0.000 0.002 0.000 0.000 0.000 0.000 0.689 
435 0.127 0.191 0.305 0.331 0.356 0.400 0.267 0.024 0.013 0.000 0.005 0.000 0.000 0.000 0.000 0.000 0.000 0.000 0.003 0.000 0.000 0.702 
436 0.134 0.182 0.312 0.324 0.361 0.386 0.263 0.024 0.013 0.000 0.005 0.000 0.000 0.000 0.000 0.000 0.000 0.000 0.003 0.000 0.000 0.687 
437 0.127 0.185 0.309 0.323 0.365 0.385 0.253 0.026 0.014 0.000 0.005 0.000 0.000 0.000 0.000 0.000 0.000 0.000 0.000 0.000 0.000 0.693 
438 0.126 0.188 0.318 0.331 0.359 0.390 0.245 0.024 0.015 0.000 0.005 0.000 0.000 0.000 0.000 0.000 0.000 0.000 0.000 0.000 0.000 0.685 
439 0.125 0.189 0.316 0.326 0.355 0.391 0.219 0.018 0.022 0.000 0.005 0.000 0.000 0.000 0.000 0.000 0.000 0.000 0.000 0.000 0.000 0.699 
440 0.130 0.188 0.316 0.331 0.346 0.388 0.213 0.020 0.021 0.000 0.008 0.000 0.000 0.000 0.000 0.000 0.000 0.000 0.000 0.000 0.000 0.704 
441 0.129 0.189 0.322 0.326 0.342 0.381 0.214 0.021 0.021 0.000 0.008 0.000 0.000 0.000 0.000 0.000 0.002 0.000 0.000 0.000 0.000 0.703 
442 0.125 0.195 0.326 0.333 0.329 0.385 0.234 0.022 0.014 0.000 0.008 0.000 0.000 0.000 0.000 0.000 0.002 0.000 0.000 0.000 0.000 0.690 
443 0.121 0.190 0.331 0.330 0.327 0.395 0.222 0.023 0.013 0.000 0.008 0.000 0.000 0.000 0.000 0.000 0.002 0.000 0.000 0.000 0.000 0.698 
444 0.119 0.188 0.322 0.339 0.336 0.392 0.229 0.022 0.013 0.000 0.008 0.000 0.000 0.000 0.000 0.000 0.002 0.000 0.000 0.000 0.000 0.702 
445 0.117 0.202 0.319 0.325 0.340 0.389 0.238 0.020 0.013 0.000 0.005 0.000 0.000 0.000 0.000 0.000 0.007 0.000 0.000 0.000 0.000 0.699 
446 0.118 0.195 0.321 0.334 0.340 0.384 0.230 0.022 0.019 0.000 0.005 0.000 0.000 0.000 0.000 0.000 0.002 0.000 0.000 0.000 0.000 0.716 
447 0.118 0.191 0.319 0.334 0.334 0.383 0.230 0.023 0.020 0.000 0.005 0.000 0.000 0.000 0.000 0.000 0.002 0.000 0.000 0.000 0.000 0.713 
448 0.115 0.192 0.323 0.317 0.336 0.382 0.211 0.027 0.019 0.000 0.005 0.000 0.000 0.000 0.000 0.000 0.002 0.000 0.000 0.000 0.000 0.726 
449 0.118 0.187 0.328 0.310 0.340 0.385 0.216 0.024 0.019 0.000 0.005 0.000 0.000 0.000 0.000 0.000 0.002 0.000 0.000 0.000 0.000 0.717 
450 0.118 0.181 0.323 0.314 0.341 0.381 0.209 0.025 0.018 0.000 0.005 0.000 0.000 0.000 0.000 0.000 0.002 0.000 0.000 0.000 0.000 0.711 
451 0.106 0.183 0.319 0.317 0.339 0.374 0.209 0.021 0.018 0.000 0.005 0.000 0.000 0.000 0.000 0.000 0.002 0.000 0.000 0.000 0.000 0.698 
452 0.111 0.199 0.320 0.321 0.340 0.365 0.210 0.021 0.019 0.000 0.005 0.000 0.000 0.000 0.000 0.000 0.002 0.000 0.000 0.000 0.000 0.674 
453 0.110 0.194 0.327 0.317 0.341 0.363 0.219 0.018 0.017 0.000 0.005 0.000 0.000 0.000 0.000 0.000 0.002 0.000 0.000 0.000 0.000 0.675 
454 0.104 0.198 0.324 0.322 0.340 0.370 0.230 0.019 0.016 0.000 0.005 0.000 0.000 0.000 0.000 0.000 0.002 0.000 0.000 0.000 0.000 0.677 
455 0.107 0.190 0.318 0.317 0.349 0.369 0.245 0.017 0.012 0.004 0.005 0.000 0.000 0.000 0.000 0.000 0.002 0.000 0.000 0.000 0.000 0.672 
456 0.113 0.197 0.312 0.318 0.342 0.372 0.245 0.018 0.012 0.004 0.005 0.000 0.000 0.000 0.000 0.000 0.002 0.000 0.000 0.000 0.000 0.661 
457 0.114 0.193 0.307 0.308 0.346 0.374 0.234 0.016 0.011 0.004 0.005 0.000 0.000 0.000 0.000 0.000 0.002 0.000 0.000 0.000 0.000 0.662 
458 0.118 0.194 0.295 0.310 0.343 0.381 0.234 0.014 0.011 0.004 0.005 0.000 0.000 0.000 0.000 0.000 0.002 0.000 0.000 0.000 0.000 0.661 
459 0.120 0.207 0.299 0.311 0.340 0.395 0.234 0.014 0.012 0.004 0.005 0.000 0.000 0.000 0.000 0.000 0.005 0.000 0.000 0.000 0.000 0.643 
460 0.117 0.205 0.304 0.307 0.343 0.398 0.234 0.016 0.012 0.004 0.005 0.000 0.000 0.000 0.000 0.000 0.005 0.000 0.000 0.000 0.000 0.651 
461 0.117 0.206 0.308 0.303 0.344 0.398 0.238 0.017 0.012 0.004 0.005 0.000 0.000 0.000 0.000 0.000 0.002 0.000 0.000 0.000 0.000 0.653 
462 0.112 0.207 0.301 0.300 0.339 0.383 0.236 0.017 0.012 0.004 0.005 0.000 0.000 0.000 0.000 0.000 0.002 0.000 0.000 0.000 0.000 0.674 
463 0.118 0.210 0.304 0.298 0.339 0.376 0.233 0.017 0.012 0.004 0.002 0.000 0.000 0.000 0.000 0.000 0.003 0.000 0.000 0.000 0.000 0.677 
464 0.120 0.214 0.304 0.311 0.334 0.374 0.236 0.031 0.011 0.004 0.003 0.000 0.000 0.000 0.000 0.000 0.003 0.000 0.000 0.000 0.000 0.676 
465 0.121 0.213 0.304 0.313 0.334 0.359 0.268 0.034 0.011 0.004 0.003 0.000 0.000 0.000 0.000 0.000 0.003 0.000 0.000 0.000 0.000 0.679 
466 0.122 0.220 0.306 0.323 0.340 0.349 0.254 0.043 0.011 0.004 0.003 0.000 0.000 0.000 0.000 0.000 0.002 0.000 0.000 0.000 0.000 0.704 
467 0.123 0.226 0.319 0.317 0.346 0.349 0.258 0.044 0.011 0.004 0.003 0.000 0.000 0.000 0.000 0.000 0.003 0.000 0.000 0.000 0.000 0.703 
468 0.120 0.223 0.317 0.315 0.341 0.353 0.262 0.042 0.010 0.004 0.003 0.000 0.000 0.000 0.000 0.000 0.003 0.000 0.000 0.000 0.000 0.694 
469 0.119 0.225 0.325 0.303 0.350 0.351 0.263 0.039 0.005 0.007 0.003 0.000 0.000 0.000 0.000 0.000 0.005 0.000 0.000 0.000 0.000 0.710 
470 0.117 0.222 0.323 0.305 0.352 0.354 0.254 0.038 0.005 0.007 0.003 0.000 0.000 0.000 0.000 0.000 0.005 0.000 0.000 0.000 0.000 0.721 
471 0.111 0.228 0.335 0.303 0.355 0.350 0.250 0.040 0.005 0.008 0.003 0.000 0.000 0.000 0.000 0.000 0.004 0.000 0.000 0.000 0.000 0.734 
472 0.108 0.226 0.326 0.303 0.356 0.353 0.247 0.039 0.005 0.008 0.005 0.000 0.000 0.000 0.000 0.000 0.004 0.000 0.000 0.000 0.000 0.722 
473 0.110 0.235 0.324 0.309 0.358 0.352 0.245 0.032 0.005 0.008 0.005 0.000 0.000 0.000 0.000 0.000 0.004 0.000 0.000 0.000 0.000 0.709 
474 0.107 0.230 0.318 0.304 0.356 0.346 0.246 0.032 0.005 0.004 0.005 0.000 0.000 0.000 0.000 0.000 0.004 0.000 0.000 0.000 0.000 0.704 
475 0.104 0.225 0.323 0.309 0.361 0.353 0.232 0.029 0.000 0.004 0.005 0.000 0.000 0.000 0.000 0.000 0.004 0.000 0.000 0.000 0.000 0.702 
476 0.107 0.223 0.320 0.311 0.361 0.354 0.233 0.046 0.000 0.004 0.005 0.000 0.000 0.000 0.000 0.000 0.002 0.000 0.000 0.000 0.000 0.705 
477 0.112 0.218 0.317 0.316 0.358 0.348 0.230 0.049 0.000 0.004 0.005 0.000 0.000 0.000 0.000 0.000 0.002 0.000 0.000 0.000 0.000 0.682 
478 0.115 0.225 0.317 0.315 0.365 0.346 0.224 0.046 0.000 0.004 0.008 0.000 0.000 0.000 0.000 0.000 0.004 0.000 0.000 0.000 0.000 0.668 
479 0.129 0.212 0.321 0.306 0.376 0.346 0.232 0.047 0.000 0.004 0.008 0.000 0.000 0.000 0.000 0.000 0.004 0.000 0.000 0.000 0.000 0.667 
480 0.128 0.202 0.315 0.303 0.385 0.343 0.244 0.043 0.000 0.004 0.008 0.000 0.000 0.000 0.000 0.000 0.007 0.000 0.000 0.000 0.000 0.682 
481 0.134 0.196 0.316 0.310 0.384 0.340 0.241 0.041 0.000 0.004 0.005 0.000 0.000 0.000 0.000 0.000 0.007 0.000 0.000 0.000 0.000 0.678 
482 0.136 0.210 0.309 0.309 0.382 0.344 0.259 0.042 0.000 0.004 0.005 0.000 0.000 0.000 0.000 0.000 0.010 0.000 0.000 0.000 0.000 0.679 
483 0.130 0.223 0.301 0.323 0.376 0.345 0.241 0.034 0.000 0.004 0.005 0.000 0.000 0.000 0.000 0.000 0.007 0.000 0.000 0.000 0.000 0.685 
484 0.133 0.220 0.293 0.325 0.378 0.343 0.237 0.030 0.000 0.004 0.005 0.000 0.000 0.000 0.000 0.000 0.007 0.000 0.000 0.000 0.000 0.704 
485 0.137 0.215 0.298 0.320 0.377 0.347 0.240 0.029 0.000 0.004 0.005 0.000 0.000 0.000 0.000 0.000 0.006 0.000 0.000 0.000 0.000 0.701 
486 0.140 0.212 0.301 0.327 0.377 0.341 0.247 0.030 0.000 0.004 0.005 0.000 0.000 0.000 0.000 0.000 0.006 0.000 0.000 0.000 0.000 0.705 
487 0.141 0.213 0.309 0.327 0.370 0.350 0.232 0.023 0.000 0.004 0.005 0.000 0.000 0.000 0.000 0.000 0.009 0.000 0.000 0.000 0.000 0.705 
488 0.147 0.206 0.310 0.324 0.370 0.355 0.241 0.027 0.000 0.004 0.007 0.000 0.000 0.000 0.000 0.000 0.007 0.000 0.000 0.000 0.000 0.699 
489 0.151 0.205 0.316 0.322 0.367 0.349 0.225 0.026 0.000 0.004 0.007 0.000 0.000 0.000 0.000 0.000 0.007 0.000 0.000 0.000 0.000 0.698 
490 0.153 0.220 0.311 0.329 0.349 0.358 0.220 0.023 0.000 0.004 0.005 0.000 0.000 0.000 0.000 0.000 0.009 0.000 0.000 0.000 0.000 0.673 
491 0.156 0.223 0.318 0.331 0.356 0.354 0.228 0.028 0.000 0.004 0.005 0.000 0.000 0.000 0.000 0.000 0.009 0.000 0.000 0.000 0.000 0.680 
492 0.157 0.211 0.316 0.324 0.364 0.359 0.215 0.028 0.000 0.004 0.005 0.000 0.000 0.000 0.000 0.000 0.009 0.000 0.000 0.000 0.000 0.667 
493 0.157 0.218 0.306 0.327 0.357 0.354 0.217 0.027 0.000 0.004 0.003 0.000 0.000 0.000 0.000 0.000 0.009 0.000 0.000 0.000 0.000 0.654 
494 0.164 0.223 0.305 0.318 0.354 0.353 0.207 0.035 0.000 0.004 0.000 0.000 0.000 0.000 0.000 0.000 0.010 0.000 0.000 0.000 0.000 0.642 
495 0.154 0.234 0.305 0.316 0.352 0.343 0.200 0.040 0.000 0.004 0.000 0.000 0.000 0.000 0.000 0.000 0.010 0.000 0.000 0.000 0.000 0.663 
496 0.154 0.226 0.303 0.331 0.350 0.348 0.216 0.044 0.000 0.004 0.000 0.000 0.000 0.000 0.000 0.000 0.009 0.000 0.000 0.000 0.000 0.635 
497 0.163 0.211 0.309 0.315 0.355 0.345 0.222 0.040 0.000 0.000 0.003 0.000 0.000 0.000 0.000 0.000 0.009 0.000 0.000 0.000 0.000 0.650 
498 0.166 0.209 0.305 0.323 0.353 0.344 0.220 0.041 0.000 0.000 0.003 0.000 0.000 0.000 0.000 0.000 0.009 0.000 0.000 0.000 0.000 0.667 
499 0.164 0.214 0.312 0.322 0.357 0.340 0.228 0.039 0.000 0.000 0.003 0.000 0.000 0.000 0.000 0.000 0.007 0.000 0.000 0.000 0.000 0.680 