0 320 397 38 94 193 1 31 351 140 247 352 395 585 539 35 218 222 613 99 237 2268 5291 
1 324 415 37 91 190 47 32 380 145 273 376 391 603 531 31 223 226 625 103 252 2253 5095 
2 338 440 36 95 189 47 48 392 158 296 403 392 621 503 54 203 232 615 105 255 2278 4942 
3 346 445 57 99 186 51 49 431 161 319 429 396 642 484 55 199 255 590 101 269 2286 4831 
4 338 449 77 98 188 52 71 524 187 316 452 395 647 481 62 201 257 581 100 277 2275 4670 
5 347 460 82 104 186 56 72 546 191 320 462 401 653 478 66 200 260 573 101 301 2254 4729 
6 327 490 85 104 189 62 76 579 196 330 471 405 671 461 69 197 270 542 98 310 2252 4774 
7 316 498 89 128 169 62 81 593 207 345 501 411 691 439 70 195 270 519 118 320 2263 4805 
8 323 515 90 129 171 68 83 609 231 342 503 411 729 427 70 195 271 531 124 339 2253 4872 
9 346 511 107 121 169 71 86 631 226 340 528 405 751 416 72 193 281 501 145 362 2258 4887 
10 354 516 106 118 171 116 89 658 232 340 536 402 753 422 70 200 278 493 142 355 2262 4852 
11 363 533 109 119 170 121 90 657 243 338 542 411 746 414 95 210 278 493 144 350 2258 4948 
12 351 550 103 127 162 128 92 648 247 345 556 415 747 417 110 178 284 455 166 358 2264 4993 
13 352 562 104 124 167 151 89 670 252 349 571 417 756 410 120 159 289 444 171 376 2278 5020 
14 357 547 133 119 167 152 90 680 250 401 551 413 759 411 124 162 294 433 179 411 2264 5053 
15 355 543 138 124 166 158 94 694 248 410 548 421 764 409 125 167 325 393 187 420 2305 5101 
16 354 541 147 128 162 159 99 716 247 424 575 423 772 412 131 168 321 396 188 422 2326 5131 
17 360 553 148 129 164 162 97 729 246 433 586 427 783 425 131 168 323 398 190 449 2318 5197 
18 360 559 148 139 163 162 95 764 239 435 621 432 808 425 116 190 324 397 196 442 2335 5232 
19 361 569 192 140 164 162 96 775 238 436 622 439 801 435 111 201 323 396 199 436 2353 5274 
20 369 578 199 136 159 161 111 789 241 444 629 432 815 439 110 202 324 403 199 449 2363 5334 
21 376 589 228 138 159 159 108 831 261 499 640 425 824 446 109 222 323 418 202 429 2391 5173 
22 377 591 244 138 161 162 107 889 269 544 646 426 838 449 107 222 329 428 200 582 2215 5058 
23 375 580 306 140 162 181 114 907 309 564 667 438 797 508 108 228 326 430 204 580 2159 4879 
24 374 593 483 149 166 184 105 927 321 584 681 443 767 538 107 217 330 435 212 627 2122 4718 
25 370 603 523 153 170 204 129 938 379 569 698 418 727 538 158 228 324 445 211 644 2123 4598 
26 373 602 567 151 170 213 124 947 390 580 712 415 735 534 165 225 329 448 205 627 2162 4624 
27 377 586 587 156 172 221 125 939 423 601 709 421 739 532 165 226 337 450 205 640 2183 4645 
28 377 603 614 155 175 227 122 960 398 629 718 431 751 512 167 224 342 435 205 661 2176 4740 
29 387 614 618 152 175 226 124 986 405 637 731 427 748 498 154 242 337 427 210 675 2180 4826 
30 385 613 625 152 183 228 124 1009 413 662 710 439 742 500 154 253 352 427 207 688 2180 4934 
31 379 620 638 156 190 229 149 987 415 667 724 436 749 487 158 255 364 421 202 698 2200 5023 
32 376 585 722 164 194 226 151 1022 424 672 740 415 774 476 186 265 352 408 205 702 2209 5104 
33 370 589 736 161 211 210 158 1049 425 694 753 408 812 425 189 264 357 431 175 751 2206 5171 
34 370 601 746 167 201 217 164 1088 436 691 742 403 832 424 189 273 334 419 177 733 2247 5250 
35 383 631 772 169 205 228 175 1137 459 738 753 411 855 415 194 277 341 408 181 782 2208 5119 
36 390 645 770 170 230 256 176 1190 457 774 773 413 862 412 197 280 339 418 168 841 2186 5037 
37 392 654 779 171 236 260 173 1232 469 770 820 414 835 434 241 262 346 423 168 883 2173 4941 
38 396 677 770 165 234 254 276 1212 468 798 857 460 784 435 241 262 357 396 167 855 2224 4810 
39 397 679 808 170 236 262 280 1241 479 781 910 463 781 445 245 293 348 393 170 801 2253 4768 
40 409 699 782 173 240 272 303 1271 487 804 922 468 774 453 252 319 353 396 173 748 2293 4716 
41 416 766 837 179 243 330 310 1307 498 835 936 473 785 454 250 321 352 402 186 745 2297 4543 
42 422 784 831 185 239 333 319 1311 479 877 956 481 772 482 256 324 359 406 185 747 2313 4648 
43 426 801 838 183 243 338 330 1293 502 851 989 489 793 493 266 325 364 409 177 782 2283 4709 
44 436 815 849 184 248 340 336 1338 472 840 1042 479 792 479 267 319 364 419 177 833 2284 4773 
45 439 849 851 186 251 359 342 1351 479 867 1039 472 817 452 310 315 371 429 174 832 2292 4859 
46 442 861 848 187 251 376 346 1368 503 904 979 480 839 427 358 318 371 424 171 827 2319 4921 
47 449 881 858 188 249 379 349 1388 523 868 976 537 800 438 399 308 384 424 174 841 2331 5019 
48 449 872 880 199 251 375 344 1396 565 921 887 548 807 445 428 310 390 438 179 872 2317 5076 
49 462 881 923 201 250 381 341 1416 586 892 936 559 800 445 440 309 386 439 178 843 2348 5122 
50 467 890 984 206 253 383 365 1421 593 861 997 557 783 454 454 313 393 444 206 787 2422 5143 
51 463 900 1008 204 248 388 364 1422 593 867 984 553 797 450 491 314 403 443 220 817 2367 5198 
52 431 956 1027 227 227 395 373 1446 586 850 1001 547 818 457 498 319 373 480 241 826 2282 5266 
53 429 993 1066 229 234 401 373 1454 606 857 1010 556 828 462 496 322 379 480 258 970 2105 5232 
54 447 977 1135 220 234 426 381 1545 604 861 964 565 805 512 549 332 391 501 225 969 2133 5047 
55 479 924 1166 220 234 442 380 1595 649 828 963 575 839 490 513 371 421 454 232 968 2146 4917 
56 483 919 1212 222 229 516 387 1614 638 833 969 580 841 478 501 339 445 443 312 934 2154 4749 
57 518 845 1242 224 228 538 379 1667 680 813 937 592 858 468 514 338 461 417 292 908 2169 4827 
58 522 832 1251 224 233 566 393 1681 683 796 952 602 879 439 529 347 466 418 279 859 2208 4920 
59 536 803 1215 230 317 570 395 1745 625 798 958 598 883 439 522 353 514 371 306 883 2192 4957 
60 543 819 1235 238 325 581 442 1722 721 742 979 600 903 431 497 344 517 352 326 858 2221 5052 
61 555 829 1259 240 323 595 450 1767 675 791 1019 627 867 433 531 312 527 355 336 845 2229 5139 
62 559 875 1222 241 327 610 447 1768 706 816 1051 652 813 443 574 310 530 363 345 834 2223 5165 
63 576 892 1241 247 333 637 432 1840 682 815 1096 675 801 444 578 319 545 367 325 828 2232 5247 
64 567 900 1324 226 342 653 437 1876 714 786 1113 706 790 449 588 320 529 373 322 877 2191 5170 
65 570 935 1357 225 344 681 437 1919 738 797 1127 723 802 455 590 315 538 371 336 910 2162 4992 
66 578 950 1394 222 344 689 475 1953 724 863 1101 735 775 489 598 316 547 372 342 905 2164 4857 
67 579 924 1459 221 341 733 477 1983 719 914 1045 756 774 505 639 319 571 354 336 878 2184 4808 
68 605 857 1520 221 348 798 545 2005 720 918 1001 762 772 509 680 321 580 358 326 868 2213 4685 
69 575 871 1566 219 351 803 585 2004 715 928 976 778 781 495 710 323 606 354 327 823 2243 4760 
70 574 812 1587 221 412 821 596 2035 729 917 977 781 780 503 725 341 622 356 319 827 2251 4832 
71 560 823 1626 212 428 827 617 2074 717 925 950 803 843 442 743 346 631 365 308 837 2255 4892 
72 610 774 1654 223 435 827 635 2168 701 934 968 813 839 447 741 344 618 385 295 812 2287 4944 
73 638 765 1610 221 437 900 644 2184 721 893 1035 793 837 447 761 342 653 393 299 780 2327 4988 
74 653 770 1649 219 441 884 623 2241 720 874 1059 799 847 454 772 354 694 395 299 751 2368 5035 
75 643 814 1671 220 472 817 691 2202 761 857 1070 786 869 461 746 386 725 383 291 753 2409 5036 
76 657 846 1601 219 480 824 728 2165 781 847 1092 782 907 446 759 388 738 380 298 853 2316 5100 
77 661 878 1492 224 478 904 753 2125 784 821 1149 755 929 468 733 391 731 376 291 893 2245 5188 
78 664 873 1507 232 488 884 764 2065 810 820 1112 762 913 480 768 408 736 375 294 952 2171 5239 
79 670 874 1483 226 514 868 852 1999 847 828 1106 771 907 479 776 437 738 387 269 932 2142 5235 
80 655 884 1504 221 517 851 838 2049 854 792 1112 801 816 499 802 452 757 391 259 1028 2014 5351 
81 674 903 1536 222 514 890 871 2163 901 852 1074 819 784 497 819 453 742 394 256 1024 2031 5154 
82 671 914 1582 223 518 922 867 2257 869 920 1092 843 792 491 836 457 756 397 253 990 2056 5023 
83 703 897 1580 219 524 927 881 2343 897 990 1066 849 815 463 845 465 783 401 224 1009 2049 4885 
84 710 886 1709 224 537 946 846 2367 932 1032 1073 855 848 430 859 464 786 401 230 1014 2061 4725 
85 722 899 1745 221 541 978 845 2327 970 1078 1032 839 850 426 929 415 804 408 238 1039 2069 4627 
86 706 892 1766 230 557 988 858 2238 986 1078 1079 855 863 427 939 426 844 408 237 1036 2101 4651 
87 694 899 1821 232 574 956 884 2185 1037 1050 1130 831 899 426 963 428 886 405 237 1004 2120 4729 
88 684 931 1749 229 588 1045 832 2165 1059 1033 1167 846 874 434 978 426 894 430 237 964 2185 4767 
89 670 939 1722 230 614 1095 815 2185 1061 1035 1184 853 849 431 981 431 929 428 245 953 2200 4800 
90 641 1039 1587 232 720 1043 821 2193 1055 1042 1163 862 852 441 989 440 886 457 255 939 2217 4850 
91 641 1057 1580 218 768 997 827 2161 1056 1028 1199 899 814 445 992 438 890 469 244 979 2175 4911 
92 645 1103 1495 228 805 1035 815 2139 1066 1053 1199 909 782 474 1018 443 886 483 242 1009 2156 5018 
93 645 1075 1586 224 843 985 784 2189 1120 993 1248 910 789 471 1052 450 875 482 232 1002 2158 5089 
94 647 1043 1639 205 906 1006 773 2164 1095 999 1207 930 793 486 1071 463 934 485 234 1041 2144 5137 
95 653 1031 1664 205 930 1002 774 2233 1076 977 1174 941 809 506 1129 452 926 490 253 1028 2151 5196 
96 667 1072 1605 204 942 1017 756 2309 1111 926 1176 953 820 511 1147 465 886 521 261 1001 2199 5233 
97 683 1067 1631 205 955 1013 780 2377 1067 951 1177 956 869 468 1165 461 908 525 247 1011 2218 5284 
98 702 1101 1668 201 991 998 800 2515 1108 959 1158 968 902 435 1172 480 924 529 255 1037 2202 5078 
99 704 1079 1690 205 1032 968 817 2439 1084 965 1207 953 880 444 1206 491 989 544 256 1020 2223 4952 
100 710 1068 1679 205 1037 986 917 2339 1095 970 1261 926 934 435 1138 505 1045 534 262 987 2250 4856 
101 721 1056 1720 186 1055 997 887 2378 1074 981 1247 909 931 434 1154 515 1083 540 255 964 2262 4777 
102 747 1035 1784 204 1075 954 914 2266 1159 982 1287 901 927 436 1157 501 1157 511 236 972 2303 4616 
103 754 1067 1724 206 1107 961 946 2178 1152 980 1311 836 945 440 1188 537 1244 492 210 973 2282 4717 
104 784 1039 1728 210 1132 944 988 2256 1170 976 1361 803 923 461 1250 551 1289 475 218 969 2290 4665 
105 769 1082 1667 216 1111 1019 992 2351 1146 932 1361 808 902 476 1323 549 1225 462 238 944 2308 4731 
106 763 1099 1645 223 1158 1000 996 2460 1148 911 1424 826 874 480 1355 556 1183 434 257 961 2306 4719 
107 771 1124 1639 226 1183 1001 989 2430 1156 914 1427 844 849 480 1412 587 1185 465 255 907 2329 4793 
108 774 1181 1577 229 1212 1001 1002 2445 1126 918 1449 829 858 492 1432 583 1176 475 281 922 2330 4848 
109 760 1249 1546 237 1252 993 1055 2415 1083 898 1505 821 871 487 1441 590 1151 478 275 904 2360 4886 
110 779 1253 1570 249 1299 990 1015 2428 1104 834 1555 831 888 483 1448 599 1094 524 277 850 2411 4909 
111 783 1254 1561 248 1306 985 1004 2289 1111 845 1535 850 910 493 1468 593 1200 532 268 907 2340 4966 
112 835 1243 1574 253 1343 959 1034 2235 1066 959 1434 858 925 474 1506 591 1221 551 272 941 2225 5007 
113 879 1227 1539 261 1386 960 1045 2217 1079 986 1426 856 919 465 1526 591 1198 497 347 945 2170 5060 
114 905 1196 1548 262 1470 923 1049 2260 1058 1035 1394 864 916 434 1566 612 1198 499 357 1007 2101 5128 
115 912 1200 1530 262 1508 921 1042 2317 1044 1025 1422 901 905 431 1534 605 1198 504 359 996 2115 5204 
116 930 1169 1538 262 1520 957 1023 2375 1023 1030 1429 909 920 429 1485 627 1188 508 372 985 2119 5290 
117 1018 1095 1548 272 1547 990 987 2408 1007 1025 1431 925 967 422 1436 640 1144 551 375 931 2179 5325 
118 1033 1102 1628 277 1572 980 1034 2489 987 1055 1392 949 989 421 1373 650 1095 559 368 897 2210 5191 
119 1041 1088 1655 275 1613 958 1026 2629 946 1053 1405 965 1008 427 1371 651 1106 562 374 877 2230 5089 
120 1000 1171 1633 280 1640 983 1046 2564 1050 1042 1427 975 1019 428 1359 650 1118 573 386 817 2293 4954 
121 926 1265 1627 281 1678 1057 1079 2503 1083 1074 1441 1006 1030 431 1410 656 1151 584 379 818 2307 4761 
122 898 1274 1647 280 1677 1081 1088 2529 1041 1057 1433 1050 1004 428 1458 646 1206 593 374 764 2355 4807 
123 886 1312 1631 287 1715 1074 1111 2469 1061 1032 1461 1085 932 464 1472 651 1209 589 379 794 2382 4884 
124 864 1351 1629 295 1732 1082 1111 2436 1064 1063 1412 1057 872 524 1511 645 1213 635 382 810 2332 4986 
125 884 1328 1665 294 1702 1093 1129 2401 1127 1077 1412 1046 889 519 1525 614 1235 660 354 847 2322 5011 
126 888 1320 1639 300 1714 1152 1132 2377 1118 1081 1437 959 939 499 1586 609 1282 663 352 929 2241 5066 
127 899 1283 1652 301 1737 1134 1120 2305 1140 1098 1402 933 940 492 1584 647 1379 672 345 973 2139 5198 
128 906 1246 1741 303 1759 1130 1092 2288 1109 1139 1424 914 966 463 1622 647 1448 661 338 968 2168 5073 
129 932 1254 1748 302 1775 1231 1092 2312 1147 1143 1408 876 973 452 1684 655 1423 696 342 946 2202 4900 
130 951 1275 1708 307 1825 1247 1102 2413 1109 1135 1421 870 996 454 1688 654 1413 687 384 906 2255 4801 
131 960 1329 1656 311 1908 1237 1104 2494 1087 1107 1496 871 1022 458 1640 665 1376 685 384 873 2300 4674 
132 978 1327 1734 284 1942 1184 1105 2541 1073 1151 1428 904 1010 442 1631 669 1378 693 407 825 2357 4774 
133 992 1313 1732 275 1953 1178 1077 2642 1050 1159 1415 935 1083 455 1555 702 1322 746 398 792 2362 4832 
134 1004 1350 1605 272 2104 1157 1072 2611 1060 1132 1408 935 1012 514 1594 710 1285 776 395 782 2380 4858 
135 1015 1314 1592 276 2126 1156 1046 2631 1059 1105 1413 962 976 522 1650 717 1269 807 412 825 2296 4897 
136 1014 1327 1518 273 2150 1195 1063 2574 1106 1093 1375 953 944 535 1701 728 1219 832 458 891 2192 4974 
137 1024 1318 1486 276 2198 1172 1031 2584 1111 1081 1356 927 968 544 1722 752 1158 843 470 935 2141 5069 
138 1064 1302 1454 278 2130 1236 1008 2552 1105 1075 1358 940 957 557 1725 758 1179 874 453 1008 2062 5142 
139 1027 1297 1500 282 2078 1246 1032 2505 1123 1080 1383 954 957 550 1755 759 1213 893 409 1042 2094 5153 
140 1018 1267 1547 285 2033 1266 1029 2528 1136 1064 1404 973 876 615 1827 767 1217 899 410 1034 2135 5170 
141 995 1242 1604 295 2039 1228 1114 2521 1132 1053 1406 953 998 545 1842 776 1250 885 413 1013 2143 5200 
142 995 1262 1650 272 2022 1241 1082 2522 1138 1049 1382 971 1035 531 1857 784 1300 883 409 993 2181 5247 
143 1026 1221 1692 275 1958 1213 1071 2532 1141 1019 1369 952 1082 490 1877 792 1309 902 408 971 2221 5344 
144 1050 1144 1760 264 1962 1182 1145 2514 1107 989 1433 937 1114 433 1908 819 1365 923 412 926 2232 5151 
145 1042 1174 1777 269 1897 1207 1181 2497 1157 982 1503 950 1075 434 1973 791 1393 924 415 945 2282 4996 
146 1042 1199 1820 255 1908 1273 1157 2503 1153 1017 1518 980 1044 429 1948 807 1456 921 437 923 2282 4904 
147 1041 1278 1813 256 1952 1284 1139 2583 1100 1021 1537 1020 1039 434 1900 803 1420 895 479 903 2328 4826 
148 1057 1329 1737 259 2047 1323 1122 2625 1124 1070 1572 1052 1038 429 1840 796 1412 884 518 866 2396 4677 
149 1085 1327 1745 281 2069 1312 1081 2681 1077 1071 1586 1069 1047 434 1764 848 1383 894 523 959 2274 4737 
150 1091 1284 1762 286 2092 1292 1104 2670 1076 1088 1594 1137 1029 433 1748 865 1392 910 512 960 2230 4805 
151 1110 1259 1755 287 2148 1297 1117 2672 1010 1069 1614 1189 934 451 1813 881 1400 906 512 998 2151 4877 
152 1139 1243 1699 288 2219 1299 1136 2655 991 1078 1616 1179 945 455 1840 888 1397 898 506 1107 2061 4948 
153 1155 1249 1674 296 2197 1334 1129 2685 995 1061 1631 1181 934 495 1883 890 1335 951 514 1059 2089 4981 
154 1177 1241 1693 301 2147 1385 1121 2655 1001 1042 1637 1162 963 499 1936 905 1340 945 511 1073 2102 5091 
155 1193 1249 1693 305 2115 1402 1096 2610 1040 1086 1619 1085 1013 490 1933 943 1299 950 525 1047 2127 5124 
156 1204 1235 1774 304 2064 1399 1082 2627 963 1089 1689 1051 1084 494 1852 952 1363 947 498 1007 2169 5189 
157 1244 1195 1889 290 1982 1402 1045 2622 972 1102 1719 1007 1127 492 1845 1003 1385 941 509 1000 2192 5055 
158 1258 1211 1925 294 1975 1410 1068 2633 1001 1136 1690 1033 1151 489 1811 1024 1388 960 520 1001 2195 4923 
159 1275 1249 1928 292 2025 1393 1071 2611 1142 1111 1722 1039 1148 496 1811 1023 1368 990 513 1006 2206 4771 
160 1295 1272 1944 288 2054 1347 1040 2558 1189 1096 1701 1032 1169 502 1821 1044 1410 971 528 992 2203 4704 
161 1265 1273 1956 289 2077 1356 1084 2501 1214 1054 1729 1106 1056 507 1878 951 1409 946 563 1024 2220 4796 
162 1226 1321 1928 285 2114 1387 1103 2494 1195 1077 1690 1158 1008 524 1849 983 1410 943 581 1021 2260 4826 
163 1186 1371 1930 291 2157 1384 1135 2445 1221 1104 1686 1177 998 527 1812 999 1376 956 614 1034 2269 4904 
164 1153 1407 1887 314 2176 1384 1129 2449 1208 1105 1673 1229 963 534 1833 1012 1364 977 609 1016 2266 4986 
165 1134 1407 1878 313 2232 1391 1115 2459 1214 1157 1572 1264 953 513 1842 1063 1350 945 613 1013 2248 5084 
166 1126 1462 1819 318 2285 1395 1142 2389 1218 1155 1572 1303 943 499 1849 1062 1398 867 618 1033 2266 5113 
167 1128 1455 1867 325 2193 1415 1098 2469 1182 1153 1599 1336 938 497 1877 1052 1398 909 616 1001 2309 5151 
168 1154 1442 1863 316 2194 1402 1078 2453 1174 1154 1599 1352 937 475 1896 1059 1396 951 610 963 2328 5245 
169 1193 1378 1880 317 2180 1404 1093 2565 1189 1162 1567 1359 955 471 1916 979 1477 963 609 962 2369 5040 
170 1226 1362 1812 315 2193 1449 1086 2529 1210 1190 1536 1379 958 478 1954 961 1459 978 590 991 2342 4974 
171 1246 1388 1832 315 2200 1438 1116 2603 1190 1193 1527 1434 932 497 1922 922 1436 1009 589 1049 2325 4748 
172 1278 1408 1859 355 2111 1440 1150 2606 1200 1199 1548 1484 916 498 1955 949 1413 1076 568 1025 2371 4687 
173 1250 1412 1887 357 2112 1516 1133 2605 1195 1162 1551 1504 935 504 1995 950 1380 1073 608 1013 2361 4521 
174 1163 1476 1884 436 1989 1548 1143 2568 1185 1162 1554 1566 961 507 1919 951 1409 1056 660 937 2409 4610 
175 1076 1566 1848 487 1987 1556 1156 2560 1132 1189 1481 1580 1006 517 1916 974 1418 1009 669 985 2329 4698 
176 1086 1549 1812 508 2011 1580 1153 2536 1149 1176 1466 1617 1047 524 1846 1007 1423 1014 684 1043 2228 4803 
177 1103 1541 1781 512 2072 1555 1158 2508 1147 1158 1498 1570 1108 522 1828 1069 1364 1040 705 1041 2156 4893 
178 1120 1541 1759 553 2076 1609 1234 2469 1133 1115 1562 1545 1153 510 1788 1082 1353 1040 679 1119 2030 4879 
179 1144 1513 1687 582 2108 1641 1257 2508 1146 1085 1621 1538 1227 518 1682 1108 1296 1020 655 1123 2032 4936 
180 1165 1535 1632 590 2154 1607 1258 2453 1151 1073 1674 1504 1229 509 1699 1131 1295 1032 638 1101 2056 5017 
181 1211 1504 1609 614 2197 1576 1246 2485 1164 1050 1657 1503 1212 501 1747 1115 1243 1062 608 1089 2055 5093 
182 1239 1480 1657 632 2208 1505 1251 2466 1140 1028 1609 1527 1149 530 1855 1160 1241 1061 585 1068 2061 5126 
183 1258 1451 1725 632 2270 1498 1203 2452 1139 1055 1585 1483 1167 510 1960 1155 1220 1100 595 1033 2064 5183 
184 1312 1414 1747 636 2328 1428 1144 2551 1089 1107 1565 1495 1153 485 1964 1129 1174 1152 619 1004 2087 5232 
185 1225 1502 1682 648 2382 1452 1103 2668 1058 1178 1536 1503 1163 470 1950 1096 1216 1188 615 1005 2083 5289 
186 1230 1501 1674 656 2407 1456 1076 2743 1040 1231 1552 1463 1141 454 1894 1100 1273 1216 613 1005 2061 5202 
187 1231 1481 1718 656 2377 1483 1083 2717 1061 1257 1510 1454 1112 489 1905 1093 1278 1224 598 944 2099 5082 
188 1236 1441 1795 671 2317 1496 1082 2761 1028 1263 1527 1458 1077 503 1872 1010 1311 1171 610 953 2116 5020 
189 1204 1481 1792 685 2317 1460 1121 2770 1030 1217 1526 1424 1102 497 1837 975 1349 1136 642 932 2169 4982 
190 1208 1446 1812 703 2275 1451 1087 2840 1026 1226 1493 1450 1088 496 1836 929 1258 1152 676 959 2163 4882 
191 1222 1450 1840 731 2209 1482 1077 2859 1095 1195 1479 1488 1090 504 1813 947 1323 1141 675 926 2185 4700 
192 1291 1390 1864 731 2084 1562 1080 2834 1143 1173 1547 1491 1107 488 1806 937 1261 1174 663 902 2189 4760 
193 1351 1349 1868 745 2128 1566 1085 2822 1138 1176 1617 1518 1131 471 1785 943 1300 1130 672 897 2204 4868 
194 1308 1353 1929 739 2153 1495 1083 2794 1133 1206 1573 1595 1163 472 1689 1003 1312 1122 637 868 2218 4923 
195 1326 1326 1916 708 2223 1478 1114 2715 1141 1252 1512 1660 1185 477 1722 954 1311 1124 628 953 2224 4999 
196 1315 1333 1877 716 2289 1451 1105 2747 1111 1233 1482 1725 1198 490 1769 956 1270 1096 671 954 2217 5125 
197 1346 1365 1890 704 2332 1471 1112 2734 1090 1260 1455 1766 1211 502 1793 928 1280 1049 696 995 2223 5173 
198 1383 1343 1870 740 2310 1508 1100 2723 1081 1280 1408 1794 1196 503 1778 938 1331 1043 709 995 2237 5109 
199 1408 1334 1857 757 2301 1514 1182 2656 1090 1285 1467 1810 1212 501 1758 965 1371 1013 708 994 2272 4919 
200 1447 1298 1877 788 2306 1494 1236 2645 1102 1291 1557 1840 1152 531 1758 986 1334 993 747 952 2302 4786 
201 1444 1296 1911 833 2275 1492 1263 2596 1133 1289 1604 1839 1148 555 1770 1000 1350 978 754 955 2305 4688 
202 1404 1317 1891 883 2289 1473 1271 2638 1096 1286 1699 1766 1086 582 1775 1018 1353 955 768 909 2336 4736 
203 1424 1282 1870 901 2245 1497 1286 2556 1087 1317 1602 1706 1078 576 1892 1054 1374 934 770 929 2308 4840 
204 1330 1364 1895 931 2209 1491 1309 2482 1088 1302 1594 1671 1085 561 1955 1089 1410 940 777 898 2338 4907 
205 1304 1402 1920 996 2067 1478 1359 2408 1105 1351 1552 1592 1056 574 2097 1114 1392 944 792 889 2337 4940 
206 1299 1398 1897 989 2045 1495 1346 2448 1054 1363 1570 1660 1032 564 2060 1078 1396 966 788 877 2378 5033 
207 1320 1389 1915 922 1994 1514 1356 2526 1061 1366 1557 1717 1042 535 2025 1107 1371 980 773 895 2366 5124 
208 1300 1443 1908 878 2034 1435 1393 2640 1038 1361 1593 1766 1090 529 1939 1060 1333 1048 767 893 2361 5214 
209 1291 1463 1984 880 2058 1453 1438 2692 1060 1303 1664 1809 1141 497 1890 1053 1321 1070 758 908 2392 5020 
210 1278 1434 2030 875 2116 1429 1390 2699 1103 1275 1661 1855 1173 499 1879 1057 1326 1085 751 948 2369 4883 
211 1272 1486 1980 888 2178 1432 1410 2679 1065 1327 1628 1885 1203 491 1809 1028 1305 1108 729 976 2373 4753 
212 1276 1468 1997 867 2263 1430 1386 2729 1085 1262 1622 1870 1243 490 1809 1007 1266 1180 697 1001 2406 4616 
213 1265 1497 1940 888 2332 1449 1325 2762 1074 1246 1621 1821 1293 487 1789 1005 1249 1161 695 1060 2296 4674 
214 1251 1501 1940 882 2275 1477 1318 2687 1144 1175 1693 1758 1309 500 1728 1002 1258 1152 690 1052 2246 4753 
215 1275 1492 1910 899 2246 1482 1349 2622 1142 1162 1705 1751 1254 542 1782 981 1331 1148 685 1045 2183 4811 
216 1251 1453 1956 895 2250 1515 1316 2606 1119 1142 1716 1683 1219 535 1870 1029 1408 1108 697 1142 2058 4857 
217 1235 1448 1937 869 2265 1533 1296 2599 1106 1176 1637 1637 1216 544 1945 1046 1450 1025 733 1156 2025 4898 
218 1222 1459 1995 822 2243 1513 1304 2582 1067 1198 1588 1663 1180 555 1995 1080 1469 1023 749 1136 2046 5001 
219 1216 1441 2021 780 2273 1497 1307 2505 1073 1202 1569 1703 1208 550 2022 1079 1494 999 729 1128 2072 5081 
220 1235 1442 2081 800 2218 1500 1311 2518 1071 1192 1537 1730 1209 526 2036 1079 1495 968 766 1146 2091 5113 
221 1268 1437 2103 843 2192 1507 1255 2612 1075 1206 1466 1771 1258 509 1992 1094 1501 1000 759 1134 2144 5171 
222 1316 1396 2041 915 2172 1547 1236 2683 1074 1205 1463 1788 1302 491 2001 1065 1501 993 761 1135 2126 5237 
223 1337 1370 2046 947 2127 1552 1242 2784 1102 1230 1549 1812 1310 470 1974 1112 1487 998 747 1099 2145 5096 
224 1427 1259 2124 928 2078 1613 1201 2910 1110 1193 1594 1862 1348 473 1932 1161 1478 1022 760 1043 2173 5069 
225 1389 1268 2161 922 1996 1663 1194 2840 1136 1248 1575 1878 1428 479 1928 1187 1466 1069 778 1040 2189 4949 
226 1334 1288 2199 859 2005 1686 1185 2885 1149 1245 1561 1985 1373 480 1932 1177 1430 1093 765 1043 2208 4833 
227 1336 1336 2186 828 2068 1653 1198 2871 1143 1226 1580 1980 1400 473 1822 1187 1491 1053 776 1019 2258 4754 
228 1353 1287 2263 828 2056 1665 1275 2804 1224 1208 1646 1926 1378 501 1807 1203 1481 1009 801 986 2261 4548 
229 1299 1358 2218 882 2084 1601 1295 2780 1234 1186 1699 1895 1312 501 1848 1155 1493 1007 784 1036 2273 4602 
230 1288 1406 2276 916 1964 1629 1288 2755 1196 1177 1733 1829 1317 496 1929 1108 1538 1019 805 1053 2258 4627 
231 1257 1510 2184 986 2003 1636 1294 2736 1216 1186 1731 1841 1296 497 1982 1057 1502 1045 809 1088 2277 4664 
232 1231 1532 2169 992 2061 1608 1325 2714 1215 1181 1754 1805 1277 508 2032 1076 1445 1074 838 1076 2298 4682 
233 1212 1596 2167 1001 2106 1566 1364 2739 1220 1174 1752 1769 1304 485 2101 1109 1414 1093 847 1076 2281 4729 
234 1230 1551 2144 1015 2183 1579 1361 2775 1159 1162 1769 1726 1317 484 2103 1128 1399 1125 850 1056 2293 4763 
235 1212 1504 2254 1018 2086 1599 1350 2698 1162 1159 1766 1736 1283 482 2049 1191 1433 1089 832 1073 2293 4837 
236 1225 1445 2294 1010 2074 1583 1373 2649 1148 1168 1769 1664 1269 485 2088 1218 1417 1108 847 988 2326 4904 
237 1262 1426 2355 1009 2063 1534 1428 2556 1162 1199 1734 1709 1236 524 2027 1203 1494 1084 840 934 2342 4928 
238 1294 1419 2401 999 2032 1497 1435 2529 1169 1259 1659 1716 1254 528 2031 1189 1521 1078 868 947 2363 5010 
239 1304 1408 2292 1013 1995 1528 1459 2481 1179 1276 1655 1782 1274 533 2006 1174 1601 1010 874 929 2369 5086 
240 1318 1391 2376 959 1929 1528 1457 2542 1193 1259 1705 1810 1312 540 1943 1172 1594 1023 887 913 2390 5160 
241 1323 1359 2395 945 1891 1509 1457 2557 1179 1262 1694 1853 1323 536 1914 1123 1618 998 878 928 2423 5292 
242 1346 1344 2415 908 2003 1478 1411 2657 1102 1244 1775 1868 1350 542 1852 1110 1611 965 899 956 2400 5237 
243 1388 1332 2360 900 2065 1532 1389 2772 1103 1241 1806 1934 1390 552 1811 1083 1602 986 932 967 2446 5020 
244 1404 1368 2391 897 2114 1546 1459 2867 1081 1285 1842 1907 1449 563 1765 1088 1586 1006 923 1022 2357 4802 
245 1444 1373 2358 907 2153 1605 1439 2900 1081 1270 1823 1937 1481 553 1758 1073 1546 1019 984 1059 2337 4660 
246 1462 1380 2277 891 2175 1670 1419 2877 1079 1249 1817 1954 1465 555 1794 1061 1577 1041 1003 1131 2245 4759 
247 1345 1462 2332 907 2107 1663 1410 2959 1072 1244 1766 2052 1380 536 1856 1066 1565 1068 975 1258 2101 4721 
248 1348 1463 2443 920 2061 1649 1439 2916 1027 1248 1843 1984 1338 522 1887 1085 1571 1091 917 1207 2140 4714 
249 1340 1488 2415 926 2027 1704 1431 2862 1018 1271 1863 1888 1278 568 1928 1083 1573 1127 913 1197 2195 4731 
250 1296 1520 2432 904 2016 1745 1397 2841 1054 1253 1840 1850 1297 563 1968 1079 1541 1173 919 1198 2199 4774 
251 1311 1484 2434 908 1995 1754 1408 2804 1048 1245 1814 1775 1309 564 2084 1084 1541 1187 904 1167 2233 4815 
252 1237 1528 2445 903 1983 1763 1433 2790 1045 1237 1814 1783 1315 589 2058 1080 1556 1191 911 1130 2250 4858 
253 1238 1561 2484 889 1958 1726 1440 2778 1024 1206 1755 1742 1382 594 2082 1065 1536 1165 949 1079 2268 4891 
254 1238 1595 2383 913 1980 1708 1453 2800 1009 1232 1775 1768 1393 595 2005 1036 1505 1147 984 1131 2275 4959 
255 1263 1563 2391 916 1976 1693 1450 2792 1016 1181 1781 1803 1440 599 1949 1064 1486 1141 925 1162 2284 5040 
256 1274 1569 2428 911 1962 1647 1496 2705 1076 1150 1745 1865 1468 582 1912 1038 1527 1151 953 1192 2304 5056 
257 1256 1566 2415 933 1979 1658 1510 2679 1087 1216 1691 1945 1497 578 1884 1028 1442 1181 979 1212 2295 5079 
258 1311 1507 2438 889 1987 1626 1531 2648 1082 1272 1634 1968 1446 619 1902 1051 1449 1158 975 1229 2285 5166 
259 1317 1496 2432 902 2037 1632 1565 2538 1055 1319 1647 2067 1403 595 1818 1050 1483 1128 969 1241 2274 5239 
260 1336 1471 2461 952 2015 1586 1578 2625 1040 1348 1662 2129 1356 615 1785 1105 1453 1130 963 1194 2307 5340 
261 1366 1467 2468 1000 1998 1568 1614 2682 1064 1337 1658 2132 1401 598 1705 1132 1432 1091 999 1196 2321 5224 
262 1377 1485 2456 1065 1952 1607 1625 2779 1092 1335 1733 2076 1417 579 1630 1152 1445 1077 1001 1168 2335 5021 
263 1294 1531 2450 1078 1930 1632 1574 2903 1041 1347 1816 2089 1394 553 1676 1168 1420 1115 1013 1187 2297 4893 
264 1319 1512 2502 1052 1912 1612 1603 2872 1031 1334 1804 2009 1369 593 1748 1229 1473 1057 1019 1127 2310 4732 
265 1289 1556 2486 1047 1903 1663 1558 2830 1024 1343 1824 1894 1358 603 1851 1137 1467 1055 1091 1155 2329 4738 
266 1237 1642 2404 1048 1926 1700 1555 2744 1070 1364 1798 1849 1272 653 1886 1133 1459 1041 1103 1103 2348 4806 
267 1251 1625 2375 1040 1942 1680 1551 2723 1090 1372 1783 1883 1301 663 1857 1153 1432 1041 1108 1078 2388 4839 
268 1255 1659 2355 1054 1916 1689 1568 2698 1099 1384 1761 1953 1355 611 1847 1113 1455 1029 1162 1058 2404 4848 
269 1293 1607 2473 1074 1825 1639 1628 2665 1097 1402 1747 2022 1380 603 1789 1059 1416 1059 1203 1051 2416 4919 
270 1302 1638 2416 1083 1830 1708 1590 2611 1106 1395 1757 2072 1463 571 1735 1035 1396 1084 1197 1033 2431 4997 
271 1346 1607 2375 1086 1930 1732 1647 2510 1097 1348 1782 2091 1504 545 1724 1052 1431 1100 1132 1064 2409 5068 
272 1395 1555 2368 1099 1967 1713 1623 2555 1070 1379 1753 2026 1569 539 1734 1087 1412 1104 1132 1083 2399 5167 
273 1434 1509 2403 1044 2037 1727 1606 2593 1103 1345 1723 2063 1548 561 1711 1097 1386 1117 1128 1129 2372 5241 
274 1449 1495 2524 999 2101 1743 1630 2628 1085 1328 1758 2016 1542 581 1706 1113 1413 1132 1077 1122 2356 5056 
275 1413 1498 2474 1020 2138 1716 1677 2685 1047 1304 1766 1996 1513 589 1749 1131 1402 1185 1102 1049 2394 5002 
276 1365 1517 2435 1042 2129 1754 1645 2767 1006 1312 1786 1932 1503 593 1775 1147 1400 1161 1114 1023 2406 4906 
277 1332 1504 2448 1014 2152 1738 1657 2827 951 1309 1768 1925 1450 602 1886 1159 1414 1125 1124 972 2475 4823 
278 1306 1520 2427 977 2113 1751 1691 2920 941 1326 1824 1883 1337 698 1943 1205 1383 1079 1138 964 2488 4703 
279 1296 1481 2545 985 2049 1779 1713 2888 972 1367 1798 1906 1356 654 1995 1224 1306 1107 1165 953 2453 4707 
280 1249 1528 2581 1030 1965 1801 1752 2833 966 1392 1801 1932 1457 596 1915 1189 1235 1144 1205 970 2442 4695 
281 1259 1546 2651 1015 1931 1693 1763 2808 963 1371 1758 1924 1499 573 1920 1106 1264 1128 1224 1141 2320 4739 
282 1296 1497 2654 1014 1938 1700 1741 2705 990 1388 1710 1949 1420 586 1900 1066 1305 1107 1206 1285 2224 4831 
283 1277 1512 2681 1022 1897 1753 1752 2653 1052 1414 1685 1895 1448 598 1929 1036 1325 1050 1238 1419 2088 4891 
284 1313 1476 2693 1041 1941 1750 1743 2616 1071 1367 1705 1894 1460 593 1896 1036 1328 1042 1248 1443 2090 4977 
285 1335 1495 2641 1114 1965 1779 1696 2620 1154 1307 1693 1848 1444 616 1901 1097 1398 999 1202 1445 2098 5053 
286 1359 1470 2611 1137 2026 1771 1698 2629 1163 1312 1690 1823 1424 667 1888 1125 1397 1014 1202 1409 2115 5091 
287 1389 1430 2609 1146 2081 1771 1741 2570 1145 1297 1730 1761 1409 656 1884 1138 1409 1037 1200 1363 2178 5203 
288 1351 1466 2670 1120 2175 1792 1714 2554 1102 1303 1711 1862 1417 658 1821 1152 1407 1065 1207 1346 2217 5193 
289 1364 1454 2700 1081 2180 1764 1725 2628 1054 1332 1749 1892 1448 642 1805 1186 1428 1084 1206 1327 2248 5242 
290 1382 1453 2774 1059 2132 1746 1714 2616 1041 1343 1734 1967 1424 629 1754 1192 1419 1107 1211 1311 2252 5283 
291 1399 1437 2845 1106 2084 1797 1678 2692 1068 1325 1740 1967 1467 594 1719 1187 1460 1072 1214 1331 2242 5085 
292 1416 1398 2847 1111 2010 1967 1568 2844 1076 1331 1750 1999 1445 590 1681 1225 1456 1047 1187 1339 2277 5001 
293 1425 1418 2933 1086 1939 2000 1541 2853 1058 1294 1756 2003 1505 556 1742 1227 1427 1028 1180 1340 2278 4892 
294 1480 1386 2960 1135 1888 2085 1487 2837 1028 1267 1781 2020 1552 556 1771 1250 1499 999 1194 1264 2339 4841 
295 1473 1436 2920 1154 1933 2129 1443 2856 1011 1258 1750 2059 1478 603 1858 1240 1534 950 1198 1252 2371 4783 
296 1509 1445 2990 1087 1972 2151 1449 2900 992 1266 1721 1990 1464 608 1899 1155 1516 947 1229 1213 2395 4622 
297 1545 1447 2999 1084 2010 2099 1442 2858 954 1299 1717 1910 1496 612 1922 1121 1573 964 1185 1222 2432 4686 
298 1569 1441 2952 1042 2050 2095 1477 2829 972 1286 1734 1838 1457 626 1989 1099 1591 978 1150 1255 2451 4758 
299 1625 1399 2966 1029 2077 2109 1490 2864 977 1350 1664 1804 1446 629 2048 1081 1540 1007 1146 1220 2480 4756 
300 1646 1428 2962 1017 2124 2118 1478 2878 971 1335 1705 1757 1434 650 2038 1084 1538 1036 1162 1260 2356 4806 
301 1647 1469 2895 1014 2211 2126 1452 2833 982 1311 1700 1813 1390 676 2030 1038 1510 1064 1175 1268 2288 4868 
302 1671 1505 2862 1089 2159 2162 1410 2730 1023 1320 1676 1933 1424 698 1927 1060 1578 1040 1084 1358 2240 4938 
303 1694 1529 2899 1152 2149 2123 1445 2707 1004 1322 1709 1986 1449 707 1861 1090 1566 1021 1083 1347 2190 4998 
304 1686 1542 2965 1138 2050 2232 1437 2632 1077 1318 1746 1950 1495 710 1784 1111 1561 969 1133 1332 2206 4983 
305 1608 1637 2938 1117 2028 2236 1468 2583 1128 1330 1713 1930 1520 721 1808 1127 1504 992 1147 1292 2207 5076 
306 1631 1583 2967 1107 2031 2261 1433 2594 1099 1351 1729 1890 1528 744 1862 1138 1507 1040 1133 1258 2257 5141 
307 1600 1586 2856 1121 2064 2221 1421 2555 1078 1314 1808 1828 1556 697 1880 1169 1500 1079 1130 1200 2298 5214 
308 1529 1605 2776 1113 2049 2314 1419 2499 1071 1287 1814 1819 1541 689 1980 1172 1475 1124 1092 1193 2322 5306 
309 1560 1662 2796 1112 2005 2319 1430 2527 1137 1244 1848 1794 1474 728 1980 1173 1483 1078 1092 1131 2360 5105 
310 1578 1654 2838 1117 1981 2315 1460 2490 1197 1269 1803 1723 1460 721 2037 1186 1467 1083 1085 1148 2374 4937 
311 1598 1624 2895 1108 2019 2329 1449 2562 1154 1300 1771 1695 1439 713 2042 1132 1462 1119 1076 1130 2374 4797 
312 1629 1635 2849 1104 2037 2360 1519 2555 1118 1322 1747 1695 1413 694 2032 1114 1490 1103 1048 1146 2381 4584 
313 1675 1571 2861 1116 2062 2341 1525 2498 1129 1272 1732 1660 1446 697 2030 1162 1573 1085 1040 1126 2400 4659 
314 1678 1586 2842 1108 2067 2326 1567 2439 1191 1258 1723 1600 1464 706 2081 1180 1603 1078 1031 1109 2455 4657 
315 1699 1558 2863 1102 2011 2336 1559 2385 1227 1258 1698 1655 1452 706 2043 1171 1583 1042 1001 1155 2465 4739 
316 1661 1564 2857 1103 2007 2269 1584 2468 1202 1207 1702 1714 1442 726 2052 1135 1529 1025 1066 1104 2497 4814 
317 1606 1599 2874 1084 1994 2286 1570 2582 1168 1237 1687 1784 1349 738 2098 1157 1499 1000 1095 1128 2443 4804 
318 1593 1634 2886 1010 2024 2295 1555 2664 1144 1248 1705 1822 1354 746 2039 1104 1531 992 1083 1170 2384 4880 
319 1534 1679 2864 1018 2086 2251 1527 2781 1144 1244 1680 1877 1376 758 2041 1116 1523 1004 1087 1220 2287 4952 
320 1545 1712 2884 1022 2087 2211 1516 2794 1131 1296 1653 1926 1388 763 2037 1102 1546 1045 1075 1215 2258 5002 
321 1533 1734 2919 1022 2008 2208 1531 2747 1116 1319 1620 1978 1356 769 2065 1150 1518 1067 1051 1223 2219 5084 
322 1453 1800 2957 1025 2037 2115 1529 2776 1114 1333 1658 1901 1369 764 2142 1119 1433 1111 1076 1221 2222 5159 
323 1488 1781 2996 1063 2004 2087 1567 2687 1097 1357 1680 1898 1406 774 2059 1114 1416 1092 1090 1218 2237 5241 
324 1521 1790 3000 1110 1966 2077 1573 2659 1088 1316 1646 1940 1407 789 2065 1109 1410 1105 1141 1215 2273 5356 
325 1535 1723 2989 1108 1959 2148 1518 2637 1136 1264 1629 1884 1486 782 2055 1105 1415 1107 1129 1218 2268 5261 
326 1613 1746 2862 1155 1964 2213 1601 2538 1174 1272 1654 1836 1543 790 2035 1088 1423 1096 1120 1195 2289 5172 
327 1695 1673 2791 1202 1950 2228 1594 2477 1243 1243 1644 1888 1585 807 1990 1110 1430 1071 1167 1171 2306 5101 
328 1746 1598 2791 1137 2063 2241 1626 2422 1268 1276 1647 1843 1627 789 1945 1112 1399 1016 1252 1146 2318 4977 
329 1802 1578 2742 1168 2151 2306 1656 2503 1266 1232 1651 1770 1711 748 1929 1155 1375 983 1218 1120 2330 4796 
330 1758 1607 2712 1109 2218 2287 1645 2612 1230 1253 1585 1858 1759 724 1903 1152 1320 1011 1280 1108 2351 4609 
331 1764 1586 2733 1075 2220 2323 1644 2625 1211 1261 1614 1865 1725 738 1904 1173 1259 1031 1300 1091 2402 4668 
332 1686 1630 2787 1090 2212 2330 1613 2685 1166 1259 1599 1869 1694 745 1918 1225 1271 1068 1313 1056 2407 4721 
333 1564 1656 2836 1097 2228 2252 1607 2786 1151 1268 1564 1930 1645 787 1885 1262 1232 1071 1305 1038 2458 4770 
334 1582 1592 2841 1080 2247 2277 1608 2709 1160 1251 1563 2009 1608 792 1826 1301 1222 1101 1273 1024 2412 4817 
335 1594 1570 2865 1054 2282 2278 1570 2766 1136 1256 1549 2028 1592 786 1850 1308 1162 1100 1234 1138 2285 4896 
336 1680 1529 2905 1048 2234 2307 1623 2693 1144 1241 1566 2035 1554 798 1911 1327 1138 1118 1219 1115 2243 4877 
337 1764 1460 2830 1077 2252 2264 1599 2680 1149 1239 1550 2026 1653 697 1927 1289 1176 1150 1169 1271 2088 4944 
338 1779 1428 2866 1077 2195 2246 1567 2688 1153 1233 1481 2028 1601 672 2039 1313 1240 1144 1115 1263 2086 4990 
339 1814 1456 2869 1118 2197 2247 1570 2602 1191 1231 1459 2023 1591 685 2127 1248 1289 1136 1103 1282 2116 5011 
340 1810 1500 2957 1154 2129 2239 1517 2624 1184 1186 1474 2054 1592 698 2085 1232 1358 1135 1099 1239 2129 5002 
341 1859 1558 2965 1151 2082 2229 1562 2598 1174 1209 1478 2005 1637 680 2096 1248 1366 1150 1090 1200 2143 5081 
342 1829 1612 2967 1154 2095 2234 1610 2506 1154 1167 1545 2037 1545 686 2064 1201 1385 1158 1101 1199 2151 5100 
343 1814 1593 2940 1103 2149 2217 1623 2447 1183 1145 1487 2024 1540 681 2093 1231 1408 1173 1078 1142 2189 5185 
344 1814 1576 2928 1093 2137 2281 1613 2425 1152 1174 1491 1978 1478 700 2108 1213 1424 1239 998 1110 2210 5185 
345 1830 1516 2938 1099 2084 2463 1520 2368 1092 1168 1547 1939 1467 678 2158 1161 1500 1112 1035 1097 2194 5198 
346 1776 1557 2968 1076 2058 2502 1487 2331 1110 1132 1560 1879 1436 714 2179 1190 1533 1081 1053 1067 2204 5232 
347 1795 1545 2892 1118 2056 2522 1510 2248 1144 1072 1611 1926 1452 717 2149 1191 1484 1115 1089 1032 2240 5315 
348 1792 1511 2847 1140 2040 2559 1526 2259 1124 1065 1612 1850 1399 762 2181 1208 1485 1117 1026 1070 2248 5356 
349 1788 1520 2818 1143 2011 2558 1529 2346 1103 1072 1634 1875 1399 766 2173 1238 1460 1110 1023 1080 2261 5252 
350 1841 1482 2737 1163 2055 2596 1542 2400 1101 1102 1667 1915 1435 770 2217 1214 1472 1076 1031 1045 2284 5055 
351 1843 1445 2833 1177 2010 2569 1554 2497 1119 1110 1695 1952 1454 781 2165 1283 1419 1077 1056 1045 2270 4919 
352 1727 1570 2783 1166 2021 2647 1522 2558 1076 1164 1751 2010 1516 749 2080 1334 1409 1079 1042 1005 2316 4766 
353 1724 1590 2740 1193 2008 2643 1513 2554 1027 1215 1768 1869 1572 730 2156 1364 1352 1106 1054 1001 2314 4849 
354 1712 1618 2728 1167 2034 2585 1481 2558 1025 1251 1722 1839 1589 721 2148 1325 1393 1086 1044 1028 2345 4912 
355 1550 1835 2676 1135 2039 2610 1440 2544 1043 1200 1728 1865 1635 723 2145 1341 1408 1075 1016 1079 2340 5002 
356 1572 1843 2686 1148 2117 2569 1398 2539 1078 1197 1695 1962 1560 710 2179 1387 1387 1020 1082 1116 2340 5072 
357 1621 1803 2706 1136 2101 2552 1417 2482 1063 1142 1762 2017 1567 704 2142 1350 1342 1035 1159 1121 2369 5153 
358 1635 1784 2612 1170 2117 2567 1424 2417 1057 1210 1674 2140 1443 701 2197 1331 1405 1035 1107 1123 2387 5202 
359 1612 1798 2647 1214 2069 2617 1440 2387 1056 1214 1661 2148 1417 719 2216 1333 1426 1032 1110 1107 2419 5292 
360 1610 1808 2623 1255 2042 2715 1419 2463 1051 1182 1622 2135 1490 693 2236 1360 1322 1049 1083 1142 2421 5148 
361 1619 1773 2667 1245 2079 2729 1470 2493 1048 1169 1578 2150 1506 701 2190 1315 1331 1074 1099 1149 2433 4989 
362 1632 1744 2762 1217 2091 2734 1490 2440 1107 1124 1660 2126 1497 749 2107 1334 1319 1088 1101 1175 2432 4845 
363 1690 1669 2863 1251 2051 2746 1501 2349 1118 1108 1698 2121 1446 743 2105 1340 1348 1077 1139 1194 2456 4693 
364 1705 1672 2850 1284 2065 2730 1570 2317 1149 1103 1672 2097 1488 723 2081 1343 1349 1074 1130 1223 2472 4501 
365 1723 1661 2882 1241 1992 2819 1536 2359 1139 1123 1606 2053 1532 748 2115 1343 1343 1082 1134 1214 2469 4565 
366 1751 1673 2951 1221 1958 2786 1542 2428 1085 1135 1596 2026 1558 701 2132 1319 1366 1098 1094 1219 2515 4607 
367 1743 1683 2847 1213 2031 2795 1516 2467 1126 1125 1693 1955 1601 679 2080 1284 1384 1109 1096 1278 2475 4665 
368 1740 1675 2870 1218 2070 2742 1511 2513 1134 1122 1646 2045 1613 660 2073 1234 1375 1144 1099 1232 2501 4767 
369 1789 1651 2873 1197 2143 2731 1509 2558 1124 1138 1598 2094 1626 588 2115 1206 1317 1168 1113 1228 2540 4836 
370 1850 1591 2865 1181 2205 2712 1495 2581 1125 1133 1618 2076 1608 591 2086 1210 1323 1197 1068 1279 2469 4893 
371 1880 1611 2840 1159 2236 2744 1484 2556 1122 1115 1619 2193 1539 597 2091 1210 1293 1214 1058 1267 2402 4932 
372 1925 1613 2843 1165 2262 2777 1490 2577 1052 1139 1586 2253 1539 613 2029 1192 1268 1253 1032 1333 2311 4983 
373 1878 1681 2818 1188 2205 2839 1496 2515 1097 1153 1582 2284 1474 673 2002 1204 1268 1184 1060 1349 2252 5061 
374 1762 1761 2819 1157 2241 2828 1547 2488 1097 1221 1504 2339 1470 683 2021 1200 1301 1164 1063 1349 2219 5061 
375 1771 1773 2824 1162 2236 2751 1557 2462 1093 1213 1520 2287 1503 685 1986 1286 1262 1143 1050 1300 2305 5153 
376 1720 1797 2777 1136 2256 2762 1519 2458 1042 1200 1489 2276 1466 670 2049 1338 1262 1158 1035 1311 2312 5203 
377 1691 1829 2759 1116 2318 2753 1490 2424 1045 1201 1491 2271 1418 689 2015 1383 1242 1173 1053 1285 2354 5250 
378 1727 1787 2819 1075 2366 2744 1531 2407 1078 1217 1533 2269 1473 678 1970 1406 1242 1159 1075 1272 2365 5134 
379 1626 1857 2753 1119 2347 2797 1547 2443 1084 1214 1540 2271 1523 651 1948 1433 1265 1107 1084 1307 2391 4925 
380 1655 1853 2792 1128 2252 2823 1550 2432 1071 1215 1551 2262 1567 636 1926 1407 1224 1132 1111 1294 2419 4907 
381 1688 1876 2754 1161 2263 2894 1563 2392 1043 1236 1551 2184 1633 671 1937 1413 1238 1121 1121 1270 2426 4699 
382 1775 1809 2706 1168 2256 2942 1565 2361 1043 1218 1586 2168 1697 660 1888 1347 1279 1092 1110 1268 2415 4736 
383 1812 1800 2698 1102 2292 2924 1553 2345 1031 1210 1622 2114 1680 685 1910 1316 1333 1103 1083 1255 2476 4840 
384 1854 1750 2722 1083 2243 2883 1567 2369 1032 1202 1511 2162 1678 717 1925 1296 1297 1115 1071 1220 2502 4909 
385 1842 1768 2710 1108 2261 2889 1588 2416 1005 1135 1539 2103 1713 737 1875 1350 1309 1097 1085 1240 2464 4954 
386 1795 1710 2766 1130 2235 2900 1635 2351 1043 1143 1493 2156 1635 769 1996 1288 1356 1113 1066 1258 2408 4985 
387 1776 1711 2735 1167 2190 2850 1651 2416 1050 1139 1474 2164 1619 773 2054 1281 1306 1084 1056 1347 2326 5087 
388 1733 1720 2680 1214 2152 2904 1568 2463 1047 1117 1428 2197 1620 743 2150 1272 1253 1060 995 1446 2243 5151 
389 1673 1780 2647 1214 2180 2882 1585 2484 1050 1072 1438 2245 1599 731 2221 1329 1247 1074 976 1494 2179 5278 
390 1622 1794 2727 1262 2163 2866 1586 2476 1025 1099 1378 2286 1545 714 2245 1382 1298 1047 997 1424 2188 5140 
391 1585 1834 2786 1228 2215 2856 1679 2426 1047 1129 1428 2416 1518 687 2198 1403 1283 1038 982 1436 2188 4893 
392 1554 1829 2880 1213 2173 2841 1714 2446 1077 1142 1487 2341 1452 718 2202 1410 1267 1032 1007 1410 2209 4738 
393 1619 1787 2907 1211 2131 2870 1702 2470 1062 1198 1468 2231 1492 722 2225 1334 1263 1055 1047 1438 2206 4770 
394 1682 1741 2907 1202 2161 2852 1660 2482 1044 1217 1483 2194 1522 713 2220 1329 1286 1054 1013 1479 2211 4816 
395 1690 1764 2874 1205 2165 2806 1680 2416 1018 1281 1496 2195 1553 702 2179 1379 1307 1054 990 1425 2240 4888 
396 1777 1742 2851 1236 2096 2774 1635 2436 1014 1315 1518 2153 1585 695 2138 1391 1292 1072 1013 1360 2276 4990 
397 1759 1781 2863 1234 2071 2744 1609 2400 1011 1304 1547 2096 1665 655 2197 1378 1298 1080 992 1335 2311 5069 
398 1822 1749 2849 1243 2092 2716 1635 2465 1039 1263 1563 2027 1699 671 2187 1391 1235 1095 1015 1341 2319 5080 
399 1700 1857 2832 1196 2103 2708 1654 2429 1045 1238 1523 2057 1719 686 2182 1394 1253 1112 1002 1309 2348 5121 
400 1647 1872 2902 1208 2054 2638 1670 2394 1050 1229 1506 2126 1743 687 2076 1419 1267 1132 983 1258 2397 5200 
401 1582 1913 2939 1200 2076 2604 1665 2382 1113 1157 1489 2183 1755 712 2017 1466 1312 1146 974 1239 2436 5070 
402 1536 1930 2943 1201 2081 2589 1694 2432 1110 1180 1463 2199 1862 675 2082 1426 1365 1124 1014 1214 2477 4926 
403 1555 1902 2974 1173 2145 2536 1711 2450 1151 1153 1444 2241 1873 684 2141 1404 1380 1142 983 1223 2460 4776 
404 1614 1865 3004 1162 2127 2603 1752 2497 1128 1193 1429 2302 1851 688 2192 1369 1395 1157 988 1207 2496 4605 
405 1692 1809 2973 1183 2167 2599 1744 2490 1145 1211 1434 2364 1837 695 2237 1356 1458 1144 949 1304 2460 4651 
406 1719 1774 2937 1174 2182 2683 1696 2541 1081 1244 1434 2286 1800 702 2348 1341 1499 1130 948 1356 2484 4702 
407 1758 1753 2897 1170 2179 2719 1695 2586 1059 1276 1401 2279 1818 690 2347 1308 1512 1098 963 1362 2545 4721 
408 1820 1689 2910 1183 2181 2676 1676 2548 1079 1294 1400 2290 1778 697 2314 1325 1530 1057 965 1508 2392 4756 
409 1836 1750 2800 1175 2187 2735 1676 2510 1055 1332 1480 2126 1778 697 2375 1340 1525 976 1067 1513 2322 4806 
410 1882 1727 2839 1137 2144 2740 1699 2513 1082 1310 1518 2140 1728 701 2368 1324 1437 987 1124 1546 2268 4885 
411 1841 1727 2867 1128 2200 2704 1733 2508 1073 1324 1554 2115 1698 708 2346 1296 1477 1011 1099 1574 2233 4932 
412 1779 1697 2925 1162 2153 2790 1688 2511 1060 1312 1595 2072 1667 732 2315 1293 1473 1033 1087 1567 2284 4963 
413 1817 1650 2928 1130 2206 2817 1723 2452 1071 1299 1580 2160 1661 731 2253 1261 1491 1055 1107 1556 2292 5073 
414 1803 1633 2853 1161 2178 2799 1738 2447 1116 1225 1620 2190 1607 746 2232 1257 1484 1073 1070 1515 2300 5132 
415 1743 1662 2895 1120 2158 2834 1746 2408 1132 1196 1590 2261 1648 737 2225 1271 1478 1125 1051 1518 2330 5227 
416 1680 1699 2884 1086 2152 2825 1779 2367 1153 1195 1559 2317 1684 732 2175 1308 1484 1157 1034 1532 2331 5343 
417 1614 1730 3023 1038 2126 2823 1784 2298 1167 1187 1590 2284 1676 768 2191 1262 1496 1102 1065 1480 2383 5248 
418 1703 1681 3055 1025 2113 2814 1781 2349 1199 1198 1611 2251 1753 756 2100 1258 1483 1104 1069 1421 2440 5121 
419 1765 1643 3008 1033 2112 2853 1829 2423 1215 1187 1606 2215 1827 775 2097 1282 1439 1075 1120 1438 2451 4979 
420 1774 1654 3018 1046 2110 2835 1821 2501 1226 1185 1600 2163 1906 797 2074 1260 1489 1019 1116 1408 2486 4864 
421 1825 1655 2953 1079 2097 2807 1849 2525 1246 1175 1612 2117 1913 813 2094 1275 1471 1057 1116 1377 2518 4746 
422 1864 1603 2966 1135 2070 2790 1832 2584 1192 1197 1630 2075 1935 762 2075 1298 1366 1094 1139 1347 2544 4834 
423 1940 1564 2991 1200 2000 2745 1790 2660 1176 1267 1636 2033 1922 771 2057 1276 1339 1122 1117 1374 2560 4921 
424 1885 1589 3008 1212 1992 2810 1716 2711 1135 1281 1564 2024 1879 765 2153 1256 1361 1149 1131 1330 2567 4987 
425 1878 1590 2944 1276 2075 2767 1692 2705 1152 1313 1554 2063 1901 698 2176 1295 1348 1135 1126 1305 2600 5057 
426 1924 1591 2905 1296 2138 2685 1767 2595 1199 1319 1545 2179 1814 714 2223 1344 1299 1169 1104 1356 2573 5116 
427 1961 1538 2855 1286 2181 2640 1819 2583 1213 1297 1514 2256 1754 701 2309 1366 1280 1144 1080 1368 2594 5204 
428 1969 1520 2770 1242 2372 2583 1844 2579 1181 1320 1432 2371 1704 701 2339 1412 1288 1125 1074 1367 2624 5260 
429 1944 1565 2783 1234 2287 2654 1920 2644 1166 1303 1468 2333 1666 738 2385 1436 1235 1073 1076 1404 2620 5043 
430 1962 1541 2749 1228 2246 2642 1979 2691 1155 1289 1522 2245 1672 767 2295 1520 1213 1089 1081 1432 2648 4949 
431 1953 1547 2778 1142 2331 2637 2018 2660 1192 1257 1532 2180 1690 750 2327 1498 1256 1084 1065 1417 2619 4825 
432 1860 1658 2821 1162 2304 2668 2042 2615 1252 1214 1499 2180 1780 730 2228 1465 1300 1099 1058 1463 2649 4622 
433 1901 1598 2843 1156 2281 2709 2007 2604 1254 1243 1437 2203 1917 645 2186 1426 1352 1105 1069 1487 2669 4628 
434 1882 1602 2827 1156 2312 2739 2011 2537 1306 1216 1426 2171 1951 636 2181 1392 1440 1088 1078 1496 2670 4635 
435 1838 1628 2817 1179 2240 2711 1995 2532 1259 1241 1433 2237 1923 642 2147 1370 1437 1106 1050 1514 2670 4719 
436 1856 1634 2843 1149 2235 2700 2040 2479 1235 1248 1441 2348 1871 657 2090 1371 1362 1129 1056 1546 2651 4772 
437 1837 1675 2812 1126 2175 2751 2061 2520 1239 1218 1461 2372 1828 680 2083 1410 1323 1135 1051 1519 2654 4831 
438 1764 1732 2779 1097 2185 2786 2055 2533 1223 1198 1502 2474 1751 684 2059 1450 1359 1155 1029 1479 2669 4896 
439 1757 1710 2776 1145 2158 2805 2078 2491 1242 1153 1528 2452 1716 680 2123 1464 1353 1200 1022 1435 2731 4944 
440 1771 1721 2780 1182 2129 2794 2075 2470 1247 1187 1500 2428 1718 690 2200 1498 1338 1205 1046 1467 2674 4988 
441 1790 1729 2739 1240 2077 2780 2078 2389 1291 1230 1470 2367 1769 697 2224 1539 1317 1225 1089 1512 2606 5032 
442 1770 1750 2727 1298 2067 2766 2076 2485 1285 1262 1462 2349 1719 732 2296 1557 1305 1192 1058 1518 2601 5131 
443 1745 1759 2773 1296 2027 2762 2036 2614 1294 1270 1457 2317 1713 764 2291 1626 1289 1158 1101 1516 2609 5160 
444 1739 1750 2801 1323 1988 2751 2007 2661 1260 1284 1501 2220 1766 740 2346 1653 1208 1149 1158 1515 2594 5198 
445 1748 1704 2820 1306 2058 2779 1981 2735 1225 1304 1512 2139 1750 763 2372 1655 1274 1118 1095 1512 2613 5296 
446 1751 1730 2780 1301 2148 2825 2005 2728 1208 1326 1486 2107 1787 767 2318 1599 1363 1117 1088 1548 2580 5143 
447 1761 1692 2803 1282 2177 2851 1990 2788 1181 1331 1416 2244 1715 784 2309 1616 1392 1075 1122 1518 2599 5052 
448 1774 1678 2867 1261 2146 2827 2013 2771 1190 1333 1384 2346 1775 779 2256 1624 1387 1084 1135 1501 2638 4860 
449 1754 1741 2857 1268 2153 2871 1979 2719 1238 1312 1390 2424 1793 802 2244 1599 1380 1101 1114 1537 2611 4836 
450 1777 1743 2855 1297 2084 2883 1997 2716 1230 1316 1391 2329 1861 822 2215 1609 1412 1112 1127 1468 2639 4713 
451 1693 1813 2847 1300 2070 2904 1960 2768 1243 1324 1419 2262 1922 776 2224 1598 1403 1121 1144 1430 2669 4561 
452 1687 1794 2870 1289 2089 2862 1948 2737 1287 1293 1441 2174 2075 760 2147 1588 1460 1117 1144 1395 2662 4636 
453 1676 1812 2860 1354 2110 2854 2036 2642 1297 1258 1445 2077 2150 740 2118 1612 1436 1138 1115 1415 2659 4714 
454 1660 1854 2807 1339 2060 2887 2022 2654 1334 1197 1408 2186 2123 689 2120 1612 1437 1161 1121 1402 2666 4817 
455 1652 1862 2865 1322 2010 2928 2067 2722 1238 1186 1408 2198 2118 711 2176 1560 1474 1196 1168 1385 2687 4893 
456 1616 1894 2840 1291 2034 2923 2053 2747 1212 1167 1404 2253 2013 698 2292 1557 1503 1218 1144 1381 2654 4958 
457 1646 1851 2847 1254 2064 2912 2036 2726 1234 1140 1356 2357 1905 718 2413 1553 1521 1192 1136 1390 2635 5018 
458 1663 1841 2880 1242 2060 2916 2015 2744 1240 1172 1286 2444 1935 728 2356 1569 1496 1187 1160 1395 2601 5092 
459 1541 1944 2845 1255 2063 2879 2023 2684 1238 1178 1235 2480 1903 745 2372 1559 1600 1076 1186 1378 2580 5186 
460 1631 1872 2853 1244 2053 2885 2001 2663 1232 1233 1274 2451 1879 756 2391 1591 1584 1059 1194 1410 2527 5247 
461 1665 1866 2884 1238 2041 2840 1949 2767 1229 1251 1295 2335 1847 756 2432 1582 1514 1073 1207 1458 2417 5186 
462 1682 1842 2894 1247 2032 2797 1985 2831 1233 1290 1331 2268 1954 775 2379 1593 1516 1085 1204 1507 2320 5051 
463 1707 1856 2872 1236 2084 2778 2019 2795 1228 1309 1389 2232 2036 792 2363 1566 1490 1118 1214 1486 2351 5006 
464 1747 1827 2841 1264 2082 2770 2065 2852 1226 1300 1409 2256 1951 825 2358 1586 1455 1162 1181 1434 2393 4856 
465 1781 1829 2857 1274 2075 2723 2060 2832 1255 1299 1494 2195 1948 836 2373 1591 1514 1178 1168 1443 2410 4768 
466 1827 1795 2797 1295 2078 2738 2033 2783 1305 1275 1508 2189 1914 859 2382 1658 1506 1145 1104 1458 2416 4756 
467 1872 1790 2728 1367 2100 2770 2025 2792 1281 1261 1629 2112 1929 850 2343 1665 1483 1130 1101 1430 2442 4650 
468 1916 1739 2719 1351 2137 2715 2000 2737 1276 1274 1588 2154 1931 828 2343 1640 1472 1164 1094 1398 2478 4739 
469 1828 1789 2728 1402 2121 2673 2057 2732 1286 1256 1555 2226 1898 814 2292 1599 1446 1168 1069 1414 2497 4805 
470 1751 1843 2733 1419 2068 2650 2018 2770 1262 1250 1469 2281 1900 812 2282 1649 1429 1119 1054 1389 2532 4916 
471 1704 1841 2764 1448 2026 2737 1940 2825 1243 1291 1435 2281 1897 804 2314 1658 1395 1103 1046 1378 2574 4962 
472 1713 1789 2805 1447 2068 2709 1944 2765 1266 1260 1411 2400 1791 842 2289 1651 1379 1090 1081 1335 2622 5046 
473 1763 1732 2779 1453 2013 2782 1900 2801 1294 1237 1441 2474 1781 827 2238 1579 1365 1106 1095 1376 2655 5083 
474 1763 1731 2696 1478 1987 2838 1893 2779 1320 1230 1448 2524 1707 849 2196 1584 1358 1082 1158 1397 2607 5119 
475 1707 1791 2709 1484 1931 2819 1917 2749 1354 1239 1466 2419 1693 836 2276 1525 1376 1081 1135 1441 2574 5229 
476 1695 1732 2793 1459 2022 2763 1933 2713 1384 1276 1487 2394 1717 837 2282 1455 1389 1019 1306 1468 2485 5102 
477 1705 1751 2691 1450 2125 2712 1991 2817 1330 1304 1536 2400 1703 817 2262 1492 1378 1024 1305 1451 2431 4979 
478 1701 1763 2689 1422 2220 2660 2092 2803 1313 1315 1625 2416 1722 824 2247 1468 1355 1040 1341 1434 2372 4816 
479 1669 1792 2641 1491 2275 2633 2126 2789 1307 1339 1582 2437 1751 835 2220 1461 1326 1069 1339 1462 2288 4704 
480 1711 1799 2660 1484 2282 2563 2187 2746 1344 1298 1605 2423 1783 851 2187 1477 1304 1091 1326 1434 2312 4771 
481 1731 1813 2604 1505 2275 2523 2211 2756 1305 1280 1566 2437 1858 859 2127 1454 1299 1132 1235 1451 2341 4844 
482 1747 1798 2575 1547 2275 2526 2222 2711 1347 1232 1556 2412 1784 878 2209 1455 1292 1183 1204 1466 2361 4957 
483 1799 1772 2568 1536 2283 2506 2243 2698 1349 1239 1575 2382 1819 889 2240 1460 1316 1217 1178 1445 2395 5006 
484 1844 1782 2564 1515 2265 2528 2251 2676 1311 1248 1584 2397 1796 909 2283 1456 1410 1160 1160 1449 2377 5017 
485 1895 1764 2612 1510 2280 2444 2283 2671 1284 1248 1588 2373 1752 907 2336 1447 1424 1157 1137 1427 2385 5108 
486 1798 1883 2598 1520 2300 2431 2266 2600 1355 1177 1677 2320 1709 926 2347 1435 1446 1129 1163 1439 2403 5181 
487 1779 1890 2603 1542 2312 2415 2268 2614 1346 1146 1701 2333 1661 941 2388 1419 1415 1120 1185 1430 2454 5237 
488 1761 1930 2619 1538 2340 2382 2318 2584 1315 1177 1720 2301 1730 899 2320 1426 1410 1063 1175 1398 2500 5145 
489 1687 2041 2611 1475 2440 2380 2302 2666 1294 1148 1817 2254 1766 888 2374 1446 1373 1067 1228 1330 2559 4937 
490 1679 2010 2664 1491 2424 2416 2335 2640 1308 1146 1812 2234 1799 887 2356 1412 1354 1065 1248 1309 2617 4787 
491 1676 2054 2691 1460 2380 2458 2322 2696 1366 1196 1784 2263 1777 856 2319 1354 1387 1078 1219 1360 2524 4553 
492 1751 2036 2630 1413 2435 2513 2353 2683 1359 1253 1680 2302 1792 868 2295 1351 1398 1009 1239 1348 2493 4519 
493 1791 2005 2643 1333 2488 2462 2297 2733 1349 1289 1671 2241 1806 832 2346 1375 1344 1027 1256 1362 2420 4538 
494 1817 1997 2619 1331 2469 2525 2271 2744 1312 1339 1708 2185 1765 831 2380 1370 1335 1049 1252 1404 2331 4596 
495 1868 1952 2654 1398 2379 2473 2319 2741 1306 1324 1709 2179 1774 851 2237 1387 1334 1113 1242 1478 2230 4628 
496 1913 1981 2604 1468 2292 2471 2319 2805 1287 1323 1687 2129 1782 881 2236 1392 1271 1158 1250 1505 2235 4658 
497 1875 2040 2582 1491 2293 2433 2365 2802 1286 1345 1686 2244 1691 923 2228 1387 1241 1141 1290 1468 2251 4682 
498 1881 2025 2589 1497 2268 2442 2371 2769 1292 1301 1701 2323 1733 930 2183 1370 1248 1141 1302 1430 2272 4754 
499 1784 2082 2595 1507 2260 2493 2345 2754 1270 1274 1691 2325 1791 941 2202 1340 1347 1128 1295 1446 2292 4843 