0 0.000 0.000 0.000 0.000 0.000 0.000 0.032 0.000 0.000 0.004 0.000 0.000 0.000 0.000 0.000 0.000 0.000 0.000 0.000 0.000 0.000 0.699 
1 0.000 0.002 0.000 0.000 0.000 0.894 0.062 0.066 0.000 0.136 0.011 0.000 0.000 0.000 0.000 0.000 0.000 0.000 0.000 0.000 0.000 0.703 
2 0.000 0.052 0.028 0.000 0.000 0.851 0.062 0.115 0.057 0.176 0.055 0.000 0.000 0.000 0.000 0.000 0.000 0.000 0.000 0.000 0.000 0.703 
3 0.000 0.056 0.368 0.000 0.000 0.804 0.082 0.181 0.068 0.201 0.096 0.000 0.000 0.000 0.000 0.000 0.000 0.000 0.000 0.000 0.000 0.697 
4 0.000 0.058 0.377 0.000 0.000 0.769 0.352 0.282 0.144 0.199 0.104 0.000 0.000 0.000 0.000 0.000 0.000 0.000 0.000 0.000 0.000 0.687 
5 0.000 0.057 0.366 0.000 0.000 0.696 0.319 0.264 0.141 0.197 0.104 0.000 0.000 0.000 0.000 0.000 0.000 0.000 0.000 0.000 0.000 0.691 
6 0.000 0.053 0.341 0.000 0.000 0.645 0.303 0.285 0.143 0.203 0.102 0.000 0.000 0.000 0.000 0.000 0.000 0.000 0.000 0.000 0.000 0.682 
7 0.000 0.060 0.315 0.000 0.000 0.629 0.284 0.280 0.140 0.223 0.122 0.000 0.000 0.000 0.000 0.000 0.000 0.000 0.000 0.000 0.000 0.684 
8 0.000 0.056 0.333 0.000 0.000 0.574 0.277 0.266 0.169 0.205 0.111 0.000 0.000 0.000 0.014 0.000 0.000 0.000 0.000 0.000 0.000 0.687 
9 0.000 0.057 0.290 0.000 0.000 0.563 0.267 0.254 0.177 0.209 0.138 0.000 0.000 0.000 0.014 0.000 0.000 0.000 0.000 0.000 0.000 0.690 
10 0.000 0.056 0.292 0.000 0.000 0.759 0.258 0.264 0.164 0.215 0.134 0.000 0.000 0.000 0.014 0.000 0.000 0.000 0.000 0.000 0.000 0.694 
11 0.000 0.060 0.303 0.000 0.000 0.702 0.256 0.266 0.165 0.219 0.131 0.000 0.000 0.000 0.011 0.000 0.000 0.000 0.000 0.000 0.000 0.693 
12 0.000 0.058 0.320 0.000 0.000 0.664 0.239 0.270 0.150 0.212 0.128 0.000 0.000 0.000 0.009 0.000 0.000 0.000 0.000 0.000 0.000 0.701 
13 0.000 0.057 0.337 0.000 0.000 0.709 0.258 0.263 0.147 0.212 0.123 0.000 0.000 0.000 0.008 0.000 0.000 0.000 0.000 0.000 0.000 0.707 
14 0.000 0.060 0.444 0.000 0.000 0.684 0.278 0.256 0.148 0.244 0.113 0.000 0.000 0.000 0.008 0.000 0.000 0.000 0.000 0.000 0.000 0.711 
15 0.000 0.061 0.442 0.000 0.000 0.665 0.266 0.259 0.218 0.190 0.111 0.000 0.000 0.000 0.008 0.000 0.000 0.000 0.000 0.000 0.000 0.713 
16 0.000 0.063 0.422 0.000 0.000 0.648 0.253 0.277 0.211 0.179 0.113 0.000 0.000 0.000 0.008 0.000 0.000 0.000 0.000 0.000 0.000 0.712 
17 0.000 0.063 0.412 0.000 0.000 0.648 0.268 0.283 0.199 0.173 0.109 0.000 0.000 0.000 0.008 0.000 0.000 0.000 0.000 0.000 0.000 0.712 
18 0.000 0.064 0.405 0.000 0.000 0.685 0.263 0.322 0.197 0.172 0.101 0.000 0.000 0.000 0.009 0.000 0.000 0.000 0.000 0.000 0.000 0.709 
19 0.000 0.063 0.490 0.000 0.000 0.698 0.271 0.317 0.197 0.174 0.103 0.000 0.000 0.000 0.009 0.000 0.000 0.000 0.000 0.000 0.000 0.703 
20 0.000 0.062 0.482 0.000 0.000 0.702 0.297 0.317 0.195 0.169 0.107 0.000 0.000 0.000 0.009 0.000 0.000 0.000 0.000 0.000 0.000 0.703 
21 0.000 0.059 0.509 0.000 0.000 0.711 0.315 0.336 0.222 0.251 0.122 0.000 0.000 0.000 0.009 0.000 0.000 0.000 0.000 0.000 0.000 0.698 
22 0.000 0.059 0.541 0.000 0.000 0.710 0.308 0.368 0.212 0.233 0.135 0.000 0.000 0.000 0.009 0.000 0.000 0.000 0.000 0.000 0.000 0.698 
23 0.000 0.069 0.516 0.000 0.000 0.735 0.316 0.364 0.311 0.248 0.160 0.000 0.000 0.000 0.009 0.000 0.000 0.000 0.000 0.000 0.000 0.700 
24 0.000 0.066 0.640 0.000 0.000 0.717 0.400 0.353 0.315 0.248 0.163 0.000 0.000 0.000 0.009 0.000 0.000 0.000 0.000 0.000 0.000 0.691 
25 0.000 0.065 0.616 0.000 0.006 0.735 0.473 0.337 0.359 0.241 0.159 0.000 0.000 0.000 0.006 0.000 0.000 0.000 0.000 0.000 0.000 0.695 
26 0.000 0.060 0.607 0.000 0.006 0.718 0.468 0.338 0.344 0.240 0.156 0.000 0.000 0.000 0.006 0.000 0.000 0.000 0.000 0.000 0.000 0.697 
27 0.003 0.060 0.601 0.000 0.006 0.701 0.448 0.340 0.312 0.265 0.151 0.000 0.000 0.000 0.006 0.000 0.000 0.000 0.000 0.000 0.000 0.695 
28 0.003 0.060 0.580 0.000 0.006 0.678 0.451 0.334 0.296 0.270 0.149 0.000 0.000 0.000 0.006 0.000 0.000 0.000 0.000 0.000 0.000 0.692 
29 0.003 0.059 0.568 0.000 0.006 0.659 0.435 0.332 0.301 0.275 0.146 0.000 0.000 0.000 0.006 0.000 0.000 0.000 0.000 0.000 0.000 0.688 
30 0.003 0.060 0.563 0.000 0.005 0.654 0.476 0.323 0.298 0.258 0.144 0.000 0.000 0.000 0.006 0.000 0.000 0.000 0.000 0.000 0.000 0.683 
31 0.003 0.055 0.566 0.006 0.005 0.690 0.490 0.313 0.296 0.273 0.146 0.000 0.000 0.000 0.006 0.000 0.000 0.000 0.000 0.000 0.000 0.683 
32 0.003 0.077 0.522 0.006 0.005 0.712 0.490 0.308 0.278 0.269 0.143 0.000 0.000 0.000 0.005 0.000 0.000 0.000 0.000 0.000 0.000 0.682 
33 0.000 0.075 0.514 0.006 0.076 0.733 0.475 0.306 0.278 0.265 0.143 0.000 0.000 0.000 0.005 0.000 0.000 0.000 0.000 0.000 0.000 0.685 
34 0.000 0.073 0.525 0.006 0.075 0.747 0.476 0.312 0.298 0.258 0.140 0.000 0.000 0.000 0.005 0.000 0.000 0.000 0.000 0.000 0.000 0.685 
35 0.000 0.098 0.541 0.006 0.068 0.724 0.446 0.325 0.329 0.301 0.141 0.000 0.000 0.000 0.005 0.000 0.000 0.000 0.000 0.000 0.000 0.680 
36 0.000 0.102 0.536 0.006 0.139 0.727 0.449 0.338 0.341 0.301 0.140 0.000 0.000 0.000 0.005 0.000 0.000 0.000 0.000 0.000 0.000 0.678 
37 0.000 0.104 0.539 0.006 0.140 0.738 0.457 0.361 0.348 0.296 0.163 0.000 0.000 0.000 0.004 0.000 0.000 0.000 0.000 0.000 0.000 0.682 
38 0.000 0.108 0.549 0.006 0.141 0.760 0.518 0.356 0.340 0.302 0.183 0.000 0.000 0.000 0.004 0.000 0.000 0.000 0.000 0.000 0.000 0.686 
39 0.000 0.105 0.551 0.006 0.148 0.740 0.514 0.366 0.330 0.297 0.196 0.000 0.000 0.000 0.004 0.000 0.000 0.000 0.000 0.000 0.000 0.694 
40 0.000 0.107 0.560 0.006 0.146 0.728 0.502 0.372 0.329 0.312 0.193 0.000 0.000 0.000 0.004 0.000 0.000 0.000 0.000 0.000 0.000 0.688 
41 0.000 0.137 0.573 0.006 0.140 0.733 0.497 0.368 0.323 0.313 0.206 0.000 0.000 0.000 0.004 0.000 0.000 0.000 0.000 0.000 0.000 0.687 
42 0.000 0.149 0.568 0.000 0.155 0.736 0.492 0.373 0.334 0.296 0.206 0.000 0.000 0.000 0.004 0.000 0.000 0.000 0.000 0.000 0.000 0.685 
43 0.000 0.145 0.575 0.000 0.144 0.737 0.476 0.376 0.349 0.284 0.205 0.000 0.000 0.000 0.004 0.000 0.000 0.000 0.000 0.000 0.000 0.686 
44 0.000 0.163 0.557 0.000 0.141 0.735 0.476 0.382 0.331 0.287 0.205 0.000 0.000 0.000 0.004 0.000 0.000 0.000 0.000 0.000 0.000 0.686 
45 0.000 0.164 0.549 0.000 0.143 0.716 0.462 0.375 0.330 0.290 0.196 0.000 0.000 0.000 0.003 0.000 0.000 0.000 0.000 0.000 0.000 0.685 
46 0.002 0.158 0.548 0.000 0.147 0.713 0.462 0.374 0.332 0.282 0.191 0.000 0.000 0.000 0.025 0.000 0.000 0.000 0.000 0.000 0.000 0.687 
47 0.002 0.158 0.545 0.000 0.149 0.697 0.470 0.367 0.348 0.278 0.202 0.000 0.000 0.000 0.035 0.000 0.000 0.000 0.000 0.000 0.000 0.686 
48 0.002 0.154 0.539 0.000 0.143 0.683 0.483 0.366 0.354 0.278 0.198 0.000 0.000 0.000 0.040 0.000 0.000 0.000 0.000 0.000 0.000 0.688 
49 0.002 0.153 0.537 0.000 0.144 0.696 0.484 0.367 0.365 0.279 0.200 0.000 0.000 0.000 0.039 0.000 0.000 0.000 0.000 0.000 0.000 0.693 
50 0.002 0.151 0.548 0.000 0.146 0.689 0.512 0.368 0.354 0.267 0.206 0.000 0.000 0.000 0.040 0.000 0.000 0.000 0.000 0.000 0.000 0.689 
51 0.000 0.142 0.553 0.000 0.149 0.698 0.511 0.371 0.344 0.265 0.197 0.000 0.000 0.000 0.055 0.000 0.000 0.000 0.000 0.000 0.000 0.690 
52 0.000 0.136 0.550 0.022 0.132 0.699 0.517 0.369 0.334 0.262 0.194 0.000 0.000 0.000 0.052 0.000 0.000 0.000 0.000 0.000 0.000 0.694 
53 0.000 0.132 0.539 0.022 0.124 0.701 0.534 0.360 0.342 0.268 0.192 0.000 0.000 0.000 0.048 0.000 0.000 0.000 0.000 0.000 0.000 0.697 
54 0.000 0.124 0.547 0.023 0.124 0.695 0.559 0.380 0.334 0.258 0.189 0.000 0.000 0.000 0.066 0.000 0.000 0.000 0.000 0.000 0.000 0.700 
55 0.002 0.121 0.533 0.023 0.120 0.710 0.558 0.393 0.370 0.262 0.207 0.000 0.000 0.000 0.070 0.003 0.000 0.000 0.000 0.000 0.000 0.703 
56 0.004 0.115 0.537 0.023 0.118 0.727 0.548 0.399 0.354 0.269 0.214 0.000 0.000 0.000 0.052 0.003 0.034 0.000 0.000 0.000 0.000 0.701 
57 0.008 0.109 0.528 0.022 0.114 0.730 0.546 0.397 0.346 0.277 0.216 0.002 0.000 0.000 0.049 0.003 0.033 0.000 0.000 0.000 0.000 0.704 
58 0.008 0.114 0.534 0.022 0.116 0.728 0.529 0.397 0.346 0.273 0.213 0.002 0.000 0.000 0.053 0.003 0.034 0.000 0.000 0.000 0.000 0.691 
59 0.007 0.113 0.528 0.022 0.230 0.723 0.516 0.410 0.341 0.276 0.212 0.002 0.000 0.000 0.052 0.003 0.045 0.000 0.000 0.000 0.000 0.691 
60 0.007 0.112 0.525 0.021 0.225 0.719 0.514 0.413 0.347 0.272 0.203 0.002 0.000 0.000 0.042 0.003 0.044 0.000 0.000 0.000 0.000 0.687 
61 0.007 0.113 0.525 0.017 0.235 0.711 0.504 0.412 0.351 0.274 0.219 0.003 0.000 0.000 0.041 0.003 0.042 0.000 0.000 0.000 0.000 0.679 
62 0.007 0.137 0.527 0.017 0.239 0.703 0.503 0.408 0.381 0.273 0.218 0.003 0.000 0.000 0.042 0.003 0.040 0.000 0.000 0.000 0.000 0.684 
63 0.007 0.138 0.538 0.012 0.234 0.686 0.479 0.406 0.384 0.260 0.225 0.003 0.000 0.000 0.042 0.003 0.040 0.000 0.000 0.000 0.000 0.685 
64 0.007 0.124 0.537 0.013 0.225 0.685 0.487 0.406 0.392 0.253 0.222 0.003 0.000 0.000 0.044 0.003 0.043 0.000 0.000 0.000 0.000 0.686 
65 0.007 0.128 0.548 0.013 0.230 0.678 0.483 0.405 0.431 0.255 0.242 0.003 0.000 0.000 0.041 0.003 0.043 0.000 0.000 0.000 0.000 0.690 
66 0.007 0.122 0.543 0.014 0.224 0.668 0.516 0.410 0.428 0.304 0.236 0.003 0.000 0.000 0.038 0.003 0.046 0.000 0.000 0.000 0.000 0.695 
67 0.007 0.121 0.546 0.014 0.220 0.655 0.518 0.409 0.421 0.327 0.220 0.003 0.000 0.000 0.044 0.006 0.046 0.000 0.000 0.000 0.000 0.702 
68 0.012 0.105 0.538 0.014 0.216 0.653 0.563 0.413 0.439 0.317 0.215 0.003 0.000 0.000 0.056 0.006 0.043 0.000 0.000 0.000 0.000 0.700 
69 0.010 0.092 0.527 0.014 0.219 0.676 0.556 0.410 0.420 0.322 0.214 0.003 0.000 0.000 0.055 0.006 0.083 0.000 0.000 0.000 0.000 0.698 
70 0.010 0.083 0.518 0.014 0.260 0.671 0.555 0.402 0.431 0.321 0.216 0.004 0.000 0.000 0.054 0.006 0.084 0.000 0.000 0.000 0.000 0.695 
71 0.009 0.079 0.517 0.014 0.255 0.669 0.543 0.408 0.428 0.318 0.215 0.004 0.000 0.000 0.054 0.006 0.078 0.000 0.000 0.000 0.000 0.699 
72 0.013 0.083 0.520 0.013 0.239 0.672 0.532 0.402 0.431 0.323 0.216 0.004 0.000 0.000 0.057 0.006 0.086 0.000 0.000 0.000 0.000 0.699 
73 0.016 0.102 0.517 0.014 0.236 0.683 0.523 0.401 0.433 0.308 0.220 0.004 0.000 0.000 0.058 0.006 0.096 0.000 0.000 0.000 0.000 0.698 
74 0.015 0.103 0.524 0.014 0.240 0.688 0.504 0.408 0.424 0.314 0.225 0.004 0.000 0.000 0.058 0.006 0.105 0.000 0.000 0.000 0.000 0.696 
75 0.009 0.117 0.515 0.014 0.286 0.683 0.533 0.411 0.439 0.307 0.226 0.003 0.000 0.000 0.058 0.008 0.135 0.000 0.000 0.000 0.000 0.703 
76 0.008 0.128 0.513 0.014 0.285 0.684 0.541 0.409 0.453 0.306 0.221 0.003 0.000 0.000 0.055 0.005 0.152 0.000 0.000 0.000 0.000 0.705 
77 0.008 0.131 0.516 0.013 0.270 0.678 0.537 0.417 0.459 0.300 0.228 0.003 0.000 0.000 0.056 0.005 0.153 0.000 0.000 0.000 0.000 0.704 
78 0.008 0.136 0.539 0.013 0.268 0.663 0.529 0.422 0.457 0.305 0.221 0.003 0.000 0.000 0.065 0.005 0.156 0.000 0.000 0.000 0.000 0.707 
79 0.007 0.132 0.540 0.013 0.296 0.642 0.532 0.423 0.468 0.301 0.234 0.004 0.000 0.000 0.064 0.005 0.156 0.000 0.000 0.000 0.000 0.702 
80 0.005 0.128 0.540 0.014 0.294 0.646 0.517 0.419 0.461 0.306 0.230 0.004 0.000 0.000 0.064 0.004 0.152 0.000 0.000 0.000 0.000 0.697 
81 0.004 0.128 0.550 0.014 0.286 0.674 0.515 0.417 0.474 0.329 0.213 0.002 0.000 0.000 0.060 0.004 0.148 0.000 0.000 0.000 0.000 0.693 
82 0.004 0.127 0.561 0.013 0.280 0.693 0.512 0.423 0.458 0.353 0.219 0.002 0.000 0.000 0.061 0.004 0.149 0.000 0.000 0.000 0.000 0.689 
83 0.007 0.124 0.556 0.009 0.271 0.680 0.532 0.422 0.443 0.353 0.219 0.002 0.000 0.000 0.060 0.004 0.144 0.000 0.000 0.000 0.000 0.691 
84 0.006 0.126 0.577 0.009 0.268 0.662 0.526 0.434 0.445 0.353 0.230 0.004 0.000 0.000 0.068 0.006 0.144 0.000 0.000 0.000 0.000 0.695 
85 0.007 0.127 0.572 0.005 0.270 0.654 0.516 0.435 0.456 0.353 0.265 0.005 0.000 0.000 0.079 0.007 0.138 0.000 0.000 0.000 0.000 0.691 
86 0.007 0.130 0.557 0.004 0.285 0.635 0.536 0.435 0.470 0.344 0.277 0.005 0.000 0.000 0.078 0.007 0.140 0.000 0.000 0.000 0.000 0.694 
87 0.007 0.127 0.549 0.004 0.284 0.617 0.536 0.432 0.472 0.333 0.276 0.007 0.000 0.000 0.078 0.007 0.157 0.000 0.000 0.000 0.000 0.698 
88 0.009 0.134 0.546 0.004 0.293 0.621 0.528 0.437 0.482 0.327 0.283 0.007 0.000 0.000 0.075 0.007 0.153 0.012 0.000 0.000 0.000 0.698 
89 0.006 0.131 0.535 0.009 0.306 0.618 0.539 0.448 0.482 0.311 0.286 0.007 0.000 0.000 0.072 0.007 0.145 0.012 0.000 0.000 0.000 0.700 
90 0.006 0.162 0.531 0.009 0.360 0.600 0.537 0.449 0.483 0.311 0.284 0.007 0.000 0.000 0.075 0.007 0.147 0.018 0.000 0.000 0.000 0.702 
91 0.006 0.156 0.532 0.005 0.361 0.599 0.530 0.448 0.482 0.313 0.275 0.007 0.000 0.000 0.073 0.005 0.152 0.019 0.000 0.000 0.000 0.701 
92 0.006 0.157 0.520 0.004 0.379 0.600 0.536 0.446 0.474 0.311 0.279 0.007 0.000 0.000 0.073 0.005 0.157 0.019 0.000 0.000 0.000 0.703 
93 0.006 0.153 0.518 0.000 0.380 0.591 0.526 0.446 0.464 0.317 0.268 0.007 0.000 0.000 0.069 0.004 0.153 0.017 0.000 0.000 0.000 0.696 
94 0.006 0.150 0.509 0.000 0.372 0.585 0.534 0.449 0.458 0.332 0.258 0.006 0.000 0.000 0.072 0.011 0.171 0.019 0.000 0.000 0.000 0.700 
95 0.006 0.144 0.508 0.000 0.362 0.589 0.552 0.440 0.450 0.337 0.270 0.006 0.000 0.000 0.079 0.011 0.175 0.018 0.000 0.000 0.000 0.699 
96 0.006 0.165 0.507 0.000 0.358 0.603 0.557 0.450 0.448 0.339 0.264 0.006 0.000 0.000 0.078 0.011 0.179 0.025 0.000 0.000 0.000 0.700 
97 0.006 0.159 0.506 0.000 0.362 0.592 0.559 0.449 0.451 0.341 0.273 0.006 0.000 0.000 0.077 0.009 0.185 0.027 0.000 0.000 0.000 0.696 
98 0.024 0.164 0.529 0.000 0.365 0.608 0.557 0.452 0.472 0.350 0.289 0.006 0.000 0.000 0.076 0.010 0.182 0.025 0.000 0.000 0.000 0.692 
99 0.023 0.176 0.533 0.000 0.374 0.607 0.543 0.453 0.478 0.366 0.293 0.006 0.000 0.000 0.075 0.008 0.213 0.024 0.000 0.000 0.000 0.695 
100 0.018 0.181 0.531 0.000 0.370 0.623 0.540 0.447 0.488 0.358 0.317 0.005 0.013 0.000 0.072 0.008 0.234 0.019 0.000 0.000 0.000 0.693 
101 0.018 0.177 0.528 0.000 0.371 0.625 0.528 0.465 0.486 0.349 0.321 0.006 0.012 0.000 0.077 0.008 0.243 0.019 0.000 0.000 0.000 0.691 
102 0.028 0.174 0.539 0.010 0.373 0.619 0.539 0.469 0.500 0.355 0.329 0.006 0.012 0.000 0.074 0.006 0.248 0.018 0.000 0.000 0.000 0.692 
103 0.028 0.182 0.539 0.010 0.371 0.629 0.532 0.470 0.500 0.349 0.333 0.008 0.011 0.000 0.067 0.006 0.251 0.016 0.000 0.000 0.000 0.690 
104 0.034 0.195 0.528 0.010 0.371 0.636 0.530 0.463 0.497 0.335 0.342 0.009 0.011 0.000 0.075 0.011 0.244 0.015 0.000 0.000 0.000 0.685 
105 0.033 0.193 0.526 0.009 0.379 0.631 0.515 0.463 0.497 0.328 0.345 0.010 0.011 0.000 0.079 0.011 0.238 0.015 0.000 0.000 0.000 0.684 
106 0.030 0.192 0.522 0.009 0.387 0.631 0.530 0.460 0.488 0.322 0.350 0.010 0.010 0.000 0.087 0.013 0.230 0.014 0.000 0.000 0.000 0.683 
107 0.029 0.190 0.523 0.009 0.385 0.628 0.519 0.465 0.482 0.329 0.357 0.011 0.012 0.000 0.091 0.014 0.224 0.045 0.000 0.000 0.000 0.682 
108 0.028 0.201 0.527 0.009 0.395 0.629 0.514 0.471 0.473 0.331 0.351 0.010 0.013 0.000 0.087 0.014 0.215 0.053 0.021 0.000 0.000 0.690 
109 0.026 0.203 0.530 0.008 0.406 0.610 0.530 0.475 0.476 0.322 0.353 0.010 0.013 0.000 0.083 0.014 0.228 0.056 0.022 0.000 0.000 0.689 
110 0.030 0.194 0.532 0.008 0.403 0.591 0.543 0.471 0.474 0.321 0.353 0.010 0.012 0.000 0.084 0.012 0.231 0.071 0.025 0.000 0.000 0.693 
111 0.029 0.191 0.519 0.008 0.407 0.581 0.542 0.468 0.463 0.320 0.349 0.018 0.012 0.000 0.084 0.015 0.265 0.070 0.030 0.000 0.000 0.699 
112 0.037 0.203 0.511 0.008 0.407 0.571 0.552 0.468 0.465 0.355 0.336 0.021 0.011 0.000 0.092 0.015 0.268 0.071 0.033 0.000 0.000 0.702 
113 0.039 0.209 0.506 0.008 0.410 0.579 0.555 0.467 0.474 0.360 0.342 0.020 0.010 0.000 0.092 0.017 0.264 0.054 0.055 0.000 0.000 0.702 
114 0.046 0.207 0.511 0.008 0.426 0.558 0.561 0.471 0.465 0.357 0.346 0.019 0.010 0.000 0.090 0.026 0.260 0.054 0.062 0.000 0.000 0.705 
115 0.046 0.203 0.509 0.011 0.423 0.558 0.548 0.474 0.456 0.354 0.359 0.024 0.010 0.000 0.087 0.026 0.258 0.054 0.058 0.000 0.000 0.703 
116 0.053 0.200 0.511 0.011 0.412 0.574 0.557 0.473 0.451 0.343 0.360 0.025 0.010 0.000 0.088 0.029 0.253 0.055 0.054 0.000 0.000 0.703 
117 0.064 0.206 0.506 0.015 0.411 0.582 0.564 0.478 0.461 0.344 0.352 0.025 0.018 0.002 0.085 0.028 0.232 0.096 0.059 0.000 0.000 0.703 
118 0.062 0.209 0.504 0.014 0.412 0.573 0.572 0.483 0.463 0.350 0.346 0.023 0.020 0.002 0.082 0.026 0.234 0.091 0.060 0.000 0.000 0.707 
119 0.062 0.210 0.500 0.022 0.419 0.565 0.564 0.488 0.468 0.340 0.347 0.025 0.020 0.002 0.085 0.028 0.239 0.093 0.064 0.000 0.000 0.706 
120 0.063 0.203 0.497 0.021 0.421 0.599 0.554 0.481 0.496 0.326 0.333 0.024 0.022 0.002 0.093 0.028 0.242 0.091 0.062 0.000 0.000 0.710 
121 0.062 0.194 0.497 0.021 0.423 0.622 0.543 0.483 0.487 0.344 0.335 0.024 0.019 0.002 0.101 0.027 0.254 0.091 0.061 0.000 0.000 0.702 
122 0.059 0.198 0.495 0.018 0.416 0.614 0.538 0.495 0.468 0.347 0.322 0.024 0.018 0.002 0.110 0.028 0.257 0.091 0.061 0.000 0.000 0.703 
123 0.056 0.202 0.496 0.017 0.416 0.609 0.534 0.495 0.470 0.345 0.328 0.019 0.018 0.002 0.109 0.026 0.259 0.092 0.053 0.000 0.000 0.699 
124 0.053 0.198 0.497 0.020 0.416 0.610 0.541 0.493 0.467 0.343 0.332 0.020 0.021 0.002 0.115 0.028 0.256 0.102 0.055 0.000 0.000 0.693 
125 0.054 0.201 0.500 0.020 0.415 0.603 0.535 0.485 0.489 0.338 0.336 0.017 0.022 0.002 0.113 0.026 0.270 0.097 0.056 0.002 0.000 0.684 
126 0.056 0.201 0.498 0.017 0.408 0.593 0.537 0.483 0.487 0.336 0.350 0.015 0.022 0.002 0.111 0.028 0.278 0.097 0.057 0.001 0.000 0.686 
127 0.065 0.200 0.500 0.020 0.407 0.596 0.537 0.487 0.482 0.333 0.340 0.013 0.021 0.002 0.116 0.029 0.286 0.098 0.055 0.001 0.000 0.679 
128 0.067 0.190 0.499 0.020 0.410 0.599 0.549 0.490 0.490 0.342 0.348 0.013 0.022 0.002 0.113 0.029 0.284 0.104 0.065 0.001 0.000 0.683 
129 0.067 0.200 0.503 0.020 0.405 0.613 0.565 0.483 0.501 0.336 0.359 0.017 0.020 0.002 0.112 0.027 0.278 0.111 0.061 0.001 0.000 0.683 
130 0.065 0.205 0.496 0.020 0.407 0.609 0.580 0.483 0.493 0.346 0.369 0.016 0.019 0.002 0.111 0.029 0.268 0.114 0.073 0.001 0.000 0.685 
131 0.071 0.220 0.489 0.016 0.412 0.610 0.582 0.483 0.496 0.348 0.372 0.015 0.022 0.002 0.109 0.032 0.267 0.117 0.076 0.001 0.000 0.690 
132 0.072 0.216 0.488 0.014 0.417 0.605 0.563 0.485 0.493 0.362 0.359 0.020 0.021 0.002 0.111 0.033 0.257 0.120 0.076 0.000 0.000 0.690 
133 0.074 0.226 0.478 0.015 0.420 0.604 0.563 0.489 0.487 0.367 0.356 0.022 0.023 0.002 0.122 0.031 0.247 0.138 0.093 0.000 0.000 0.688 
134 0.068 0.227 0.483 0.015 0.427 0.596 0.572 0.488 0.487 0.360 0.364 0.022 0.021 0.012 0.119 0.030 0.250 0.146 0.094 0.000 0.000 0.692 
135 0.074 0.226 0.486 0.011 0.425 0.586 0.595 0.493 0.484 0.361 0.352 0.024 0.022 0.011 0.127 0.029 0.250 0.141 0.095 0.000 0.000 0.690 
136 0.074 0.234 0.497 0.011 0.424 0.598 0.585 0.489 0.476 0.371 0.345 0.025 0.021 0.011 0.126 0.030 0.251 0.145 0.118 0.000 0.000 0.690 
137 0.076 0.245 0.501 0.011 0.419 0.607 0.572 0.488 0.480 0.381 0.347 0.024 0.020 0.011 0.127 0.047 0.257 0.147 0.106 0.000 0.000 0.692 
138 0.070 0.245 0.502 0.011 0.430 0.599 0.564 0.498 0.481 0.387 0.350 0.023 0.018 0.009 0.129 0.047 0.257 0.144 0.104 0.000 0.000 0.693 
139 0.072 0.233 0.499 0.011 0.435 0.596 0.551 0.496 0.481 0.381 0.356 0.021 0.023 0.011 0.138 0.047 0.265 0.146 0.105 0.003 0.000 0.696 
140 0.081 0.223 0.500 0.011 0.438 0.598 0.539 0.493 0.489 0.383 0.358 0.021 0.023 0.010 0.140 0.048 0.271 0.148 0.110 0.003 0.000 0.699 
141 0.089 0.208 0.496 0.007 0.433 0.596 0.533 0.503 0.489 0.375 0.356 0.022 0.023 0.006 0.142 0.050 0.276 0.141 0.109 0.003 0.000 0.697 
142 0.080 0.209 0.496 0.007 0.425 0.582 0.536 0.500 0.485 0.392 0.357 0.024 0.022 0.006 0.146 0.054 0.281 0.145 0.108 0.003 0.000 0.696 
143 0.084 0.206 0.498 0.007 0.425 0.597 0.539 0.498 0.487 0.392 0.355 0.024 0.019 0.006 0.149 0.049 0.287 0.141 0.108 0.003 0.000 0.696 
144 0.084 0.214 0.492 0.004 0.425 0.605 0.553 0.497 0.498 0.402 0.361 0.025 0.020 0.005 0.147 0.049 0.295 0.139 0.104 0.003 0.000 0.699 
145 0.088 0.210 0.500 0.004 0.423 0.607 0.558 0.488 0.517 0.397 0.360 0.024 0.020 0.005 0.147 0.052 0.289 0.141 0.108 0.003 0.000 0.702 
146 0.087 0.209 0.493 0.004 0.419 0.604 0.555 0.495 0.510 0.390 0.364 0.026 0.017 0.005 0.148 0.050 0.291 0.147 0.108 0.003 0.000 0.703 
147 0.087 0.221 0.480 0.004 0.412 0.614 0.551 0.495 0.491 0.397 0.364 0.025 0.020 0.005 0.153 0.049 0.285 0.151 0.113 0.003 0.000 0.705 
148 0.087 0.226 0.468 0.004 0.421 0.614 0.552 0.484 0.504 0.413 0.377 0.031 0.024 0.005 0.149 0.053 0.288 0.150 0.124 0.003 0.000 0.701 
149 0.095 0.219 0.465 0.036 0.416 0.607 0.535 0.499 0.500 0.410 0.376 0.029 0.027 0.005 0.149 0.061 0.287 0.151 0.136 0.003 0.000 0.700 
150 0.095 0.213 0.470 0.031 0.418 0.599 0.534 0.495 0.507 0.413 0.375 0.033 0.025 0.005 0.150 0.062 0.287 0.146 0.123 0.004 0.000 0.697 
151 0.095 0.214 0.470 0.028 0.426 0.587 0.537 0.485 0.505 0.414 0.383 0.029 0.027 0.007 0.146 0.065 0.290 0.150 0.121 0.004 0.000 0.696 
152 0.096 0.210 0.470 0.031 0.427 0.585 0.569 0.471 0.516 0.407 0.395 0.030 0.026 0.007 0.145 0.063 0.286 0.147 0.119 0.005 0.000 0.695 
153 0.098 0.227 0.470 0.030 0.430 0.579 0.565 0.470 0.523 0.395 0.400 0.030 0.025 0.008 0.147 0.065 0.288 0.149 0.115 0.006 0.000 0.687 
154 0.101 0.225 0.480 0.030 0.432 0.570 0.553 0.479 0.526 0.400 0.393 0.033 0.022 0.008 0.143 0.067 0.283 0.149 0.110 0.006 0.000 0.684 
155 0.103 0.232 0.488 0.033 0.435 0.578 0.549 0.482 0.529 0.411 0.381 0.033 0.022 0.008 0.147 0.071 0.285 0.147 0.112 0.006 0.000 0.683 
156 0.102 0.228 0.488 0.033 0.436 0.571 0.558 0.486 0.508 0.412 0.381 0.031 0.032 0.008 0.136 0.069 0.275 0.147 0.120 0.006 0.000 0.686 
157 0.111 0.221 0.480 0.041 0.438 0.581 0.561 0.489 0.501 0.416 0.385 0.031 0.043 0.008 0.134 0.074 0.274 0.149 0.122 0.005 0.000 0.694 
158 0.109 0.235 0.487 0.041 0.443 0.584 0.564 0.497 0.515 0.406 0.377 0.043 0.042 0.008 0.140 0.073 0.280 0.146 0.127 0.005 0.000 0.698 
159 0.112 0.231 0.475 0.038 0.448 0.582 0.580 0.490 0.553 0.408 0.368 0.042 0.040 0.010 0.145 0.074 0.279 0.144 0.123 0.006 0.000 0.703 
160 0.112 0.230 0.476 0.035 0.449 0.586 0.576 0.487 0.554 0.408 0.364 0.046 0.038 0.010 0.150 0.072 0.274 0.148 0.119 0.006 0.000 0.709 
161 0.111 0.230 0.469 0.038 0.448 0.586 0.576 0.491 0.554 0.398 0.356 0.051 0.025 0.006 0.155 0.077 0.274 0.149 0.108 0.008 0.000 0.705 
162 0.108 0.229 0.458 0.035 0.448 0.591 0.576 0.492 0.546 0.423 0.350 0.060 0.022 0.010 0.157 0.074 0.285 0.146 0.103 0.008 0.000 0.697 
163 0.106 0.233 0.453 0.038 0.454 0.598 0.583 0.495 0.532 0.418 0.346 0.065 0.022 0.009 0.158 0.072 0.273 0.151 0.114 0.008 0.000 0.695 
164 0.109 0.240 0.449 0.067 0.454 0.586 0.589 0.494 0.523 0.421 0.354 0.069 0.021 0.009 0.155 0.070 0.271 0.153 0.113 0.008 0.000 0.693 
165 0.105 0.234 0.447 0.064 0.451 0.590 0.578 0.492 0.516 0.416 0.339 0.070 0.020 0.012 0.159 0.071 0.271 0.158 0.113 0.007 0.000 0.691 
166 0.107 0.256 0.446 0.063 0.455 0.586 0.588 0.489 0.510 0.405 0.356 0.078 0.017 0.010 0.160 0.067 0.266 0.159 0.108 0.015 0.000 0.694 
167 0.105 0.261 0.452 0.062 0.457 0.579 0.587 0.489 0.507 0.411 0.365 0.084 0.013 0.010 0.158 0.070 0.269 0.158 0.106 0.018 0.000 0.693 
168 0.105 0.252 0.460 0.054 0.452 0.579 0.574 0.493 0.497 0.408 0.368 0.086 0.013 0.008 0.161 0.066 0.273 0.165 0.107 0.017 0.000 0.694 
169 0.106 0.244 0.464 0.054 0.459 0.565 0.575 0.507 0.492 0.411 0.374 0.087 0.018 0.008 0.151 0.072 0.269 0.161 0.115 0.019 0.000 0.696 
170 0.111 0.241 0.470 0.060 0.451 0.560 0.574 0.503 0.501 0.428 0.385 0.086 0.017 0.008 0.155 0.075 0.272 0.160 0.112 0.020 0.000 0.698 
171 0.108 0.248 0.478 0.060 0.451 0.553 0.595 0.510 0.508 0.430 0.401 0.090 0.020 0.008 0.155 0.072 0.272 0.165 0.109 0.025 0.000 0.690 
172 0.106 0.257 0.481 0.090 0.447 0.565 0.590 0.513 0.503 0.440 0.399 0.088 0.021 0.008 0.153 0.076 0.265 0.166 0.109 0.023 0.001 0.685 
173 0.108 0.248 0.477 0.087 0.445 0.586 0.606 0.514 0.512 0.436 0.403 0.090 0.019 0.008 0.152 0.079 0.265 0.168 0.113 0.024 0.001 0.689 
174 0.106 0.240 0.468 0.174 0.440 0.587 0.609 0.516 0.504 0.437 0.389 0.091 0.030 0.008 0.149 0.081 0.278 0.172 0.114 0.023 0.001 0.690 
175 0.108 0.238 0.475 0.185 0.440 0.583 0.599 0.517 0.515 0.438 0.390 0.085 0.033 0.010 0.158 0.085 0.274 0.170 0.123 0.022 0.001 0.689 
176 0.113 0.234 0.469 0.171 0.445 0.594 0.576 0.516 0.522 0.431 0.394 0.087 0.032 0.010 0.158 0.082 0.275 0.167 0.120 0.020 0.001 0.686 
177 0.114 0.234 0.467 0.168 0.446 0.595 0.562 0.522 0.520 0.430 0.385 0.089 0.038 0.008 0.152 0.091 0.270 0.187 0.122 0.018 0.001 0.687 
178 0.113 0.239 0.459 0.195 0.448 0.594 0.570 0.530 0.518 0.437 0.387 0.086 0.038 0.010 0.150 0.091 0.271 0.188 0.119 0.020 0.001 0.688 
179 0.115 0.241 0.451 0.211 0.454 0.583 0.565 0.524 0.523 0.433 0.386 0.089 0.046 0.010 0.144 0.094 0.271 0.191 0.121 0.021 0.001 0.694 
180 0.111 0.242 0.456 0.220 0.454 0.587 0.552 0.528 0.512 0.422 0.392 0.088 0.047 0.010 0.146 0.088 0.280 0.194 0.121 0.020 0.001 0.690 
181 0.114 0.252 0.453 0.218 0.466 0.582 0.571 0.528 0.510 0.412 0.387 0.088 0.047 0.006 0.146 0.083 0.276 0.199 0.118 0.022 0.001 0.693 
182 0.110 0.249 0.466 0.218 0.472 0.568 0.577 0.529 0.510 0.427 0.382 0.087 0.043 0.006 0.140 0.078 0.278 0.198 0.120 0.022 0.001 0.695 
183 0.114 0.245 0.464 0.222 0.473 0.577 0.580 0.529 0.515 0.423 0.377 0.086 0.040 0.006 0.138 0.078 0.272 0.198 0.121 0.024 0.001 0.695 
184 0.116 0.245 0.465 0.225 0.485 0.583 0.570 0.527 0.490 0.443 0.384 0.084 0.040 0.006 0.137 0.074 0.270 0.207 0.123 0.024 0.001 0.694 
185 0.113 0.262 0.455 0.224 0.484 0.583 0.578 0.520 0.487 0.455 0.384 0.086 0.042 0.006 0.135 0.072 0.265 0.207 0.125 0.026 0.000 0.698 
186 0.124 0.253 0.469 0.227 0.487 0.594 0.576 0.516 0.487 0.460 0.382 0.085 0.040 0.002 0.137 0.068 0.252 0.197 0.124 0.024 0.000 0.694 
187 0.123 0.244 0.475 0.229 0.482 0.596 0.582 0.529 0.481 0.459 0.393 0.092 0.045 0.010 0.141 0.066 0.250 0.194 0.119 0.022 0.001 0.695 
188 0.122 0.237 0.467 0.227 0.481 0.598 0.587 0.536 0.479 0.458 0.386 0.096 0.041 0.012 0.135 0.065 0.254 0.190 0.115 0.021 0.001 0.696 
189 0.125 0.234 0.464 0.222 0.483 0.590 0.596 0.529 0.483 0.460 0.386 0.102 0.044 0.014 0.138 0.056 0.249 0.187 0.115 0.021 0.001 0.692 
190 0.122 0.230 0.462 0.226 0.489 0.592 0.595 0.534 0.505 0.466 0.388 0.103 0.046 0.012 0.143 0.054 0.241 0.194 0.129 0.021 0.001 0.695 
191 0.125 0.231 0.471 0.235 0.475 0.583 0.597 0.534 0.516 0.453 0.400 0.106 0.048 0.014 0.145 0.056 0.250 0.189 0.130 0.019 0.001 0.694 
192 0.124 0.235 0.471 0.237 0.476 0.578 0.606 0.535 0.505 0.455 0.390 0.104 0.048 0.010 0.150 0.059 0.239 0.185 0.137 0.018 0.001 0.694 
193 0.127 0.234 0.472 0.242 0.477 0.567 0.611 0.529 0.492 0.453 0.378 0.103 0.043 0.011 0.153 0.063 0.242 0.184 0.132 0.018 0.001 0.687 
194 0.124 0.222 0.483 0.246 0.471 0.557 0.604 0.523 0.500 0.449 0.380 0.106 0.046 0.011 0.153 0.073 0.241 0.179 0.130 0.016 0.001 0.687 
195 0.129 0.214 0.481 0.240 0.471 0.553 0.604 0.525 0.504 0.457 0.379 0.115 0.046 0.010 0.153 0.074 0.235 0.181 0.146 0.020 0.001 0.683 
196 0.128 0.213 0.470 0.237 0.466 0.555 0.602 0.530 0.506 0.456 0.371 0.122 0.045 0.012 0.151 0.070 0.234 0.175 0.149 0.020 0.001 0.684 
197 0.131 0.231 0.469 0.241 0.466 0.561 0.592 0.520 0.499 0.457 0.368 0.123 0.045 0.014 0.151 0.077 0.247 0.165 0.154 0.020 0.001 0.680 
198 0.136 0.236 0.463 0.246 0.476 0.566 0.587 0.527 0.499 0.444 0.387 0.124 0.043 0.012 0.150 0.079 0.263 0.160 0.148 0.019 0.001 0.687 
199 0.136 0.233 0.454 0.252 0.470 0.560 0.595 0.534 0.506 0.451 0.391 0.124 0.045 0.012 0.146 0.087 0.262 0.158 0.150 0.018 0.001 0.688 
200 0.137 0.229 0.459 0.265 0.467 0.568 0.590 0.540 0.514 0.435 0.391 0.122 0.041 0.015 0.146 0.089 0.264 0.166 0.147 0.015 0.001 0.690 
201 0.139 0.237 0.462 0.271 0.463 0.567 0.576 0.539 0.527 0.423 0.395 0.117 0.038 0.014 0.145 0.084 0.267 0.168 0.139 0.014 0.001 0.692 
202 0.140 0.231 0.458 0.285 0.464 0.565 0.570 0.535 0.529 0.421 0.386 0.114 0.037 0.017 0.143 0.082 0.261 0.170 0.139 0.014 0.001 0.698 
203 0.138 0.228 0.471 0.287 0.455 0.556 0.582 0.527 0.523 0.411 0.395 0.114 0.037 0.017 0.154 0.080 0.266 0.171 0.127 0.016 0.001 0.701 
204 0.133 0.248 0.476 0.277 0.460 0.549 0.571 0.533 0.530 0.406 0.394 0.113 0.037 0.020 0.151 0.082 0.275 0.173 0.124 0.014 0.001 0.703 
205 0.129 0.247 0.474 0.316 0.448 0.564 0.554 0.535 0.525 0.420 0.381 0.122 0.036 0.021 0.144 0.081 0.272 0.171 0.138 0.016 0.001 0.699 
206 0.133 0.245 0.462 0.310 0.447 0.564 0.556 0.531 0.525 0.423 0.382 0.130 0.038 0.021 0.144 0.076 0.279 0.168 0.131 0.016 0.001 0.699 
207 0.134 0.236 0.469 0.290 0.457 0.557 0.566 0.526 0.533 0.420 0.393 0.129 0.039 0.019 0.148 0.079 0.276 0.167 0.131 0.017 0.001 0.691 
208 0.126 0.241 0.473 0.287 0.466 0.554 0.560 0.517 0.527 0.433 0.383 0.129 0.043 0.019 0.146 0.079 0.272 0.178 0.132 0.018 0.001 0.687 
209 0.119 0.246 0.479 0.277 0.468 0.567 0.561 0.520 0.522 0.430 0.385 0.130 0.042 0.018 0.143 0.080 0.269 0.183 0.132 0.018 0.001 0.683 
210 0.121 0.243 0.472 0.273 0.470 0.553 0.560 0.523 0.527 0.422 0.382 0.130 0.045 0.016 0.145 0.079 0.278 0.185 0.125 0.017 0.001 0.690 
211 0.119 0.252 0.470 0.285 0.472 0.558 0.566 0.534 0.519 0.447 0.380 0.132 0.048 0.016 0.141 0.083 0.282 0.190 0.123 0.016 0.001 0.698 
212 0.118 0.252 0.458 0.283 0.464 0.559 0.570 0.535 0.529 0.440 0.382 0.134 0.053 0.012 0.146 0.083 0.274 0.191 0.136 0.018 0.001 0.699 
213 0.119 0.244 0.453 0.297 0.464 0.553 0.571 0.545 0.526 0.440 0.390 0.137 0.054 0.012 0.151 0.084 0.276 0.186 0.137 0.018 0.001 0.703 
214 0.114 0.243 0.447 0.295 0.462 0.563 0.592 0.536 0.519 0.451 0.387 0.135 0.060 0.010 0.150 0.079 0.287 0.188 0.138 0.019 0.001 0.701 
215 0.121 0.249 0.440 0.299 0.458 0.562 0.590 0.538 0.526 0.452 0.390 0.132 0.057 0.015 0.143 0.082 0.307 0.192 0.131 0.018 0.001 0.706 
216 0.124 0.245 0.435 0.291 0.456 0.563 0.590 0.536 0.525 0.481 0.395 0.129 0.057 0.015 0.140 0.086 0.315 0.182 0.135 0.017 0.001 0.702 
217 0.124 0.242 0.442 0.282 0.455 0.567 0.582 0.540 0.529 0.480 0.390 0.124 0.060 0.015 0.149 0.088 0.308 0.182 0.134 0.016 0.001 0.701 
218 0.125 0.241 0.441 0.276 0.448 0.567 0.574 0.541 0.529 0.477 0.380 0.124 0.066 0.014 0.150 0.098 0.304 0.182 0.128 0.016 0.001 0.694 
219 0.121 0.238 0.441 0.274 0.447 0.570 0.582 0.541 0.537 0.468 0.388 0.124 0.065 0.015 0.153 0.100 0.315 0.175 0.125 0.015 0.001 0.694 
220 0.119 0.235 0.452 0.279 0.437 0.574 0.579 0.546 0.542 0.461 0.389 0.125 0.065 0.013 0.158 0.102 0.311 0.177 0.128 0.014 0.001 0.689 
221 0.119 0.234 0.442 0.285 0.434 0.565 0.582 0.550 0.539 0.454 0.381 0.128 0.061 0.012 0.159 0.099 0.306 0.174 0.125 0.013 0.001 0.696 
222 0.119 0.235 0.435 0.297 0.428 0.562 0.576 0.543 0.531 0.456 0.392 0.128 0.064 0.010 0.159 0.096 0.300 0.168 0.125 0.012 0.000 0.690 
223 0.126 0.249 0.437 0.301 0.417 0.562 0.581 0.546 0.526 0.454 0.377 0.135 0.067 0.011 0.149 0.090 0.296 0.167 0.124 0.010 0.000 0.693 
224 0.135 0.241 0.442 0.306 0.413 0.557 0.560 0.539 0.516 0.456 0.378 0.134 0.070 0.011 0.148 0.092 0.298 0.170 0.126 0.012 0.000 0.691 
225 0.133 0.241 0.431 0.306 0.415 0.557 0.580 0.543 0.527 0.467 0.377 0.136 0.072 0.010 0.149 0.101 0.296 0.176 0.129 0.011 0.001 0.693 
226 0.133 0.248 0.436 0.299 0.421 0.559 0.580 0.538 0.534 0.478 0.381 0.141 0.074 0.010 0.155 0.105 0.298 0.176 0.124 0.012 0.001 0.695 
227 0.132 0.261 0.431 0.307 0.423 0.560 0.584 0.540 0.531 0.470 0.385 0.146 0.076 0.011 0.155 0.105 0.297 0.179 0.125 0.015 0.001 0.694 
228 0.132 0.261 0.438 0.307 0.430 0.563 0.575 0.548 0.552 0.456 0.397 0.144 0.075 0.018 0.157 0.102 0.295 0.180 0.135 0.014 0.001 0.693 
229 0.131 0.258 0.439 0.310 0.436 0.560 0.568 0.554 0.546 0.464 0.381 0.139 0.070 0.018 0.161 0.100 0.290 0.187 0.136 0.020 0.001 0.693 
230 0.132 0.255 0.446 0.316 0.433 0.554 0.578 0.546 0.561 0.472 0.371 0.143 0.071 0.018 0.161 0.096 0.294 0.184 0.133 0.020 0.001 0.692 
231 0.128 0.254 0.431 0.335 0.436 0.568 0.587 0.548 0.550 0.476 0.360 0.141 0.071 0.018 0.164 0.100 0.282 0.184 0.132 0.024 0.001 0.694 
232 0.140 0.247 0.433 0.334 0.427 0.573 0.571 0.552 0.547 0.479 0.357 0.129 0.070 0.016 0.168 0.101 0.286 0.187 0.130 0.023 0.001 0.699 
233 0.141 0.242 0.438 0.334 0.424 0.570 0.556 0.549 0.539 0.480 0.350 0.129 0.064 0.012 0.168 0.101 0.281 0.183 0.126 0.018 0.003 0.695 
234 0.143 0.250 0.440 0.328 0.421 0.566 0.564 0.547 0.525 0.479 0.352 0.137 0.068 0.014 0.163 0.099 0.287 0.180 0.129 0.017 0.003 0.697 
235 0.140 0.241 0.438 0.335 0.417 0.562 0.570 0.545 0.528 0.500 0.356 0.137 0.072 0.015 0.152 0.103 0.304 0.176 0.124 0.021 0.003 0.703 
236 0.139 0.235 0.435 0.330 0.411 0.559 0.567 0.547 0.534 0.497 0.357 0.138 0.073 0.014 0.150 0.099 0.311 0.181 0.128 0.022 0.003 0.701 
237 0.137 0.238 0.442 0.318 0.415 0.565 0.570 0.543 0.539 0.494 0.367 0.145 0.070 0.023 0.145 0.095 0.329 0.189 0.136 0.021 0.003 0.697 
238 0.139 0.232 0.450 0.325 0.407 0.562 0.558 0.546 0.541 0.489 0.360 0.136 0.070 0.023 0.150 0.092 0.325 0.182 0.145 0.020 0.003 0.693 
239 0.137 0.243 0.448 0.339 0.401 0.567 0.552 0.548 0.531 0.487 0.342 0.138 0.071 0.021 0.155 0.091 0.325 0.167 0.151 0.020 0.003 0.691 
240 0.135 0.252 0.436 0.324 0.400 0.562 0.550 0.549 0.510 0.492 0.337 0.141 0.076 0.020 0.147 0.089 0.319 0.169 0.153 0.020 0.003 0.693 
241 0.137 0.252 0.434 0.328 0.413 0.554 0.554 0.549 0.516 0.494 0.338 0.146 0.076 0.021 0.150 0.084 0.316 0.169 0.147 0.032 0.002 0.687 
242 0.140 0.255 0.436 0.311 0.424 0.543 0.553 0.552 0.515 0.502 0.339 0.148 0.077 0.020 0.151 0.081 0.315 0.175 0.152 0.031 0.003 0.690 
243 0.140 0.255 0.439 0.297 0.430 0.550 0.551 0.554 0.524 0.504 0.341 0.147 0.079 0.018 0.153 0.075 0.314 0.177 0.160 0.035 0.003 0.691 
244 0.141 0.268 0.440 0.301 0.418 0.553 0.572 0.559 0.520 0.517 0.341 0.146 0.080 0.018 0.152 0.074 0.308 0.178 0.167 0.033 0.003 0.686 
245 0.141 0.266 0.445 0.303 0.424 0.547 0.573 0.557 0.517 0.513 0.338 0.146 0.080 0.020 0.153 0.077 0.305 0.180 0.186 0.033 0.003 0.693 
246 0.137 0.264 0.440 0.304 0.421 0.552 0.575 0.558 0.524 0.511 0.345 0.148 0.079 0.023 0.153 0.084 0.311 0.182 0.174 0.031 0.003 0.695 
247 0.125 0.263 0.443 0.308 0.418 0.546 0.578 0.566 0.519 0.510 0.339 0.152 0.077 0.024 0.154 0.084 0.310 0.182 0.176 0.027 0.002 0.692 
248 0.123 0.267 0.456 0.307 0.418 0.538 0.582 0.569 0.525 0.508 0.339 0.145 0.076 0.025 0.155 0.082 0.308 0.189 0.179 0.027 0.003 0.689 
249 0.126 0.267 0.454 0.309 0.415 0.548 0.573 0.559 0.539 0.511 0.339 0.144 0.081 0.032 0.155 0.082 0.317 0.200 0.166 0.030 0.003 0.699 
250 0.129 0.272 0.449 0.303 0.407 0.555 0.578 0.553 0.541 0.503 0.348 0.142 0.082 0.032 0.153 0.081 0.324 0.197 0.165 0.029 0.003 0.703 
251 0.127 0.282 0.455 0.297 0.408 0.547 0.577 0.552 0.542 0.496 0.350 0.140 0.079 0.032 0.161 0.077 0.330 0.195 0.155 0.030 0.003 0.705 
252 0.126 0.274 0.447 0.296 0.413 0.533 0.581 0.545 0.544 0.506 0.354 0.141 0.078 0.031 0.156 0.083 0.330 0.197 0.147 0.029 0.003 0.707 
253 0.128 0.268 0.448 0.314 0.407 0.530 0.578 0.549 0.546 0.502 0.354 0.147 0.085 0.029 0.167 0.077 0.322 0.203 0.143 0.024 0.003 0.707 
254 0.128 0.272 0.442 0.322 0.407 0.533 0.573 0.551 0.543 0.500 0.350 0.145 0.082 0.029 0.162 0.079 0.320 0.200 0.148 0.023 0.003 0.708 
255 0.122 0.269 0.442 0.321 0.401 0.532 0.564 0.540 0.554 0.501 0.349 0.146 0.083 0.027 0.162 0.081 0.316 0.209 0.145 0.025 0.004 0.710 
256 0.122 0.278 0.449 0.325 0.403 0.526 0.567 0.540 0.557 0.509 0.350 0.149 0.084 0.026 0.158 0.084 0.317 0.210 0.145 0.026 0.003 0.704 
257 0.115 0.278 0.451 0.323 0.407 0.518 0.568 0.550 0.553 0.516 0.345 0.153 0.082 0.026 0.159 0.098 0.315 0.210 0.136 0.031 0.003 0.695 
258 0.120 0.275 0.446 0.328 0.407 0.527 0.578 0.544 0.558 0.511 0.351 0.148 0.075 0.034 0.158 0.099 0.322 0.210 0.132 0.028 0.003 0.696 
259 0.121 0.279 0.451 0.331 0.408 0.518 0.578 0.555 0.568 0.512 0.352 0.160 0.073 0.035 0.151 0.097 0.332 0.203 0.135 0.027 0.003 0.694 
260 0.120 0.275 0.449 0.337 0.403 0.516 0.580 0.549 0.574 0.509 0.354 0.159 0.071 0.041 0.142 0.100 0.329 0.205 0.137 0.027 0.003 0.691 
261 0.130 0.275 0.458 0.341 0.407 0.524 0.593 0.544 0.573 0.506 0.347 0.157 0.087 0.037 0.137 0.100 0.325 0.196 0.139 0.027 0.003 0.694 
262 0.132 0.284 0.463 0.342 0.394 0.526 0.599 0.548 0.563 0.510 0.335 0.159 0.088 0.035 0.133 0.099 0.325 0.191 0.139 0.027 0.003 0.696 
263 0.127 0.264 0.475 0.341 0.395 0.529 0.594 0.559 0.549 0.518 0.344 0.159 0.088 0.034 0.134 0.100 0.323 0.193 0.137 0.026 0.003 0.696 
264 0.139 0.272 0.478 0.339 0.395 0.524 0.604 0.564 0.543 0.527 0.339 0.162 0.084 0.039 0.134 0.099 0.323 0.196 0.140 0.026 0.003 0.697 
265 0.133 0.281 0.477 0.338 0.390 0.520 0.600 0.559 0.540 0.519 0.325 0.156 0.082 0.036 0.140 0.103 0.321 0.189 0.143 0.027 0.003 0.695 
266 0.130 0.290 0.475 0.343 0.397 0.510 0.596 0.552 0.542 0.510 0.321 0.157 0.081 0.041 0.136 0.102 0.313 0.191 0.149 0.028 0.003 0.695 
267 0.130 0.293 0.478 0.341 0.410 0.503 0.602 0.549 0.539 0.514 0.324 0.158 0.081 0.039 0.139 0.102 0.318 0.193 0.151 0.032 0.003 0.696 
268 0.129 0.291 0.486 0.344 0.412 0.518 0.603 0.550 0.533 0.513 0.328 0.160 0.082 0.036 0.142 0.099 0.308 0.197 0.150 0.034 0.003 0.692 
269 0.125 0.281 0.489 0.335 0.419 0.515 0.598 0.550 0.539 0.506 0.325 0.165 0.081 0.035 0.134 0.095 0.306 0.201 0.155 0.035 0.003 0.693 
270 0.130 0.288 0.478 0.339 0.416 0.516 0.595 0.555 0.546 0.497 0.328 0.160 0.085 0.030 0.133 0.097 0.302 0.196 0.152 0.034 0.004 0.694 
271 0.133 0.287 0.470 0.341 0.425 0.516 0.588 0.544 0.552 0.478 0.331 0.152 0.091 0.035 0.135 0.101 0.305 0.187 0.146 0.035 0.004 0.693 
272 0.132 0.296 0.473 0.337 0.421 0.512 0.586 0.551 0.556 0.498 0.332 0.147 0.089 0.035 0.141 0.109 0.304 0.188 0.145 0.034 0.004 0.689 
273 0.136 0.303 0.471 0.338 0.416 0.518 0.588 0.553 0.562 0.501 0.331 0.151 0.089 0.037 0.140 0.108 0.306 0.186 0.139 0.034 0.004 0.686 
274 0.141 0.300 0.479 0.342 0.417 0.533 0.589 0.557 0.569 0.506 0.332 0.149 0.085 0.036 0.142 0.107 0.298 0.193 0.139 0.034 0.003 0.684 
275 0.143 0.292 0.475 0.359 0.417 0.528 0.591 0.561 0.562 0.500 0.330 0.150 0.084 0.036 0.152 0.108 0.296 0.202 0.132 0.035 0.003 0.689 
276 0.136 0.293 0.478 0.362 0.416 0.540 0.584 0.563 0.569 0.509 0.339 0.149 0.087 0.032 0.153 0.108 0.298 0.193 0.133 0.033 0.003 0.691 
277 0.137 0.293 0.474 0.365 0.412 0.535 0.590 0.557 0.585 0.516 0.333 0.148 0.087 0.032 0.155 0.109 0.304 0.195 0.134 0.028 0.006 0.697 
278 0.139 0.300 0.484 0.382 0.412 0.533 0.600 0.553 0.583 0.510 0.343 0.148 0.087 0.042 0.154 0.105 0.307 0.191 0.149 0.028 0.006 0.697 
279 0.144 0.292 0.473 0.389 0.408 0.527 0.604 0.552 0.578 0.513 0.343 0.154 0.088 0.038 0.151 0.106 0.287 0.199 0.156 0.029 0.006 0.695 
280 0.147 0.291 0.484 0.379 0.415 0.526 0.602 0.556 0.579 0.512 0.340 0.155 0.084 0.034 0.149 0.106 0.278 0.201 0.158 0.030 0.006 0.694 
281 0.148 0.290 0.487 0.372 0.419 0.534 0.597 0.552 0.576 0.503 0.346 0.159 0.085 0.040 0.151 0.105 0.279 0.201 0.163 0.032 0.004 0.700 
282 0.150 0.287 0.485 0.367 0.424 0.534 0.596 0.546 0.580 0.502 0.347 0.159 0.080 0.039 0.152 0.098 0.287 0.196 0.164 0.040 0.004 0.700 
283 0.146 0.288 0.480 0.365 0.425 0.533 0.586 0.538 0.568 0.488 0.339 0.155 0.084 0.040 0.158 0.097 0.292 0.194 0.159 0.035 0.003 0.694 
284 0.149 0.287 0.474 0.371 0.418 0.524 0.577 0.547 0.556 0.488 0.340 0.152 0.086 0.042 0.155 0.099 0.296 0.193 0.161 0.034 0.003 0.692 
285 0.150 0.283 0.467 0.380 0.414 0.528 0.574 0.550 0.563 0.488 0.337 0.149 0.090 0.042 0.150 0.100 0.296 0.197 0.155 0.033 0.003 0.696 
286 0.152 0.271 0.468 0.381 0.413 0.519 0.580 0.555 0.563 0.488 0.331 0.144 0.093 0.045 0.149 0.101 0.298 0.196 0.155 0.031 0.003 0.695 
287 0.153 0.269 0.464 0.384 0.411 0.518 0.588 0.559 0.557 0.493 0.318 0.150 0.094 0.038 0.157 0.102 0.298 0.197 0.151 0.031 0.003 0.696 
288 0.155 0.268 0.474 0.382 0.408 0.512 0.579 0.562 0.569 0.490 0.323 0.149 0.097 0.036 0.157 0.102 0.303 0.195 0.151 0.030 0.003 0.697 
289 0.158 0.267 0.481 0.389 0.415 0.511 0.584 0.555 0.561 0.485 0.322 0.153 0.099 0.042 0.150 0.099 0.293 0.187 0.156 0.029 0.003 0.697 
290 0.154 0.268 0.481 0.391 0.409 0.515 0.579 0.551 0.565 0.506 0.321 0.158 0.101 0.035 0.147 0.102 0.305 0.182 0.156 0.027 0.004 0.698 
291 0.158 0.268 0.480 0.397 0.415 0.532 0.577 0.554 0.567 0.508 0.317 0.161 0.097 0.034 0.142 0.106 0.291 0.180 0.163 0.028 0.004 0.700 
292 0.162 0.271 0.477 0.401 0.414 0.546 0.573 0.555 0.559 0.503 0.326 0.158 0.098 0.036 0.138 0.107 0.282 0.180 0.167 0.030 0.004 0.701 
293 0.165 0.271 0.486 0.404 0.417 0.538 0.579 0.546 0.569 0.499 0.333 0.161 0.094 0.034 0.142 0.109 0.285 0.178 0.157 0.034 0.003 0.702 
294 0.171 0.269 0.480 0.396 0.421 0.533 0.585 0.537 0.557 0.497 0.332 0.160 0.091 0.036 0.143 0.104 0.304 0.181 0.157 0.032 0.003 0.701 
295 0.174 0.289 0.474 0.385 0.424 0.534 0.591 0.536 0.564 0.490 0.333 0.156 0.087 0.053 0.147 0.106 0.311 0.168 0.162 0.034 0.003 0.702 
296 0.172 0.289 0.477 0.377 0.421 0.542 0.607 0.534 0.561 0.500 0.336 0.154 0.091 0.051 0.148 0.101 0.317 0.172 0.158 0.035 0.004 0.700 
297 0.170 0.289 0.489 0.370 0.426 0.526 0.620 0.539 0.553 0.500 0.341 0.146 0.096 0.051 0.150 0.096 0.306 0.174 0.158 0.037 0.004 0.694 
298 0.173 0.292 0.488 0.370 0.423 0.532 0.624 0.534 0.572 0.488 0.331 0.143 0.096 0.051 0.150 0.092 0.307 0.178 0.144 0.042 0.004 0.687 
299 0.181 0.298 0.490 0.380 0.432 0.525 0.626 0.531 0.557 0.490 0.329 0.146 0.093 0.052 0.156 0.096 0.307 0.178 0.138 0.043 0.004 0.683 
300 0.181 0.293 0.482 0.384 0.427 0.526 0.624 0.527 0.560 0.477 0.333 0.145 0.093 0.052 0.152 0.095 0.302 0.176 0.135 0.040 0.004 0.684 
301 0.188 0.289 0.482 0.390 0.427 0.526 0.619 0.525 0.559 0.474 0.336 0.146 0.099 0.059 0.158 0.094 0.305 0.166 0.140 0.040 0.004 0.687 
302 0.186 0.292 0.471 0.408 0.428 0.524 0.621 0.517 0.566 0.464 0.337 0.141 0.100 0.059 0.158 0.092 0.307 0.169 0.139 0.044 0.004 0.686 
303 0.188 0.294 0.469 0.398 0.423 0.526 0.612 0.521 0.561 0.461 0.328 0.141 0.097 0.061 0.158 0.088 0.307 0.171 0.137 0.043 0.004 0.688 
304 0.184 0.300 0.476 0.395 0.425 0.538 0.600 0.518 0.545 0.462 0.330 0.138 0.095 0.062 0.156 0.087 0.308 0.176 0.136 0.041 0.004 0.693 
305 0.179 0.302 0.470 0.393 0.424 0.531 0.597 0.513 0.539 0.464 0.327 0.142 0.097 0.062 0.154 0.091 0.306 0.180 0.133 0.037 0.005 0.691 
306 0.190 0.292 0.472 0.385 0.428 0.529 0.592 0.517 0.525 0.473 0.321 0.140 0.094 0.062 0.151 0.093 0.311 0.175 0.136 0.035 0.004 0.695 
307 0.194 0.310 0.466 0.386 0.436 0.537 0.581 0.528 0.532 0.472 0.329 0.135 0.092 0.063 0.152 0.091 0.312 0.175 0.137 0.036 0.004 0.692 
308 0.190 0.310 0.462 0.376 0.439 0.532 0.582 0.531 0.542 0.472 0.331 0.132 0.090 0.064 0.153 0.088 0.309 0.179 0.133 0.034 0.004 0.696 
309 0.190 0.324 0.466 0.374 0.434 0.543 0.582 0.526 0.545 0.467 0.334 0.134 0.088 0.069 0.154 0.089 0.299 0.171 0.132 0.030 0.004 0.696 
310 0.189 0.317 0.465 0.372 0.430 0.537 0.580 0.533 0.545 0.475 0.330 0.129 0.094 0.068 0.163 0.087 0.294 0.175 0.136 0.032 0.004 0.700 
311 0.188 0.303 0.466 0.371 0.426 0.550 0.582 0.529 0.537 0.472 0.327 0.124 0.092 0.069 0.162 0.091 0.289 0.185 0.128 0.027 0.005 0.706 
312 0.187 0.297 0.471 0.378 0.433 0.555 0.598 0.530 0.543 0.477 0.327 0.124 0.096 0.072 0.159 0.088 0.293 0.186 0.122 0.031 0.005 0.708 
313 0.183 0.292 0.463 0.383 0.426 0.564 0.603 0.523 0.547 0.472 0.328 0.125 0.093 0.072 0.156 0.090 0.300 0.182 0.124 0.028 0.006 0.700 
314 0.184 0.285 0.463 0.387 0.423 0.563 0.586 0.523 0.542 0.469 0.327 0.124 0.093 0.074 0.161 0.085 0.301 0.176 0.129 0.030 0.006 0.705 
315 0.189 0.290 0.467 0.390 0.411 0.568 0.581 0.522 0.538 0.479 0.334 0.129 0.095 0.074 0.156 0.085 0.302 0.171 0.134 0.039 0.006 0.706 
316 0.186 0.293 0.466 0.395 0.412 0.576 0.588 0.518 0.527 0.466 0.340 0.130 0.098 0.076 0.158 0.077 0.297 0.176 0.142 0.036 0.006 0.704 
317 0.189 0.293 0.465 0.396 0.414 0.560 0.588 0.518 0.521 0.457 0.353 0.135 0.091 0.073 0.156 0.084 0.284 0.177 0.143 0.037 0.006 0.706 
318 0.183 0.300 0.460 0.386 0.416 0.554 0.583 0.516 0.535 0.455 0.346 0.136 0.091 0.074 0.155 0.079 0.270 0.184 0.149 0.038 0.006 0.699 
319 0.179 0.306 0.454 0.390 0.425 0.554 0.580 0.517 0.544 0.445 0.338 0.134 0.092 0.077 0.155 0.090 0.264 0.186 0.144 0.032 0.006 0.700 
320 0.179 0.317 0.455 0.389 0.424 0.549 0.573 0.518 0.536 0.448 0.335 0.141 0.094 0.075 0.148 0.085 0.264 0.184 0.149 0.031 0.007 0.698 
321 0.181 0.322 0.449 0.394 0.417 0.561 0.584 0.522 0.537 0.453 0.337 0.141 0.086 0.078 0.150 0.087 0.269 0.185 0.145 0.028 0.005 0.688 
322 0.180 0.316 0.447 0.398 0.428 0.556 0.591 0.527 0.531 0.442 0.337 0.140 0.088 0.085 0.148 0.085 0.267 0.183 0.149 0.029 0.006 0.695 
323 0.183 0.305 0.447 0.393 0.427 0.550 0.592 0.529 0.528 0.449 0.335 0.149 0.095 0.085 0.146 0.087 0.275 0.179 0.150 0.029 0.006 0.699 
324 0.188 0.301 0.437 0.404 0.421 0.557 0.601 0.531 0.531 0.440 0.331 0.152 0.102 0.086 0.157 0.087 0.283 0.185 0.153 0.028 0.006 0.693 
325 0.191 0.304 0.434 0.403 0.426 0.557 0.601 0.536 0.518 0.440 0.339 0.147 0.108 0.081 0.161 0.099 0.276 0.182 0.137 0.030 0.005 0.699 
326 0.200 0.308 0.427 0.401 0.429 0.559 0.620 0.523 0.522 0.441 0.337 0.145 0.112 0.080 0.158 0.108 0.269 0.187 0.137 0.032 0.004 0.696 
327 0.205 0.308 0.427 0.403 0.431 0.562 0.612 0.522 0.538 0.448 0.332 0.150 0.114 0.079 0.159 0.105 0.271 0.185 0.130 0.032 0.004 0.693 
328 0.203 0.312 0.431 0.403 0.442 0.551 0.598 0.522 0.535 0.444 0.342 0.150 0.113 0.082 0.156 0.109 0.269 0.188 0.133 0.031 0.003 0.695 
329 0.204 0.316 0.427 0.410 0.435 0.557 0.591 0.521 0.530 0.452 0.347 0.150 0.117 0.084 0.162 0.113 0.260 0.187 0.129 0.032 0.003 0.697 
330 0.204 0.314 0.432 0.408 0.431 0.556 0.593 0.525 0.523 0.464 0.339 0.150 0.117 0.083 0.170 0.111 0.255 0.198 0.130 0.032 0.003 0.705 
331 0.208 0.319 0.439 0.410 0.427 0.561 0.586 0.522 0.524 0.470 0.332 0.149 0.115 0.084 0.170 0.112 0.254 0.203 0.132 0.035 0.003 0.707 
332 0.201 0.310 0.442 0.406 0.434 0.558 0.588 0.530 0.522 0.471 0.331 0.152 0.112 0.082 0.168 0.116 0.246 0.195 0.123 0.032 0.004 0.702 
333 0.199 0.313 0.446 0.415 0.438 0.552 0.593 0.520 0.529 0.457 0.327 0.150 0.116 0.080 0.168 0.118 0.252 0.197 0.126 0.039 0.004 0.705 
334 0.209 0.315 0.441 0.411 0.431 0.548 0.603 0.524 0.545 0.451 0.333 0.153 0.112 0.078 0.163 0.115 0.250 0.203 0.130 0.040 0.004 0.710 
335 0.210 0.305 0.442 0.394 0.430 0.548 0.600 0.522 0.547 0.456 0.332 0.152 0.112 0.075 0.165 0.114 0.252 0.204 0.130 0.034 0.004 0.706 
336 0.212 0.303 0.441 0.392 0.420 0.562 0.593 0.517 0.556 0.454 0.335 0.150 0.110 0.073 0.170 0.117 0.260 0.201 0.121 0.030 0.004 0.706 
337 0.215 0.300 0.439 0.394 0.428 0.566 0.591 0.522 0.553 0.446 0.325 0.153 0.110 0.066 0.167 0.121 0.259 0.197 0.110 0.039 0.005 0.698 
338 0.216 0.300 0.440 0.400 0.421 0.565 0.598 0.522 0.548 0.451 0.319 0.159 0.102 0.070 0.169 0.123 0.265 0.200 0.112 0.041 0.004 0.691 
339 0.221 0.293 0.435 0.417 0.409 0.564 0.597 0.508 0.550 0.452 0.329 0.162 0.099 0.070 0.161 0.119 0.265 0.203 0.116 0.042 0.004 0.699 
340 0.216 0.290 0.438 0.414 0.403 0.556 0.595 0.508 0.551 0.449 0.331 0.167 0.096 0.069 0.165 0.116 0.265 0.204 0.126 0.036 0.004 0.702 
341 0.213 0.289 0.435 0.403 0.407 0.550 0.590 0.502 0.545 0.454 0.332 0.163 0.107 0.063 0.168 0.116 0.269 0.210 0.123 0.037 0.004 0.704 
342 0.210 0.289 0.423 0.412 0.417 0.546 0.603 0.503 0.546 0.440 0.340 0.161 0.106 0.063 0.172 0.117 0.271 0.212 0.120 0.037 0.004 0.705 
343 0.211 0.284 0.430 0.416 0.412 0.547 0.604 0.499 0.542 0.450 0.329 0.161 0.104 0.070 0.174 0.116 0.267 0.215 0.118 0.036 0.005 0.708 
344 0.213 0.282 0.433 0.421 0.411 0.555 0.609 0.497 0.531 0.452 0.337 0.162 0.104 0.070 0.171 0.113 0.268 0.214 0.117 0.034 0.005 0.710 
345 0.219 0.281 0.435 0.416 0.407 0.563 0.597 0.487 0.535 0.454 0.361 0.161 0.097 0.071 0.178 0.123 0.273 0.207 0.119 0.036 0.005 0.709 
346 0.220 0.286 0.439 0.416 0.414 0.560 0.601 0.474 0.536 0.445 0.355 0.160 0.097 0.076 0.178 0.120 0.271 0.208 0.117 0.036 0.005 0.711 
347 0.221 0.285 0.437 0.425 0.423 0.565 0.591 0.480 0.531 0.441 0.356 0.163 0.097 0.071 0.174 0.123 0.274 0.211 0.116 0.036 0.004 0.706 
348 0.224 0.289 0.444 0.418 0.425 0.557 0.604 0.476 0.517 0.452 0.350 0.158 0.096 0.075 0.177 0.124 0.271 0.210 0.118 0.038 0.004 0.710 
349 0.223 0.298 0.447 0.427 0.421 0.550 0.595 0.479 0.516 0.466 0.362 0.152 0.099 0.076 0.174 0.128 0.266 0.205 0.118 0.039 0.004 0.712 
350 0.222 0.296 0.450 0.419 0.432 0.552 0.584 0.482 0.521 0.460 0.370 0.150 0.101 0.071 0.175 0.129 0.266 0.202 0.122 0.037 0.004 0.709 
351 0.219 0.289 0.451 0.419 0.433 0.554 0.579 0.487 0.528 0.463 0.366 0.155 0.101 0.073 0.172 0.125 0.257 0.198 0.126 0.033 0.004 0.713 
352 0.211 0.296 0.453 0.412 0.432 0.561 0.567 0.487 0.533 0.469 0.376 0.149 0.109 0.068 0.176 0.130 0.250 0.195 0.119 0.036 0.004 0.711 
353 0.215 0.282 0.447 0.416 0.424 0.562 0.563 0.496 0.533 0.467 0.370 0.142 0.108 0.070 0.180 0.128 0.240 0.203 0.126 0.039 0.004 0.705 
354 0.221 0.271 0.452 0.408 0.429 0.567 0.558 0.498 0.531 0.462 0.368 0.156 0.110 0.068 0.183 0.128 0.248 0.199 0.124 0.043 0.004 0.699 
355 0.200 0.296 0.456 0.400 0.431 0.566 0.555 0.502 0.538 0.460 0.365 0.158 0.106 0.066 0.183 0.136 0.244 0.195 0.123 0.041 0.004 0.696 
356 0.197 0.305 0.447 0.403 0.434 0.570 0.554 0.498 0.534 0.470 0.360 0.161 0.101 0.072 0.184 0.136 0.246 0.190 0.133 0.040 0.004 0.693 
357 0.192 0.308 0.448 0.407 0.431 0.567 0.561 0.498 0.531 0.476 0.359 0.165 0.098 0.075 0.188 0.136 0.250 0.190 0.134 0.043 0.005 0.693 
358 0.192 0.304 0.445 0.409 0.427 0.568 0.559 0.514 0.528 0.464 0.361 0.161 0.094 0.074 0.192 0.132 0.247 0.187 0.126 0.046 0.005 0.693 
359 0.193 0.298 0.442 0.418 0.418 0.572 0.558 0.509 0.518 0.465 0.357 0.162 0.092 0.072 0.186 0.134 0.238 0.195 0.122 0.048 0.005 0.687 
360 0.196 0.301 0.444 0.412 0.417 0.576 0.557 0.505 0.520 0.462 0.359 0.164 0.097 0.069 0.186 0.141 0.234 0.204 0.118 0.048 0.005 0.691 
361 0.203 0.301 0.441 0.412 0.426 0.569 0.578 0.499 0.515 0.468 0.362 0.171 0.098 0.066 0.182 0.139 0.240 0.202 0.123 0.050 0.006 0.688 
362 0.208 0.298 0.437 0.418 0.426 0.563 0.580 0.497 0.519 0.459 0.374 0.172 0.096 0.064 0.177 0.145 0.246 0.210 0.123 0.049 0.005 0.686 
363 0.216 0.290 0.449 0.409 0.430 0.577 0.581 0.490 0.524 0.455 0.380 0.169 0.102 0.063 0.178 0.144 0.265 0.214 0.131 0.049 0.005 0.686 
364 0.221 0.301 0.449 0.417 0.434 0.581 0.576 0.493 0.520 0.446 0.382 0.167 0.102 0.062 0.176 0.144 0.258 0.212 0.133 0.049 0.006 0.682 
365 0.221 0.303 0.442 0.421 0.425 0.582 0.577 0.487 0.508 0.451 0.382 0.175 0.100 0.063 0.174 0.139 0.259 0.211 0.146 0.045 0.006 0.680 
366 0.216 0.307 0.438 0.417 0.438 0.573 0.582 0.485 0.511 0.450 0.377 0.176 0.099 0.060 0.182 0.136 0.259 0.218 0.148 0.041 0.008 0.689 
367 0.211 0.305 0.447 0.413 0.439 0.569 0.571 0.473 0.512 0.437 0.370 0.179 0.101 0.056 0.181 0.135 0.259 0.216 0.147 0.045 0.006 0.695 
368 0.210 0.310 0.453 0.420 0.441 0.568 0.569 0.482 0.518 0.434 0.363 0.183 0.100 0.053 0.179 0.130 0.260 0.216 0.148 0.046 0.007 0.695 
369 0.216 0.303 0.455 0.424 0.440 0.569 0.573 0.482 0.509 0.447 0.356 0.191 0.097 0.044 0.172 0.127 0.254 0.219 0.155 0.049 0.007 0.696 
370 0.224 0.302 0.455 0.431 0.443 0.568 0.562 0.480 0.515 0.444 0.356 0.192 0.095 0.042 0.174 0.121 0.249 0.219 0.154 0.048 0.007 0.700 
371 0.224 0.298 0.451 0.432 0.441 0.570 0.566 0.485 0.517 0.439 0.356 0.191 0.097 0.045 0.171 0.123 0.254 0.220 0.153 0.047 0.007 0.703 
372 0.222 0.294 0.450 0.433 0.446 0.560 0.566 0.487 0.516 0.450 0.352 0.189 0.104 0.042 0.171 0.122 0.252 0.223 0.150 0.048 0.007 0.707 
373 0.219 0.298 0.454 0.431 0.448 0.557 0.564 0.486 0.510 0.461 0.346 0.188 0.098 0.048 0.170 0.127 0.261 0.211 0.152 0.050 0.006 0.699 
374 0.216 0.309 0.459 0.421 0.449 0.554 0.568 0.488 0.511 0.476 0.336 0.188 0.099 0.045 0.169 0.129 0.267 0.208 0.153 0.051 0.005 0.699 
375 0.207 0.303 0.470 0.418 0.449 0.546 0.572 0.487 0.508 0.472 0.338 0.190 0.098 0.053 0.168 0.145 0.267 0.213 0.153 0.052 0.008 0.699 
376 0.203 0.309 0.474 0.419 0.448 0.555 0.567 0.483 0.497 0.470 0.332 0.187 0.104 0.055 0.175 0.142 0.284 0.212 0.156 0.052 0.007 0.695 
377 0.205 0.309 0.478 0.421 0.451 0.557 0.573 0.488 0.509 0.465 0.332 0.187 0.106 0.060 0.176 0.147 0.279 0.222 0.151 0.055 0.007 0.694 
378 0.209 0.307 0.481 0.408 0.445 0.559 0.590 0.483 0.515 0.470 0.335 0.188 0.107 0.052 0.171 0.143 0.271 0.216 0.152 0.056 0.007 0.696 
379 0.208 0.309 0.477 0.417 0.448 0.576 0.583 0.491 0.502 0.474 0.328 0.186 0.101 0.052 0.168 0.141 0.269 0.212 0.153 0.058 0.006 0.696 
380 0.204 0.307 0.474 0.412 0.443 0.584 0.586 0.492 0.514 0.477 0.331 0.188 0.100 0.055 0.163 0.142 0.272 0.209 0.158 0.057 0.006 0.701 
381 0.203 0.315 0.475 0.430 0.452 0.582 0.581 0.502 0.503 0.470 0.327 0.184 0.110 0.055 0.158 0.137 0.263 0.211 0.159 0.051 0.006 0.705 
382 0.204 0.324 0.474 0.429 0.448 0.584 0.574 0.497 0.505 0.478 0.322 0.183 0.114 0.058 0.158 0.142 0.256 0.206 0.164 0.051 0.005 0.705 
383 0.198 0.317 0.476 0.422 0.449 0.580 0.567 0.498 0.504 0.472 0.317 0.187 0.116 0.058 0.168 0.142 0.269 0.204 0.163 0.053 0.006 0.700 
384 0.197 0.318 0.473 0.433 0.445 0.584 0.573 0.496 0.498 0.466 0.317 0.194 0.111 0.057 0.172 0.145 0.264 0.205 0.163 0.052 0.006 0.702 
385 0.197 0.320 0.471 0.421 0.448 0.575 0.579 0.499 0.500 0.462 0.324 0.201 0.114 0.058 0.175 0.144 0.274 0.198 0.165 0.050 0.006 0.699 
386 0.205 0.309 0.471 0.431 0.448 0.584 0.578 0.491 0.515 0.464 0.331 0.201 0.105 0.059 0.180 0.137 0.270 0.194 0.167 0.047 0.006 0.691 
387 0.200 0.311 0.472 0.433 0.447 0.576 0.572 0.483 0.521 0.452 0.338 0.201 0.107 0.057 0.183 0.143 0.266 0.195 0.159 0.051 0.005 0.691 
388 0.196 0.317 0.466 0.440 0.444 0.585 0.557 0.477 0.522 0.470 0.333 0.197 0.109 0.061 0.188 0.146 0.264 0.192 0.159 0.057 0.004 0.693 
389 0.194 0.320 0.465 0.439 0.443 0.581 0.560 0.474 0.519 0.467 0.341 0.195 0.108 0.060 0.184 0.144 0.264 0.197 0.153 0.056 0.003 0.689 
390 0.193 0.310 0.461 0.439 0.451 0.578 0.575 0.477 0.517 0.463 0.347 0.199 0.099 0.063 0.184 0.143 0.270 0.195 0.153 0.051 0.003 0.696 
391 0.196 0.306 0.474 0.425 0.456 0.571 0.580 0.477 0.526 0.464 0.366 0.197 0.100 0.067 0.184 0.140 0.270 0.195 0.154 0.049 0.003 0.696 
392 0.203 0.302 0.474 0.428 0.463 0.567 0.577 0.477 0.537 0.476 0.364 0.190 0.102 0.075 0.183 0.148 0.272 0.196 0.155 0.051 0.004 0.699 
393 0.206 0.295 0.480 0.428 0.454 0.560 0.575 0.482 0.527 0.482 0.372 0.187 0.113 0.073 0.182 0.142 0.272 0.201 0.161 0.055 0.004 0.698 
394 0.209 0.291 0.476 0.428 0.450 0.557 0.575 0.481 0.531 0.494 0.361 0.187 0.114 0.072 0.181 0.129 0.273 0.209 0.163 0.059 0.004 0.694 
395 0.199 0.303 0.479 0.428 0.455 0.555 0.580 0.485 0.529 0.493 0.362 0.188 0.115 0.071 0.179 0.134 0.284 0.211 0.167 0.053 0.004 0.691 
396 0.204 0.293 0.480 0.426 0.444 0.553 0.582 0.491 0.515 0.495 0.358 0.183 0.116 0.071 0.181 0.139 0.289 0.218 0.168 0.054 0.006 0.688 
397 0.201 0.300 0.490 0.430 0.444 0.548 0.589 0.491 0.514 0.495 0.356 0.183 0.118 0.075 0.188 0.136 0.294 0.221 0.158 0.052 0.008 0.681 
398 0.195 0.301 0.480 0.414 0.448 0.554 0.596 0.491 0.510 0.500 0.356 0.185 0.122 0.075 0.190 0.133 0.289 0.216 0.170 0.059 0.008 0.685 
399 0.189 0.305 0.482 0.410 0.441 0.559 0.597 0.479 0.507 0.492 0.343 0.189 0.124 0.077 0.198 0.133 0.285 0.214 0.161 0.057 0.008 0.692 
400 0.189 0.309 0.487 0.401 0.442 0.562 0.612 0.472 0.518 0.486 0.343 0.190 0.129 0.077 0.193 0.135 0.279 0.215 0.157 0.062 0.009 0.687 
401 0.189 0.304 0.491 0.399 0.443 0.567 0.629 0.478 0.520 0.487 0.332 0.196 0.132 0.073 0.190 0.141 0.286 0.211 0.156 0.063 0.009 0.688 
402 0.194 0.300 0.487 0.408 0.437 0.572 0.619 0.493 0.510 0.490 0.337 0.195 0.130 0.077 0.192 0.140 0.290 0.202 0.154 0.064 0.010 0.691 
403 0.197 0.290 0.491 0.417 0.447 0.569 0.625 0.494 0.509 0.494 0.349 0.196 0.126 0.079 0.190 0.146 0.288 0.202 0.153 0.064 0.011 0.692 
404 0.200 0.291 0.489 0.416 0.446 0.580 0.619 0.485 0.513 0.491 0.353 0.194 0.125 0.077 0.189 0.145 0.285 0.195 0.159 0.069 0.010 0.692 
405 0.203 0.287 0.486 0.415 0.439 0.573 0.612 0.483 0.507 0.485 0.357 0.191 0.125 0.075 0.193 0.150 0.290 0.197 0.154 0.068 0.008 0.698 
406 0.200 0.287 0.480 0.415 0.445 0.567 0.612 0.488 0.512 0.478 0.358 0.185 0.127 0.077 0.200 0.144 0.284 0.200 0.152 0.073 0.008 0.695 
407 0.208 0.287 0.477 0.411 0.440 0.568 0.602 0.494 0.505 0.489 0.362 0.194 0.127 0.075 0.200 0.139 0.283 0.201 0.150 0.075 0.008 0.699 
408 0.212 0.282 0.480 0.412 0.446 0.575 0.597 0.493 0.503 0.494 0.369 0.191 0.129 0.076 0.198 0.138 0.283 0.193 0.151 0.070 0.008 0.700 
409 0.215 0.295 0.472 0.407 0.450 0.571 0.595 0.491 0.514 0.493 0.361 0.188 0.132 0.083 0.195 0.133 0.279 0.181 0.158 0.071 0.007 0.706 
410 0.213 0.302 0.477 0.410 0.450 0.568 0.598 0.491 0.512 0.489 0.362 0.191 0.135 0.083 0.193 0.137 0.273 0.175 0.166 0.069 0.008 0.706 
411 0.206 0.299 0.475 0.410 0.445 0.563 0.609 0.492 0.514 0.499 0.366 0.191 0.133 0.079 0.185 0.141 0.274 0.172 0.169 0.073 0.009 0.705 
412 0.203 0.295 0.482 0.417 0.439 0.570 0.601 0.499 0.523 0.503 0.364 0.192 0.131 0.078 0.193 0.135 0.270 0.171 0.175 0.073 0.010 0.702 
413 0.207 0.298 0.483 0.416 0.434 0.559 0.589 0.502 0.514 0.505 0.361 0.191 0.133 0.075 0.183 0.139 0.272 0.175 0.169 0.072 0.010 0.702 
414 0.211 0.308 0.474 0.414 0.432 0.555 0.593 0.502 0.513 0.503 0.359 0.189 0.129 0.076 0.185 0.130 0.270 0.178 0.168 0.075 0.010 0.700 
415 0.210 0.313 0.473 0.399 0.440 0.547 0.589 0.500 0.518 0.500 0.356 0.192 0.124 0.079 0.186 0.132 0.269 0.188 0.168 0.080 0.009 0.699 
416 0.209 0.318 0.478 0.396 0.434 0.546 0.587 0.503 0.522 0.494 0.357 0.191 0.126 0.083 0.182 0.138 0.276 0.187 0.177 0.082 0.009 0.694 
417 0.206 0.314 0.481 0.398 0.441 0.546 0.580 0.500 0.524 0.495 0.360 0.190 0.130 0.083 0.185 0.139 0.269 0.185 0.182 0.083 0.009 0.693 
418 0.216 0.306 0.486 0.391 0.443 0.544 0.579 0.503 0.518 0.494 0.369 0.185 0.135 0.081 0.185 0.134 0.272 0.188 0.185 0.083 0.011 0.699 
419 0.216 0.295 0.483 0.399 0.441 0.547 0.588 0.518 0.527 0.486 0.374 0.181 0.139 0.079 0.185 0.138 0.266 0.187 0.190 0.083 0.013 0.692 
420 0.218 0.287 0.479 0.399 0.450 0.558 0.580 0.516 0.522 0.498 0.372 0.177 0.137 0.079 0.188 0.131 0.258 0.190 0.191 0.087 0.013 0.701 
421 0.222 0.291 0.479 0.399 0.450 0.565 0.585 0.512 0.526 0.509 0.376 0.181 0.137 0.080 0.193 0.134 0.254 0.193 0.183 0.088 0.014 0.699 
422 0.223 0.289 0.480 0.411 0.455 0.572 0.580 0.511 0.502 0.504 0.374 0.184 0.135 0.080 0.194 0.143 0.262 0.195 0.180 0.088 0.015 0.694 
423 0.227 0.282 0.477 0.420 0.462 0.572 0.579 0.518 0.498 0.496 0.355 0.183 0.135 0.079 0.201 0.141 0.268 0.200 0.173 0.086 0.016 0.695 
424 0.227 0.284 0.481 0.432 0.461 0.571 0.572 0.512 0.500 0.497 0.352 0.184 0.135 0.073 0.206 0.140 0.271 0.193 0.170 0.086 0.016 0.696 
425 0.227 0.280 0.482 0.434 0.454 0.571 0.582 0.515 0.492 0.499 0.355 0.181 0.139 0.060 0.206 0.139 0.272 0.205 0.171 0.085 0.016 0.695 
426 0.223 0.278 0.477 0.440 0.457 0.569 0.589 0.512 0.496 0.497 0.355 0.187 0.137 0.059 0.208 0.149 0.267 0.211 0.172 0.083 0.014 0.694 
427 0.228 0.271 0.476 0.442 0.454 0.566 0.594 0.508 0.501 0.491 0.353 0.186 0.135 0.058 0.207 0.148 0.271 0.211 0.173 0.082 0.014 0.693 
428 0.226 0.278 0.468 0.439 0.462 0.558 0.597 0.509 0.494 0.491 0.356 0.192 0.130 0.064 0.206 0.149 0.275 0.212 0.174 0.083 0.014 0.693 
429 0.220 0.287 0.465 0.444 0.446 0.564 0.602 0.512 0.499 0.510 0.359 0.188 0.134 0.068 0.204 0.148 0.276 0.218 0.174 0.080 0.016 0.691 
430 0.221 0.282 0.461 0.448 0.447 0.572 0.604 0.521 0.506 0.514 0.359 0.184 0.138 0.070 0.202 0.153 0.275 0.212 0.168 0.080 0.015 0.693 
431 0.217 0.279 0.463 0.423 0.452 0.581 0.596 0.518 0.519 0.515 0.357 0.184 0.134 0.063 0.206 0.153 0.276 0.208 0.167 0.079 0.016 0.692 
432 0.213 0.283 0.477 0.435 0.447 0.591 0.591 0.524 0.515 0.511 0.366 0.187 0.139 0.064 0.204 0.150 0.274 0.213 0.165 0.084 0.015 0.694 
433 0.220 0.275 0.476 0.443 0.441 0.584 0.592 0.515 0.537 0.508 0.351 0.199 0.138 0.056 0.201 0.147 0.277 0.218 0.164 0.085 0.017 0.702 
434 0.221 0.273 0.474 0.432 0.444 0.579 0.597 0.507 0.526 0.510 0.351 0.206 0.139 0.055 0.199 0.152 0.287 0.214 0.154 0.083 0.018 0.701 
435 0.221 0.278 0.467 0.429 0.447 0.577 0.580 0.513 0.530 0.508 0.352 0.208 0.140 0.056 0.194 0.155 0.288 0.217 0.153 0.084 0.017 0.704 
436 0.217 0.280 0.466 0.428 0.441 0.568 0.588 0.512 0.526 0.492 0.350 0.205 0.138 0.064 0.194 0.166 0.285 0.214 0.159 0.084 0.015 0.705 
437 0.218 0.284 0.468 0.432 0.432 0.561 0.588 0.514 0.511 0.491 0.357 0.204 0.133 0.066 0.193 0.170 0.286 0.218 0.166 0.079 0.017 0.700 
438 0.216 0.285 0.464 0.436 0.439 0.561 0.590 0.516 0.504 0.489 0.358 0.201 0.128 0.066 0.199 0.169 0.288 0.217 0.163 0.074 0.019 0.702 
439 0.219 0.277 0.458 0.443 0.445 0.560 0.591 0.510 0.511 0.493 0.353 0.199 0.133 0.072 0.197 0.176 0.285 0.212 0.163 0.075 0.021 0.709 
440 0.216 0.275 0.460 0.427 0.442 0.562 0.590 0.511 0.511 0.492 0.351 0.199 0.134 0.071 0.199 0.175 0.281 0.212 0.167 0.074 0.020 0.704 
441 0.213 0.278 0.451 0.440 0.442 0.562 0.582 0.519 0.523 0.477 0.346 0.203 0.138 0.073 0.194 0.172 0.279 0.213 0.171 0.070 0.020 0.703 
442 0.218 0.275 0.452 0.454 0.446 0.547 0.584 0.515 0.518 0.472 0.352 0.201 0.138 0.078 0.198 0.175 0.287 0.211 0.170 0.066 0.022 0.699 
443 0.221 0.269 0.458 0.444 0.444 0.551 0.585 0.524 0.512 0.477 0.346 0.209 0.140 0.076 0.196 0.173 0.283 0.211 0.167 0.068 0.021 0.694 
444 0.219 0.257 0.456 0.445 0.445 0.551 0.592 0.526 0.521 0.476 0.344 0.205 0.139 0.074 0.199 0.165 0.276 0.218 0.176 0.066 0.021 0.691 
445 0.222 0.252 0.455 0.440 0.442 0.553 0.593 0.523 0.514 0.482 0.337 0.196 0.149 0.077 0.202 0.165 0.277 0.216 0.172 0.063 0.021 0.690 
446 0.220 0.248 0.454 0.434 0.432 0.553 0.602 0.521 0.517 0.486 0.344 0.196 0.153 0.080 0.200 0.166 0.287 0.217 0.173 0.067 0.019 0.690 
447 0.219 0.247 0.452 0.428 0.429 0.555 0.606 0.531 0.507 0.493 0.342 0.205 0.153 0.078 0.208 0.161 0.283 0.213 0.173 0.065 0.019 0.691 
448 0.219 0.258 0.459 0.423 0.437 0.562 0.608 0.540 0.499 0.497 0.340 0.200 0.152 0.081 0.206 0.159 0.290 0.217 0.172 0.069 0.017 0.692 
449 0.216 0.276 0.458 0.423 0.431 0.558 0.610 0.534 0.512 0.495 0.352 0.199 0.147 0.080 0.197 0.156 0.284 0.216 0.169 0.075 0.017 0.691 
450 0.212 0.271 0.455 0.437 0.429 0.556 0.634 0.544 0.508 0.498 0.347 0.192 0.156 0.079 0.201 0.157 0.283 0.218 0.162 0.079 0.017 0.691 
451 0.209 0.277 0.455 0.452 0.422 0.546 0.634 0.555 0.524 0.493 0.344 0.195 0.153 0.080 0.198 0.153 0.280 0.219 0.163 0.080 0.018 0.697 
452 0.210 0.281 0.456 0.444 0.427 0.546 0.621 0.551 0.517 0.478 0.346 0.194 0.163 0.079 0.201 0.157 0.282 0.218 0.162 0.074 0.018 0.699 
453 0.208 0.276 0.450 0.440 0.423 0.550 0.625 0.540 0.513 0.482 0.344 0.193 0.169 0.078 0.199 0.155 0.283 0.220 0.164 0.072 0.017 0.693 
454 0.202 0.271 0.452 0.438 0.426 0.550 0.620 0.541 0.521 0.476 0.332 0.191 0.163 0.075 0.212 0.153 0.281 0.219 0.169 0.073 0.017 0.692 
455 0.202 0.272 0.447 0.420 0.436 0.544 0.608 0.546 0.512 0.487 0.347 0.197 0.157 0.084 0.210 0.151 0.273 0.214 0.166 0.078 0.016 0.686 
456 0.200 0.279 0.443 0.416 0.449 0.545 0.614 0.546 0.502 0.489 0.336 0.199 0.161 0.083 0.208 0.152 0.269 0.213 0.174 0.079 0.016 0.690 
457 0.201 0.275 0.447 0.412 0.451 0.539 0.608 0.547 0.508 0.501 0.332 0.201 0.159 0.082 0.208 0.151 0.264 0.211 0.176 0.081 0.016 0.685 
458 0.213 0.260 0.443 0.409 0.445 0.544 0.610 0.542 0.510 0.503 0.325 0.203 0.164 0.082 0.207 0.156 0.261 0.216 0.178 0.085 0.015 0.687 
459 0.200 0.264 0.442 0.418 0.439 0.541 0.622 0.542 0.511 0.503 0.330 0.197 0.162 0.081 0.209 0.149 0.261 0.207 0.177 0.087 0.014 0.688 
460 0.208 0.262 0.440 0.431 0.441 0.537 0.620 0.546 0.504 0.499 0.325 0.200 0.167 0.079 0.208 0.151 0.256 0.206 0.178 0.085 0.015 0.686 
461 0.206 0.276 0.438 0.422 0.450 0.546 0.613 0.550 0.513 0.496 0.329 0.198 0.167 0.079 0.213 0.154 0.245 0.209 0.182 0.083 0.014 0.688 
462 0.206 0.275 0.432 0.435 0.444 0.550 0.625 0.555 0.517 0.499 0.332 0.196 0.170 0.079 0.214 0.144 0.247 0.207 0.184 0.081 0.013 0.686 
463 0.204 0.279 0.435 0.434 0.441 0.549 0.624 0.548 0.523 0.497 0.329 0.199 0.162 0.081 0.210 0.140 0.257 0.214 0.185 0.082 0.013 0.690 
464 0.207 0.274 0.440 0.434 0.459 0.550 0.621 0.542 0.541 0.499 0.328 0.194 0.156 0.088 0.215 0.141 0.258 0.207 0.184 0.083 0.013 0.687 
465 0.208 0.282 0.446 0.434 0.460 0.557 0.617 0.540 0.535 0.496 0.332 0.195 0.157 0.090 0.208 0.139 0.271 0.199 0.182 0.083 0.013 0.690 
466 0.217 0.279 0.449 0.442 0.451 0.552 0.611 0.537 0.528 0.489 0.328 0.195 0.156 0.092 0.209 0.140 0.281 0.195 0.169 0.084 0.012 0.691 
467 0.220 0.275 0.447 0.435 0.451 0.556 0.615 0.535 0.528 0.485 0.338 0.199 0.153 0.092 0.204 0.145 0.282 0.198 0.174 0.083 0.014 0.696 
468 0.224 0.274 0.446 0.432 0.458 0.551 0.616 0.538 0.520 0.492 0.332 0.197 0.157 0.088 0.207 0.146 0.279 0.199 0.176 0.086 0.013 0.698 
469 0.219 0.278 0.448 0.442 0.448 0.551 0.627 0.538 0.518 0.480 0.329 0.195 0.159 0.087 0.210 0.145 0.286 0.205 0.174 0.095 0.014 0.698 
470 0.216 0.270 0.461 0.441 0.446 0.553 0.621 0.543 0.514 0.473 0.325 0.199 0.156 0.089 0.206 0.147 0.286 0.200 0.175 0.094 0.013 0.691 
471 0.210 0.273 0.455 0.431 0.444 0.557 0.607 0.550 0.513 0.474 0.323 0.198 0.153 0.086 0.205 0.152 0.280 0.206 0.176 0.094 0.014 0.683 
472 0.212 0.265 0.455 0.432 0.439 0.557 0.611 0.552 0.511 0.481 0.325 0.204 0.142 0.090 0.207 0.146 0.292 0.202 0.182 0.090 0.014 0.678 
473 0.215 0.259 0.451 0.433 0.434 0.552 0.614 0.554 0.505 0.493 0.323 0.202 0.142 0.091 0.200 0.145 0.278 0.200 0.190 0.092 0.014 0.681 
474 0.220 0.264 0.448 0.442 0.432 0.549 0.607 0.555 0.505 0.477 0.320 0.200 0.135 0.095 0.204 0.141 0.283 0.202 0.196 0.085 0.013 0.685 
475 0.216 0.268 0.450 0.445 0.426 0.545 0.604 0.549 0.504 0.469 0.317 0.197 0.138 0.092 0.202 0.144 0.278 0.197 0.191 0.080 0.013 0.684 
476 0.218 0.275 0.450 0.437 0.435 0.534 0.611 0.551 0.515 0.476 0.321 0.192 0.144 0.102 0.199 0.134 0.279 0.191 0.198 0.076 0.013 0.687 
477 0.218 0.289 0.440 0.431 0.445 0.530 0.607 0.559 0.503 0.478 0.331 0.193 0.143 0.109 0.197 0.135 0.272 0.187 0.189 0.076 0.014 0.688 
478 0.220 0.290 0.433 0.430 0.443 0.542 0.611 0.570 0.502 0.473 0.343 0.192 0.142 0.110 0.192 0.137 0.267 0.188 0.186 0.073 0.013 0.694 
479 0.222 0.291 0.425 0.423 0.450 0.539 0.612 0.571 0.511 0.482 0.333 0.196 0.137 0.117 0.199 0.139 0.264 0.190 0.188 0.075 0.012 0.693 
480 0.223 0.291 0.423 0.425 0.463 0.531 0.611 0.567 0.505 0.481 0.328 0.194 0.133 0.123 0.202 0.137 0.266 0.196 0.191 0.075 0.011 0.697 
481 0.220 0.291 0.419 0.419 0.466 0.537 0.619 0.557 0.498 0.473 0.331 0.198 0.134 0.122 0.207 0.144 0.269 0.198 0.181 0.077 0.011 0.693 
482 0.216 0.289 0.422 0.420 0.457 0.541 0.617 0.549 0.496 0.476 0.334 0.194 0.132 0.118 0.201 0.140 0.263 0.205 0.179 0.076 0.010 0.688 
483 0.217 0.295 0.419 0.427 0.456 0.537 0.613 0.556 0.487 0.469 0.335 0.193 0.136 0.116 0.204 0.136 0.263 0.201 0.183 0.077 0.010 0.691 
484 0.217 0.290 0.421 0.425 0.450 0.544 0.618 0.559 0.477 0.482 0.341 0.193 0.134 0.113 0.205 0.134 0.268 0.199 0.179 0.072 0.010 0.692 
485 0.219 0.293 0.419 0.421 0.447 0.543 0.608 0.552 0.489 0.475 0.343 0.191 0.130 0.110 0.202 0.135 0.263 0.201 0.173 0.071 0.010 0.691 
486 0.210 0.307 0.419 0.430 0.442 0.540 0.615 0.554 0.503 0.468 0.352 0.189 0.129 0.114 0.203 0.134 0.264 0.203 0.171 0.069 0.010 0.690 
487 0.215 0.302 0.418 0.425 0.439 0.547 0.615 0.550 0.501 0.484 0.354 0.190 0.127 0.111 0.205 0.135 0.259 0.197 0.179 0.076 0.010 0.688 
488 0.214 0.303 0.412 0.428 0.447 0.542 0.616 0.538 0.506 0.488 0.353 0.192 0.135 0.103 0.205 0.135 0.259 0.197 0.174 0.072 0.011 0.691 
489 0.211 0.308 0.410 0.423 0.455 0.548 0.611 0.543 0.507 0.494 0.359 0.188 0.133 0.107 0.202 0.138 0.261 0.194 0.175 0.071 0.011 0.694 
490 0.217 0.300 0.424 0.425 0.452 0.549 0.613 0.533 0.519 0.507 0.357 0.189 0.143 0.108 0.200 0.136 0.269 0.196 0.178 0.073 0.010 0.691 
491 0.223 0.307 0.419 0.421 0.446 0.559 0.612 0.545 0.529 0.507 0.351 0.192 0.141 0.106 0.199 0.138 0.267 0.188 0.180 0.072 0.011 0.689 
492 0.222 0.305 0.419 0.417 0.456 0.557 0.606 0.545 0.539 0.505 0.349 0.195 0.140 0.112 0.203 0.139 0.271 0.188 0.183 0.074 0.011 0.692 
493 0.228 0.309 0.421 0.419 0.463 0.558 0.600 0.539 0.543 0.500 0.343 0.198 0.140 0.109 0.208 0.134 0.270 0.190 0.185 0.071 0.010 0.696 
494 0.225 0.306 0.424 0.427 0.471 0.554 0.592 0.538 0.549 0.494 0.334 0.196 0.142 0.110 0.211 0.139 0.267 0.188 0.187 0.070 0.010 0.698 
495 0.224 0.304 0.421 0.431 0.464 0.554 0.600 0.541 0.544 0.495 0.331 0.197 0.149 0.113 0.206 0.143 0.275 0.195 0.180 0.065 0.012 0.702 
496 0.219 0.295 0.428 0.443 0.462 0.556 0.596 0.535 0.539 0.494 0.328 0.200 0.145 0.111 0.205 0.139 0.271 0.187 0.186 0.072 0.012 0.711 
497 0.219 0.299 0.427 0.437 0.468 0.538 0.604 0.532 0.533 0.491 0.336 0.203 0.148 0.115 0.206 0.142 0.276 0.187 0.188 0.069 0.011 0.709 
498 0.221 0.296 0.429 0.436 0.466 0.529 0.607 0.534 0.534 0.490 0.342 0.203 0.147 0.113 0.206 0.143 0.288 0.195 0.187 0.068 0.011 0.708 
499 0.221 0.295 0.434 0.423 0.474 0.533 0.603 0.536 0.526 0.488 0.346 0.200 0.146 0.113 0.209 0.141 0.297 0.192 0.193 0.066 0.011 0.703 