0 0 0 0 0 0 0 0 0 0 3 3 0 0 15 0 0 0 8 0 0 1 0 30
1 0 0 0 0 0 0 0 1 0 12 1 0 1 8 0 0 0 0 0 0 0 0 23
2 0 0 0 0 0 0 0 0 0 0 0 0 0 0 0 0 0 0 0 0 0 0 0
3 0 0 0 0 0 0 0 0 0 2 0 0 1 14 0 0 0 11 0 0 0 0 28
4 0 1 0 0 0 0 0 0 0 0 0 0 1 9 0 0 0 20 0 0 12 0 43
5 0 0 0 0 0 0 1 0 0 0 0 0 0 29 0 0 0 3 0 0 18 0 51
6 0 0 0 0 0 0 0 0 0 0 1 0 18 5 0 0 0 1 0 0 4 0 29
7 0 0 0 0 0 0 0 0 0 0 0 0 0 18 0 0 0 19 0 0 1 0 38
8 0 0 0 0 1 0 0 0 0 0 0 0 0 11 0 0 0 0 0 0 0 0 12
9 21 0 0 0 0 0 0 0 0 0 0 0 0 1 0 0 0 0 0 0 1 0 23
10 0 0 0 0 0 0 0 0 0 0 0 0 0 12 0 0 0 8 20 0 54 0 94
11 0 0 0 0 1 0 0 0 0 0 0 0 0 1 0 0 0 3 0 0 63 0 68
12 0 10 0 0 0 0 0 0 1 1 10 0 9 2 0 0 0 0 3 0 46 0 82
13 9 12 0 0 0 0 0 0 1 0 0 0 0 0 0 0 0 15 0 0 0 0 37
14 0 0 0 0 0 0 0 33 0 0 0 5 0 0 0 0 0 0 0 0 13 0 51
15 0 0 0 0 0 0 0 7 0 0 0 13 0 0 0 0 0 9 0 0 2 0 31
16 1 0 0 0 0 0 0 0 0 0 0 1 1 0 0 0 0 0 0 0 1 0 4
17 0 21 0 0 0 0 0 0 0 0 0 0 14 0 0 0 0 0 0 0 0 0 35
18 0 0 0 0 0 0 0 0 0 0 0 0 0 0 0 0 11 0 0 0 0 0 11
19 0 1 0 0 0 0 0 0 0 0 0 0 0 8 0 0 0 0 0 1 1 0 11
20 1 16 0 0 0 0 0 0 0 0 0 0 0 8 0 0 0 0 0 0 0 0 25
21 0 0 0 0 0 0 22 0 11 0 0 0 0 25 0 0 0 5 0 0 16 0 79
22 0 0 0 0 0 0 0 13 0 0 0 7 0 18 0 0 0 0 0 0 0 0 38
23 11 0 0 0 0 0 0 0 0 0 0 0 0 0 0 0 0 0 0 0 15 0 26
24 0 0 0 0 0 0 0 0 0 0 0 0 0 0 0 0 1 0 0 0 1 0 2
25 0 0 0 13 1 0 0 0 0 13 0 1 0 0 0 0 0 0 0 0 30 0 58
26 0 0 0 0 0 0 0 0 0 18 0 0 9 0 0 0 0 0 0 0 13 0 40
27 0 1 0 0 0 0 0 0 0 0 0 0 0 0 0 0 0 0 0 0 16 0 17
28 0 0 0 0 0 1 1 0 0 0 0 0 0 4 0 0 0 0 0 0 6 0 12
29 0 0 0 0 0 0 0 1 0 1 0 0 1 0 0 0 0 0 0 0 36 0 39
30 0 0 0 0 9 0 0 0 0 0 0 0 0 0 0 0 22 0 0 1 7 0 39
31 0 19 0 0 0 0 0 0 0 0 0 14 22 0 0 0 0 0 0 0 2 0 57
32 0 0 0 0 0 0 1 0 0 0 0 0 0 1 0 0 0 0 0 0 0 0 2
33 0 0 0 0 0 0 0 0 0 0 0 0 8 0 0 0 0 0 0 0 1 0 9
34 0 0 0 0 0 0 0 0 0 0 0 0 0 0 0 0 0 13 0 0 9 0 22
35 0 0 0 0 0 0 0 0 0 0 0 0 10 0 0 0 0 0 0 0 1 0 11
36 0 0 0 0 0 0 0 0 30 0 0 6 8 0 0 0 0 0 0 0 16 0 60
37 0 1 0 0 0 0 0 0 1 8 0 0 0 15 0 0 0 0 0 0 24 0 49
38 0 10 0 0 0 0 0 0 4 14 0 0 12 0 0 0 0 1 0 0 24 0 65
39 0 0 0 0 0 0 0 0 9 0 0 0 0 12 0 0 0 0 6 0 40 0 67
40 0 0 0 0 0 0 4 0 0 0 1 0 12 0 0 0 0 0 0 0 36 0 53
41 0 0 0 0 0 0 0 0 0 0 1 0 46 0 0 0 1 0 0 0 43 0 91
42 0 17 0 0 0 0 0 9 0 0 0 0 26 0 0 0 0 0 0 0 0 0 52
43 22 0 0 0 0 0 0 0 0 0 0 0 0 0 0 0 0 13 0 0 19 0 54
44 0 0 0 0 0 0 0 0 1 1 0 0 0 11 0 0 0 0 0 26 0 0 39
45 0 1 0 0 0 0 0 0 0 1 7 0 0 1 0 0 0 0 0 0 16 0 26
46 0 2 1 0 0 0 0 0 19 0 0 0 1 16 0 0 0 0 0 0 1 0 40
47 0 1 0 0 0 0 0 1 2 0 11 0 0 0 0 0 0 0 1 1 0 0 17
48 0 1 0 0 0 0 0 0 0 12 0 0 0 0 0 0 0 0 0 0 14 0 27
49 0 0 0 0 0 0 0 11 0 1 0 0 1 0 0 0 1 0 0 0 24 0 38
50 0 1 0 0 0 0 0 0 1 18 0 0 0 19 0 0 0 25 0 14 0 0 78
51 0 0 0 0 0 0 0 12 0 0 0 18 16 0 0 0 0 42 0 0 0 0 88
52 0 0 0 0 1 0 0 1 2 0 3 0 15 1 0 0 0 1 0 0 0 0 24
53 0 0 0 0 0 0 0 0 11 1 0 0 0 0 0 0 0 0 0 0 1 0 13
54 0 0 0 0 0 0 0 1 11 11 0 0 0 11 0 0 0 0 0 1 2 0 37
55 0 0 0 0 0 0 9 13 14 0 0 0 19 0 0 0 0 0 0 0 31 0 86
56 0 0 0 0 0 2 1 0 1 0 0 0 25 0 0 0 0 0 0 0 13 0 42
57 0 0 0 0 0 0 0 0 0 0 0 0 10 0 0 0 0 0 0 0 16 0 26
58 0 0 0 0 0 0 0 0 13 0 8 0 18 1 0 0 0 0 0 0 1 0 41
59 0 0 0 0 0 1 1 1 13 0 0 13 18 0 0 0 0 0 0 0 34 0 81
60 0 0 0 0 0 0 0 0 16 1 1 0 0 0 0 0 0 0 1 1 1 0 21
61 0 0 0 0 10 0 0 0 0 0 0 0 0 18 0 0 0 0 0 0 1 0 29
62 0 0 0 0 0 0 0 0 0 0 0 1 0 0 0 0 0 0 0 0 84 0 85
63 0 6 0 0 1 0 0 0 0 0 0 0 0 44 0 0 0 0 0 0 107 0 158
64 0 0 0 0 0 0 1 0 0 0 0 0 0 1 0 0 0 0 0 0 11 0 13
65 0 3 0 0 0 0 2 0 0 0 0 0 3 0 0 0 17 0 0 1 0 0 26
66 0 0 0 0 0 0 1 1 0 0 0 0 40 1 0 0 0 21 0 0 2 0 66
67 0 18 0 0 0 0 25 0 0 0 0 0 16 9 0 0 0 18 0 0 0 0 86
68 0 0 0 0 0 0 0 0 13 16 0 0 1 0 0 0 1 0 0 2 1 0 34
69 0 10 0 0 0 0 0 0 35 0 38 0 0 0 0 0 1 0 0 0 53 0 137
70 0 1 0 0 0 0 0 0 16 10 0 0 0 0 0 0 1 0 0 10 70 0 108
71 0 15 0 0 0 0 0 0 7 10 1 1 0 0 0 0 0 0 0 0 45 0 79
72 1 1 0 0 0 0 0 1 13 18 0 0 0 0 0 0 0 0 0 11 59 0 104
73 1 0 0 0 0 0 0 0 10 0 18 0 1 0 1 0 36 0 0 0 53 0 120
74 0 1 0 0 14 0 0 12 28 1 0 0 30 0 0 0 0 0 0 0 8 0 94
75 0 1 1 0 0 0 1 0 0 10 0 0 0 0 0 0 0 0 0 1 24 0 38
76 18 11 19 0 0 0 0 22 34 1 0 0 11 18 0 0 0 18 14 1 8 0 175
77 0 17 0 1 0 0 0 0 10 1 0 24 0 0 0 0 0 0 0 7 12 0 72
78 0 0 0 0 0 0 0 0 25 0 0 0 0 0 0 0 0 0 23 0 0 0 48
79 0 0 14 0 0 0 0 0 0 11 0 0 1 0 0 0 0 0 0 1 41 0 68
80 0 1 0 0 0 5 0 0 0 28 0 0 0 15 0 0 0 12 0 0 1 0 62
81 0 0 0 1 0 0 0 1 0 20 0 0 2 0 0 0 14 0 6 0 0 0 44
82 16 0 0 0 0 0 0 1 0 17 13 1 11 0 0 0 0 0 0 0 1 0 60
83 1 13 0 0 13 0 0 1 12 5 5 0 1 0 0 0 0 0 0 0 27 0 78
84 0 1 0 0 0 0 0 0 13 36 27 1 0 0 0 0 0 0 0 0 1 0 79
85 0 17 0 0 0 0 0 17 1 0 2 1 0 0 0 0 0 2 0 0 25 0 65
86 0 13 0 0 0 0 0 0 20 0 12 0 0 0 0 0 0 16 0 0 1 0 62
87 0 0 0 0 18 0 0 0 11 1 7 0 9 0 0 0 0 51 0 0 14 0 111
88 0 1 0 0 0 0 0 17 0 11 1 11 0 0 0 0 12 11 0 0 15 0 79
89 0 3 0 0 0 0 0 0 1 13 24 0 12 1 0 0 3 0 0 0 39 0 96
90 0 13 1 0 0 0 0 29 6 48 9 0 1 1 0 7 1 0 14 0 32 0 162
91 0 46 32 0 0 0 0 0 11 12 3 0 4 23 0 0 0 0 0 0 0 0 131
92 1 2 14 0 0 0 1 0 28 22 1 1 1 0 0 0 0 0 0 0 10 0 81
93 0 0 16 0 1 0 0 61 1 25 0 0 30 2 0 0 0 0 9 0 46 0 191
94 0 11 1 0 0 0 0 40 11 17 26 0 32 2 0 0 0 0 0 0 39 0 179
95 0 0 0 0 0 0 1 47 0 16 0 0 0 1 0 0 0 8 0 0 9 0 82
96 0 13 0 0 0 0 16 0 0 26 11 0 7 9 0 0 22 0 0 0 87 0 191
97 8 0 11 0 0 0 10 16 4 2 0 0 10 1 15 0 0 1 0 0 0 0 78
98 0 0 11 0 0 0 12 24 5 20 8 1 0 0 0 0 0 0 0 24 22 0 127
99 0 0 2 0 0 0 37 13 34 0 0 0 0 16 0 0 0 0 0 0 0 0 102
100 0 23 0 0 6 0 0 0 20 1 0 0 0 2 0 0 0 0 0 18 21 0 91
101 0 2 9 0 0 0 14 45 1 8 15 0 1 0 0 0 0 0 0 10 15 0 120
102 1 0 0 0 0 1 24 22 34 15 1 0 2 0 0 0 0 0 0 4 5 0 109
103 0 0 21 0 0 0 0 23 12 4 0 0 1 1 0 0 0 0 0 0 25 0 87
104 0 0 0 0 0 10 19 33 10 20 0 0 0 0 0 14 0 10 0 12 0 0 128
105 0 17 12 8 0 0 17 18 1 3 5 0 18 0 0 0 0 1 0 11 0 0 111
106 10 1 1 0 0 0 0 26 17 3 8 0 0 0 0 0 0 0 0 0 0 0 66
107 0 21 1 0 0 0 0 63 1 12 40 30 0 0 0 0 0 0 0 0 11 0 179
108 0 18 1 15 0 0 0 0 1 32 13 27 1 21 1 1 0 0 14 0 12 0 157
109 1 2 3 0 0 0 14 0 26 7 1 0 0 0 0 0 0 0 0 2 33 0 89
110 0 40 14 0 0 0 10 0 1 0 8 0 8 0 0 0 0 22 31 9 19 0 162
111 0 0 1 0 0 0 1 13 17 13 6 0 0 0 0 0 0 0 0 0 1 0 52
112 13 48 1 0 0 0 1 0 3 0 28 1 0 0 0 0 1 0 17 0 0 0 113
113 0 14 0 0 0 0 12 12 10 0 2 0 14 8 0 0 0 0 0 0 0 0 72
114 0 36 9 0 0 0 1 12 3 1 1 0 11 0 0 0 30 0 0 0 1 0 105
115 1 1 23 0 0 0 11 57 14 33 0 0 0 9 2 0 0 0 0 1 19 0 171
116 0 43 6 0 0 0 12 33 6 1 0 0 0 1 0 0 2 0 0 6 11 0 121
117 0 11 15 0 0 0 19 36 20 4 4 1 0 12 1 0 0 0 0 0 0 0 123
118 1 0 4 0 0 21 2 41 34 23 0 14 0 1 0 0 0 0 0 0 10 0 151
119 0 0 9 0 0 5 11 42 4 14 29 0 0 10 1 0 0 0 0 0 0 0 125
120 0 1 10 1 0 8 14 0 69 10 3 0 0 0 0 0 0 0 0 0 16 0 132
121 1 14 13 1 0 0 10 16 0 1 14 0 23 1 0 0 0 1 0 0 2 0 97
122 0 0 2 8 0 6 12 0 8 20 0 0 3 1 16 0 0 1 9 0 0 0 86
123 1 41 4 2 0 0 1 1 32 28 0 0 25 16 0 0 0 0 0 0 15 0 166
124 0 21 34 0 0 0 7 14 1 8 1 0 2 0 0 0 22 25 0 0 1 0 136
125 11 5 1 1 1 0 8 2 22 30 1 0 1 13 1 0 0 1 0 0 72 0 170
126 0 20 6 0 0 1 1 2 17 31 0 0 1 0 0 0 0 0 0 0 67 0 146
127 0 9 4 0 0 0 0 19 7 0 0 0 0 0 0 0 0 0 0 0 68 0 107
128 24 41 15 0 17 0 1 19 3 1 0 0 14 0 1 0 0 11 0 0 45 0 192
129 0 16 29 0 1 0 19 101 10 0 4 1 0 1 0 0 0 0 0 34 24 0 240
130 1 5 1 0 0 0 15 87 16 0 1 0 12 1 0 0 0 0 0 0 15 0 154
131 0 1 19 0 0 0 7 1 33 0 11 0 15 0 0 0 0 0 0 1 0 0 88
132 0 1 27 0 0 0 5 15 21 11 0 0 0 0 12 0 0 0 0 30 16 0 138
133 17 6 0 1 0 0 9 0 3 17 5 0 0 0 0 0 0 0 0 5 11 0 74
134 0 0 0 0 0 12 29 1 15 3 27 17 13 2 0 0 0 0 0 1 0 0 120
135 0 0 17 0 1 1 8 56 0 13 8 0 1 0 31 0 0 0 0 0 0 0 136
136 0 0 0 0 0 0 43 24 22 5 0 1 0 0 17 0 1 0 0 0 1 0 114
137 0 58 0 0 0 21 1 34 6 22 0 0 0 0 0 0 0 0 0 0 7 0 149
138 0 17 0 0 0 11 13 21 28 59 7 1 0 0 12 0 16 0 0 3 12 0 200
139 11 3 29 0 5 1 1 1 3 10 2 0 0 7 0 11 0 0 0 0 0 0 84
140 0 26 1 0 0 1 2 12 22 20 3 1 0 27 16 0 0 0 0 4 9 0 144
141 24 20 9 0 0 17 11 45 20 8 22 0 20 18 0 8 0 0 0 0 1 0 223
142 0 28 14 0 0 0 11 9 13 20 14 0 0 1 0 0 0 0 0 7 41 0 158
143 0 9 24 0 0 0 3 44 14 31 1 0 0 0 0 0 0 1 1 8 47 0 183
144 0 3 7 0 0 31 24 8 1 2 16 13 0 9 0 13 0 0 0 0 42 0 169
145 0 0 21 0 16 0 2 15 13 0 9 0 2 0 0 1 0 0 0 8 21 0 108
146 15 23 38 0 0 13 37 1 55 0 24 0 20 0 19 0 0 0 0 0 12 0 257
147 0 2 14 1 0 1 6 5 17 28 1 0 1 0 21 0 0 11 9 1 15 0 133
148 0 7 11 0 0 0 15 40 19 0 0 1 0 0 0 0 0 1 0 0 0 0 94
149 0 23 0 0 0 0 8 0 26 31 13 1 1 0 0 19 0 1 0 0 13 0 136
150 0 3 7 1 9 0 21 21 23 17 0 0 0 1 11 0 0 11 1 19 14 0 159
151 13 56 1 0 19 0 29 10 3 32 2 0 0 1 14 0 0 0 0 20 1 0 201
152 0 28 15 13 0 1 8 24 13 15 1 0 0 0 0 6 0 0 0 0 0 0 124
153 0 30 28 0 0 0 1 15 22 8 0 0 0 3 1 13 0 1 0 0 0 0 122
154 0 33 7 0 0 9 31 38 57 30 1 11 0 46 0 0 0 0 0 0 13 0 276
155 17 3 21 0 0 16 2 3 2 25 26 1 2 0 0 0 0 0 15 0 1 0 134
156 0 15 25 0 0 1 11 8 27 36 9 0 0 0 22 0 1 0 0 0 0 0 155
157 0 23 5 0 32 2 32 11 29 25 25 0 18 0 0 0 0 0 0 0 46 0 248
158 9 0 10 0 0 15 10 4 38 12 7 0 1 1 0 0 0 1 0 0 46 0 154
159 14 2 14 0 0 2 11 13 13 25 1 0 11 1 0 0 1 22 0 7 42 0 179
160 16 0 20 0 0 0 12 26 16 1 13 0 0 0 0 17 0 0 0 0 36 0 157
161 0 2 14 4 9 0 20 34 10 54 8 0 0 0 0 0 23 0 0 0 65 0 243
162 11 0 0 0 19 0 22 8 42 13 16 0 0 1 0 0 1 8 0 0 0 0 141
163 9 2 3 0 0 13 5 27 12 10 27 0 0 1 0 0 1 0 0 0 0 0 110
164 15 19 12 0 0 1 36 22 13 17 1 0 31 0 18 0 20 0 0 1 16 0 222
165 0 0 22 0 0 0 11 26 39 2 0 32 0 12 0 1 0 26 0 16 26 0 213
166 1 32 0 0 1 0 7 33 2 0 0 0 18 0 0 0 0 0 0 0 0 0 94
167 0 35 0 0 21 1 10 38 8 0 13 0 0 2 28 0 9 0 0 10 1 0 176
168 0 39 1 0 12 11 24 19 22 0 4 0 15 1 0 0 0 0 11 9 0 0 168
169 0 38 14 0 0 0 11 38 37 54 1 18 0 24 0 0 0 0 0 0 2 0 237
170 1 8 0 0 0 0 11 25 46 15 1 1 1 26 15 0 0 0 0 0 18 0 168
171 1 0 1 0 12 0 12 0 31 28 4 0 0 0 10 0 1 0 0 0 25 0 125
172 28 1 25 0 0 14 0 1 1 28 1 17 1 0 20 0 0 0 0 0 20 0 157
173 0 0 17 1 0 0 33 0 24 14 14 0 18 0 19 1 20 0 0 4 3 0 168
174 0 1 13 0 1 0 11 35 24 10 2 0 20 15 0 1 39 0 0 0 14 0 186
175 0 0 6 0 13 0 18 14 9 1 17 0 5 0 1 0 0 0 0 10 7 0 101
176 0 48 7 0 0 0 9 27 13 7 0 0 9 0 0 0 0 0 0 0 1 0 121
177 0 35 26 0 0 1 6 39 26 0 1 0 0 1 0 1 0 19 0 0 18 0 173
178 0 26 7 0 0 23 17 17 13 26 0 0 0 9 0 14 0 0 0 0 31 0 183
179 1 33 2 0 0 3 1 8 2 0 0 1 1 48 21 0 0 0 14 0 11 0 146
180 0 36 3 9 0 11 9 20 8 0 2 1 0 0 10 0 15 0 0 1 33 0 158
181 8 51 31 1 0 0 8 21 34 0 1 27 0 6 11 9 34 0 0 4 52 0 298
182 18 18 19 1 0 0 7 22 29 0 17 0 0 1 0 0 16 0 0 0 27 0 175
183 0 54 38 1 0 12 14 2 17 31 8 0 0 0 0 0 13 0 0 0 53 0 243
184 0 0 6 10 0 0 2 8 2 10 13 0 55 14 2 1 13 1 0 0 4 0 141
185 45 0 6 0 0 0 2 3 40 20 1 1 9 0 0 0 0 1 0 1 2 0 131
186 2 5 16 0 0 27 0 22 11 39 0 0 0 1 0 0 0 1 0 7 25 0 156
187 1 0 9 1 20 9 8 43 8 62 0 0 2 17 0 1 0 8 0 0 9 0 198
188 0 19 6 0 0 0 8 11 16 35 0 2 0 11 11 0 7 1 0 0 0 0 127
189 2 34 20 0 0 2 8 0 18 17 0 16 0 18 0 0 7 0 0 0 6 0 148
190 0 32 42 11 0 1 1 0 17 18 0 27 0 2 0 0 0 11 0 0 2 0 164
191 0 23 0 0 0 15 7 0 10 1 27 0 0 0 11 0 0 7 0 0 3 0 104
192 17 71 0 15 0 9 39 1 1 3 27 8 46 0 2 0 0 0 0 1 15 0 255
193 1 12 0 0 0 14 1 21 2 50 12 0 14 0 0 13 3 7 0 1 1 0 152
194 15 21 0 0 12 20 0 37 38 3 8 0 0 5 16 0 25 0 9 0 2 0 211
195 0 1 0 0 0 0 0 21 18 35 0 13 7 1 0 0 26 1 0 0 14 0 137
196 0 15 13 0 13 0 2 3 26 9 12 0 0 1 0 0 2 26 0 0 0 0 122
197 0 13 3 0 0 14 8 18 9 23 9 0 0 18 15 0 6 1 0 0 29 0 166
198 0 0 24 0 13 0 13 11 6 7 8 0 0 0 32 0 8 0 0 0 56 0 178
199 0 0 17 0 0 51 11 15 27 22 0 1 0 0 89 0 10 0 0 0 47 0 290
200 0 0 43 0 0 1 21 36 2 29 0 0 0 1 56 8 14 0 0 0 26 0 237
201 1 1 11 1 11 0 1 5 21 19 19 0 1 15 31 0 0 0 0 0 24 0 161
202 11 1 11 0 0 0 24 42 1 11 3 0 0 1 1 0 15 0 8 0 1 0 130
203 0 28 1 0 0 9 2 13 14 40 23 0 0 1 6 0 8 1 0 0 1 0 147
204 0 39 15 0 22 2 0 20 20 21 15 11 0 0 18 11 5 0 0 2 22 0 223
205 0 57 22 0 8 0 2 12 7 9 26 0 4 13 0 0 16 0 0 1 0 0 177
206 1 52 1 20 0 10 5 0 23 12 3 1 0 20 25 0 0 0 0 0 0 0 173
207 18 28 6 1 1 0 30 6 25 28 0 17 1 0 0 1 1 0 0 0 12 0 175
208 1 0 8 0 0 0 12 0 2 3 2 1 10 0 13 0 1 0 0 0 22 0 75
209 19 1 0 0 0 0 0 1 8 2 13 16 12 0 0 14 0 0 1 1 1 0 89
210 0 0 19 0 1 2 13 9 7 11 9 0 11 0 56 0 0 1 0 0 1 0 140
211 66 16 1 0 0 12 6 1 32 13 23 2 2 0 47 0 0 12 0 0 0 0 233
212 4 13 2 19 1 0 1 1 1 11 44 34 0 0 61 0 22 0 1 0 1 0 216
213 12 20 50 0 23 8 31 2 10 22 11 0 24 16 18 0 29 0 0 0 12 0 288
214 0 39 2 1 0 5 1 8 30 17 20 25 0 0 42 1 1 12 0 0 15 0 219
215 0 41 30 0 0 0 22 4 39 21 7 7 23 2 40 0 0 25 1 0 112 0 374
216 24 56 6 0 9 0 10 22 9 15 1 0 7 7 2 0 21 14 1 12 36 0 252
217 0 55 7 1 1 0 1 50 23 22 25 1 9 0 1 11 0 0 11 0 1 0 219
218 11 0 16 0 0 0 0 43 38 7 16 31 0 17 0 2 0 0 0 0 0 0 181
219 8 1 26 1 0 0 26 10 36 16 7 0 11 10 0 33 0 10 0 0 0 0 195
220 1 0 2 0 0 0 4 48 2 31 0 0 0 0 0 0 0 0 0 0 16 0 104
221 2 0 19 17 24 0 10 3 26 8 2 0 0 4 37 1 23 9 22 0 8 0 215
222 1 0 2 0 19 0 4 23 37 37 17 0 6 0 1 0 1 0 17 0 41 0 206
223 16 0 0 0 0 22 23 8 13 43 0 11 0 24 6 12 19 1 1 5 0 0 204
224 0 0 1 0 0 15 0 28 18 42 17 15 0 0 43 1 36 0 0 0 8 0 224
225 6 0 1 0 9 10 4 12 24 28 0 19 1 0 25 0 6 0 0 0 11 0 156
226 38 30 1 0 0 17 0 3 16 12 43 0 15 0 13 14 11 10 0 0 0 0 223
227 78 49 7 0 1 1 2 50 18 1 4 0 0 11 40 0 1 1 1 0 1 0 266
228 13 27 16 1 0 12 23 2 18 4 16 0 0 1 33 0 14 0 0 0 3 0 183
229 42 8 59 0 0 0 11 14 17 6 10 12 11 10 40 0 0 1 0 1 37 0 279
230 1 13 7 0 1 6 13 7 16 12 3 0 0 1 0 0 46 10 0 0 23 0 159
231 0 35 37 0 0 0 1 11 37 25 17 0 0 0 28 0 17 0 0 0 26 0 234
232 0 24 12 0 28 26 22 51 9 1 29 12 1 1 0 0 11 0 0 1 54 0 282
233 7 19 5 0 0 11 0 27 7 2 9 0 1 0 19 4 0 0 12 8 2 0 133
234 1 26 16 0 0 10 38 19 19 68 49 0 0 0 17 0 0 1 1 0 46 0 311
235 1 32 7 32 1 1 0 1 0 7 8 1 0 0 1 0 0 1 0 11 0 0 104
236 0 53 27 2 1 16 8 12 16 4 30 0 0 0 1 13 0 0 1 0 0 0 184
237 36 2 1 3 0 0 16 13 10 15 29 0 15 0 0 0 5 0 7 10 0 0 162
238 1 88 22 12 16 10 1 20 1 12 21 0 0 0 25 0 0 0 23 3 1 0 256
239 53 8 20 16 9 13 22 20 14 12 13 0 0 0 0 2 9 0 1 7 0 0 219
240 43 56 25 31 1 10 17 0 14 52 8 21 21 11 26 10 0 0 0 1 2 0 349
241 0 42 32 0 0 10 1 1 1 32 0 37 1 0 58 0 0 0 0 1 0 0 216
242 0 14 18 10 1 12 0 0 31 0 8 20 24 0 29 15 14 16 6 0 0 0 218
243 1 38 29 17 0 12 0 1 27 1 0 21 30 27 38 0 0 0 1 1 1 0 245
244 0 61 26 0 20 1 14 17 34 0 8 0 1 0 4 0 1 0 0 0 0 0 187
245 0 19 3 0 14 11 0 28 30 9 30 21 0 1 52 0 2 1 8 1 2 0 232
246 72 7 20 9 0 20 1 34 0 25 12 17 1 2 39 0 1 1 5 17 62 0 345
247 37 3 15 0 48 14 27 23 13 27 16 21 0 0 40 0 1 0 0 1 73 0 359
248 28 78 12 2 25 11 15 24 1 26 27 9 1 11 0 0 11 15 0 0 34 0 330
249 30 43 5 0 3 1 29 5 11 9 32 2 0 14 33 1 35 13 0 0 48 0 314
250 7 15 2 0 14 0 8 44 10 64 1 0 0 0 47 0 28 1 1 1 4 0 247
251 2 4 15 26 65 10 12 16 16 26 27 0 0 0 11 0 1 0 11 7 11 0 260
252 6 22 37 39 15 3 50 14 8 36 14 0 0 1 0 0 0 0 20 5 0 0 270
253 0 58 14 14 48 9 2 12 17 25 16 1 0 0 7 0 4 0 0 0 54 0 281
254 12 23 10 22 8 0 0 1 9 22 0 0 8 11 0 0 0 3 0 0 20 0 149
255 1 19 11 1 11 4 9 5 7 22 25 4 0 0 16 1 1 2 0 0 10 0 149
256 11 22 24 0 58 1 10 13 9 15 32 47 18 12 0 1 0 0 0 0 29 0 302
257 23 2 17 35 0 0 26 12 30 1 10 32 93 0 8 0 0 1 0 0 1 0 291
258 1 33 1 0 0 6 8 1 30 5 29 44 11 0 55 0 2 15 2 0 1 0 244
259 0 38 9 0 1 10 16 0 30 19 8 1 16 14 14 0 0 12 1 0 2 0 191
260 2 12 27 14 0 16 0 10 13 1 0 1 0 9 46 29 0 0 1 0 0 0 181
261 14 26 3 11 0 0 0 17 0 17 27 1 0 0 51 0 9 1 1 15 1 0 194
262 2 7 17 0 0 0 0 0 15 14 2 0 0 0 16 1 4 0 0 0 0 0 78
263 11 0 13 0 1 16 5 11 2 0 15 0 0 4 51 1 29 1 0 1 0 0 161
264 23 0 3 0 0 14 0 75 36 23 10 26 0 0 18 1 19 0 0 0 13 0 261
265 36 0 1 0 2 4 0 30 9 51 27 0 0 0 14 0 16 0 0 0 3 0 193
266 0 0 1 21 17 16 16 9 4 24 13 0 0 1 0 0 0 23 0 0 12 0 157
267 0 37 1 0 3 8 32 21 12 1 0 0 0 11 1 0 29 1 0 0 1 0 158
268 1 3 16 2 35 16 31 1 1 0 27 0 15 10 17 0 0 10 0 0 0 0 185
269 1 20 2 8 18 17 10 6 0 1 23 54 0 7 10 0 0 0 5 0 30 0 212
270 1 24 3 9 50 0 14 10 14 8 1 25 1 0 14 0 25 0 0 0 1 0 200
271 30 33 0 34 22 13 1 29 10 4 16 38 0 4 0 0 0 0 0 0 13 0 247
272 72 31 2 0 37 0 13 8 1 13 25 1 2 1 14 1 10 0 0 1 0 0 232
273 33 45 1 31 8 1 6 1 11 12 24 0 13 18 0 0 0 0 0 7 9 0 220
274 49 11 29 62 11 2 31 19 1 29 16 1 4 0 0 33 0 1 0 0 0 0 299
275 12 47 17 12 12 10 2 0 1 2 3 12 24 0 20 44 0 25 0 11 40 0 294
276 0 27 25 0 17 1 10 2 2 11 11 0 1 0 60 0 0 0 0 0 72 0 239
277 0 6 1 12 11 3 0 1 27 3 2 0 1 0 30 1 69 22 0 1 81 0 271
278 2 33 2 0 0 9 19 54 43 10 0 0 25 0 43 0 25 33 0 0 21 0 319
279 0 22 19 0 0 1 0 9 2 45 25 0 20 9 25 0 1 23 0 0 9 0 210
280 10 27 1 0 1 0 33 24 31 35 8 0 2 0 57 9 12 0 0 0 1 0 251
281 0 2 10 0 0 23 14 4 18 17 1 2 0 0 42 10 1 0 0 0 1 0 145
282 26 30 14 0 0 12 0 20 7 1 0 24 0 0 28 0 13 0 1 7 10 0 193
283 40 67 1 1 42 2 0 26 41 47 27 19 1 0 73 9 0 1 8 11 0 0 416
284 61 23 41 1 56 0 11 26 25 30 29 4 0 0 35 1 0 0 1 0 17 0 361
285 9 39 25 15 1 0 0 28 2 16 21 41 11 0 3 9 20 0 0 10 34 0 284
286 3 0 1 7 9 10 71 48 12 11 22 14 0 0 36 14 0 0 0 16 0 0 274
287 4 6 28 36 1 1 17 15 15 10 21 2 0 1 44 1 0 0 4 1 8 0 215
288 56 0 0 45 25 1 0 13 1 23 0 2 0 0 12 14 0 0 1 0 38 0 231
289 1 22 8 8 0 10 11 32 15 18 0 49 12 0 34 0 17 0 0 0 19 0 256
290 3 0 10 13 27 9 6 12 19 0 0 29 3 0 0 0 0 0 0 1 0 0 132
291 42 20 9 0 11 9 9 15 36 13 14 16 27 0 0 1 41 0 0 0 1 0 264
292 28 80 11 0 20 0 21 44 14 14 19 29 1 1 0 0 24 13 0 0 10 0 329
293 18 13 9 0 39 9 1 37 8 1 31 12 2 1 32 0 14 0 0 9 35 0 271
294 0 4 9 0 0 3 5 0 41 31 10 0 0 0 0 9 39 8 0 14 20 0 193
295 0 39 1 10 0 7 10 1 14 0 0 17 11 0 0 3 22 0 13 0 22 0 170
296 0 13 13 1 8 2 12 0 2 12 3 0 29 0 51 1 13 12 0 0 4 0 176
297 0 16 10 26 19 0 1 0 7 18 3 14 0 25 32 0 8 33 0 0 37 0 249
298 1 11 5 2 15 2 1 26 14 18 12 1 8 0 70 20 0 0 1 0 25 0 232
299 22 17 7 23 1 2 6 51 3 11 0 1 0 20 47 0 0 3 2 0 9 0 225
300 45 14 0 13 1 0 4 13 10 28 27 55 39 1 12 1 0 1 2 1 1 0 268
301 13 2 5 19 2 11 2 18 9 7 1 41 0 0 1 12 0 0 8 1 20 0 172
302 41 84 25 1 36 0 13 17 24 1 3 48 16 14 21 1 0 13 0 1 1 0 360
303 19 44 25 27 23 0 23 15 36 0 3 20 27 0 2 11 0 1 0 0 1 0 277
304 47 95 0 0 34 4 60 19 0 0 21 45 12 1 1 0 0 0 1 11 18 0 369
305 33 23 2 12 15 9 10 1 21 43 2 1 17 0 12 0 0 0 0 0 14 0 215
306 0 38 5 9 9 23 1 0 3 55 3 14 28 12 0 0 9 14 10 0 1 0 234
307 1 23 1 31 17 26 14 0 33 14 40 1 0 1 56 1 0 11 0 0 12 0 282
308 17 8 3 10 17 1 14 30 15 11 8 40 1 0 3 0 12 0 0 0 0 0 190
309 3 22 23 1 18 11 9 62 18 23 34 9 0 0 25 0 13 0 25 0 0 0 296
310 38 27 27 0 14 13 0 18 37 12 6 0 0 1 39 0 2 0 0 0 0 0 234
311 16 18 16 0 12 2 23 9 40 33 10 9 0 0 28 1 1 0 9 0 1 0 228
312 1 16 13 1 28 1 4 10 0 22 2 12 16 0 49 34 1 0 4 1 83 0 298
313 1 2 27 7 40 33 15 19 33 16 44 14 35 0 40 18 6 0 0 8 64 0 422
314 0 85 3 20 40 4 19 4 14 24 2 0 49 0 67 1 28 1 1 18 30 0 410
315 21 6 14 17 0 24 1 54 13 13 10 1 13 27 61 12 2 0 1 0 16 0 306
316 23 13 2 1 0 2 7 1 2 8 31 23 3 2 0 1 1 11 7 13 59 0 210
317 0 37 1 44 12 1 2 25 0 21 14 42 42 1 0 6 0 20 0 6 22 0 296
318 76 19 9 16 0 1 4 34 28 28 4 31 6 5 0 15 9 1 0 1 13 0 300
319 53 12 0 18 8 2 32 21 1 2 28 12 33 11 45 22 0 2 0 10 14 0 326
320 25 37 13 4 53 14 4 3 29 22 8 18 1 1 22 13 3 0 0 1 5 0 276
321 14 58 19 11 6 1 0 14 11 0 18 24 32 0 27 15 9 17 0 5 1 0 282
322 0 46 7 2 2 17 2 15 41 1 16 54 14 0 3 0 1 4 0 6 1 0 232
323 1 33 16 21 18 14 7 56 3 8 38 61 2 4 5 0 42 13 0 1 0 0 343
324 0 11 1 24 7 15 10 17 0 5 1 19 0 5 47 1 44 0 9 1 26 0 243
325 0 28 14 8 2 5 1 44 11 0 14 21 22 12 21 0 7 0 0 0 10 0 220
326 3 37 27 9 9 11 12 24 19 9 18 18 0 1 20 1 19 0 7 1 1 0 246
327 14 29 18 37 0 2 0 13 30 3 30 0 7 9 24 8 0 13 0 0 16 0 253
328 0 33 11 11 0 21 19 18 8 19 23 19 19 0 33 0 4 0 0 11 27 0 276
329 13 16 1 31 0 0 10 28 4 13 24 0 1 11 1 0 20 1 6 0 1 0 181
330 49 24 18 0 15 16 2 27 55 29 17 0 15 0 1 0 12 0 0 8 2 0 290
331 32 12 12 0 38 9 2 12 13 30 27 6 24 8 9 0 16 0 14 0 0 0 264
332 56 43 14 0 12 2 1 0 26 29 4 8 4 41 1 0 32 1 0 1 5 0 280
333 30 29 1 1 15 21 25 2 14 2 10 58 37 0 9 0 1 8 18 10 0 0 291
334 0 9 12 9 15 10 1 9 0 47 49 24 25 0 0 0 0 27 0 1 7 0 245
335 14 33 13 0 3 0 2 0 67 24 0 46 13 0 12 0 10 14 0 0 37 0 288
336 4 21 6 0 33 15 1 0 7 34 0 20 14 0 0 11 0 0 0 0 26 0 192
337 8 16 10 8 1 1 17 16 17 23 0 13 0 0 13 0 0 0 12 0 16 0 171
338 1 24 0 0 7 1 27 4 39 22 0 30 0 0 0 0 0 1 0 7 43 0 206
339 2 25 4 0 1 26 12 17 11 2 0 13 7 3 14 0 22 14 0 0 67 0 240
340 0 39 24 0 38 10 0 76 19 2 10 26 0 10 25 0 14 1 0 0 0 0 294
341 13 12 1 0 0 23 18 47 39 35 44 5 15 0 43 1 0 0 0 0 13 0 309
342 0 35 18 27 0 24 23 4 27 30 19 1 12 0 45 0 11 3 14 12 18 0 323
343 2 1 35 12 10 15 2 13 20 17 3 1 13 0 55 0 16 15 0 0 18 0 248
344 29 1 7 3 2 2 11 3 18 18 49 15 11 0 1 0 1 10 0 0 1 0 182
345 16 14 43 2 1 15 0 8 27 16 39 19 1 14 24 22 20 0 13 0 0 0 294
346 44 0 21 10 1 14 8 31 9 1 2 3 12 1 16 15 16 17 0 0 1 0 222
347 31 19 1 36 0 2 3 14 24 29 72 55 0 24 28 1 14 12 11 3 0 0 379
348 27 67 3 0 22 13 15 0 5 1 20 40 1 2 33 1 12 14 10 2 0 0 288
349 13 9 7 1 1 11 40 0 1 0 18 26 0 18 36 37 37 0 1 0 0 0 256
350 0 58 9 18 41 31 13 0 1 1 0 24 14 1 23 3 50 1 0 0 13 0 301
351 14 17 15 14 40 10 1 5 20 0 2 14 1 0 28 10 0 0 1 0 14 0 206
352 2 5 0 25 26 17 0 53 1 0 10 11 0 0 24 26 0 14 0 0 0 0 214
353 1 25 2 35 1 3 19 16 4 18 11 22 0 13 12 1 0 0 0 0 1 0 184
354 0 58 1 1 0 7 2 42 20 27 13 0 40 0 18 18 0 0 0 0 111 0 358
355 70 46 12 14 17 13 5 2 10 43 2 1 49 38 13 23 0 46 0 1 65 0 470
356 37 13 2 1 3 19 6 14 12 17 16 0 5 1 9 1 0 1 0 0 43 0 200
357 25 75 15 2 42 29 21 20 4 39 13 10 0 0 20 0 25 44 1 0 1 0 386
358 22 75 16 2 70 1 2 22 4 2 49 14 10 0 1 0 7 17 0 0 20 0 334
359 24 13 25 31 12 8 2 1 28 37 10 1 24 1 19 0 16 15 0 0 0 0 267
360 8 9 1 76 5 3 22 14 3 10 44 36 1 0 2 0 15 17 17 1 1 0 285
361 15 37 18 15 1 15 17 0 61 27 9 2 0 17 0 0 17 0 0 14 16 0 281
362 16 36 13 11 13 0 17 13 25 17 0 4 10 0 14 0 1 8 1 0 13 0 212
363 25 30 2 0 41 11 1 27 24 2 29 13 27 0 33 0 49 0 1 0 1 0 316
364 40 31 20 0 44 13 1 18 11 10 14 22 12 1 1 0 9 0 1 0 11 0 259
365 24 45 1 0 38 0 7 11 5 53 1 16 20 14 0 0 1 1 0 0 14 0 251
366 60 48 5 0 36 1 1 0 17 36 7 10 0 9 1 0 9 18 12 0 1 0 271
367 29 34 16 0 23 7 0 6 18 1 10 28 1 2 0 0 12 0 6 14 59 0 266
368 46 25 10 0 37 1 12 0 13 15 10 23 11 2 34 18 2 9 0 0 16 0 284
369 39 44 4 1 1 8 6 0 0 29 12 10 0 21 69 0 27 0 0 0 5 0 276
370 52 21 10 8 21 0 0 18 22 0 3 0 25 23 1 30 20 11 0 13 18 0 296
371 0 20 2 12 26 13 7 30 8 15 7 0 19 0 21 15 14 0 0 8 29 0 246
372 13 11 1 35 13 2 20 8 15 14 0 0 3 0 8 26 0 11 0 1 25 0 206
373 16 11 8 13 61 11 0 6 2 12 0 9 4 0 12 0 0 2 0 0 1 0 168
374 1 21 47 12 39 1 1 1 9 45 1 74 7 0 27 1 0 9 0 1 0 0 297
375 1 46 25 2 0 1 0 11 35 40 2 49 14 0 11 0 5 19 11 6 17 0 295
376 11 35 11 16 0 35 26 69 8 0 2 52 10 0 10 0 0 3 0 0 1 0 289
377 9 46 1 14 4 16 14 7 12 1 32 21 22 0 3 0 1 0 0 1 1 0 205
378 45 3 1 27 14 2 1 34 23 1 42 33 23 0 29 14 23 31 0 12 1 0 359
379 71 4 5 24 1 0 7 6 4 0 33 30 13 0 33 19 0 14 0 0 20 0 284
380 64 37 3 15 40 10 0 22 7 0 11 4 0 1 40 28 10 0 0 8 0 0 300
381 32 40 16 0 18 3 28 4 11 19 1 0 0 15 20 1 13 17 0 0 1 0 239
382 0 49 4 47 35 12 0 15 1 20 34 1 0 0 55 1 2 23 0 0 61 0 360
383 6 21 7 50 13 0 19 39 1 8 7 8 0 0 0 11 9 28 0 0 0 0 227
384 2 13 2 0 9 2 16 0 6 13 1 26 1 1 7 3 1 33 0 0 1 0 137
385 31 28 1 1 13 4 11 0 23 27 0 5 0 17 19 10 0 0 0 30 1 0 221
386 9 15 2 0 29 10 7 0 1 17 19 0 29 0 0 24 1 13 5 10 0 0 191
387 9 7 10 15 50 44 14 28 35 12 27 17 0 1 0 41 9 3 24 0 23 0 369
388 1 37 17 0 14 9 5 9 2 20 51 2 1 0 0 0 16 1 7 15 45 0 252
389 13 41 6 0 1 0 6 22 16 9 39 13 1 0 0 0 18 0 7 1 23 0 216
390 1 0 2 3 20 9 1 19 12 0 35 9 0 0 0 0 5 4 0 8 52 0 180
391 21 0 15 4 68 0 38 15 25 12 25 1 0 1 17 1 19 25 1 0 99 0 387
392 40 1 25 39 35 3 23 18 10 0 25 0 0 0 0 26 28 17 2 10 13 0 315
393 14 18 13 45 3 32 44 23 1 12 10 10 1 0 1 0 14 33 30 0 6 0 310
394 77 43 22 15 48 0 6 27 1 3 9 0 8 0 56 0 0 11 15 0 1 0 342
395 33 33 16 0 60 15 17 10 9 18 0 0 24 0 34 0 12 0 11 0 2 0 294
396 9 14 1 21 42 20 8 52 0 16 15 0 32 1 14 3 2 0 0 0 27 0 277
397 0 45 3 17 56 2 9 30 2 48 11 12 31 15 36 3 18 0 0 1 1 0 340
398 17 12 0 41 53 11 12 27 32 1 14 23 33 1 40 15 2 11 0 7 13 0 365
399 0 42 3 16 14 9 13 31 37 14 0 4 29 59 17 12 0 34 0 3 1 0 338
400 12 21 18 52 1 9 14 1 4 9 12 47 10 0 0 11 7 1 9 11 0 0 249
401 39 25 1 1 1 10 20 0 28 55 38 3 0 0 19 5 5 0 0 0 1 0 251
402 91 27 27 16 1 0 15 1 0 1 14 15 0 37 27 0 14 10 0 0 52 0 348
403 43 19 43 36 0 24 1 0 57 20 19 36 0 10 4 4 31 10 6 0 38 0 401
404 16 70 40 23 28 10 13 23 15 11 22 61 10 0 36 11 1 11 13 1 1 0 416
405 38 30 13 46 0 16 36 67 16 16 22 13 17 1 4 0 9 1 11 12 15 0 383
406 44 32 10 1 12 19 33 13 7 18 11 49 0 0 16 0 1 0 0 0 73 0 339
407 1 41 35 13 17 18 10 21 29 26 14 1 12 10 16 0 0 1 1 11 1 0 278
408 15 39 10 6 16 4 14 44 1 21 11 8 4 0 35 4 0 12 1 15 65 0 325
409 0 10 22 10 33 1 9 11 18 0 1 1 27 1 2 4 0 29 0 10 48 0 237
410 0 25 2 18 57 18 8 25 24 0 25 8 13 0 15 1 0 1 10 0 16 0 266
411 21 23 0 20 29 9 17 4 12 35 11 18 11 17 3 18 0 6 9 6 11 0 280
412 22 13 23 3 28 17 57 9 8 36 12 0 13 0 1 15 0 1 1 5 1 0 265
413 0 20 7 18 51 27 0 0 29 6 2 7 17 0 20 9 19 10 5 0 1 0 248
414 2 9 12 3 22 0 1 4 11 36 24 1 29 1 44 8 8 20 1 0 0 0 236
415 1 17 12 16 30 7 0 0 16 16 12 14 18 0 8 1 2 15 2 0 14 0 201
416 39 36 10 7 1 19 14 1 10 23 33 1 23 1 34 2 0 17 0 20 23 0 314
417 23 8 3 32 32 1 0 25 21 12 25 9 3 0 27 28 9 28 7 1 0 0 294
418 14 44 5 2 32 13 1 25 15 3 40 7 0 0 31 0 0 13 9 1 14 0 269
419 19 63 7 24 12 7 16 22 21 45 8 54 0 8 0 0 10 13 17 0 11 0 357
420 27 3 9 1 0 29 10 63 0 31 1 29 0 0 11 0 10 10 16 0 21 0 271
421 46 17 8 18 17 2 27 20 14 2 1 46 1 4 4 10 21 1 0 0 40 0 299
422 55 37 1 31 28 9 1 45 0 34 1 21 1 22 0 0 11 0 12 1 0 0 310
423 40 63 0 7 2 17 12 32 18 3 27 8 32 17 1 0 35 0 0 0 51 0 365
424 31 39 1 22 0 8 10 68 9 31 77 24 1 20 0 0 12 0 0 0 0 0 353
425 34 25 4 8 0 6 5 11 12 1 1 1 45 19 12 0 14 21 0 0 15 0 234
426 60 28 16 31 1 0 13 0 14 14 14 4 26 24 1 0 0 0 0 10 0 0 256
427 14 56 1 1 0 5 29 6 41 29 21 0 10 0 42 0 0 0 0 0 32 0 287
428 49 23 1 0 31 1 18 1 1 22 17 0 4 0 1 16 0 0 0 0 0 0 185
429 44 89 13 11 67 19 13 24 4 21 30 6 31 0 26 0 0 0 0 0 0 0 398
430 36 5 6 0 25 2 16 5 13 30 22 6 30 0 23 0 1 0 1 12 28 0 261
431 30 22 16 16 64 19 1 37 24 14 1 0 9 15 44 13 0 35 5 0 0 0 365
432 12 33 9 11 0 9 0 31 19 35 11 27 0 66 22 22 0 12 3 1 47 0 370
433 9 31 8 16 20 22 13 36 23 8 15 35 0 12 8 12 10 26 9 0 18 0 331
434 1 30 29 23 1 15 3 26 33 9 21 52 15 0 46 13 10 1 11 0 36 0 375
435 1 2 17 25 12 2 5 1 33 11 28 52 22 0 56 16 28 0 0 0 61 0 372
436 2 1 31 0 1 0 0 29 2 21 16 32 0 33 34 14 18 0 0 6 29 0 269
437 11 1 0 9 15 0 0 26 18 14 24 0 2 0 13 0 14 0 0 1 4 0 152
438 0 2 20 12 0 10 0 74 37 36 9 15 10 0 44 0 1 0 0 0 10 0 280
439 1 12 18 9 50 23 18 3 14 8 8 24 18 0 1 0 0 17 19 0 2 0 245
440 12 0 12 15 89 6 1 12 31 32 40 54 60 15 12 0 15 0 0 0 0 0 406
441 40 19 25 39 50 4 55 59 26 13 15 18 49 1 1 0 0 13 0 0 11 0 438
442 36 23 52 13 15 0 22 22 44 8 16 23 20 0 0 13 0 0 0 14 15 0 336
443 34 58 9 61 27 13 0 14 2 13 21 23 0 2 18 3 0 33 0 1 1 0 333
444 47 41 4 22 0 20 7 38 38 27 2 29 1 1 21 2 1 21 0 0 0 0 322
445 27 27 10 15 1 15 0 35 13 26 17 1 13 4 68 0 0 26 1 0 30 0 329
446 28 46 0 25 37 1 10 4 20 11 24 0 20 1 46 1 30 15 0 10 1 0 330
447 25 67 14 16 26 0 3 49 7 29 2 1 1 6 20 0 11 0 1 0 30 0 308
448 43 69 2 0 45 7 8 42 11 23 14 12 1 0 13 1 1 0 11 0 1 0 304
449 54 35 2 17 31 1 8 31 39 12 0 0 30 5 31 2 13 0 0 0 64 0 375
450 63 24 28 0 17 1 12 47 8 42 12 65 49 2 0 11 0 0 0 0 57 0 438
451 6 26 9 19 40 0 0 1 46 9 34 32 48 13 0 10 5 0 9 0 15 0 322
452 37 20 2 8 32 4 15 8 3 10 0 50 37 14 0 1 11 0 29 9 33 0 323
453 1 10 23 44 32 17 24 0 1 11 3 27 23 3 11 1 0 0 1 0 26 0 258
454 46 18 33 1 0 0 30 8 22 0 4 55 0 48 13 0 2 0 0 14 7 0 301
455 31 53 14 1 0 13 3 8 64 1 6 28 1 0 2 50 36 4 0 0 1 0 316
456 22 36 37 30 24 28 1 31 17 4 28 9 0 0 21 20 46 16 1 0 3 0 374
457 13 9 1 11 8 6 1 14 10 0 10 0 24 0 24 10 15 0 13 15 1 0 185
458 34 41 1 14 0 7 20 30 25 2 13 18 50 22 37 1 6 20 6 0 30 0 377
459 9 20 27 19 13 0 11 37 4 30 11 0 83 0 30 0 34 14 1 5 1 0 349
460 13 8 52 35 33 1 46 12 13 15 2 30 21 0 21 38 0 8 1 13 0 0 362
461 1 9 2 26 62 2 17 5 8 26 22 0 35 0 38 13 2 10 0 0 32 0 310
462 0 31 1 3 23 11 3 57 9 38 57 1 3 0 12 16 0 0 0 0 0 0 265
463 13 2 1 19 59 0 1 15 14 60 27 20 37 42 32 0 1 2 0 0 5 0 350
464 1 25 1 7 14 17 7 22 19 56 2 3 21 38 22 0 0 1 11 0 7 0 274
465 2 20 23 32 17 28 9 52 2 11 16 8 8 25 30 1 0 0 10 0 8 0 302
466 2 36 37 5 34 1 20 13 72 0 0 71 36 3 12 0 0 0 0 0 0 0 342
467 0 26 22 17 1 0 6 9 5 23 24 5 9 12 31 1 0 0 0 1 7 0 199
468 35 10 7 36 13 1 9 61 29 1 2 33 37 0 28 0 0 17 0 0 36 0 355
469 29 0 9 23 1 1 12 25 11 0 0 2 51 28 19 1 1 16 0 0 1 0 230
470 6 1 11 19 11 10 0 55 24 0 25 0 56 24 14 0 0 0 0 0 12 0 268
471 6 13 18 21 0 1 0 20 26 15 2 37 2 1 3 0 15 77 0 0 14 0 271
472 57 65 2 21 27 7 7 41 33 1 13 0 3 32 13 12 13 35 18 0 67 0 467
473 23 15 7 23 16 6 42 18 11 10 9 17 2 0 24 0 12 0 2 0 10 0 247
474 18 9 8 31 29 1 2 20 6 41 40 41 1 8 30 0 9 12 7 0 33 0 346
475 1 13 1 16 23 14 33 31 20 14 7 39 6 1 0 0 13 0 0 5 96 0 333
476 15 40 12 0 18 0 3 22 30 25 42 0 7 7 6 21 8 25 0 0 0 0 281
477 0 32 1 1 10 21 20 42 17 14 13 0 8 0 0 0 14 0 17 0 15 0 225
478 1 23 21 0 29 0 3 2 23 8 8 14 0 21 4 3 20 6 0 0 18 0 204
479 1 20 12 11 33 10 7 0 8 9 40 8 1 0 1 1 18 1 0 0 0 0 181
480 12 49 20 2 1 14 53 1 10 9 0 0 0 0 8 0 12 0 1 1 19 0 212
481 39 0 1 28 12 17 20 37 5 47 5 0 0 0 21 15 0 0 11 15 26 0 299
482 14 18 10 30 22 13 14 29 71 27 0 11 14 0 3 0 0 1 1 1 20 0 299
483 32 0 4 6 15 0 5 21 2 14 0 0 33 16 33 0 1 50 8 0 0 0 240
484 17 0 11 32 4 5 12 29 30 2 0 1 27 11 31 0 0 25 1 2 1 0 241
485 46 35 13 4 1 3 21 56 0 0 2 0 46 1 14 0 0 0 0 13 19 0 274
486 35 14 0 0 9 20 2 6 19 20 11 67 30 2 3 18 20 17 0 0 21 0 314
487 15 16 19 0 25 7 6 13 21 11 11 64 18 11 3 1 2 2 0 2 12 0 259
488 11 18 7 21 15 15 9 37 19 11 38 29 14 1 20 21 1 7 5 0 8 0 307
489 75 19 13 41 53 1 9 17 21 0 36 10 14 11 31 2 2 13 3 0 20 0 391
490 4 6 4 27 18 1 18 8 47 39 45 28 26 3 9 19 11 24 15 7 0 0 359
491 13 59 23 4 20 1 14 1 8 17 9 92 13 22 10 0 9 1 23 0 77 0 416
492 14 70 25 15 9 16 14 25 16 1 1 20 31 10 34 30 17 0 2 1 62 0 413
493 15 51 9 8 49 8 13 7 30 11 1 26 1 19 31 20 10 0 4 0 14 0 327
494 32 48 3 17 2 7 16 14 20 11 26 10 53 0 0 12 19 6 9 11 0 0 316
495 1 19 0 29 1 21 31 1 13 47 15 10 22 0 1 1 0 4 11 0 0 0 227
496 0 1 26 7 1 1 2 28 1 22 22 4 14 4 7 27 19 1 30 0 16 0 233
497 1 29 1 2 1 26 11 29 0 33 26 34 0 1 11 10 3 2 0 3 8 0 231
498 9 37 7 0 23 22 16 13 10 35 10 0 13 0 26 0 2 2 0 0 17 0 242
499 21 31 1 0 31 4 11 20 15 1 34 0 1 13 29 0 2 13 0 0 12 0 