0 267 460 28 83 160 2 29 340 134 254 365 306 589 611 39 166 235 542 72 207 2236 4951 
1 262 476 29 86 165 1 30 340 146 233 356 311 605 582 40 171 232 551 71 202 2280 5008 
2 262 500 28 83 172 3 30 357 151 242 351 312 594 573 39 171 235 554 72 200 2287 5044 
3 268 492 28 82 178 2 28 353 152 251 348 316 629 557 41 175 237 548 83 200 2321 5073 
4 270 481 30 77 180 4 36 366 147 253 348 314 639 545 41 171 237 512 97 214 2316 5085 
5 266 502 36 78 174 21 33 375 161 256 353 318 663 508 42 169 243 494 101 230 2303 5102 
6 266 507 35 80 168 22 43 371 165 252 358 321 652 516 41 173 251 491 109 240 2320 5161 
7 275 525 40 79 168 23 43 365 166 250 355 323 660 488 41 177 257 471 128 239 2327 5181 
8 275 525 40 81 168 22 44 373 169 256 392 324 656 470 50 175 262 471 134 236 2355 5201 
9 257 544 42 80 171 22 45 382 169 257 418 322 658 466 51 174 266 465 134 246 2392 5247 
10 258 536 43 79 172 21 44 386 168 258 423 333 673 446 53 173 287 452 125 301 2274 5285 
11 258 554 68 74 171 20 68 383 167 256 428 335 680 439 55 175 288 437 127 359 2206 5307 
12 263 547 72 76 167 21 70 380 167 270 421 332 675 445 53 170 297 420 123 420 2138 5352 
13 262 541 96 79 166 23 71 412 179 273 437 336 681 446 57 164 299 395 134 430 2139 5226 
14 262 565 125 80 166 35 103 384 214 292 462 326 703 459 58 166 290 404 134 444 2135 5030 
15 252 596 152 79 161 36 108 399 232 287 515 310 716 464 57 169 296 403 143 451 2142 4854 
16 250 606 179 85 162 36 110 401 254 315 533 302 726 473 62 172 297 407 148 462 2150 4740 
17 262 591 210 86 165 35 110 402 257 322 540 300 708 495 60 174 298 414 148 466 2181 4787 
18 264 617 209 84 173 33 112 412 265 344 543 308 710 487 63 177 293 412 143 472 2187 4836 
19 269 633 222 79 176 32 115 407 268 346 545 313 719 469 63 176 294 418 144 483 2212 4881 
20 283 624 231 80 178 32 123 414 272 350 568 306 734 460 63 175 293 422 142 478 2217 4923 
21 284 629 238 79 182 55 104 429 271 369 567 303 768 431 64 175 294 414 149 494 2229 4985 
22 291 640 237 79 183 53 106 410 293 371 570 299 800 419 64 171 298 414 149 501 2268 5065 
23 278 661 245 80 191 56 106 411 300 372 574 307 808 416 62 170 295 420 146 489 2303 5139 
24 271 666 246 81 182 57 109 412 300 371 556 317 822 400 78 157 290 418 157 473 2317 5187 
25 269 659 256 69 188 55 106 414 311 352 559 322 819 393 80 157 293 425 156 505 2299 5237 
26 272 661 263 68 191 53 109 420 332 336 571 338 809 383 87 162 299 425 152 515 2321 5336 
27 270 662 262 70 191 53 134 446 334 389 609 331 825 387 91 163 302 436 156 527 2314 5183 
28 275 675 267 67 193 52 138 459 397 406 613 328 833 392 93 161 306 433 159 535 2347 5069 
29 264 682 268 67 192 61 142 473 458 415 683 335 837 395 101 167 308 440 162 578 2333 4892 
30 268 671 264 75 187 59 145 519 471 427 694 350 831 397 103 170 295 439 159 578 2351 4820 
31 275 665 281 82 187 60 145 552 487 446 701 350 832 404 106 175 301 442 157 583 2371 4725 
32 282 670 280 80 191 58 144 570 491 455 679 348 835 408 128 165 308 438 175 585 2351 4799 
33 280 665 283 79 190 58 143 551 488 462 710 353 838 421 120 175 335 435 173 580 2363 4868 
34 281 657 290 80 190 58 141 559 498 463 718 347 856 425 124 178 341 422 187 597 2376 4919 
35 282 661 291 83 190 59 140 575 506 469 721 365 852 429 129 180 344 425 190 595 2398 5000 
36 282 670 300 85 196 57 144 597 455 478 733 369 868 434 129 178 341 433 191 609 2386 5072 
37 287 679 299 87 202 59 146 597 453 485 738 375 894 423 131 176 343 433 193 641 2352 5137 
38 297 673 328 89 206 59 145 612 454 481 758 392 870 429 133 179 345 440 192 666 2314 5215 
39 300 674 332 93 209 61 140 630 434 484 774 397 881 418 135 177 360 444 179 706 2241 5313 
40 305 694 334 91 204 62 155 664 463 493 828 412 853 418 153 178 356 447 178 744 2172 5131 
41 303 708 344 92 201 65 162 682 463 535 882 417 783 461 153 182 350 441 181 798 2127 4997 
42 307 696 356 95 198 91 193 681 494 546 916 426 750 493 149 182 349 445 179 808 2149 4886 
43 287 739 372 97 202 92 210 707 517 586 945 435 746 487 148 181 367 442 178 823 2173 4812 
44 291 739 369 94 208 87 256 735 570 610 993 440 769 465 147 213 368 442 175 802 2200 4685 
45 295 744 374 96 205 83 261 741 591 617 1009 433 777 451 147 208 368 439 177 830 2185 4727 
46 296 760 383 94 208 84 276 771 572 628 1020 423 807 434 154 207 368 438 181 841 2215 4805 
47 294 763 375 94 204 87 278 796 571 642 1028 425 821 442 151 205 369 446 183 835 2265 4857 
48 290 793 388 95 202 90 278 841 571 628 1052 425 824 444 161 208 374 447 188 852 2288 4914 
49 295 805 381 90 205 110 292 840 573 642 1070 433 826 440 161 206 379 465 189 867 2266 4995 
50 294 815 389 89 211 111 292 842 583 618 1050 441 858 423 156 220 410 438 195 833 2287 5040 
51 302 827 396 89 208 119 303 844 589 621 1070 425 889 431 141 219 446 405 206 833 2319 5102 
52 311 842 399 91 207 120 307 853 607 635 1078 420 887 448 139 219 428 388 220 818 2318 5211 
53 313 834 410 91 215 129 317 872 598 628 1104 420 887 451 142 215 433 392 222 765 2364 5269 
54 315 838 441 92 213 150 348 912 627 624 1181 426 910 446 145 216 435 396 217 757 2372 5017 
55 317 888 479 93 210 149 353 956 646 645 1193 449 890 450 157 214 448 404 225 788 2346 4829 
56 327 890 529 95 213 147 366 972 651 681 1198 472 852 454 157 213 448 402 221 794 2361 4697 
57 330 900 541 95 214 157 386 989 649 704 1221 492 838 456 159 221 470 405 216 822 2336 4768 
58 331 914 549 100 216 158 387 1002 624 725 1238 497 825 475 159 230 484 409 221 813 2350 4852 
59 340 916 565 100 219 164 406 1049 608 732 1254 489 802 497 157 230 482 416 218 840 2332 4941 
60 343 916 582 97 222 165 417 1065 578 738 1277 496 802 494 162 232 485 424 217 840 2354 5018 
61 346 922 584 106 214 165 418 1086 544 737 1284 511 835 451 185 238 502 423 216 851 2378 5058 
62 344 934 594 104 214 178 417 1093 560 757 1325 517 839 446 191 246 506 431 214 943 2272 5065 
63 343 945 610 104 217 179 427 1109 568 761 1347 529 899 396 191 244 499 448 213 1036 2134 5161 
64 352 953 616 108 222 179 425 1114 587 771 1356 526 912 389 188 245 508 448 220 974 2182 5221 
65 360 957 631 109 219 191 423 1147 606 797 1391 533 894 397 183 254 481 459 221 960 2221 5291 
66 363 966 624 109 219 184 435 1171 614 796 1424 534 839 439 182 248 495 428 239 925 2269 5321 
67 392 959 634 110 225 206 425 1183 623 792 1467 550 819 430 187 247 510 402 240 861 2349 5277 
68 396 979 636 112 230 209 438 1259 641 792 1507 541 809 440 193 244 496 409 241 817 2407 5111 
69 409 979 648 108 240 241 444 1310 643 844 1426 554 821 444 234 246 492 413 242 864 2328 5016 
70 405 1006 668 106 239 242 448 1369 661 858 1418 560 835 443 264 249 484 411 239 879 2256 4911 
71 403 1003 698 109 242 256 452 1397 667 898 1393 562 841 442 296 249 476 408 240 897 2214 4773 
72 417 1010 712 108 241 259 457 1462 664 906 1387 565 850 435 309 257 468 414 242 895 2152 4882 
73 427 1018 718 110 241 286 456 1529 638 916 1364 609 839 443 320 259 432 419 253 914 2079 4925 
74 425 1032 720 117 222 293 465 1536 609 951 1354 599 813 478 324 261 430 431 242 883 2140 4971 
75 411 1043 721 118 221 304 473 1534 622 982 1361 598 827 482 318 255 432 438 240 915 2129 5012 
76 387 1062 714 116 226 300 479 1560 602 1013 1390 606 842 453 312 258 442 423 259 915 2140 5117 
77 384 1060 736 118 230 307 495 1572 594 1042 1415 583 850 456 334 269 446 435 261 918 2162 5188 
78 383 1053 744 119 229 308 505 1591 578 1078 1428 582 849 459 342 274 473 443 229 907 2195 5307 
79 391 1081 733 118 229 372 511 1598 594 1058 1463 583 846 456 341 270 475 443 234 912 2200 5160 
80 391 1099 752 117 226 378 534 1625 627 1026 1500 584 867 448 349 269 474 435 242 882 2245 5099 
81 391 1130 777 121 232 422 551 1668 656 1009 1552 574 871 456 351 286 463 439 232 863 2269 4919 
82 371 1180 808 127 234 438 577 1699 703 997 1538 579 872 459 357 286 465 442 226 844 2264 4761 
83 371 1201 819 141 223 447 600 1707 708 999 1534 589 884 456 366 287 460 448 216 858 2250 4695 
84 374 1212 840 137 224 454 614 1714 697 969 1531 617 896 459 366 286 462 449 215 826 2269 4785 
85 392 1197 854 137 218 454 638 1727 688 978 1502 621 898 460 389 298 463 444 221 838 2242 4868 
86 402 1192 851 137 214 466 649 1742 657 1011 1482 636 905 466 396 301 480 423 218 812 2280 4955 
87 406 1227 862 152 195 496 660 1787 648 1025 1468 663 898 475 404 306 519 356 238 817 2312 5008 
88 412 1246 876 151 194 488 668 1820 650 1035 1461 647 922 488 410 317 471 357 268 792 2351 5068 
89 419 1229 899 154 194 488 677 1833 654 1097 1415 648 881 500 413 313 463 374 255 808 2345 5135 
90 415 1199 929 151 193 486 691 1820 678 1074 1422 649 864 497 419 319 467 376 242 815 2350 5172 
91 440 1151 936 148 193 478 699 1878 677 1112 1399 654 876 480 436 323 453 379 241 768 2420 5248 
92 445 1173 937 148 198 490 707 1919 653 1092 1383 663 877 471 462 320 448 377 236 783 2363 5143 
93 448 1208 933 153 195 499 776 1836 678 1096 1404 655 842 483 494 325 470 377 223 830 2286 4999 
94 468 1229 934 153 201 517 794 1811 723 1070 1376 683 803 498 516 331 478 379 232 887 2215 4929 
95 473 1267 943 158 195 531 820 1777 765 1051 1405 677 814 491 521 326 494 370 228 863 2195 4870 
96 487 1289 951 159 201 547 797 1847 799 1049 1449 692 811 489 532 330 481 366 230 916 2101 4784 
97 482 1329 988 161 201 562 796 1888 797 1043 1498 693 799 490 524 334 495 367 224 911 2111 4701 
98 480 1364 1017 165 203 567 778 1917 829 1022 1518 702 804 479 531 363 497 368 225 898 2093 4770 
99 474 1392 1036 164 197 584 731 2011 807 1036 1533 698 814 461 552 365 501 378 222 867 2136 4821 
100 498 1381 1060 167 196 569 739 2044 787 1062 1546 695 834 441 561 381 504 383 223 843 2164 4881 
101 517 1384 1067 172 199 587 728 1981 850 1055 1543 720 833 448 566 401 512 392 224 814 2156 4976 
102 516 1422 1099 168 199 595 713 1951 864 1080 1561 741 842 443 581 408 511 398 224 796 2166 5006 
103 521 1460 1091 165 202 587 732 1896 852 1089 1588 754 851 447 580 409 506 402 231 805 2151 5075 
104 530 1480 1117 167 199 600 745 1883 878 1048 1606 755 856 444 582 392 517 405 228 786 2154 5139 
105 547 1456 1120 156 201 620 711 1927 905 1033 1560 760 853 460 609 383 518 407 238 757 2160 5165 
106 543 1427 1134 154 202 615 716 1901 910 1061 1535 769 863 463 601 386 524 414 238 756 2185 5224 
107 542 1403 1221 160 201 633 732 1841 954 1039 1531 774 872 466 625 392 523 416 244 777 2181 5236 
108 558 1381 1267 145 194 652 733 1866 989 1010 1507 742 887 455 680 402 524 418 229 795 2200 5291 
109 544 1389 1330 144 200 664 717 1937 957 1012 1470 739 882 467 684 408 515 425 234 831 2171 5201 
110 550 1370 1377 141 204 669 702 1968 968 1054 1445 744 878 471 706 446 533 404 214 853 2180 5150 
111 549 1377 1413 143 205 676 699 1971 1013 1135 1449 744 889 466 696 461 546 406 220 846 2187 5008 
112 577 1312 1475 143 210 683 708 2034 1013 1157 1431 767 902 465 693 469 532 413 205 852 2180 4860 
113 574 1295 1512 143 220 741 692 2069 1046 1188 1460 782 894 478 701 480 529 422 205 852 2189 4745 
114 588 1263 1590 144 217 793 717 2089 1116 1194 1488 787 890 487 715 496 469 430 219 871 2204 4601 
115 591 1256 1586 158 217 815 721 2062 1146 1153 1543 787 893 492 716 486 478 438 228 870 2207 4681 
116 606 1236 1637 165 215 843 711 2017 1170 1162 1592 795 905 501 724 488 474 438 233 868 2212 4704 
117 623 1260 1629 170 216 820 697 2006 1183 1160 1622 794 933 480 731 493 485 435 236 852 2251 4747 
118 634 1302 1619 170 230 784 711 1984 1165 1157 1701 789 953 477 743 492 484 442 244 859 2259 4792 
119 636 1309 1568 176 259 778 716 1932 1197 1124 1598 822 964 467 796 493 490 453 243 826 2275 4859 
120 641 1344 1525 181 262 751 720 2061 1157 1138 1552 824 979 455 819 495 500 450 242 823 2288 4868 
121 649 1357 1537 181 265 752 734 2073 1156 1144 1526 851 935 471 820 488 510 448 246 818 2307 4942 
122 653 1385 1535 172 279 749 719 2106 1168 1118 1469 871 933 469 861 494 537 449 243 818 2334 4993 
123 679 1350 1518 169 296 770 725 2189 1175 1110 1444 874 904 463 869 501 548 443 249 794 2372 5017 
124 694 1348 1514 168 313 786 699 2237 1198 1103 1480 883 889 463 889 508 555 420 241 762 2440 5078 
125 683 1355 1482 170 318 810 678 2227 1215 1105 1512 878 885 455 905 512 546 420 246 850 2327 5125 
126 703 1339 1511 169 322 812 681 2227 1172 1075 1552 886 890 443 911 507 527 418 246 920 2248 5172 
127 717 1328 1523 172 348 781 705 2216 1187 1103 1578 895 914 454 923 512 510 408 253 961 2157 5247 
128 709 1309 1575 180 347 772 712 2194 1196 1127 1586 913 910 451 925 523 517 391 242 999 2118 5284 
129 721 1303 1509 184 369 807 762 2071 1220 1155 1527 934 927 450 961 560 519 384 241 974 2118 5368 
130 731 1307 1507 184 372 826 799 1979 1320 1208 1502 957 920 465 986 559 527 389 241 988 2145 5217 
131 732 1375 1483 187 376 848 795 2052 1307 1257 1470 964 918 483 1031 555 535 403 243 969 2171 5133 
132 755 1434 1447 194 378 828 818 2158 1317 1256 1480 965 938 474 1062 590 536 403 223 975 2191 4993 
133 738 1489 1497 197 382 844 819 2191 1315 1238 1455 977 946 482 1087 599 551 409 218 955 2199 4914 
134 740 1532 1531 197 387 825 802 2296 1334 1268 1389 977 931 491 1126 604 554 404 225 927 2209 4782 
135 732 1576 1543 192 388 821 815 2252 1346 1259 1488 989 946 497 1118 607 579 404 226 935 2247 4705 
136 723 1598 1580 194 390 854 780 2253 1355 1253 1524 1010 943 494 1122 615 577 414 234 914 2291 4764 
137 751 1549 1649 194 410 820 806 2174 1354 1221 1566 1005 941 495 1145 632 622 412 239 914 2320 4806 
138 771 1511 1681 200 426 802 811 2217 1376 1163 1592 1024 952 505 1142 636 612 413 245 902 2314 4920 
139 770 1528 1668 209 426 789 801 2181 1368 1156 1581 1020 968 482 1177 622 637 418 240 893 2344 5028 
140 806 1501 1657 209 428 783 802 2143 1334 1116 1600 1040 1011 457 1157 625 648 424 244 892 2355 5115 
141 803 1489 1637 213 431 739 865 2106 1313 1154 1587 1039 979 455 1166 624 665 416 241 872 2387 5145 
142 831 1463 1612 208 434 729 874 2091 1306 1144 1566 1051 949 448 1203 644 690 428 241 914 2314 5244 
143 853 1465 1590 215 436 747 927 2027 1361 1127 1528 1060 945 456 1274 667 692 433 242 945 2238 5070 
144 855 1459 1596 217 455 721 906 2078 1388 1152 1507 1064 938 450 1326 646 689 436 246 976 2180 4995 
145 858 1533 1569 239 452 757 925 2127 1407 1251 1473 1055 927 462 1337 639 683 464 255 975 2108 4811 
146 847 1597 1543 245 459 733 910 2208 1360 1309 1458 1085 900 482 1341 652 703 463 240 979 2151 4780 
147 856 1630 1521 252 464 754 924 2248 1386 1281 1525 1096 880 491 1344 644 714 444 237 985 2183 4635 
148 867 1636 1497 252 479 776 931 2277 1390 1279 1564 1111 895 489 1355 641 713 439 254 985 2209 4720 
149 877 1653 1548 254 489 784 931 2332 1357 1234 1590 1147 901 491 1363 576 731 429 245 1014 2228 4791 
150 903 1650 1599 255 481 820 917 2311 1359 1221 1639 1143 915 499 1368 598 742 405 252 1022 2249 4892 
151 906 1590 1693 257 482 815 888 2324 1388 1180 1643 1177 926 511 1378 632 754 411 250 987 2284 4935 
152 926 1553 1678 250 484 802 880 2314 1403 1179 1608 1208 939 501 1429 632 768 418 246 961 2325 4996 
153 955 1538 1625 265 511 808 893 2343 1387 1173 1604 1218 932 493 1496 623 786 416 236 933 2337 5054 
154 989 1504 1632 275 520 807 883 2327 1353 1170 1610 1217 990 440 1526 617 805 420 238 942 2338 5123 
155 993 1531 1608 279 538 784 878 2290 1354 1149 1617 1257 975 447 1560 639 809 425 219 918 2374 5181 
156 1013 1527 1583 283 545 796 881 2269 1372 1158 1682 1266 961 443 1558 649 840 425 223 873 2432 5072 
157 1024 1494 1588 311 526 787 873 2287 1354 1141 1674 1277 932 461 1570 655 860 430 228 908 2392 5010 
158 1005 1522 1572 320 542 746 883 2299 1324 1143 1669 1288 903 461 1603 658 860 434 231 928 2320 4988 
159 989 1537 1542 328 550 704 890 2329 1322 1152 1685 1306 872 470 1639 670 858 411 245 946 2218 4955 
160 980 1602 1552 336 562 731 901 2283 1301 1199 1652 1333 867 478 1670 635 902 416 251 974 2161 4842 
161 993 1651 1535 336 557 748 921 2296 1344 1171 1641 1345 883 488 1708 611 895 412 237 1037 2092 4715 
162 986 1685 1543 339 535 774 918 2324 1303 1165 1618 1363 915 493 1736 610 889 408 247 1005 2126 4781 
163 974 1687 1516 339 552 777 903 2295 1327 1164 1575 1395 938 488 1766 603 871 412 251 981 2160 4863 
164 969 1663 1519 354 558 800 892 2317 1337 1146 1596 1419 922 512 1765 588 852 408 249 972 2184 4884 
165 975 1667 1499 356 567 812 885 2332 1311 1162 1611 1406 942 495 1784 608 898 384 247 989 2170 4956 
166 1009 1601 1533 361 581 793 881 2314 1327 1178 1576 1429 943 513 1799 605 926 385 247 982 2196 4971 
167 1027 1557 1638 358 564 787 901 2255 1312 1225 1571 1442 942 514 1774 634 944 374 254 948 2260 5000 
168 1064 1530 1727 350 555 751 891 2237 1284 1279 1549 1462 938 511 1783 640 955 377 257 919 2271 5050 
169 1100 1479 1691 363 590 732 884 2197 1281 1235 1562 1461 986 481 1816 645 1001 372 257 890 2304 5104 
170 1128 1491 1678 361 588 724 882 2156 1257 1246 1565 1479 983 446 1835 654 1025 384 245 904 2325 5220 
171 1144 1508 1653 380 594 743 858 2230 1286 1229 1578 1486 956 458 1882 668 1050 382 244 907 2333 5212 
172 1115 1584 1633 385 604 740 861 2280 1291 1191 1597 1471 978 459 1884 673 1059 408 240 901 2305 5306 
173 1107 1696 1606 394 621 775 829 2363 1268 1195 1615 1492 956 485 1897 681 1022 426 238 878 2333 5153 
174 1112 1741 1616 404 618 816 855 2427 1249 1176 1576 1498 927 489 1930 658 965 431 236 862 2333 5002 
175 1116 1769 1678 406 607 820 849 2471 1247 1186 1513 1526 908 498 1990 636 949 463 239 858 2370 4848 
176 1160 1739 1667 402 623 838 845 2435 1275 1183 1551 1562 866 512 2041 627 964 469 238 836 2399 4756 
177 1172 1731 1652 403 638 856 824 2377 1285 1186 1559 1562 877 506 2070 621 1009 454 238 802 2373 4702 
178 1207 1720 1645 406 660 865 828 2301 1275 1145 1622 1582 899 495 2103 584 1084 454 241 816 2329 4775 
179 1222 1692 1664 407 659 846 818 2291 1289 1172 1655 1611 954 450 2119 576 1119 454 224 818 2313 4798 
180 1240 1640 1686 401 674 829 816 2282 1298 1201 1690 1598 965 441 2128 586 1072 488 227 849 2276 4896 
181 1252 1619 1653 403 680 841 813 2320 1278 1239 1741 1570 974 438 2209 599 1032 492 228 884 2195 4964 
182 1243 1619 1645 412 685 837 818 2279 1278 1313 1672 1608 996 435 2243 618 999 514 229 896 2143 5005 
183 1282 1591 1645 412 720 832 804 2279 1283 1305 1660 1634 976 447 2269 628 1002 524 240 946 2063 5044 
184 1292 1615 1636 409 742 809 815 2287 1318 1314 1612 1668 929 493 2317 656 973 524 259 951 2076 5084 
185 1246 1709 1622 411 761 804 804 2279 1256 1327 1599 1688 909 513 2351 675 1010 531 266 923 2099 5145 
186 1264 1774 1616 411 769 778 830 2233 1248 1300 1589 1700 862 505 2394 677 1042 535 265 930 2116 5234 
187 1265 1846 1588 411 797 791 855 2219 1297 1271 1636 1730 890 484 2448 684 1071 541 276 931 2138 5075 
188 1277 1844 1577 412 805 803 860 2191 1290 1247 1699 1745 916 472 2446 690 1111 551 284 886 2193 4960 
189 1323 1837 1535 417 822 817 841 2285 1277 1263 1777 1689 934 452 2517 701 1135 536 284 837 2238 4803 
190 1353 1796 1482 428 851 825 884 2349 1249 1289 1851 1654 951 459 2571 711 1162 521 281 828 2278 4641 
191 1352 1764 1506 432 874 796 898 2379 1239 1312 1806 1642 956 455 2637 699 1188 497 280 808 2282 4681 
192 1393 1739 1605 418 882 785 852 2474 1238 1307 1745 1610 902 501 2714 684 1167 499 299 810 2286 4768 
193 1391 1695 1636 424 907 764 863 2420 1253 1272 1726 1615 873 525 2779 683 1152 496 327 800 2289 4825 
194 1403 1676 1695 426 891 744 876 2384 1224 1299 1703 1638 846 515 2825 696 1120 496 322 795 2311 4897 
195 1430 1668 1674 424 898 760 881 2401 1206 1282 1674 1636 849 516 2903 696 1101 495 326 781 2304 4990 
196 1448 1652 1637 445 903 751 883 2390 1194 1293 1642 1659 845 509 2927 717 1103 475 330 727 2377 5085 
197 1436 1625 1653 461 940 751 885 2376 1202 1280 1634 1674 856 490 2903 705 1103 479 346 761 2328 5167 
198 1429 1670 1625 467 939 763 872 2372 1192 1268 1690 1703 858 481 2843 724 1084 495 351 833 2239 5272 
199 1427 1720 1637 469 983 704 895 2322 1193 1267 1783 1743 868 477 2672 773 1118 501 340 886 2167 5223 
200 1435 1795 1570 505 989 737 879 2288 1240 1238 1828 1754 875 484 2600 770 1111 496 338 894 2124 5156 
201 1432 1829 1563 505 1009 755 893 2300 1214 1239 1852 1768 908 475 2592 771 1092 519 327 897 2125 5109 
202 1420 1910 1545 510 1048 794 855 2259 1240 1240 1849 1809 907 471 2631 781 1080 548 315 869 2140 4952 
203 1457 1890 1572 517 1078 772 878 2270 1236 1237 1842 1829 918 470 2654 787 1086 553 319 846 2158 4828 
204 1510 1852 1610 514 1093 763 884 2241 1256 1282 1846 1841 937 471 2675 788 1091 557 333 833 2164 4685 
205 1563 1819 1634 523 1130 777 882 2296 1267 1273 1789 1885 964 460 2705 804 1059 562 338 820 2172 4669 
206 1619 1721 1651 505 1190 778 874 2337 1218 1285 1825 1846 989 441 2733 808 1075 561 350 789 2236 4742 
207 1624 1690 1671 498 1207 789 845 2375 1177 1288 1848 1765 964 444 2815 827 1094 563 341 788 2261 4811 
208 1660 1735 1644 511 1214 806 826 2441 1172 1296 1806 1748 945 455 2858 842 1088 565 338 817 2283 4870 
209 1625 1792 1624 528 1232 776 826 2481 1159 1321 1801 1699 933 468 2906 830 1098 574 335 795 2289 4905 
210 1620 1847 1593 536 1249 754 819 2524 1131 1328 1823 1712 902 479 2837 831 1108 578 338 771 2315 4973 
211 1540 1941 1589 552 1257 741 806 2548 1115 1382 1844 1680 895 482 2780 832 1115 571 345 782 2334 5025 
212 1545 1933 1585 530 1287 718 819 2618 1123 1405 1842 1629 964 497 2675 847 1094 567 342 789 2356 5073 
213 1502 1924 1568 560 1290 707 771 2633 1122 1374 1851 1550 984 491 2660 873 1059 552 339 812 2385 5164 
214 1535 1883 1570 578 1311 688 781 2602 1105 1399 1863 1542 1027 490 2605 869 1109 532 330 839 2346 5244 
215 1589 1847 1560 584 1313 703 750 2618 1084 1376 1885 1589 1018 485 2531 909 1143 511 327 956 2206 5302 
216 1627 1794 1547 601 1306 727 777 2557 1073 1351 1868 1595 1026 476 2591 912 1171 487 352 946 2149 5196 
217 1682 1715 1609 604 1344 747 801 2476 1142 1355 1854 1611 1055 477 2610 900 1221 476 335 943 2110 5025 
218 1679 1733 1586 624 1357 755 826 2453 1157 1422 1810 1605 1120 439 2686 880 1219 486 332 899 2158 4941 
219 1691 1803 1558 630 1406 792 803 2445 1147 1442 1797 1613 1130 438 2787 797 1298 472 348 891 2193 4843 
220 1720 1828 1570 638 1441 811 839 2359 1212 1416 1775 1630 1124 441 2898 807 1312 471 343 883 2200 4752 
221 1733 1897 1500 657 1449 834 836 2346 1190 1419 1770 1653 1133 449 2914 838 1317 452 327 866 2229 4801 
222 1768 1936 1527 684 1434 843 851 2318 1162 1397 1789 1680 1126 454 2971 853 1354 461 307 895 2204 4892 
223 1769 1969 1560 696 1477 816 834 2357 1156 1339 1803 1662 1147 427 2961 854 1319 484 324 877 2251 4951 
224 1774 1980 1586 707 1477 788 842 2341 1195 1319 1823 1716 1158 438 2917 891 1254 493 324 857 2281 4998 
225 1790 2001 1615 722 1508 782 849 2324 1186 1293 1866 1703 1183 442 2841 917 1217 501 307 854 2284 5045 
226 1749 2009 1674 724 1520 763 852 2292 1167 1276 1817 1773 1159 453 2825 927 1254 510 301 837 2328 5127 
227 1687 2049 1691 704 1546 760 897 2242 1137 1267 1804 1812 1186 441 2805 925 1252 518 310 811 2387 5193 
228 1663 2059 1687 734 1565 748 846 2364 1098 1249 1782 1842 1185 431 2744 942 1228 534 322 806 2335 5183 
229 1605 2160 1636 756 1573 755 853 2420 1109 1223 1784 1830 1179 432 2701 968 1209 534 328 815 2294 5234 
230 1623 2129 1627 775 1586 744 846 2515 1091 1203 1781 1827 1194 438 2759 978 1125 542 356 814 2261 5330 
231 1645 2138 1604 809 1601 776 849 2487 1087 1247 1794 1848 1215 442 2783 981 1094 545 373 838 2238 5175 
232 1688 2112 1638 814 1619 767 847 2446 1144 1304 1793 1896 1220 447 2823 994 1114 548 371 854 2193 5050 
233 1684 2115 1629 829 1651 766 852 2442 1175 1340 1770 1920 1219 454 2816 1011 1119 539 358 835 2187 4955 
234 1735 2124 1617 844 1655 767 821 2409 1137 1250 1756 1981 1233 446 2845 1007 1155 543 351 854 2135 4855 
235 1769 2082 1648 811 1692 788 793 2435 1100 1234 1767 2016 1235 450 2875 995 1154 565 352 842 2149 4742 
236 1829 2024 1620 820 1749 793 782 2416 1060 1239 1737 2029 1239 457 2918 999 1203 565 348 839 2160 4806 
237 1774 2079 1598 813 1779 823 760 2406 1069 1219 1676 2077 1221 479 2993 1006 1226 572 348 824 2186 4804 
238 1769 1991 1697 787 1797 791 744 2358 1110 1219 1658 2129 1228 484 3021 998 1230 567 327 838 2212 4840 
239 1689 2039 1689 789 1847 796 727 2306 1108 1240 1615 2178 1248 487 3068 947 1261 580 343 878 2234 4871 
240 1650 2018 1732 743 1874 794 710 2376 1091 1219 1658 2133 1202 499 3084 908 1257 615 336 874 2255 4914 
241 1704 1953 1715 787 1887 791 696 2421 1120 1187 1717 2081 1236 502 2977 894 1263 622 335 854 2285 4982 
242 1717 1947 1709 774 1944 794 711 2475 1063 1227 1677 2033 1208 537 3019 879 1285 605 311 852 2309 5008 
243 1763 1909 1696 766 1983 782 720 2552 1040 1273 1730 2028 1178 515 2955 896 1291 616 312 831 2351 5104 
244 1798 1883 1699 783 1996 789 743 2624 996 1323 1722 2012 1154 500 2987 903 1317 631 312 813 2372 5139 
245 1816 1833 1696 811 2025 772 770 2600 960 1355 1735 1993 1171 493 2921 914 1294 650 292 816 2415 5203 
246 1736 1936 1677 815 2079 738 805 2533 985 1354 1777 1999 1177 490 2852 938 1292 652 287 843 2337 5276 
247 1680 2027 1672 856 2073 746 792 2502 984 1334 1855 1971 1200 485 2799 933 1302 677 305 908 2221 5338 
248 1658 1965 1693 908 2116 747 810 2430 1000 1343 1826 1957 1222 480 2813 931 1310 667 320 916 2152 5231 
249 1636 1976 1681 914 2116 740 797 2418 1000 1363 1820 1993 1242 460 2787 969 1291 673 342 950 2102 5121 
250 1668 1962 1689 931 2080 739 825 2431 1054 1330 1862 2032 1254 467 2754 1002 1239 680 334 938 2146 5008 
251 1686 1954 1745 935 1995 758 842 2419 1074 1354 1858 2093 1293 460 2793 1010 1263 687 346 927 2140 4888 
252 1690 1962 1745 895 1986 786 787 2451 1170 1349 1840 2121 1300 461 2842 1040 1324 691 319 882 2158 4743 
253 1708 1899 1817 892 1943 787 798 2419 1161 1355 1804 2145 1309 466 2889 1037 1366 699 325 903 2133 4820 
254 1727 1904 1826 882 1949 788 802 2388 1169 1332 1790 2129 1299 453 2970 1047 1400 674 329 882 2164 4861 
255 1751 1870 1824 878 1901 814 796 2407 1166 1322 1780 2105 1324 456 3009 1026 1415 666 338 891 2181 4939 
256 1792 1872 1836 899 1818 853 786 2345 1155 1332 1794 2018 1333 464 3006 973 1454 649 333 921 2178 5008 
257 1801 1882 1843 856 1865 858 765 2435 1127 1346 1807 1986 1184 554 3048 951 1499 645 342 900 2224 5096 
258 1819 1846 1856 866 1892 844 738 2457 1102 1373 1876 1950 1245 557 2971 955 1498 632 322 913 2253 5168 
259 1854 1802 1872 887 1927 835 704 2537 1081 1349 1819 1920 1231 554 3002 959 1492 622 325 900 2256 5228 
260 1893 1814 1859 884 1926 845 703 2539 1077 1318 1820 1973 1247 538 2970 931 1488 631 308 892 2286 5269 
261 1847 1787 1899 888 1964 867 730 2608 1101 1309 1845 2014 1265 535 2878 954 1474 633 302 858 2306 5059 
262 1842 1835 1924 890 1986 877 729 2671 1066 1327 1895 2033 1282 528 2819 961 1443 656 293 837 2339 4904 
263 1806 1907 1933 904 2028 867 738 2624 1077 1327 1902 2099 1332 534 2712 975 1430 675 292 823 2358 4817 
264 1759 1979 1914 914 2081 857 809 2544 1104 1324 1923 2104 1386 548 2641 970 1416 681 293 827 2351 4873 
265 1722 2041 1891 919 2096 849 851 2507 1117 1301 1915 2140 1381 564 2689 984 1416 690 291 838 2367 4964 
266 1741 2078 1905 909 2097 847 848 2467 1108 1277 1882 2142 1387 556 2727 1007 1412 663 295 839 2356 5030 
267 1795 2021 1912 929 2076 823 818 2460 1105 1297 1890 2180 1404 542 2755 1046 1360 658 310 847 2347 5117 
268 1830 2032 1941 961 2047 786 784 2441 1094 1331 1873 2212 1426 535 2769 1053 1399 628 321 848 2331 5185 
269 1878 1996 1902 937 2040 810 772 2430 1097 1363 1813 2161 1486 525 2856 1079 1408 646 326 878 2322 5245 
270 1925 1956 1854 936 1965 838 762 2423 1085 1388 1831 2116 1510 501 2875 1118 1428 668 310 880 2316 5347 
271 1880 1929 1958 909 1966 826 791 2344 1088 1455 1855 2035 1585 496 2926 1136 1473 679 310 911 2327 5241 
272 1807 1974 1982 924 1913 837 803 2389 1107 1466 1841 2061 1584 490 2981 1142 1451 714 325 894 2329 5120 
273 1770 1993 1972 897 1916 841 814 2410 1102 1462 1794 2101 1580 476 3025 1115 1478 735 312 858 2363 5111 
274 1737 2031 1979 837 1929 842 781 2459 1146 1427 1778 2130 1558 475 3110 1065 1493 730 307 826 2403 4982 
275 1778 2020 1961 849 1940 824 772 2526 1160 1433 1755 2186 1544 475 3091 1032 1540 703 316 829 2328 4856 
276 1822 2046 1923 884 1921 825 747 2607 1194 1416 1785 2183 1541 479 3030 1057 1479 736 320 884 2251 4705 
277 1856 2012 1951 892 1888 828 748 2696 1190 1437 1793 2223 1515 483 2997 1095 1398 721 325 943 2151 4780 
278 1889 1984 1966 895 1911 842 783 2629 1171 1450 1807 2289 1441 496 2945 1149 1415 717 345 971 2101 4835 
279 1905 1955 1971 913 1941 849 794 2628 1205 1391 1785 2315 1393 497 2937 1163 1417 708 352 953 2108 4906 
280 1966 1937 1953 920 2000 869 783 2627 1215 1345 1793 2351 1355 497 2919 1159 1400 734 355 939 2125 4991 
281 2010 1914 1933 923 2046 847 747 2645 1208 1322 1795 2322 1363 509 2920 1112 1374 734 385 927 2133 5044 
282 1973 1964 1928 942 2079 833 767 2622 1228 1312 1783 2276 1405 506 2870 1084 1360 740 379 906 2176 5081 
283 1950 1924 1953 1009 2052 821 787 2588 1212 1316 1812 2324 1430 506 2813 1065 1342 746 403 875 2247 5094 
284 1870 1939 1948 1054 1966 821 823 2553 1218 1349 1834 2323 1441 516 2766 1065 1382 746 390 867 2266 5117 
285 1874 1874 1950 1043 1971 820 848 2543 1255 1340 1794 2299 1516 531 2737 1073 1415 752 398 863 2269 5128 
286 1840 1930 1954 1044 1970 838 767 2563 1269 1328 1792 2271 1546 540 2743 1065 1434 761 395 831 2299 5214 
287 1836 1966 1906 1000 1986 826 759 2539 1257 1316 1778 2285 1566 538 2690 1051 1455 764 381 828 2324 5275 
288 1777 2052 1928 941 1962 852 765 2468 1295 1280 1813 2235 1571 548 2695 1040 1503 764 369 844 2309 5154 
289 1782 2082 1864 934 2006 872 778 2501 1336 1321 1824 2172 1662 568 2639 1003 1486 775 379 843 2302 5035 
290 1802 2152 1842 931 2009 917 807 2486 1339 1372 1807 2127 1642 564 2738 1027 1490 782 364 832 2335 4915 
291 1768 2163 1871 947 2009 922 826 2493 1334 1396 1792 2125 1613 598 2764 1100 1475 777 356 806 2361 4859 
292 1779 2145 1897 972 1972 919 855 2445 1330 1416 1762 2092 1586 592 2837 1125 1450 750 364 799 2383 4769 
293 1812 2152 1873 1005 1927 903 868 2427 1329 1460 1742 2132 1596 604 2821 1179 1448 756 367 796 2346 4654 
294 1840 2144 1845 1016 1971 904 881 2530 1305 1447 1747 2146 1633 606 2862 1230 1398 752 377 803 2286 4740 
295 1904 2129 1772 1015 2033 942 875 2610 1287 1471 1709 2177 1655 615 2922 1180 1357 752 369 811 2241 4795 
296 1957 2111 1756 1057 2051 938 845 2663 1297 1420 1697 2242 1644 615 2850 1139 1341 759 395 819 2215 4849 
297 1988 2077 1744 1040 2070 933 846 2732 1311 1376 1711 2276 1711 597 2785 1114 1288 736 440 836 2155 4915 
298 2038 2051 1720 1054 2092 930 857 2658 1295 1370 1700 2356 1729 622 2719 1070 1329 731 433 849 2101 4964 
299 2002 2059 1710 1009 2129 941 860 2568 1327 1347 1691 2433 1812 605 2656 1088 1350 720 426 842 2129 5066 
300 1962 2101 1681 994 2182 941 890 2558 1344 1298 1688 2431 1809 593 2636 1091 1349 712 424 830 2157 5074 
301 1927 2098 1675 978 2158 954 897 2527 1329 1316 1674 2373 1815 589 2710 1083 1377 715 412 831 2186 5162 
302 1902 2073 1698 1000 2128 951 876 2495 1343 1361 1697 2294 1782 583 2761 1076 1422 719 415 798 2216 5218 
303 1901 2053 1670 990 2111 976 848 2487 1308 1408 1666 2309 1748 594 2790 1078 1439 706 417 775 2244 5290 
304 1906 2031 1716 1028 2111 977 813 2547 1344 1448 1673 2233 1731 602 2832 1063 1482 715 432 786 2238 5176 
305 1846 2050 1741 1020 2091 960 798 2624 1350 1428 1660 2203 1646 625 2873 1072 1510 713 419 809 2246 5102 
306 1891 2008 1774 1011 2093 942 784 2706 1340 1361 1706 2224 1600 620 2957 1088 1479 710 422 825 2258 5049 
307 1957 2000 1814 958 2105 991 778 2783 1304 1372 1684 2237 1618 618 2909 1119 1447 724 410 849 2260 4892 
308 1969 2022 1822 946 2083 1016 806 2768 1308 1381 1696 2182 1693 618 2886 1098 1449 715 436 876 2271 4785 
309 2006 1987 1800 978 2084 1006 845 2730 1326 1408 1649 2207 1742 623 2854 1125 1466 735 412 888 2315 4857 
310 1992 1999 1757 991 2064 991 845 2707 1299 1388 1661 2254 1760 630 2775 1141 1463 759 412 896 2342 4960 
311 2044 2006 1740 999 1991 1018 829 2732 1277 1384 1655 2319 1786 644 2757 1160 1489 772 383 849 2393 4968 
312 2085 1975 1761 1041 1942 1045 821 2739 1292 1356 1684 2373 1757 661 2731 1121 1461 767 381 901 2273 5034 
313 2098 1958 1762 1088 1919 1011 811 2693 1274 1364 1683 2407 1694 685 2707 1116 1473 782 375 953 2184 5104 
314 2179 1861 1756 1121 1889 1031 790 2690 1263 1329 1746 2450 1645 710 2619 1135 1423 794 360 945 2167 5174 
315 2152 1866 1776 1104 1949 1006 846 2612 1241 1306 1742 2518 1688 690 2503 1116 1426 807 360 944 2180 5196 
316 2113 1904 1783 1085 2010 987 839 2625 1255 1293 1684 2553 1679 683 2568 1134 1409 795 350 964 2094 5272 
317 2110 1894 1860 1049 2058 978 867 2576 1341 1298 1726 2520 1591 699 2656 1127 1431 762 395 965 2087 5073 
318 2055 1982 1839 1040 2113 978 886 2518 1339 1314 1741 2435 1606 691 2771 1113 1480 762 394 935 2125 4977 
319 1981 2056 1864 1023 2099 991 869 2518 1337 1311 1736 2445 1574 681 2755 1086 1517 747 394 932 2134 4902 
320 1953 2081 1894 1039 2003 995 881 2532 1344 1288 1729 2435 1598 700 2754 1063 1570 749 391 930 2149 4821 
321 1951 2025 1918 1034 1973 1002 887 2532 1349 1327 1736 2424 1618 736 2716 1022 1597 729 392 910 2175 4762 
322 1983 2037 1959 1013 1941 1006 883 2523 1310 1341 1689 2353 1687 751 2690 1035 1577 755 398 894 2184 4680 
323 2016 2022 1980 1027 1936 991 887 2468 1353 1388 1712 2278 1729 741 2675 1065 1549 768 403 878 2223 4747 
324 2052 1979 2001 1004 1932 1006 893 2480 1372 1381 1713 2271 1793 733 2621 1099 1552 780 405 902 2215 4782 
325 2075 2010 1983 985 1914 1020 905 2465 1373 1433 1691 2327 1802 730 2573 1119 1533 801 408 891 2233 4772 
326 2111 2000 1936 993 1982 1000 925 2495 1373 1479 1674 2355 1843 718 2542 1117 1525 829 412 873 2247 4816 
327 2142 2003 1897 970 2058 1025 940 2480 1351 1480 1661 2394 1858 707 2522 1122 1513 829 433 879 2263 4888 
328 2194 1979 1902 953 2082 1020 939 2454 1362 1460 1644 2461 1828 697 2455 1173 1474 839 435 893 2237 4986 
329 2181 1971 1868 926 2158 1027 932 2447 1360 1446 1608 2500 1824 690 2503 1181 1448 847 428 897 2264 5024 
330 2119 1990 1859 944 2122 1022 937 2395 1316 1463 1617 2536 1777 693 2564 1210 1444 849 436 887 2295 5079 
331 2099 2010 1841 973 2078 1021 959 2372 1308 1433 1589 2540 1729 696 2606 1243 1447 855 399 887 2299 5141 
332 2013 2058 1871 992 2052 1034 950 2449 1289 1418 1574 2540 1763 645 2646 1230 1384 884 391 892 2337 5155 
333 1998 2024 1891 989 2030 1005 942 2502 1281 1413 1553 2490 1761 650 2672 1218 1413 854 389 872 2359 5235 
334 2029 2012 1886 1015 2010 995 912 2512 1300 1365 1481 2466 1730 690 2750 1197 1444 822 394 852 2385 5328 
335 2060 1969 1867 1027 1998 1022 890 2614 1249 1337 1561 2413 1754 712 2766 1186 1468 813 397 881 2330 5213 
336 2083 1929 1924 1045 1939 1012 890 2659 1285 1317 1610 2384 1774 730 2837 1145 1494 813 409 911 2274 5143 
337 2140 1942 1952 1047 1960 1048 862 2756 1291 1290 1636 2386 1829 744 2847 1180 1521 828 400 913 2228 4978 
338 2170 1934 1941 1062 1994 1088 833 2734 1313 1298 1694 2330 1851 762 2909 1191 1579 842 402 941 2156 4848 
339 2190 1914 1964 1075 2019 1068 827 2642 1315 1308 1759 2294 1864 762 2908 1228 1590 866 406 984 2076 4752 
340 2235 1894 1991 1124 2015 1045 878 2583 1320 1312 1817 2209 1983 759 2874 1227 1528 889 408 961 2091 4834 
341 2273 1888 1982 1103 2022 1058 849 2540 1293 1315 1820 2310 1893 751 2860 1238 1510 904 419 964 2084 4867 
342 2302 1813 2007 1079 2089 1051 812 2543 1272 1310 1801 2419 1865 760 2813 1275 1492 902 394 954 2094 4941 
343 2326 1891 1948 1058 2117 1044 830 2530 1242 1292 1829 2501 1840 761 2744 1289 1509 888 397 968 2108 5024 
344 2318 1950 1929 1062 2129 1099 842 2513 1246 1288 1787 2584 1845 778 2715 1310 1487 903 413 964 2125 5059 
345 2267 2014 1881 1081 2199 1077 839 2524 1191 1309 1732 2573 1840 755 2774 1303 1470 946 397 931 2173 5117 
346 2168 2146 1855 1053 2236 1057 850 2511 1188 1286 1707 2529 1783 742 2774 1265 1460 946 415 920 2203 5167 
347 2146 2186 1831 1002 2296 1063 879 2441 1158 1290 1677 2533 1863 701 2701 1278 1504 927 393 897 2231 5198 
348 2140 2141 1821 1034 2261 1086 876 2511 1159 1331 1673 2483 1917 684 2650 1300 1512 934 376 869 2257 5299 
349 2132 2172 1763 1057 2242 1122 802 2628 1156 1349 1629 2482 1963 650 2619 1271 1499 962 389 841 2310 5232 
350 2185 2111 1808 1094 2210 1152 788 2649 1151 1358 1639 2464 2008 637 2550 1327 1428 974 381 850 2315 5196 
351 2200 2084 1822 1118 2205 1144 793 2682 1113 1396 1629 2441 2037 643 2533 1294 1425 979 379 846 2331 5126 
352 2208 2083 1812 1114 2200 1152 806 2621 1198 1450 1617 2431 2095 652 2474 1279 1497 967 396 846 2366 5029 
353 2255 2096 1852 1061 2224 1168 773 2575 1233 1439 1622 2376 2135 642 2495 1284 1510 984 403 831 2414 4887 
354 2339 2065 1919 1058 2202 1185 785 2513 1220 1412 1649 2455 2092 677 2462 1230 1573 1007 403 968 2293 4753 
355 2266 2082 1946 1061 2202 1200 800 2462 1220 1364 1660 2524 2045 664 2452 1176 1721 954 446 1006 2198 4690 
356 2259 2066 1952 1057 2189 1203 794 2466 1242 1351 1687 2566 2012 671 2430 1152 1685 948 473 1018 2142 4699 
357 2262 2013 2021 1060 2161 1165 796 2440 1225 1314 1718 2598 1987 671 2377 1151 1699 901 481 991 2170 4781 
358 2251 1970 2056 1104 2061 1171 824 2396 1223 1348 1668 2628 1963 675 2399 1164 1710 868 501 973 2187 4848 
359 2252 1996 1995 1050 2118 1169 832 2384 1173 1314 1707 2692 1894 701 2456 1185 1700 847 517 972 2230 4884 
360 2227 1984 2021 969 2209 1200 816 2373 1145 1345 1676 2626 1952 724 2483 1240 1683 819 505 968 2233 4947 
361 2247 1959 2020 976 2242 1176 799 2384 1094 1350 1683 2615 1992 710 2540 1251 1634 845 537 955 2256 5004 
362 2258 1935 1987 992 2312 1182 795 2399 1059 1346 1685 2622 1990 716 2573 1255 1646 855 528 944 2290 5053 
363 2220 1919 2019 1007 2265 1170 799 2352 1040 1370 1649 2634 1981 736 2568 1313 1591 871 519 941 2316 5136 
364 2209 1944 1975 1077 2228 1166 809 2311 1003 1393 1657 2563 1998 737 2621 1326 1581 892 518 917 2355 5248 
365 2210 1937 2017 1111 2182 1169 814 2309 1023 1331 1696 2509 2010 745 2678 1339 1540 927 533 919 2374 5298 
366 2165 1958 2050 1142 2084 1188 845 2382 1035 1331 1699 2457 2024 730 2707 1337 1530 945 520 925 2411 5124 
367 2175 2008 2047 1173 2078 1163 858 2459 1019 1352 1673 2421 2050 723 2794 1350 1478 959 513 938 2319 4972 
368 2146 2063 2030 1215 2033 1182 907 2508 1053 1335 1687 2379 2088 730 2767 1360 1511 975 517 946 2275 4797 
369 2115 2074 2010 1219 2042 1167 951 2609 1073 1301 1709 2489 2155 699 2623 1332 1481 988 522 941 2251 4660 
370 2128 2089 2003 1203 2022 1184 966 2626 1073 1299 1715 2522 2127 655 2629 1284 1445 979 536 931 2212 4706 
371 2179 2059 2001 1205 2049 1168 954 2613 1111 1306 1656 2596 2110 665 2602 1270 1425 1025 539 944 2164 4761 
372 2207 2043 2020 1176 2065 1178 936 2558 1110 1287 1706 2640 2111 662 2567 1208 1469 1034 531 978 2132 4807 
373 2253 2036 2010 1204 2032 1182 919 2554 1112 1289 1741 2603 2111 666 2558 1225 1493 1080 502 948 2191 4908 
374 2302 2017 1974 1224 1940 1190 905 2507 1083 1241 1884 2490 2084 671 2548 1240 1538 1050 503 934 2223 4966 
375 2380 1957 1949 1222 1965 1220 922 2527 1056 1181 1951 2411 2071 689 2559 1272 1583 1033 493 931 2200 5055 
376 2419 1958 1971 1202 2025 1210 899 2432 1088 1208 1985 2334 2034 698 2533 1296 1612 1017 498 925 2225 5144 
377 2438 1904 2003 1200 2077 1182 897 2424 1089 1250 1947 2377 2025 719 2501 1342 1574 1003 518 883 2269 5193 
378 2359 1931 1995 1184 2140 1150 898 2387 1082 1309 1940 2451 1991 733 2443 1345 1569 984 549 875 2302 5268 
379 2283 1973 1965 1163 2197 1142 924 2393 1083 1357 1886 2494 1955 742 2441 1343 1591 971 559 915 2326 5125 
380 2219 1981 1895 1169 2238 1149 992 2360 1060 1400 1937 2541 1997 758 2388 1306 1607 972 579 927 2343 4935 
381 2194 2017 1892 1158 2219 1154 1004 2374 1060 1358 1945 2603 2043 745 2334 1294 1562 934 622 929 2358 4775 
382 2239 1984 1994 1123 2203 1118 1042 2344 1064 1353 1895 2700 2102 744 2212 1285 1546 912 659 992 2312 4670 
383 2272 1964 2025 1054 2211 1081 1062 2254 1101 1322 1882 2749 2127 761 2247 1270 1588 906 674 992 2324 4746 
384 2303 1952 1973 1074 2219 1118 1041 2325 1093 1288 1891 2690 2160 751 2325 1263 1575 878 698 983 2311 4819 
385 2318 1908 1978 1103 2176 1134 1013 2406 1083 1280 1903 2685 2174 748 2361 1251 1550 910 699 933 2326 4866 
386 2362 1893 1971 1131 2176 1141 1003 2474 1084 1272 1855 2703 2125 766 2434 1202 1564 919 700 913 2372 4935 
387 2406 1889 1976 1172 2155 1112 974 2550 1111 1266 1808 2672 2151 770 2528 1164 1576 929 665 898 2406 4996 
388 2444 1857 1955 1210 2187 1099 969 2533 1126 1264 1749 2679 2192 777 2576 1193 1529 961 667 888 2363 5072 
389 2480 1818 1926 1232 2196 1082 1005 2562 1140 1241 1698 2666 2226 784 2627 1213 1466 984 675 872 2329 5094 
390 2511 1844 1897 1236 2192 1057 1005 2524 1125 1285 1658 2643 2242 782 2707 1227 1454 977 670 918 2231 5136 
391 2477 1920 1902 1260 2113 1071 950 2538 1104 1314 1658 2656 2244 785 2748 1259 1424 966 667 1018 2126 5178 
392 2428 2022 1863 1266 2120 1086 924 2603 1088 1361 1640 2680 2265 800 2804 1254 1370 974 673 1005 2147 5240 
393 2380 1994 1899 1235 2168 1065 881 2573 1103 1390 1635 2720 2280 802 2787 1300 1392 946 657 1018 2160 5312 
394 2301 2033 1943 1248 2117 1063 912 2519 1129 1407 1624 2800 2300 819 2730 1315 1412 927 649 1010 2182 5217 
395 2289 2027 1935 1296 2072 1036 910 2515 1179 1416 1642 2883 2239 826 2689 1313 1409 947 620 1000 2219 5101 
396 2327 2021 1941 1295 2049 1037 908 2442 1207 1389 1674 2980 2124 861 2708 1297 1433 965 607 984 2247 5047 
397 2392 1986 1976 1316 2026 1054 922 2389 1278 1367 1720 3022 2100 850 2669 1331 1430 984 606 979 2258 4889 
398 2423 1955 2028 1261 2000 1067 917 2352 1236 1433 1751 2987 2037 857 2687 1313 1438 1004 603 975 2286 4853 
399 2491 1913 2038 1250 2016 1060 948 2325 1258 1420 1750 2933 2064 809 2668 1274 1459 994 619 942 2294 4788 
400 2551 1886 2028 1212 2129 1062 952 2375 1286 1432 1842 2865 2023 797 2641 1266 1456 1024 609 916 2342 4610 
401 2506 1903 2024 1192 2150 1001 948 2453 1307 1400 1787 2840 1999 793 2667 1241 1425 1042 605 902 2379 4700 
402 2385 1974 1980 1184 2196 1027 923 2503 1308 1405 1785 2781 2046 752 2633 1218 1427 1036 595 931 2376 4771 
403 2357 2021 1941 1157 2303 984 921 2570 1251 1425 1789 2715 2118 749 2632 1217 1380 1057 616 941 2356 4823 
404 2381 1967 1967 1166 2319 967 933 2624 1282 1416 1783 2673 2174 754 2650 1225 1366 1061 599 931 2397 4867 
405 2360 1988 1965 1103 2389 919 904 2612 1353 1407 1753 2664 2219 754 2645 1259 1370 1059 598 926 2422 4924 
406 2297 1993 1932 1125 2432 881 878 2584 1389 1415 1749 2573 2281 764 2630 1277 1356 1083 604 986 2344 4988 
407 2384 1963 1872 1160 2466 857 869 2540 1371 1404 1754 2591 2266 774 2600 1310 1388 1095 586 963 2308 5016 
408 2388 1925 1867 1199 2448 857 877 2495 1424 1375 1728 2668 2220 780 2613 1329 1451 1111 579 1005 2182 5052 
409 2422 1910 1891 1236 2402 872 866 2446 1420 1360 1742 2709 2176 817 2590 1359 1491 1077 564 1028 2107 5096 
410 2471 1873 1915 1249 2367 869 874 2398 1400 1379 1701 2727 2172 826 2525 1405 1502 1076 551 1028 2092 5196 
411 2473 1855 1917 1222 2347 867 853 2418 1394 1346 1690 2726 2161 824 2587 1398 1535 1094 529 1002 2123 5295 
412 2507 1903 1935 1259 2319 902 793 2503 1417 1349 1696 2754 2145 840 2559 1399 1519 1079 543 953 2161 5142 
413 2538 1890 2017 1265 2270 912 830 2565 1374 1371 1702 2821 2144 841 2549 1359 1480 1084 539 932 2190 4999 
414 2567 1878 2012 1272 2219 976 854 2626 1377 1371 1688 2952 2046 845 2569 1333 1461 1081 554 908 2230 4852 
415 2605 1849 2032 1268 2184 972 892 2686 1369 1363 1649 3003 2044 854 2542 1309 1442 1063 563 906 2237 4822 
416 2587 1839 1994 1269 2143 1017 905 2761 1383 1391 1636 2989 2024 896 2472 1287 1451 1037 562 897 2233 4666 
417 2571 1863 2012 1262 2126 1024 896 2711 1378 1401 1564 2994 2012 895 2442 1221 1471 1014 570 899 2263 4699 
418 2574 1821 2042 1255 2108 1035 876 2662 1368 1449 1495 2970 2082 910 2404 1175 1477 991 578 884 2304 4769 
419 2585 1798 2024 1240 2106 1042 879 2655 1370 1426 1560 2871 2187 903 2388 1213 1492 998 533 897 2294 4848 
420 2561 1835 1991 1254 2132 1028 873 2606 1425 1431 1601 2830 2233 921 2415 1234 1516 960 517 935 2304 4867 
421 2518 1870 1963 1215 2120 1074 856 2575 1424 1439 1670 2750 2277 910 2430 1251 1454 969 546 989 2292 4931 
422 2482 1888 2005 1206 2079 1055 863 2512 1446 1365 1725 2706 2329 890 2520 1274 1471 984 525 964 2289 5014 
423 2458 1847 2006 1192 2149 1031 872 2481 1447 1394 1723 2696 2298 885 2560 1282 1426 1008 535 1002 2266 5104 
424 2465 1844 2017 1173 2209 1032 890 2338 1490 1391 1664 2648 2301 856 2649 1315 1453 1017 537 979 2310 5149 
425 2443 1837 2021 1158 2258 1027 889 2380 1476 1386 1650 2710 2238 870 2668 1333 1401 1007 581 982 2305 5253 
426 2391 1905 2010 1128 2338 1028 884 2506 1491 1395 1670 2723 2154 856 2759 1358 1419 1016 593 974 2338 5059 
427 2417 1857 1995 1118 2353 1023 851 2623 1464 1382 1672 2799 2115 884 2711 1363 1440 1024 594 991 2323 4962 
428 2365 1872 1940 1155 2302 1057 826 2700 1448 1373 1650 2839 2106 888 2725 1357 1494 1043 602 979 2339 4873 
429 2388 1808 1971 1201 2209 1074 811 2648 1491 1396 1624 2905 2069 912 2665 1390 1519 1054 618 949 2375 4822 
430 2342 1852 1943 1253 2158 1092 844 2621 1504 1390 1662 2957 2054 960 2627 1386 1532 1068 634 940 2405 4762 
431 2282 1880 1964 1255 2085 1067 886 2602 1542 1389 1664 3041 2074 925 2566 1356 1606 999 646 918 2440 4716 
432 2333 1877 1949 1251 2144 1052 916 2551 1565 1345 1664 2966 2172 842 2559 1339 1596 991 630 953 2370 4778 
433 2391 1879 1988 1232 2194 1028 926 2552 1568 1336 1645 2898 2253 824 2574 1375 1554 955 641 954 2319 4826 
434 2439 1835 1963 1222 2271 995 927 2545 1526 1338 1650 2825 2300 847 2533 1375 1577 971 616 988 2277 4934 
435 2460 1845 1969 1208 2316 982 906 2555 1511 1381 1696 2811 2322 881 2470 1371 1536 1023 599 1043 2192 5025 
436 2485 1863 1938 1206 2346 973 906 2521 1539 1388 1691 2766 2425 852 2460 1374 1471 1051 617 1037 2145 5114 
437 2535 1903 1918 1206 2321 970 911 2494 1563 1385 1663 2750 2393 857 2443 1389 1451 1074 600 1018 2195 5209 
438 2554 1948 1869 1204 2302 975 932 2417 1613 1341 1650 2772 2403 872 2374 1426 1433 1088 584 995 2252 5310 
439 2608 1979 1860 1213 2267 978 927 2470 1604 1340 1695 2729 2352 878 2483 1482 1452 1087 575 973 2286 5172 
440 2526 2060 1884 1233 2172 973 953 2493 1585 1362 1664 2703 2267 895 2556 1485 1456 1095 561 975 2313 5106 
441 2492 2075 1899 1197 2194 966 927 2507 1574 1345 1632 2673 2215 913 2635 1489 1483 1096 579 982 2314 5019 
442 2452 2060 1839 1238 2228 983 909 2515 1555 1352 1617 2665 2170 930 2699 1502 1510 1117 582 947 2345 4899 
443 2438 2054 1846 1191 2286 980 929 2519 1540 1373 1579 2617 2230 928 2704 1501 1577 1058 578 953 2339 4802 
444 2401 2055 1865 1186 2353 959 926 2512 1544 1346 1603 2584 2294 940 2671 1474 1605 1025 566 940 2382 4752 
445 2391 2038 1814 1176 2430 969 949 2521 1570 1357 1632 2587 2375 961 2606 1469 1615 1005 603 959 2396 4666 
446 2401 2002 1866 1155 2377 968 942 2546 1562 1389 1605 2706 2420 966 2503 1440 1558 980 629 919 2411 4745 
447 2389 1943 1893 1133 2358 960 987 2494 1576 1343 1592 2765 2429 967 2473 1411 1547 1001 613 935 2368 4809 
448 2385 1919 1906 1179 2310 957 998 2499 1595 1316 1581 2812 2431 979 2465 1401 1543 1019 627 891 2391 4857 
449 2356 1933 1916 1223 2272 965 986 2467 1568 1315 1593 2901 2439 985 2398 1424 1533 1020 644 927 2313 4937 
450 2308 1983 1932 1265 2261 992 1027 2394 1582 1291 1638 2860 2407 971 2470 1383 1519 1020 667 971 2264 4984 
451 2314 1951 1908 1256 2236 988 1046 2457 1541 1300 1660 2886 2317 952 2502 1366 1504 1053 683 957 2263 5049 
452 2288 1972 1892 1254 2160 1018 1045 2502 1512 1251 1742 2782 2273 955 2618 1387 1472 1059 658 969 2201 5111 
453 2301 1957 1875 1234 2130 1008 1036 2570 1502 1227 1758 2717 2250 943 2696 1374 1487 1086 651 947 2156 5171 
454 2284 1986 1825 1256 2176 1046 1016 2661 1481 1234 1742 2627 2357 890 2776 1382 1473 1112 637 917 2171 5174 
455 2290 1964 1835 1290 2233 1008 1041 2753 1411 1305 1738 2577 2427 898 2782 1327 1469 1136 637 908 2214 5232 
456 2273 1981 1829 1269 2270 963 1053 2720 1408 1346 1702 2626 2469 907 2783 1295 1473 1137 642 882 2221 5294 
457 2255 1987 1851 1257 2313 946 1077 2737 1411 1377 1704 2692 2414 938 2760 1349 1448 1122 638 853 2219 5117 
458 2221 1961 1889 1230 2358 982 1066 2751 1433 1391 1728 2765 2366 942 2664 1402 1438 1093 627 863 2217 4962 
459 2271 1947 1818 1240 2400 973 1073 2762 1483 1352 1744 2884 2309 1000 2583 1462 1397 1097 622 844 2242 4812 
460 2312 1995 1783 1226 2440 960 1029 2781 1504 1329 1724 2950 2267 1017 2563 1402 1441 1084 647 807 2278 4887 
461 2330 1960 1791 1248 2390 972 988 2783 1554 1313 1708 3019 2229 1072 2510 1365 1454 1053 681 844 2250 4930 
462 2390 1903 1816 1235 2353 951 1007 2736 1593 1321 1671 3008 2227 1097 2556 1337 1477 1057 678 838 2288 4976 
463 2416 1930 1790 1270 2311 943 998 2691 1605 1284 1721 3001 2215 1061 2513 1294 1495 1088 670 866 2312 5056 
464 2455 1917 1796 1278 2324 945 972 2677 1632 1212 1752 2981 2210 1032 2483 1339 1501 1122 631 877 2352 5104 
465 2506 1904 1801 1285 2322 913 977 2639 1644 1185 1753 2981 2221 1008 2468 1377 1534 1135 625 888 2358 5168 
466 2542 1878 1774 1316 2272 885 942 2695 1564 1248 1781 2914 2203 1019 2513 1389 1557 1132 618 895 2369 5243 
467 2601 1874 1755 1303 2263 869 932 2653 1538 1255 1784 2913 2214 1008 2495 1408 1554 1157 614 867 2401 5326 
468 2545 1930 1756 1258 2268 863 945 2593 1537 1304 1742 2854 2199 1023 2512 1427 1562 1151 625 880 2377 5424 
469 2501 1980 1715 1251 2353 861 973 2577 1583 1315 1731 2838 2165 1030 2481 1435 1609 1146 639 877 2402 5323 
470 2487 2051 1691 1248 2401 851 992 2539 1601 1381 1717 2868 2082 1025 2470 1429 1612 1177 638 886 2409 5247 
471 2453 2066 1673 1221 2475 849 1018 2552 1572 1382 1721 2806 2196 1005 2471 1460 1675 1092 653 884 2425 5123 
472 2426 2058 1743 1203 2508 846 1024 2542 1544 1369 1720 2789 2239 952 2471 1467 1702 1048 637 900 2343 5033 
473 2401 2066 1696 1186 2542 881 994 2533 1557 1364 1719 2732 2283 949 2424 1501 1696 1056 615 873 2339 4894 
474 2360 2084 1712 1166 2513 930 990 2529 1575 1374 1731 2719 2334 943 2443 1518 1642 1072 629 875 2296 4780 
475 2387 2044 1739 1144 2478 980 951 2507 1568 1363 1752 2653 2361 962 2481 1516 1618 1074 626 937 2166 4737 
476 2438 2027 1743 1208 2455 1004 954 2502 1543 1354 1705 2723 2375 976 2564 1470 1530 1097 668 900 2193 4769 
477 2482 1983 1792 1226 2399 996 959 2447 1542 1345 1691 2713 2398 997 2590 1437 1560 1099 665 905 2229 4866 
478 2558 1972 1775 1280 2370 1003 966 2525 1527 1335 1673 2758 2458 989 2671 1417 1508 1125 665 902 2265 4980 
479 2621 1933 1731 1320 2318 1025 974 2584 1510 1331 1641 2805 2477 1006 2706 1368 1486 1152 702 903 2274 5027 
480 2597 1890 1735 1347 2310 1035 912 2698 1500 1324 1641 2838 2490 1027 2742 1373 1431 1183 706 905 2274 5090 
481 2535 1968 1742 1336 2331 1027 890 2673 1532 1278 1702 2886 2522 1039 2708 1375 1447 1209 702 922 2271 5126 
482 2510 1980 1775 1309 2332 1021 892 2678 1488 1256 1723 2887 2504 1084 2689 1423 1479 1243 699 923 2271 5161 
483 2474 2038 1746 1292 2268 1058 888 2609 1496 1214 1757 2953 2459 1071 2634 1429 1548 1195 723 893 2283 5284 
484 2471 2104 1724 1242 2277 1092 881 2598 1481 1231 1795 3027 2441 1068 2600 1455 1593 1158 745 884 2298 5153 
485 2422 2122 1711 1281 2275 1113 880 2473 1505 1271 1839 3100 2377 1053 2585 1442 1654 1144 741 884 2303 5073 
486 2351 2174 1753 1311 2269 1093 927 2482 1515 1304 1870 3017 2363 1062 2611 1438 1618 1133 762 879 2319 4946 
487 2335 2221 1776 1356 2205 1079 931 2489 1471 1344 1879 2914 2356 1070 2615 1443 1553 1156 763 887 2326 4808 
488 2317 2197 1765 1379 2235 1064 953 2470 1463 1351 1880 2882 2348 1047 2610 1406 1567 1163 775 842 2403 4861 
489 2242 2281 1770 1356 2201 1032 981 2440 1452 1423 1861 2824 2324 1051 2582 1371 1545 1167 802 832 2418 4961 
490 2279 2251 1758 1338 2207 1036 977 2453 1407 1392 1896 2836 2357 1025 2539 1388 1551 1128 799 829 2438 4968 
491 2347 2212 1743 1317 2191 1027 967 2459 1374 1402 1960 2730 2410 1002 2502 1422 1521 1166 771 906 2313 5017 
492 2384 2163 1727 1318 2199 1044 984 2409 1353 1413 2017 2718 2405 999 2487 1398 1540 1187 778 961 2205 5038 
493 2424 2122 1713 1321 2162 1035 971 2508 1324 1415 2028 2662 2403 969 2481 1399 1494 1214 803 951 2180 5131 
494 2461 2085 1758 1294 2220 1044 958 2587 1314 1434 1992 2656 2342 996 2550 1383 1478 1210 792 926 2224 5184 
495 2516 2034 1755 1264 2302 1036 930 2676 1325 1390 2010 2617 2344 1028 2636 1378 1478 1244 786 921 2250 5257 
496 2569 2014 1726 1254 2359 1033 951 2651 1321 1346 2023 2608 2308 1040 2703 1333 1507 1277 755 922 2262 5346 
497 2613 2009 1757 1262 2351 1002 979 2689 1314 1342 2041 2572 2293 1033 2772 1309 1485 1313 714 913 2296 5123 
498 2670 1982 1753 1307 2312 1044 980 2697 1327 1286 2062 2618 2210 1039 2793 1340 1480 1301 710 877 2317 5013 
499 2663 1956 1745 1362 2281 1085 981 2709 1323 1299 2059 2686 2195 1041 2777 1362 1471 1294 702 850 2376 4885 