0 0.000 0.000 0.000 0.000 0.000 0.000 0.000 0.000 0.000 0.000 0.000 0.000 0.000 0.000 0.000 0.000 0.000 0.000 0.000 0.000 0.000 0.736 
1 0.000 0.021 0.000 0.000 0.000 0.000 0.000 0.000 0.000 0.000 0.000 0.000 0.000 0.000 0.000 0.000 0.000 0.000 0.000 0.000 0.000 0.727 
2 0.000 0.020 0.000 0.000 0.000 0.333 0.000 0.000 0.000 0.000 0.000 0.000 0.000 0.000 0.000 0.000 0.000 0.000 0.000 0.000 0.000 0.719 
3 0.000 0.018 0.036 0.000 0.000 0.500 0.000 0.006 0.000 0.000 0.000 0.000 0.000 0.000 0.000 0.000 0.000 0.000 0.000 0.000 0.000 0.722 
4 0.000 0.017 0.033 0.000 0.000 0.750 0.111 0.005 0.014 0.004 0.003 0.000 0.000 0.000 0.000 0.000 0.000 0.000 0.000 0.000 0.000 0.723 
5 0.000 0.030 0.167 0.000 0.000 0.714 0.121 0.005 0.075 0.004 0.003 0.000 0.000 0.000 0.000 0.000 0.000 0.000 0.000 0.000 0.000 0.719 
6 0.000 0.030 0.171 0.000 0.000 0.773 0.302 0.005 0.079 0.008 0.006 0.000 0.000 0.000 0.000 0.000 0.000 0.000 0.000 0.000 0.000 0.716 
7 0.000 0.029 0.250 0.000 0.000 0.696 0.326 0.008 0.084 0.008 0.006 0.000 0.000 0.000 0.000 0.000 0.000 0.000 0.000 0.000 0.000 0.718 
8 0.000 0.029 0.250 0.000 0.000 0.727 0.364 0.008 0.089 0.008 0.056 0.000 0.000 0.000 0.000 0.000 0.000 0.000 0.000 0.000 0.000 0.717 
9 0.000 0.028 0.238 0.000 0.000 0.682 0.356 0.008 0.089 0.004 0.096 0.000 0.000 0.000 0.000 0.000 0.000 0.000 0.000 0.000 0.000 0.717 
10 0.000 0.030 0.279 0.000 0.000 0.762 0.386 0.008 0.089 0.004 0.102 0.000 0.000 0.000 0.000 0.000 0.000 0.000 0.000 0.000 0.000 0.710 
11 0.000 0.029 0.515 0.000 0.000 0.750 0.515 0.010 0.090 0.008 0.103 0.000 0.000 0.000 0.000 0.000 0.000 0.000 0.000 0.000 0.000 0.708 
12 0.000 0.029 0.486 0.000 0.000 0.714 0.500 0.011 0.084 0.007 0.097 0.000 0.000 0.000 0.000 0.000 0.000 0.000 0.000 0.000 0.000 0.707 
13 0.000 0.030 0.521 0.000 0.000 0.696 0.507 0.041 0.168 0.015 0.110 0.000 0.000 0.000 0.000 0.000 0.000 0.000 0.000 0.000 0.000 0.714 
14 0.000 0.050 0.632 0.000 0.000 0.771 0.369 0.039 0.243 0.048 0.158 0.000 0.000 0.000 0.000 0.000 0.000 0.000 0.000 0.000 0.000 0.711 
15 0.000 0.082 0.586 0.000 0.000 0.694 0.352 0.095 0.284 0.049 0.208 0.000 0.000 0.000 0.000 0.000 0.000 0.000 0.000 0.000 0.000 0.715 
16 0.000 0.083 0.603 0.000 0.000 0.694 0.364 0.100 0.315 0.111 0.225 0.000 0.000 0.000 0.000 0.000 0.000 0.000 0.000 0.000 0.000 0.709 
17 0.000 0.105 0.490 0.000 0.000 0.714 0.364 0.102 0.323 0.109 0.224 0.000 0.000 0.000 0.000 0.000 0.000 0.000 0.000 0.000 0.000 0.705 
18 0.000 0.139 0.459 0.000 0.040 0.697 0.357 0.097 0.309 0.154 0.223 0.000 0.000 0.000 0.000 0.000 0.000 0.000 0.000 0.000 0.000 0.698 
19 0.000 0.141 0.482 0.000 0.040 0.719 0.365 0.098 0.302 0.153 0.215 0.000 0.000 0.000 0.000 0.000 0.000 0.000 0.000 0.000 0.000 0.696 
20 0.004 0.139 0.476 0.000 0.039 0.719 0.390 0.104 0.298 0.146 0.224 0.000 0.000 0.000 0.000 0.000 0.000 0.000 0.000 0.000 0.000 0.692 
21 0.004 0.137 0.466 0.000 0.038 0.727 0.317 0.121 0.325 0.138 0.213 0.000 0.000 0.000 0.000 0.000 0.000 0.000 0.000 0.000 0.000 0.693 
22 0.003 0.134 0.489 0.000 0.033 0.774 0.292 0.120 0.304 0.135 0.223 0.000 0.000 0.000 0.000 0.000 0.000 0.000 0.000 0.000 0.000 0.697 
23 0.004 0.130 0.490 0.000 0.037 0.768 0.302 0.114 0.303 0.132 0.214 0.000 0.000 0.000 0.000 0.000 0.000 0.000 0.000 0.000 0.000 0.701 
24 0.004 0.131 0.520 0.000 0.033 0.772 0.294 0.114 0.300 0.129 0.216 0.000 0.000 0.000 0.038 0.000 0.000 0.000 0.000 0.000 0.000 0.702 
25 0.004 0.135 0.480 0.000 0.032 0.764 0.311 0.111 0.289 0.131 0.211 0.000 0.000 0.000 0.050 0.000 0.000 0.000 0.000 0.000 0.000 0.709 
26 0.004 0.133 0.490 0.000 0.031 0.774 0.321 0.112 0.280 0.143 0.208 0.000 0.000 0.000 0.046 0.000 0.000 0.000 0.000 0.000 0.000 0.702 
27 0.004 0.131 0.508 0.000 0.031 0.792 0.343 0.146 0.269 0.237 0.238 0.000 0.000 0.000 0.033 0.000 0.000 0.000 0.000 0.000 0.000 0.707 
28 0.004 0.133 0.513 0.000 0.031 0.769 0.348 0.139 0.340 0.256 0.250 0.000 0.000 0.000 0.032 0.000 0.000 0.000 0.000 0.000 0.000 0.706 
29 0.004 0.135 0.515 0.000 0.036 0.770 0.359 0.140 0.371 0.277 0.305 0.000 0.000 0.000 0.040 0.000 0.000 0.000 0.000 0.000 0.000 0.705 
30 0.004 0.134 0.515 0.000 0.037 0.797 0.366 0.175 0.359 0.267 0.300 0.000 0.000 0.000 0.039 0.000 0.000 0.000 0.000 0.000 0.000 0.703 
31 0.004 0.135 0.495 0.000 0.037 0.800 0.372 0.210 0.345 0.285 0.292 0.000 0.000 0.000 0.047 0.000 0.000 0.000 0.000 0.000 0.000 0.708 
32 0.004 0.137 0.482 0.000 0.042 0.810 0.368 0.211 0.346 0.284 0.292 0.000 0.000 0.000 0.055 0.000 0.000 0.000 0.000 0.000 0.000 0.704 
33 0.004 0.137 0.484 0.000 0.047 0.776 0.385 0.192 0.342 0.288 0.303 0.000 0.000 0.000 0.058 0.000 0.033 0.000 0.000 0.000 0.000 0.700 
34 0.004 0.137 0.479 0.000 0.047 0.776 0.397 0.193 0.337 0.281 0.299 0.000 0.000 0.000 0.065 0.000 0.035 0.000 0.000 0.000 0.000 0.700 
35 0.007 0.135 0.495 0.000 0.047 0.797 0.414 0.193 0.332 0.277 0.301 0.000 0.000 0.000 0.062 0.000 0.035 0.000 0.000 0.000 0.000 0.697 
36 0.007 0.130 0.487 0.000 0.046 0.807 0.403 0.214 0.332 0.291 0.289 0.000 0.000 0.000 0.070 0.000 0.032 0.000 0.000 0.000 0.000 0.696 
37 0.007 0.127 0.495 0.000 0.045 0.780 0.404 0.211 0.325 0.282 0.293 0.000 0.000 0.000 0.076 0.000 0.035 0.000 0.000 0.000 0.000 0.698 
38 0.027 0.125 0.482 0.000 0.044 0.763 0.393 0.216 0.319 0.279 0.282 0.000 0.000 0.000 0.098 0.000 0.032 0.000 0.000 0.000 0.000 0.699 
39 0.027 0.128 0.470 0.000 0.038 0.705 0.393 0.219 0.325 0.285 0.276 0.000 0.000 0.000 0.096 0.000 0.031 0.000 0.000 0.000 0.000 0.692 
40 0.026 0.138 0.473 0.000 0.039 0.694 0.426 0.241 0.374 0.286 0.306 0.000 0.000 0.000 0.105 0.000 0.031 0.000 0.000 0.000 0.000 0.693 
41 0.026 0.137 0.500 0.000 0.040 0.677 0.420 0.233 0.371 0.310 0.320 0.000 0.000 0.000 0.105 0.000 0.026 0.000 0.000 0.000 0.000 0.698 
42 0.023 0.134 0.503 0.000 0.045 0.703 0.477 0.231 0.385 0.311 0.316 0.000 0.000 0.000 0.094 0.000 0.026 0.000 0.000 0.000 0.000 0.695 
43 0.024 0.139 0.500 0.000 0.045 0.685 0.490 0.236 0.391 0.352 0.309 0.000 0.000 0.000 0.101 0.000 0.025 0.000 0.000 0.000 0.000 0.698 
44 0.021 0.137 0.499 0.000 0.048 0.724 0.531 0.249 0.426 0.351 0.313 0.000 0.000 0.000 0.102 0.000 0.022 0.000 0.000 0.000 0.000 0.699 
45 0.020 0.133 0.503 0.000 0.049 0.723 0.502 0.251 0.416 0.355 0.299 0.000 0.000 0.000 0.095 0.000 0.022 0.000 0.000 0.000 0.000 0.706 
46 0.020 0.136 0.493 0.000 0.043 0.750 0.478 0.249 0.413 0.347 0.301 0.000 0.000 0.000 0.091 0.000 0.022 0.000 0.000 0.000 0.000 0.705 
47 0.017 0.130 0.501 0.000 0.044 0.724 0.489 0.258 0.401 0.338 0.315 0.000 0.000 0.000 0.099 0.000 0.027 0.000 0.000 0.000 0.000 0.707 
48 0.017 0.146 0.487 0.000 0.045 0.722 0.489 0.287 0.398 0.333 0.319 0.000 0.000 0.000 0.106 0.000 0.029 0.000 0.000 0.000 0.000 0.700 
49 0.017 0.148 0.478 0.000 0.044 0.764 0.466 0.285 0.400 0.326 0.322 0.000 0.000 0.000 0.099 0.000 0.029 0.000 0.000 0.000 0.000 0.700 
50 0.017 0.151 0.468 0.000 0.043 0.784 0.497 0.284 0.400 0.333 0.330 0.000 0.000 0.000 0.103 0.000 0.029 0.000 0.000 0.000 0.000 0.702 
51 0.010 0.151 0.465 0.000 0.043 0.714 0.492 0.280 0.399 0.329 0.327 0.000 0.001 0.000 0.113 0.000 0.025 0.000 0.000 0.000 0.000 0.700 
52 0.010 0.146 0.471 0.011 0.039 0.692 0.498 0.271 0.409 0.331 0.327 0.000 0.001 0.000 0.115 0.000 0.026 0.000 0.000 0.000 0.000 0.693 
53 0.010 0.147 0.451 0.011 0.037 0.651 0.489 0.273 0.401 0.330 0.335 0.000 0.001 0.000 0.127 0.000 0.023 0.000 0.000 0.000 0.000 0.696 
54 0.010 0.146 0.465 0.011 0.038 0.673 0.506 0.299 0.450 0.332 0.347 0.000 0.001 0.000 0.124 0.000 0.023 0.000 0.000 0.000 0.000 0.694 
55 0.009 0.173 0.505 0.011 0.033 0.678 0.513 0.305 0.437 0.349 0.351 0.000 0.001 0.000 0.210 0.000 0.022 0.000 0.000 0.000 0.000 0.702 
56 0.009 0.173 0.522 0.011 0.038 0.673 0.525 0.318 0.432 0.358 0.355 0.000 0.001 0.000 0.204 0.000 0.022 0.000 0.000 0.000 0.000 0.712 
57 0.009 0.172 0.529 0.011 0.037 0.656 0.508 0.314 0.428 0.348 0.348 0.000 0.002 0.000 0.201 0.000 0.021 0.000 0.000 0.000 0.000 0.708 
58 0.012 0.170 0.521 0.010 0.037 0.665 0.504 0.317 0.423 0.346 0.353 0.006 0.002 0.000 0.201 0.000 0.021 0.000 0.000 0.000 0.000 0.703 
59 0.012 0.170 0.506 0.010 0.041 0.634 0.520 0.315 0.434 0.340 0.351 0.006 0.002 0.000 0.191 0.000 0.023 0.000 0.000 0.000 0.000 0.702 
60 0.012 0.165 0.507 0.010 0.041 0.648 0.513 0.312 0.448 0.350 0.340 0.006 0.002 0.000 0.185 0.000 0.025 0.000 0.000 0.000 0.000 0.697 
61 0.012 0.165 0.514 0.019 0.042 0.661 0.529 0.303 0.469 0.345 0.333 0.006 0.002 0.000 0.227 0.000 0.024 0.000 0.000 0.000 0.000 0.701 
62 0.012 0.161 0.513 0.019 0.042 0.657 0.532 0.312 0.463 0.339 0.336 0.006 0.002 0.000 0.236 0.000 0.026 0.000 0.000 0.000 0.000 0.700 
63 0.009 0.163 0.510 0.019 0.037 0.659 0.515 0.310 0.452 0.348 0.336 0.004 0.002 0.000 0.230 0.000 0.028 0.000 0.000 0.000 0.000 0.700 
64 0.009 0.166 0.519 0.019 0.036 0.698 0.529 0.305 0.445 0.358 0.336 0.004 0.002 0.000 0.229 0.000 0.030 0.000 0.000 0.000 0.000 0.705 
65 0.008 0.169 0.509 0.018 0.037 0.712 0.544 0.298 0.439 0.351 0.337 0.004 0.002 0.000 0.246 0.000 0.027 0.000 0.000 0.000 0.000 0.704 
66 0.008 0.170 0.513 0.018 0.037 0.728 0.552 0.304 0.441 0.357 0.334 0.004 0.002 0.000 0.242 0.000 0.026 0.000 0.000 0.000 0.000 0.706 
67 0.018 0.170 0.521 0.018 0.031 0.738 0.553 0.311 0.445 0.355 0.346 0.002 0.002 0.000 0.225 0.000 0.024 0.000 0.000 0.000 0.000 0.707 
68 0.018 0.176 0.527 0.018 0.030 0.746 0.530 0.319 0.471 0.357 0.347 0.002 0.002 0.000 0.212 0.000 0.024 0.000 0.000 0.000 0.000 0.707 
69 0.022 0.178 0.531 0.019 0.029 0.755 0.532 0.322 0.491 0.371 0.339 0.022 0.002 0.000 0.244 0.000 0.022 0.000 0.000 0.000 0.000 0.707 
70 0.020 0.188 0.521 0.019 0.029 0.756 0.536 0.330 0.495 0.379 0.343 0.020 0.002 0.000 0.250 0.000 0.023 0.000 0.000 0.000 0.000 0.705 
71 0.020 0.197 0.510 0.018 0.029 0.758 0.535 0.326 0.490 0.391 0.359 0.021 0.002 0.000 0.257 0.000 0.019 0.000 0.000 0.000 0.000 0.707 
72 0.019 0.202 0.510 0.019 0.029 0.753 0.523 0.315 0.474 0.398 0.351 0.021 0.002 0.000 0.239 0.000 0.019 0.000 0.000 0.000 0.000 0.705 
73 0.019 0.198 0.504 0.009 0.029 0.741 0.522 0.306 0.481 0.396 0.355 0.038 0.004 0.000 0.241 0.000 0.023 0.000 0.000 0.000 0.000 0.702 
74 0.021 0.198 0.511 0.009 0.023 0.727 0.505 0.311 0.483 0.387 0.356 0.038 0.004 0.000 0.231 0.000 0.023 0.000 0.000 0.000 0.000 0.706 
75 0.022 0.197 0.513 0.008 0.023 0.704 0.510 0.308 0.469 0.405 0.353 0.038 0.004 0.000 0.242 0.000 0.025 0.000 0.000 0.000 0.000 0.698 
76 0.026 0.199 0.517 0.009 0.018 0.700 0.493 0.314 0.475 0.403 0.347 0.038 0.004 0.000 0.250 0.000 0.020 0.000 0.000 0.000 0.000 0.698 
77 0.023 0.194 0.510 0.008 0.017 0.697 0.481 0.319 0.463 0.396 0.353 0.038 0.002 0.000 0.246 0.000 0.020 0.000 0.000 0.000 0.000 0.695 
78 0.021 0.197 0.515 0.008 0.017 0.692 0.479 0.314 0.467 0.392 0.352 0.038 0.002 0.000 0.246 0.000 0.021 0.000 0.000 0.000 0.000 0.691 
79 0.015 0.212 0.513 0.008 0.017 0.731 0.489 0.322 0.463 0.399 0.353 0.038 0.004 0.000 0.258 0.000 0.021 0.000 0.000 0.000 0.000 0.692 
80 0.015 0.209 0.519 0.009 0.018 0.722 0.483 0.332 0.445 0.409 0.351 0.039 0.003 0.000 0.264 0.000 0.021 0.000 0.000 0.000 0.000 0.692 
81 0.015 0.222 0.535 0.008 0.017 0.737 0.477 0.337 0.453 0.396 0.359 0.042 0.003 0.000 0.271 0.000 0.024 0.000 0.000 0.000 0.000 0.695 
82 0.013 0.226 0.552 0.008 0.017 0.715 0.496 0.337 0.472 0.395 0.350 0.041 0.003 0.000 0.272 0.000 0.028 0.000 0.000 0.000 0.000 0.699 
83 0.011 0.213 0.548 0.007 0.018 0.705 0.505 0.341 0.483 0.397 0.349 0.049 0.005 0.000 0.281 0.000 0.028 0.000 0.000 0.000 0.000 0.702 
84 0.008 0.210 0.542 0.007 0.022 0.676 0.503 0.344 0.475 0.393 0.350 0.060 0.004 0.000 0.295 0.000 0.028 0.000 0.000 0.000 0.000 0.701 
85 0.010 0.210 0.532 0.007 0.023 0.672 0.505 0.341 0.469 0.391 0.348 0.056 0.004 0.000 0.306 0.000 0.026 0.000 0.000 0.000 0.000 0.700 
86 0.027 0.202 0.532 0.007 0.028 0.667 0.490 0.344 0.457 0.392 0.348 0.063 0.004 0.000 0.321 0.000 0.027 0.000 0.000 0.000 0.000 0.698 
87 0.032 0.200 0.532 0.007 0.031 0.681 0.483 0.344 0.455 0.393 0.343 0.062 0.004 0.000 0.322 0.000 0.025 0.000 0.000 0.000 0.000 0.694 
88 0.032 0.196 0.523 0.000 0.031 0.670 0.484 0.342 0.463 0.386 0.344 0.065 0.004 0.000 0.329 0.000 0.023 0.000 0.000 0.000 0.000 0.699 
89 0.031 0.196 0.505 0.000 0.031 0.678 0.474 0.344 0.457 0.397 0.341 0.066 0.005 0.000 0.308 0.000 0.024 0.000 0.000 0.000 0.000 0.698 
90 0.034 0.196 0.493 0.000 0.031 0.691 0.465 0.346 0.447 0.406 0.347 0.065 0.005 0.000 0.310 0.000 0.021 0.000 0.000 0.000 0.000 0.698 
91 0.041 0.209 0.481 0.000 0.026 0.707 0.471 0.338 0.461 0.421 0.345 0.069 0.006 0.000 0.310 0.000 0.024 0.000 0.000 0.000 0.000 0.695 
92 0.040 0.230 0.475 0.000 0.025 0.716 0.460 0.332 0.449 0.427 0.352 0.065 0.006 0.000 0.307 0.000 0.025 0.000 0.000 0.000 0.000 0.697 
93 0.040 0.236 0.489 0.000 0.026 0.717 0.460 0.348 0.450 0.426 0.357 0.067 0.006 0.000 0.296 0.000 0.026 0.000 0.000 0.000 0.000 0.701 
94 0.045 0.236 0.500 0.000 0.020 0.720 0.462 0.357 0.456 0.427 0.360 0.078 0.006 0.000 0.297 0.000 0.027 0.000 0.000 0.000 0.000 0.699 
95 0.042 0.238 0.494 0.000 0.021 0.701 0.473 0.365 0.473 0.431 0.360 0.078 0.006 0.000 0.296 0.000 0.028 0.000 0.000 0.000 0.000 0.698 
96 0.041 0.252 0.511 0.000 0.020 0.698 0.465 0.364 0.478 0.429 0.362 0.079 0.006 0.000 0.293 0.000 0.027 0.000 0.000 0.000 0.000 0.694 
97 0.044 0.255 0.523 0.000 0.020 0.698 0.470 0.362 0.472 0.428 0.368 0.082 0.006 0.000 0.275 0.000 0.026 0.000 0.000 0.000 0.000 0.693 
98 0.044 0.254 0.522 0.000 0.025 0.690 0.465 0.361 0.474 0.419 0.368 0.088 0.006 0.000 0.281 0.000 0.026 0.000 0.000 0.000 0.000 0.693 
99 0.046 0.252 0.524 0.000 0.025 0.687 0.451 0.368 0.446 0.408 0.365 0.089 0.006 0.000 0.270 0.000 0.030 0.000 0.000 0.000 0.000 0.693 
100 0.058 0.247 0.523 0.000 0.026 0.680 0.474 0.364 0.452 0.399 0.369 0.085 0.006 0.000 0.266 0.000 0.036 0.000 0.000 0.000 0.000 0.691 
101 0.054 0.250 0.514 0.000 0.025 0.680 0.464 0.361 0.447 0.404 0.379 0.089 0.007 0.000 0.277 0.000 0.037 0.000 0.000 0.000 0.000 0.693 
102 0.048 0.252 0.506 0.000 0.025 0.679 0.470 0.359 0.454 0.382 0.381 0.088 0.007 0.000 0.274 0.000 0.039 0.000 0.000 0.000 0.000 0.692 
103 0.046 0.259 0.503 0.000 0.025 0.692 0.466 0.367 0.448 0.386 0.385 0.088 0.007 0.000 0.272 0.000 0.034 0.000 0.000 0.000 0.000 0.696 
104 0.049 0.255 0.501 0.000 0.025 0.682 0.452 0.375 0.443 0.395 0.375 0.089 0.007 0.000 0.266 0.000 0.035 0.000 0.000 0.000 0.000 0.699 
105 0.055 0.252 0.507 0.000 0.025 0.677 0.433 0.379 0.433 0.401 0.379 0.088 0.005 0.000 0.268 0.000 0.041 0.000 0.000 0.000 0.000 0.701 
106 0.057 0.245 0.507 0.000 0.030 0.676 0.418 0.370 0.437 0.405 0.381 0.091 0.005 0.000 0.273 0.000 0.042 0.000 0.000 0.000 0.000 0.699 
107 0.055 0.239 0.520 0.000 0.025 0.664 0.419 0.372 0.437 0.408 0.379 0.106 0.005 0.000 0.272 0.000 0.040 0.000 0.000 0.000 0.000 0.697 
108 0.065 0.230 0.510 0.000 0.026 0.669 0.419 0.376 0.457 0.410 0.370 0.106 0.005 0.000 0.285 0.000 0.036 0.000 0.000 0.000 0.000 0.692 
109 0.066 0.239 0.523 0.000 0.025 0.664 0.413 0.371 0.474 0.433 0.369 0.107 0.005 0.000 0.292 0.000 0.035 0.000 0.000 0.000 0.000 0.690 
110 0.067 0.227 0.514 0.000 0.029 0.658 0.406 0.372 0.478 0.449 0.370 0.108 0.005 0.000 0.279 0.000 0.038 0.000 0.000 0.000 0.000 0.689 
111 0.069 0.227 0.522 0.000 0.029 0.669 0.412 0.362 0.477 0.463 0.378 0.105 0.008 0.000 0.282 0.000 0.035 0.000 0.000 0.000 0.000 0.692 
112 0.075 0.230 0.513 0.000 0.029 0.666 0.424 0.369 0.488 0.443 0.392 0.121 0.008 0.000 0.284 0.000 0.038 0.000 0.000 0.000 0.000 0.697 
113 0.080 0.229 0.509 0.000 0.027 0.675 0.434 0.375 0.489 0.449 0.387 0.120 0.008 0.000 0.277 0.000 0.040 0.000 0.000 0.000 0.000 0.693 
114 0.075 0.228 0.492 0.000 0.028 0.692 0.455 0.374 0.492 0.444 0.384 0.123 0.009 0.000 0.271 0.000 0.041 0.000 0.000 0.000 0.000 0.694 
115 0.073 0.233 0.497 0.000 0.028 0.686 0.455 0.374 0.486 0.439 0.386 0.122 0.010 0.000 0.265 0.000 0.040 0.000 0.000 0.000 0.000 0.693 
116 0.071 0.241 0.501 0.000 0.033 0.677 0.453 0.383 0.479 0.441 0.384 0.123 0.011 0.000 0.267 0.000 0.038 0.000 0.000 0.000 0.000 0.688 
117 0.077 0.239 0.508 0.000 0.028 0.682 0.438 0.389 0.487 0.445 0.387 0.118 0.012 0.000 0.280 0.000 0.035 0.000 0.000 0.000 0.000 0.684 
118 0.073 0.245 0.506 0.000 0.078 0.676 0.436 0.388 0.488 0.451 0.379 0.118 0.013 0.000 0.277 0.000 0.035 0.000 0.000 0.000 0.000 0.684 
119 0.079 0.239 0.504 0.040 0.151 0.672 0.434 0.397 0.489 0.460 0.375 0.125 0.012 0.000 0.274 0.000 0.035 0.000 0.000 0.000 0.000 0.687 
120 0.081 0.236 0.513 0.039 0.156 0.670 0.432 0.407 0.474 0.463 0.376 0.125 0.012 0.000 0.286 0.000 0.032 0.000 0.000 0.000 0.000 0.692 
121 0.077 0.242 0.511 0.044 0.147 0.674 0.433 0.403 0.468 0.458 0.382 0.127 0.012 0.000 0.296 0.000 0.033 0.000 0.000 0.000 0.000 0.695 
122 0.075 0.237 0.505 0.047 0.168 0.689 0.434 0.407 0.466 0.470 0.374 0.123 0.010 0.000 0.314 0.000 0.034 0.000 0.000 0.000 0.000 0.697 
123 0.078 0.233 0.499 0.047 0.182 0.700 0.429 0.401 0.465 0.468 0.384 0.126 0.010 0.000 0.315 0.000 0.031 0.000 0.000 0.000 0.000 0.698 
124 0.081 0.235 0.499 0.042 0.195 0.692 0.425 0.395 0.467 0.459 0.374 0.130 0.010 0.000 0.313 0.000 0.040 0.000 0.000 0.000 0.000 0.703 
125 0.083 0.230 0.513 0.035 0.208 0.681 0.435 0.402 0.463 0.462 0.374 0.133 0.009 0.000 0.305 0.000 0.040 0.000 0.000 0.000 0.000 0.707 
126 0.094 0.235 0.512 0.036 0.202 0.685 0.421 0.404 0.470 0.469 0.376 0.129 0.016 0.000 0.303 0.000 0.046 0.000 0.000 0.000 0.000 0.707 
127 0.095 0.235 0.495 0.023 0.239 0.680 0.443 0.408 0.476 0.467 0.376 0.130 0.016 0.000 0.301 0.000 0.047 0.000 0.000 0.000 0.000 0.705 
128 0.093 0.241 0.481 0.017 0.236 0.685 0.445 0.411 0.474 0.457 0.369 0.124 0.016 0.000 0.301 0.000 0.046 0.000 0.000 0.000 0.000 0.702 
129 0.094 0.251 0.482 0.016 0.268 0.677 0.442 0.407 0.480 0.455 0.369 0.122 0.016 0.000 0.301 0.000 0.046 0.000 0.000 0.000 0.000 0.699 
130 0.090 0.257 0.496 0.016 0.263 0.676 0.459 0.408 0.483 0.465 0.375 0.115 0.015 0.002 0.296 0.000 0.047 0.000 0.000 0.000 0.000 0.699 
131 0.089 0.273 0.498 0.016 0.263 0.652 0.462 0.416 0.484 0.459 0.377 0.117 0.015 0.002 0.292 0.000 0.047 0.000 0.000 0.000 0.000 0.704 
132 0.086 0.288 0.499 0.015 0.265 0.659 0.462 0.421 0.485 0.463 0.391 0.114 0.015 0.002 0.291 0.000 0.045 0.000 0.000 0.000 0.000 0.702 
133 0.089 0.283 0.504 0.015 0.254 0.655 0.473 0.417 0.487 0.454 0.384 0.115 0.015 0.002 0.296 0.000 0.064 0.000 0.000 0.000 0.000 0.701 
134 0.088 0.287 0.513 0.015 0.243 0.656 0.460 0.419 0.498 0.459 0.382 0.112 0.014 0.002 0.299 0.000 0.058 0.000 0.000 0.000 0.000 0.704 
135 0.092 0.291 0.520 0.016 0.240 0.655 0.465 0.426 0.511 0.457 0.374 0.111 0.014 0.002 0.300 0.000 0.076 0.000 0.000 0.000 0.000 0.701 
136 0.094 0.292 0.524 0.015 0.241 0.649 0.463 0.435 0.500 0.447 0.367 0.107 0.014 0.002 0.302 0.000 0.073 0.000 0.000 0.000 0.000 0.695 
137 0.093 0.297 0.512 0.015 0.261 0.637 0.468 0.430 0.504 0.446 0.363 0.107 0.014 0.002 0.301 0.000 0.119 0.000 0.000 0.000 0.000 0.695 
138 0.093 0.295 0.508 0.015 0.272 0.633 0.470 0.432 0.498 0.461 0.362 0.102 0.015 0.002 0.306 0.000 0.114 0.000 0.000 0.000 0.000 0.692 
139 0.092 0.298 0.505 0.057 0.277 0.639 0.467 0.432 0.489 0.452 0.367 0.105 0.014 0.002 0.303 0.000 0.121 0.000 0.000 0.000 0.000 0.692 
140 0.096 0.302 0.509 0.053 0.271 0.649 0.456 0.429 0.478 0.462 0.367 0.104 0.017 0.002 0.302 0.000 0.120 0.000 0.000 0.000 0.000 0.693 
141 0.108 0.298 0.518 0.047 0.274 0.640 0.476 0.432 0.471 0.464 0.371 0.102 0.017 0.002 0.302 0.000 0.120 0.000 0.000 0.000 0.000 0.689 
142 0.112 0.295 0.516 0.053 0.279 0.643 0.463 0.430 0.467 0.476 0.375 0.102 0.015 0.002 0.299 0.000 0.126 0.000 0.000 0.000 0.000 0.693 
143 0.108 0.302 0.517 0.051 0.275 0.664 0.492 0.429 0.469 0.488 0.384 0.103 0.016 0.002 0.297 0.000 0.130 0.000 0.000 0.000 0.000 0.696 
144 0.109 0.307 0.521 0.051 0.301 0.670 0.470 0.436 0.478 0.480 0.384 0.111 0.016 0.002 0.290 0.000 0.129 0.000 0.000 0.000 0.000 0.698 
145 0.104 0.312 0.522 0.100 0.301 0.675 0.482 0.437 0.483 0.490 0.388 0.115 0.015 0.002 0.289 0.000 0.129 0.002 0.000 0.000 0.000 0.695 
146 0.103 0.316 0.522 0.094 0.305 0.651 0.485 0.440 0.474 0.494 0.398 0.115 0.016 0.002 0.287 0.000 0.129 0.002 0.000 0.000 0.000 0.699 
147 0.102 0.307 0.522 0.143 0.308 0.654 0.490 0.443 0.478 0.489 0.399 0.117 0.015 0.002 0.288 0.000 0.133 0.002 0.000 0.000 0.000 0.702 
148 0.107 0.306 0.526 0.135 0.299 0.660 0.480 0.438 0.481 0.482 0.395 0.113 0.012 0.002 0.287 0.000 0.132 0.002 0.004 0.000 0.000 0.696 
149 0.101 0.303 0.523 0.138 0.294 0.662 0.482 0.431 0.488 0.484 0.397 0.118 0.011 0.002 0.287 0.000 0.129 0.002 0.004 0.000 0.000 0.693 
150 0.102 0.301 0.517 0.137 0.291 0.648 0.470 0.443 0.482 0.483 0.392 0.115 0.010 0.002 0.284 0.000 0.129 0.002 0.004 0.000 0.000 0.688 
151 0.114 0.304 0.500 0.132 0.301 0.654 0.472 0.444 0.480 0.475 0.394 0.115 0.010 0.002 0.288 0.000 0.127 0.002 0.004 0.000 0.000 0.687 
152 0.120 0.307 0.498 0.148 0.304 0.677 0.463 0.450 0.480 0.487 0.396 0.113 0.010 0.002 0.286 0.000 0.129 0.002 0.004 0.000 0.000 0.683 
153 0.125 0.302 0.497 0.166 0.319 0.670 0.461 0.451 0.478 0.482 0.393 0.111 0.010 0.002 0.283 0.000 0.130 0.002 0.004 0.000 0.000 0.680 
154 0.130 0.303 0.497 0.178 0.310 0.667 0.453 0.451 0.471 0.472 0.403 0.111 0.008 0.002 0.283 0.000 0.129 0.002 0.004 0.000 0.000 0.680 
155 0.131 0.307 0.504 0.172 0.310 0.653 0.466 0.462 0.487 0.468 0.399 0.119 0.008 0.002 0.285 0.000 0.132 0.002 0.005 0.000 0.000 0.680 
156 0.130 0.314 0.510 0.173 0.310 0.641 0.484 0.455 0.484 0.473 0.410 0.119 0.008 0.002 0.288 0.002 0.148 0.002 0.004 0.000 0.000 0.683 
157 0.130 0.320 0.504 0.177 0.310 0.640 0.472 0.461 0.490 0.479 0.406 0.117 0.011 0.002 0.294 0.002 0.150 0.002 0.004 0.000 0.000 0.694 
158 0.129 0.316 0.507 0.178 0.306 0.641 0.481 0.459 0.485 0.477 0.398 0.118 0.010 0.002 0.292 0.002 0.145 0.002 0.004 0.000 0.000 0.698 
159 0.126 0.314 0.514 0.204 0.309 0.652 0.501 0.452 0.495 0.484 0.391 0.116 0.010 0.002 0.284 0.001 0.135 0.002 0.020 0.000 0.000 0.699 
160 0.123 0.306 0.510 0.205 0.313 0.658 0.506 0.453 0.500 0.489 0.397 0.116 0.012 0.002 0.287 0.002 0.139 0.002 0.020 0.000 0.000 0.697 
161 0.126 0.314 0.511 0.208 0.316 0.652 0.503 0.456 0.504 0.488 0.407 0.111 0.011 0.002 0.296 0.002 0.154 0.002 0.025 0.000 0.000 0.696 
162 0.136 0.308 0.515 0.206 0.327 0.647 0.498 0.460 0.500 0.486 0.406 0.117 0.011 0.002 0.301 0.002 0.155 0.002 0.028 0.000 0.000 0.700 
163 0.139 0.311 0.511 0.204 0.342 0.653 0.503 0.451 0.500 0.482 0.407 0.122 0.011 0.002 0.301 0.002 0.158 0.002 0.028 0.000 0.000 0.699 
164 0.138 0.311 0.521 0.198 0.346 0.644 0.488 0.444 0.500 0.491 0.412 0.123 0.012 0.002 0.302 0.002 0.167 0.007 0.028 0.000 0.000 0.698 
165 0.136 0.312 0.526 0.194 0.339 0.639 0.496 0.441 0.502 0.488 0.405 0.120 0.012 0.002 0.303 0.002 0.161 0.008 0.028 0.000 0.000 0.700 
166 0.133 0.314 0.515 0.191 0.344 0.648 0.504 0.439 0.503 0.490 0.405 0.122 0.014 0.002 0.317 0.002 0.166 0.008 0.028 0.000 0.000 0.709 
167 0.131 0.313 0.513 0.193 0.342 0.649 0.502 0.436 0.505 0.490 0.404 0.121 0.015 0.002 0.314 0.003 0.167 0.008 0.035 0.000 0.000 0.711 
168 0.139 0.318 0.512 0.203 0.346 0.668 0.512 0.447 0.502 0.486 0.403 0.116 0.014 0.002 0.316 0.003 0.166 0.008 0.035 0.000 0.000 0.712 
169 0.150 0.308 0.513 0.207 0.337 0.683 0.512 0.447 0.512 0.479 0.408 0.114 0.013 0.002 0.316 0.003 0.184 0.008 0.039 0.000 0.000 0.709 
170 0.147 0.309 0.511 0.208 0.338 0.684 0.500 0.454 0.515 0.487 0.401 0.113 0.013 0.002 0.323 0.003 0.187 0.008 0.041 0.000 0.000 0.704 
171 0.140 0.308 0.508 0.211 0.330 0.680 0.495 0.456 0.522 0.490 0.403 0.113 0.015 0.002 0.318 0.003 0.184 0.005 0.041 0.000 0.000 0.705 
172 0.141 0.316 0.509 0.213 0.339 0.682 0.501 0.454 0.519 0.486 0.406 0.110 0.016 0.000 0.318 0.003 0.185 0.012 0.046 0.000 0.000 0.700 
173 0.145 0.338 0.502 0.213 0.348 0.692 0.498 0.454 0.523 0.491 0.411 0.106 0.018 0.000 0.316 0.003 0.182 0.014 0.046 0.000 0.000 0.696 
174 0.148 0.337 0.501 0.205 0.351 0.696 0.509 0.452 0.516 0.493 0.414 0.107 0.016 0.000 0.317 0.005 0.183 0.014 0.047 0.000 0.000 0.698 
175 0.142 0.334 0.511 0.209 0.348 0.688 0.517 0.456 0.508 0.497 0.412 0.112 0.015 0.000 0.311 0.005 0.187 0.022 0.050 0.000 0.000 0.699 
176 0.145 0.338 0.506 0.199 0.337 0.684 0.528 0.457 0.515 0.495 0.419 0.113 0.015 0.000 0.305 0.005 0.178 0.021 0.050 0.000 0.000 0.696 
177 0.144 0.339 0.501 0.201 0.345 0.678 0.521 0.459 0.514 0.496 0.416 0.117 0.017 0.000 0.299 0.005 0.180 0.009 0.050 0.000 0.000 0.703 
178 0.146 0.337 0.508 0.200 0.352 0.665 0.527 0.455 0.514 0.495 0.421 0.116 0.017 0.000 0.301 0.005 0.196 0.007 0.050 0.000 0.000 0.698 
179 0.146 0.344 0.507 0.199 0.354 0.667 0.523 0.458 0.513 0.485 0.415 0.113 0.015 0.000 0.294 0.005 0.195 0.007 0.036 0.000 0.000 0.693 
180 0.148 0.348 0.514 0.207 0.352 0.662 0.520 0.455 0.508 0.487 0.421 0.117 0.015 0.000 0.290 0.005 0.199 0.020 0.035 0.000 0.000 0.690 
181 0.151 0.344 0.510 0.203 0.359 0.661 0.503 0.450 0.513 0.492 0.419 0.119 0.013 0.000 0.278 0.005 0.194 0.020 0.031 0.000 0.000 0.687 
182 0.146 0.345 0.509 0.201 0.362 0.658 0.502 0.457 0.509 0.491 0.426 0.119 0.014 0.000 0.280 0.013 0.190 0.027 0.031 0.000 0.000 0.686 
183 0.149 0.348 0.498 0.199 0.362 0.651 0.515 0.457 0.507 0.488 0.430 0.119 0.014 0.000 0.283 0.011 0.196 0.027 0.033 0.000 0.000 0.685 
184 0.145 0.351 0.502 0.203 0.356 0.645 0.525 0.462 0.498 0.491 0.437 0.121 0.014 0.002 0.285 0.011 0.201 0.029 0.031 0.000 0.000 0.690 
185 0.147 0.346 0.507 0.195 0.361 0.647 0.524 0.458 0.502 0.487 0.445 0.117 0.013 0.004 0.287 0.009 0.207 0.026 0.034 0.000 0.000 0.694 
186 0.145 0.347 0.509 0.195 0.360 0.654 0.522 0.459 0.505 0.489 0.453 0.115 0.014 0.004 0.289 0.009 0.217 0.026 0.034 0.000 0.000 0.691 
187 0.149 0.337 0.504 0.202 0.360 0.654 0.524 0.462 0.512 0.504 0.448 0.112 0.012 0.004 0.289 0.009 0.218 0.026 0.033 0.000 0.000 0.692 
188 0.159 0.343 0.508 0.197 0.365 0.655 0.536 0.459 0.522 0.492 0.447 0.112 0.012 0.004 0.297 0.009 0.227 0.027 0.032 0.000 0.000 0.694 
189 0.162 0.342 0.509 0.189 0.373 0.659 0.536 0.467 0.522 0.504 0.443 0.113 0.012 0.004 0.289 0.009 0.219 0.030 0.032 0.000 0.000 0.701 
190 0.161 0.336 0.517 0.201 0.374 0.659 0.544 0.463 0.524 0.517 0.434 0.114 0.009 0.004 0.284 0.008 0.218 0.027 0.039 0.000 0.000 0.697 
191 0.164 0.342 0.514 0.197 0.382 0.649 0.549 0.462 0.519 0.529 0.426 0.123 0.009 0.004 0.281 0.009 0.221 0.024 0.039 0.000 0.000 0.695 
192 0.172 0.332 0.508 0.194 0.387 0.654 0.533 0.466 0.513 0.523 0.430 0.120 0.009 0.006 0.281 0.009 0.219 0.028 0.047 0.000 0.000 0.692 
193 0.169 0.340 0.509 0.193 0.388 0.649 0.538 0.465 0.512 0.521 0.442 0.121 0.009 0.006 0.278 0.013 0.220 0.026 0.055 0.000 0.000 0.696 
194 0.175 0.344 0.506 0.188 0.384 0.647 0.522 0.466 0.506 0.520 0.436 0.125 0.009 0.006 0.281 0.024 0.217 0.024 0.050 0.000 0.000 0.690 
195 0.173 0.343 0.501 0.193 0.386 0.649 0.518 0.469 0.511 0.519 0.443 0.123 0.008 0.006 0.286 0.020 0.214 0.024 0.052 0.000 0.000 0.689 
196 0.174 0.347 0.495 0.204 0.384 0.651 0.513 0.466 0.505 0.520 0.446 0.128 0.008 0.006 0.284 0.029 0.206 0.032 0.052 0.000 0.000 0.688 
197 0.176 0.351 0.494 0.195 0.386 0.654 0.511 0.469 0.507 0.509 0.451 0.125 0.009 0.006 0.283 0.028 0.202 0.025 0.049 0.000 0.000 0.689 
198 0.174 0.345 0.502 0.184 0.391 0.657 0.493 0.469 0.504 0.510 0.446 0.129 0.009 0.006 0.286 0.029 0.200 0.034 0.048 0.000 0.000 0.689 
199 0.174 0.350 0.511 0.190 0.392 0.642 0.497 0.468 0.496 0.511 0.437 0.137 0.014 0.006 0.291 0.048 0.205 0.036 0.044 0.000 0.000 0.694 
200 0.173 0.358 0.509 0.214 0.397 0.654 0.496 0.467 0.497 0.519 0.430 0.139 0.014 0.006 0.287 0.045 0.206 0.032 0.044 0.000 0.000 0.694 
201 0.168 0.360 0.514 0.214 0.401 0.648 0.489 0.468 0.493 0.513 0.429 0.139 0.014 0.006 0.289 0.047 0.212 0.031 0.046 0.000 0.000 0.699 
202 0.174 0.360 0.517 0.212 0.396 0.632 0.492 0.470 0.500 0.511 0.428 0.133 0.014 0.006 0.292 0.046 0.225 0.038 0.054 0.000 0.000 0.700 
203 0.172 0.360 0.529 0.201 0.404 0.639 0.495 0.471 0.506 0.516 0.419 0.131 0.015 0.004 0.294 0.047 0.228 0.036 0.050 0.000 0.000 0.701 
204 0.173 0.354 0.534 0.214 0.397 0.653 0.493 0.473 0.500 0.517 0.417 0.129 0.015 0.002 0.289 0.047 0.230 0.038 0.048 0.000 0.000 0.698 
205 0.177 0.366 0.540 0.208 0.383 0.647 0.499 0.478 0.500 0.516 0.415 0.128 0.013 0.002 0.288 0.047 0.235 0.037 0.047 0.000 0.000 0.701 
206 0.175 0.365 0.535 0.212 0.385 0.644 0.491 0.480 0.487 0.507 0.408 0.125 0.013 0.002 0.286 0.042 0.231 0.036 0.046 0.000 0.000 0.705 
207 0.174 0.374 0.519 0.215 0.384 0.640 0.478 0.486 0.493 0.504 0.409 0.120 0.012 0.002 0.285 0.047 0.227 0.036 0.041 0.000 0.000 0.705 
208 0.172 0.373 0.524 0.209 0.380 0.638 0.479 0.484 0.491 0.506 0.411 0.118 0.012 0.002 0.283 0.046 0.224 0.039 0.036 0.000 0.000 0.704 
209 0.174 0.378 0.526 0.205 0.381 0.633 0.493 0.486 0.497 0.512 0.406 0.119 0.011 0.000 0.281 0.048 0.223 0.037 0.033 0.000 0.000 0.696 
210 0.172 0.382 0.534 0.200 0.384 0.631 0.487 0.481 0.495 0.508 0.411 0.118 0.014 0.000 0.280 0.048 0.219 0.038 0.033 0.000 0.000 0.695 
211 0.177 0.375 0.533 0.199 0.383 0.632 0.486 0.488 0.500 0.514 0.410 0.118 0.016 0.000 0.277 0.048 0.228 0.037 0.038 0.000 0.000 0.700 
212 0.177 0.369 0.529 0.194 0.384 0.624 0.495 0.481 0.505 0.502 0.413 0.122 0.031 0.000 0.274 0.047 0.228 0.032 0.032 0.000 0.000 0.697 
213 0.184 0.372 0.526 0.207 0.382 0.625 0.497 0.479 0.505 0.502 0.410 0.118 0.035 0.000 0.280 0.049 0.229 0.027 0.032 0.000 0.000 0.700 
214 0.185 0.372 0.522 0.201 0.384 0.653 0.485 0.476 0.507 0.490 0.405 0.115 0.043 0.000 0.274 0.045 0.234 0.026 0.033 0.000 0.000 0.696 
215 0.189 0.377 0.517 0.197 0.395 0.654 0.483 0.481 0.506 0.491 0.408 0.119 0.043 0.000 0.276 0.051 0.235 0.018 0.034 0.000 0.000 0.700 
216 0.192 0.382 0.512 0.203 0.396 0.666 0.481 0.478 0.513 0.499 0.400 0.120 0.045 0.000 0.282 0.046 0.250 0.016 0.037 0.000 0.000 0.707 
217 0.200 0.386 0.510 0.205 0.394 0.665 0.482 0.475 0.527 0.497 0.409 0.117 0.051 0.000 0.284 0.049 0.252 0.017 0.030 0.000 0.000 0.715 
218 0.195 0.385 0.521 0.221 0.399 0.674 0.472 0.476 0.532 0.505 0.413 0.115 0.049 0.000 0.283 0.052 0.254 0.019 0.024 0.000 0.000 0.713 
219 0.198 0.395 0.518 0.217 0.392 0.674 0.471 0.476 0.525 0.509 0.420 0.118 0.050 0.000 0.285 0.051 0.259 0.017 0.023 0.000 0.000 0.711 
220 0.193 0.397 0.519 0.224 0.393 0.679 0.464 0.478 0.531 0.499 0.424 0.115 0.045 0.000 0.282 0.048 0.255 0.017 0.023 0.000 0.000 0.711 
221 0.194 0.396 0.520 0.236 0.388 0.667 0.465 0.483 0.540 0.505 0.424 0.121 0.044 0.000 0.285 0.045 0.250 0.018 0.024 0.000 0.000 0.701 
222 0.200 0.396 0.509 0.235 0.377 0.667 0.462 0.487 0.534 0.510 0.419 0.122 0.044 0.000 0.291 0.047 0.247 0.017 0.023 0.000 0.000 0.693 
223 0.204 0.400 0.504 0.234 0.383 0.654 0.471 0.488 0.542 0.513 0.420 0.122 0.046 0.000 0.292 0.049 0.238 0.031 0.037 0.000 0.000 0.694 
224 0.207 0.398 0.508 0.233 0.387 0.647 0.481 0.478 0.536 0.508 0.412 0.132 0.047 0.000 0.292 0.052 0.238 0.034 0.043 0.000 0.000 0.689 
225 0.200 0.397 0.503 0.235 0.389 0.638 0.476 0.477 0.532 0.510 0.409 0.133 0.051 0.000 0.294 0.062 0.235 0.040 0.046 0.000 0.000 0.689 
226 0.202 0.385 0.505 0.233 0.397 0.637 0.479 0.478 0.520 0.512 0.410 0.139 0.047 0.002 0.298 0.069 0.240 0.041 0.047 0.000 0.000 0.692 
227 0.210 0.379 0.513 0.246 0.399 0.651 0.485 0.475 0.527 0.521 0.414 0.143 0.054 0.002 0.294 0.072 0.236 0.039 0.045 0.000 0.000 0.691 
228 0.213 0.375 0.515 0.244 0.407 0.655 0.492 0.484 0.526 0.512 0.407 0.150 0.056 0.002 0.294 0.067 0.231 0.049 0.043 0.000 0.000 0.696 
229 0.208 0.380 0.516 0.239 0.411 0.648 0.499 0.479 0.519 0.513 0.410 0.149 0.055 0.002 0.299 0.066 0.234 0.047 0.040 0.000 0.000 0.698 
230 0.209 0.380 0.529 0.230 0.410 0.642 0.504 0.472 0.508 0.525 0.411 0.149 0.054 0.002 0.296 0.071 0.232 0.057 0.037 0.000 0.000 0.691 
231 0.205 0.380 0.533 0.248 0.411 0.640 0.514 0.469 0.510 0.535 0.415 0.147 0.058 0.002 0.293 0.075 0.252 0.059 0.048 0.000 0.000 0.696 
232 0.209 0.384 0.532 0.247 0.409 0.645 0.509 0.469 0.510 0.534 0.418 0.152 0.059 0.004 0.297 0.075 0.247 0.055 0.046 0.000 0.000 0.694 
233 0.201 0.388 0.525 0.241 0.402 0.637 0.512 0.472 0.504 0.516 0.425 0.153 0.055 0.004 0.294 0.072 0.244 0.056 0.036 0.000 0.000 0.699 
234 0.202 0.395 0.521 0.246 0.403 0.635 0.504 0.480 0.509 0.520 0.436 0.166 0.054 0.004 0.296 0.073 0.249 0.057 0.034 0.000 0.000 0.705 
235 0.207 0.396 0.523 0.256 0.402 0.627 0.512 0.483 0.515 0.520 0.435 0.164 0.052 0.004 0.300 0.072 0.254 0.067 0.026 0.001 0.000 0.704 
236 0.209 0.397 0.527 0.262 0.398 0.627 0.519 0.486 0.541 0.524 0.429 0.166 0.051 0.004 0.302 0.066 0.263 0.069 0.026 0.001 0.000 0.706 
237 0.208 0.404 0.528 0.263 0.397 0.633 0.517 0.494 0.549 0.514 0.431 0.165 0.050 0.006 0.300 0.062 0.260 0.068 0.026 0.001 0.000 0.705 
238 0.215 0.414 0.529 0.266 0.398 0.652 0.513 0.494 0.555 0.514 0.431 0.173 0.049 0.006 0.299 0.061 0.261 0.065 0.031 0.001 0.000 0.701 
239 0.215 0.420 0.530 0.255 0.397 0.638 0.508 0.503 0.557 0.519 0.432 0.171 0.046 0.006 0.301 0.057 0.272 0.060 0.038 0.002 0.000 0.702 
240 0.215 0.412 0.521 0.265 0.399 0.654 0.501 0.503 0.548 0.517 0.436 0.173 0.051 0.010 0.295 0.062 0.268 0.072 0.039 0.002 0.000 0.705 
241 0.221 0.408 0.515 0.272 0.399 0.642 0.517 0.501 0.542 0.514 0.418 0.171 0.051 0.010 0.302 0.059 0.265 0.069 0.045 0.002 0.000 0.705 
242 0.220 0.405 0.502 0.274 0.401 0.630 0.501 0.505 0.549 0.515 0.418 0.169 0.057 0.009 0.298 0.060 0.264 0.071 0.042 0.005 0.000 0.707 
243 0.213 0.415 0.504 0.274 0.403 0.623 0.494 0.500 0.544 0.508 0.407 0.166 0.053 0.008 0.301 0.061 0.259 0.068 0.042 0.005 0.000 0.704 
244 0.217 0.416 0.495 0.277 0.403 0.615 0.495 0.500 0.541 0.504 0.405 0.162 0.058 0.008 0.296 0.061 0.256 0.065 0.035 0.005 0.000 0.701 
245 0.209 0.416 0.496 0.279 0.402 0.604 0.492 0.495 0.532 0.513 0.409 0.165 0.059 0.008 0.302 0.060 0.260 0.066 0.041 0.005 0.000 0.704 
246 0.203 0.407 0.484 0.277 0.407 0.598 0.509 0.499 0.535 0.514 0.405 0.165 0.064 0.008 0.299 0.063 0.259 0.063 0.045 0.005 0.000 0.705 
247 0.202 0.398 0.483 0.282 0.407 0.602 0.495 0.494 0.549 0.513 0.396 0.167 0.065 0.008 0.297 0.062 0.261 0.066 0.049 0.004 0.000 0.706 
248 0.209 0.402 0.493 0.289 0.407 0.616 0.494 0.500 0.559 0.515 0.396 0.173 0.064 0.008 0.304 0.064 0.269 0.072 0.047 0.004 0.000 0.704 
249 0.219 0.401 0.502 0.291 0.409 0.626 0.502 0.502 0.561 0.519 0.387 0.170 0.067 0.009 0.307 0.072 0.280 0.071 0.041 0.005 0.000 0.707 
250 0.216 0.399 0.496 0.285 0.403 0.632 0.520 0.504 0.565 0.515 0.388 0.171 0.067 0.009 0.307 0.074 0.282 0.066 0.039 0.005 0.000 0.709 
251 0.212 0.400 0.503 0.296 0.394 0.632 0.521 0.504 0.573 0.534 0.391 0.170 0.065 0.009 0.308 0.075 0.284 0.068 0.038 0.005 0.000 0.702 
252 0.209 0.404 0.491 0.316 0.395 0.639 0.518 0.511 0.577 0.532 0.384 0.168 0.064 0.009 0.303 0.076 0.286 0.068 0.028 0.005 0.000 0.699 
253 0.217 0.401 0.484 0.316 0.398 0.630 0.509 0.506 0.581 0.553 0.387 0.167 0.063 0.006 0.305 0.072 0.300 0.067 0.031 0.004 0.000 0.695 
254 0.216 0.393 0.484 0.317 0.400 0.638 0.510 0.499 0.577 0.552 0.393 0.166 0.061 0.009 0.303 0.071 0.310 0.068 0.030 0.006 0.000 0.696 
255 0.214 0.390 0.479 0.315 0.407 0.627 0.518 0.496 0.566 0.551 0.396 0.169 0.059 0.009 0.301 0.071 0.312 0.071 0.033 0.006 0.000 0.694 
256 0.216 0.386 0.475 0.325 0.405 0.618 0.508 0.505 0.553 0.547 0.396 0.170 0.064 0.015 0.304 0.073 0.311 0.069 0.030 0.005 0.000 0.692 
257 0.217 0.388 0.475 0.321 0.408 0.610 0.510 0.506 0.539 0.548 0.395 0.170 0.063 0.020 0.300 0.077 0.302 0.071 0.032 0.006 0.000 0.693 
258 0.220 0.395 0.478 0.315 0.404 0.634 0.509 0.506 0.530 0.547 0.392 0.167 0.071 0.020 0.296 0.080 0.296 0.074 0.028 0.007 0.000 0.695 
259 0.223 0.394 0.479 0.315 0.413 0.642 0.509 0.507 0.535 0.548 0.394 0.167 0.073 0.018 0.297 0.081 0.292 0.072 0.031 0.006 0.000 0.697 
260 0.222 0.400 0.486 0.309 0.415 0.632 0.509 0.516 0.532 0.549 0.392 0.169 0.075 0.017 0.295 0.084 0.289 0.074 0.032 0.006 0.000 0.698 
261 0.228 0.413 0.489 0.300 0.419 0.625 0.519 0.515 0.538 0.560 0.399 0.175 0.072 0.017 0.303 0.082 0.290 0.073 0.036 0.006 0.000 0.700 
262 0.229 0.413 0.485 0.312 0.414 0.605 0.525 0.515 0.538 0.567 0.400 0.173 0.075 0.015 0.298 0.082 0.288 0.072 0.031 0.006 0.000 0.713 
263 0.228 0.419 0.486 0.306 0.410 0.597 0.538 0.519 0.544 0.572 0.395 0.172 0.083 0.013 0.296 0.081 0.294 0.065 0.027 0.007 0.000 0.714 
264 0.234 0.414 0.493 0.303 0.400 0.594 0.554 0.524 0.548 0.574 0.399 0.175 0.089 0.016 0.295 0.080 0.299 0.068 0.027 0.007 0.000 0.709 
265 0.238 0.411 0.498 0.316 0.400 0.590 0.545 0.518 0.558 0.560 0.404 0.183 0.096 0.014 0.291 0.081 0.306 0.064 0.024 0.006 0.000 0.705 
266 0.230 0.402 0.497 0.310 0.405 0.576 0.542 0.522 0.552 0.564 0.399 0.181 0.094 0.013 0.290 0.078 0.315 0.072 0.024 0.005 0.000 0.706 
267 0.231 0.414 0.503 0.306 0.403 0.587 0.551 0.524 0.549 0.566 0.394 0.177 0.090 0.013 0.295 0.086 0.323 0.073 0.039 0.005 0.000 0.703 
268 0.228 0.418 0.504 0.300 0.407 0.594 0.546 0.519 0.550 0.560 0.393 0.174 0.091 0.017 0.298 0.083 0.324 0.076 0.056 0.005 0.000 0.700 
269 0.227 0.421 0.502 0.308 0.407 0.595 0.536 0.520 0.544 0.552 0.389 0.185 0.088 0.015 0.299 0.082 0.322 0.077 0.055 0.005 0.000 0.701 
270 0.227 0.429 0.505 0.310 0.408 0.595 0.516 0.517 0.539 0.553 0.389 0.190 0.089 0.016 0.300 0.088 0.318 0.075 0.055 0.003 0.000 0.701 
271 0.227 0.430 0.495 0.315 0.400 0.594 0.517 0.516 0.545 0.558 0.403 0.191 0.091 0.016 0.299 0.085 0.323 0.072 0.055 0.003 0.000 0.702 
272 0.219 0.431 0.492 0.317 0.400 0.588 0.521 0.517 0.546 0.561 0.403 0.193 0.089 0.014 0.297 0.090 0.323 0.076 0.062 0.002 0.000 0.702 
273 0.226 0.433 0.493 0.304 0.407 0.602 0.515 0.512 0.534 0.556 0.414 0.191 0.089 0.015 0.303 0.092 0.319 0.076 0.064 0.002 0.000 0.699 
274 0.231 0.431 0.491 0.313 0.405 0.602 0.515 0.514 0.539 0.550 0.422 0.194 0.089 0.015 0.303 0.094 0.323 0.077 0.068 0.002 0.000 0.700 
275 0.232 0.428 0.499 0.331 0.407 0.591 0.522 0.512 0.546 0.548 0.414 0.194 0.088 0.015 0.297 0.097 0.316 0.075 0.066 0.001 0.000 0.694 
276 0.234 0.426 0.499 0.326 0.411 0.590 0.534 0.517 0.548 0.554 0.416 0.193 0.088 0.017 0.297 0.094 0.316 0.091 0.072 0.001 0.000 0.692 
277 0.233 0.424 0.485 0.326 0.413 0.586 0.528 0.513 0.554 0.541 0.417 0.190 0.086 0.019 0.297 0.092 0.315 0.092 0.071 0.001 0.000 0.692 
278 0.235 0.420 0.487 0.327 0.417 0.586 0.539 0.517 0.548 0.546 0.412 0.192 0.083 0.018 0.296 0.096 0.310 0.095 0.061 0.001 0.000 0.696 
279 0.240 0.412 0.484 0.335 0.412 0.571 0.535 0.514 0.549 0.551 0.414 0.196 0.085 0.020 0.299 0.095 0.305 0.099 0.062 0.001 0.000 0.695 
280 0.248 0.419 0.480 0.336 0.405 0.570 0.530 0.507 0.542 0.541 0.406 0.192 0.092 0.022 0.296 0.092 0.303 0.099 0.062 0.002 0.000 0.695 
281 0.244 0.420 0.481 0.336 0.398 0.576 0.541 0.507 0.540 0.543 0.412 0.193 0.092 0.020 0.291 0.100 0.307 0.099 0.055 0.002 0.000 0.694 
282 0.249 0.414 0.480 0.326 0.399 0.573 0.540 0.514 0.540 0.548 0.412 0.194 0.098 0.024 0.293 0.097 0.311 0.101 0.058 0.002 0.000 0.691 
283 0.247 0.420 0.483 0.327 0.406 0.576 0.530 0.517 0.539 0.547 0.418 0.198 0.099 0.028 0.300 0.090 0.315 0.102 0.072 0.002 0.000 0.688 
284 0.245 0.423 0.485 0.344 0.413 0.558 0.533 0.515 0.533 0.567 0.414 0.196 0.100 0.025 0.294 0.093 0.310 0.103 0.072 0.002 0.000 0.690 
285 0.244 0.425 0.493 0.346 0.415 0.546 0.533 0.513 0.539 0.567 0.408 0.200 0.106 0.024 0.292 0.087 0.313 0.105 0.063 0.002 0.000 0.695 
286 0.240 0.424 0.482 0.346 0.419 0.572 0.529 0.512 0.540 0.564 0.411 0.204 0.105 0.022 0.287 0.085 0.313 0.097 0.061 0.001 0.000 0.692 
287 0.244 0.425 0.484 0.348 0.426 0.577 0.524 0.513 0.548 0.568 0.412 0.203 0.105 0.022 0.286 0.085 0.317 0.094 0.060 0.001 0.000 0.697 
288 0.236 0.432 0.484 0.336 0.427 0.585 0.541 0.513 0.547 0.569 0.417 0.200 0.108 0.024 0.285 0.087 0.312 0.093 0.057 0.001 0.000 0.697 
289 0.236 0.431 0.489 0.338 0.436 0.575 0.545 0.515 0.549 0.562 0.425 0.198 0.108 0.026 0.289 0.087 0.312 0.094 0.053 0.001 0.000 0.697 
290 0.230 0.428 0.485 0.347 0.434 0.565 0.539 0.512 0.562 0.556 0.424 0.191 0.108 0.030 0.289 0.084 0.313 0.093 0.055 0.001 0.000 0.700 
291 0.232 0.424 0.490 0.353 0.424 0.559 0.534 0.513 0.561 0.562 0.423 0.196 0.115 0.037 0.282 0.099 0.315 0.091 0.056 0.001 0.000 0.700 
292 0.243 0.429 0.498 0.351 0.423 0.563 0.533 0.526 0.550 0.564 0.425 0.201 0.122 0.037 0.278 0.100 0.321 0.092 0.058 0.001 0.000 0.699 
293 0.238 0.434 0.511 0.345 0.429 0.569 0.535 0.529 0.534 0.565 0.432 0.205 0.128 0.038 0.275 0.102 0.316 0.093 0.060 0.001 0.000 0.699 
294 0.241 0.432 0.508 0.345 0.423 0.566 0.519 0.524 0.544 0.564 0.437 0.202 0.122 0.036 0.277 0.100 0.313 0.092 0.053 0.001 0.000 0.693 
295 0.245 0.431 0.512 0.344 0.424 0.564 0.506 0.515 0.545 0.553 0.434 0.199 0.123 0.033 0.281 0.102 0.307 0.089 0.054 0.001 0.000 0.688 
296 0.244 0.430 0.508 0.337 0.416 0.561 0.504 0.517 0.543 0.577 0.437 0.199 0.124 0.034 0.287 0.103 0.303 0.086 0.061 0.001 0.000 0.692 
297 0.244 0.428 0.510 0.340 0.419 0.568 0.512 0.516 0.545 0.588 0.434 0.201 0.124 0.035 0.290 0.105 0.307 0.088 0.077 0.001 0.000 0.689 
298 0.242 0.427 0.518 0.345 0.420 0.577 0.511 0.523 0.541 0.585 0.441 0.205 0.130 0.035 0.284 0.108 0.299 0.088 0.072 0.002 0.000 0.690 
299 0.245 0.425 0.519 0.344 0.419 0.572 0.506 0.526 0.537 0.585 0.434 0.203 0.127 0.036 0.284 0.108 0.304 0.082 0.073 0.002 0.000 0.690 
300 0.239 0.428 0.514 0.341 0.418 0.559 0.502 0.529 0.536 0.579 0.431 0.211 0.125 0.039 0.287 0.105 0.314 0.083 0.068 0.001 0.000 0.696 
301 0.239 0.417 0.515 0.340 0.416 0.560 0.503 0.527 0.535 0.567 0.434 0.204 0.127 0.039 0.285 0.100 0.312 0.090 0.073 0.001 0.000 0.695 
302 0.243 0.414 0.513 0.334 0.412 0.558 0.502 0.536 0.529 0.567 0.429 0.204 0.125 0.043 0.278 0.099 0.318 0.093 0.070 0.001 0.000 0.695 
303 0.249 0.418 0.506 0.345 0.407 0.556 0.504 0.538 0.525 0.563 0.429 0.203 0.126 0.044 0.281 0.098 0.321 0.093 0.070 0.001 0.000 0.694 
304 0.256 0.410 0.517 0.349 0.410 0.560 0.503 0.541 0.528 0.554 0.420 0.205 0.122 0.045 0.282 0.098 0.317 0.097 0.072 0.001 0.000 0.697 
305 0.257 0.405 0.515 0.356 0.416 0.543 0.518 0.538 0.516 0.548 0.425 0.208 0.126 0.051 0.288 0.095 0.314 0.094 0.072 0.001 0.000 0.705 
306 0.257 0.396 0.516 0.358 0.421 0.541 0.518 0.529 0.515 0.550 0.436 0.205 0.126 0.052 0.286 0.094 0.316 0.100 0.085 0.001 0.000 0.708 
307 0.258 0.401 0.518 0.356 0.415 0.561 0.518 0.532 0.516 0.558 0.433 0.210 0.125 0.050 0.289 0.093 0.318 0.097 0.083 0.001 0.000 0.703 
308 0.260 0.396 0.513 0.353 0.411 0.561 0.524 0.523 0.516 0.553 0.425 0.212 0.126 0.050 0.289 0.092 0.315 0.099 0.076 0.003 0.000 0.706 
309 0.263 0.406 0.506 0.354 0.413 0.563 0.514 0.514 0.523 0.550 0.418 0.215 0.126 0.051 0.287 0.094 0.314 0.095 0.058 0.003 0.000 0.701 
310 0.265 0.399 0.504 0.360 0.411 0.557 0.511 0.510 0.519 0.565 0.418 0.218 0.124 0.051 0.288 0.092 0.316 0.092 0.056 0.003 0.000 0.693 
311 0.266 0.400 0.501 0.368 0.410 0.566 0.513 0.501 0.519 0.551 0.433 0.218 0.125 0.053 0.281 0.091 0.329 0.093 0.060 0.004 0.000 0.698 
312 0.265 0.404 0.506 0.372 0.413 0.564 0.516 0.499 0.512 0.543 0.431 0.217 0.123 0.056 0.275 0.096 0.325 0.093 0.063 0.003 0.000 0.696 
313 0.263 0.409 0.506 0.382 0.416 0.560 0.527 0.515 0.512 0.547 0.431 0.215 0.121 0.058 0.274 0.102 0.326 0.098 0.064 0.005 0.000 0.694 
314 0.265 0.411 0.511 0.376 0.421 0.561 0.530 0.520 0.516 0.552 0.438 0.215 0.116 0.055 0.270 0.103 0.331 0.097 0.064 0.006 0.000 0.695 
315 0.264 0.420 0.511 0.375 0.425 0.550 0.540 0.519 0.536 0.558 0.441 0.220 0.123 0.055 0.272 0.103 0.336 0.098 0.078 0.006 0.000 0.694 
316 0.266 0.421 0.517 0.378 0.414 0.556 0.552 0.518 0.539 0.561 0.433 0.217 0.121 0.056 0.271 0.106 0.338 0.106 0.074 0.004 0.000 0.692 
317 0.272 0.411 0.527 0.371 0.411 0.557 0.558 0.521 0.553 0.558 0.429 0.212 0.122 0.059 0.265 0.104 0.337 0.102 0.078 0.004 0.000 0.698 
318 0.271 0.403 0.528 0.363 0.409 0.547 0.555 0.518 0.557 0.555 0.430 0.212 0.120 0.064 0.261 0.105 0.336 0.096 0.081 0.006 0.000 0.697 
319 0.268 0.397 0.527 0.372 0.410 0.548 0.541 0.514 0.562 0.557 0.431 0.218 0.119 0.072 0.262 0.100 0.342 0.090 0.079 0.008 0.000 0.704 
320 0.272 0.404 0.529 0.372 0.408 0.552 0.532 0.511 0.559 0.564 0.434 0.217 0.127 0.070 0.258 0.092 0.343 0.093 0.084 0.009 0.000 0.695 
321 0.274 0.400 0.529 0.366 0.407 0.545 0.531 0.508 0.552 0.567 0.426 0.215 0.127 0.068 0.256 0.096 0.341 0.091 0.082 0.011 0.000 0.697 
322 0.274 0.392 0.531 0.366 0.417 0.533 0.533 0.512 0.548 0.570 0.424 0.217 0.136 0.064 0.257 0.093 0.337 0.110 0.083 0.011 0.000 0.695 
323 0.276 0.394 0.530 0.358 0.419 0.522 0.546 0.506 0.541 0.586 0.412 0.221 0.142 0.063 0.257 0.096 0.335 0.107 0.082 0.010 0.000 0.691 
324 0.278 0.391 0.524 0.359 0.414 0.503 0.536 0.510 0.529 0.593 0.406 0.221 0.139 0.061 0.263 0.101 0.341 0.106 0.089 0.010 0.000 0.687 
325 0.274 0.404 0.526 0.361 0.424 0.508 0.533 0.510 0.526 0.595 0.400 0.223 0.138 0.067 0.261 0.111 0.345 0.114 0.086 0.010 0.000 0.688 
326 0.271 0.405 0.520 0.355 0.421 0.521 0.535 0.511 0.521 0.585 0.395 0.223 0.137 0.065 0.265 0.105 0.340 0.110 0.095 0.010 0.000 0.689 
327 0.272 0.398 0.522 0.356 0.420 0.518 0.543 0.511 0.510 0.584 0.391 0.221 0.135 0.064 0.266 0.106 0.334 0.109 0.095 0.009 0.000 0.691 
328 0.273 0.399 0.513 0.347 0.418 0.512 0.535 0.511 0.514 0.588 0.394 0.221 0.136 0.066 0.270 0.098 0.333 0.117 0.097 0.008 0.000 0.695 
329 0.271 0.410 0.521 0.347 0.411 0.515 0.545 0.511 0.534 0.577 0.395 0.221 0.136 0.062 0.269 0.100 0.328 0.117 0.091 0.009 0.000 0.696 
330 0.272 0.412 0.514 0.352 0.419 0.519 0.545 0.511 0.539 0.574 0.406 0.217 0.136 0.061 0.270 0.106 0.332 0.118 0.089 0.008 0.000 0.700 
331 0.281 0.402 0.520 0.355 0.421 0.532 0.535 0.508 0.538 0.574 0.412 0.215 0.144 0.062 0.269 0.106 0.333 0.118 0.093 0.009 0.000 0.706 
332 0.283 0.395 0.507 0.364 0.427 0.554 0.538 0.504 0.542 0.578 0.409 0.213 0.143 0.059 0.271 0.106 0.329 0.120 0.090 0.010 0.000 0.707 
333 0.285 0.397 0.501 0.374 0.430 0.556 0.532 0.505 0.546 0.577 0.410 0.212 0.144 0.058 0.268 0.108 0.326 0.126 0.090 0.010 0.000 0.708 
334 0.283 0.399 0.502 0.366 0.435 0.564 0.543 0.510 0.544 0.561 0.428 0.217 0.148 0.059 0.270 0.108 0.324 0.131 0.086 0.011 0.000 0.704 
335 0.283 0.403 0.505 0.360 0.432 0.565 0.561 0.515 0.548 0.565 0.430 0.216 0.150 0.062 0.279 0.114 0.328 0.132 0.091 0.011 0.000 0.713 
336 0.288 0.406 0.501 0.357 0.427 0.575 0.562 0.514 0.545 0.561 0.427 0.213 0.150 0.070 0.279 0.119 0.332 0.133 0.090 0.011 0.000 0.714 
337 0.286 0.405 0.511 0.361 0.421 0.579 0.561 0.514 0.552 0.561 0.426 0.214 0.151 0.070 0.277 0.120 0.331 0.127 0.087 0.011 0.000 0.720 
338 0.288 0.411 0.504 0.364 0.419 0.563 0.559 0.520 0.551 0.561 0.434 0.207 0.150 0.070 0.274 0.121 0.337 0.126 0.087 0.011 0.000 0.715 
339 0.297 0.416 0.512 0.365 0.424 0.556 0.559 0.519 0.552 0.565 0.435 0.211 0.151 0.070 0.272 0.122 0.345 0.129 0.086 0.010 0.000 0.712 
340 0.297 0.411 0.509 0.364 0.423 0.563 0.563 0.510 0.555 0.556 0.424 0.212 0.154 0.071 0.267 0.119 0.346 0.142 0.078 0.010 0.000 0.706 
341 0.299 0.406 0.507 0.372 0.434 0.560 0.554 0.508 0.558 0.568 0.418 0.214 0.156 0.072 0.270 0.120 0.347 0.134 0.076 0.010 0.000 0.705 
342 0.301 0.417 0.499 0.379 0.437 0.554 0.557 0.516 0.552 0.557 0.422 0.215 0.155 0.074 0.269 0.118 0.353 0.127 0.076 0.008 0.000 0.698 
343 0.300 0.424 0.495 0.388 0.442 0.544 0.559 0.521 0.551 0.563 0.419 0.218 0.151 0.074 0.265 0.120 0.352 0.127 0.073 0.008 0.000 0.694 
344 0.291 0.426 0.494 0.380 0.442 0.530 0.567 0.515 0.556 0.562 0.419 0.223 0.156 0.066 0.257 0.121 0.356 0.130 0.094 0.008 0.000 0.694 
345 0.296 0.430 0.485 0.377 0.445 0.542 0.559 0.517 0.569 0.545 0.412 0.229 0.158 0.069 0.251 0.123 0.341 0.144 0.091 0.009 0.000 0.695 
346 0.304 0.427 0.477 0.381 0.447 0.538 0.556 0.524 0.572 0.554 0.420 0.232 0.165 0.063 0.247 0.131 0.338 0.148 0.089 0.010 0.000 0.695 
347 0.307 0.423 0.481 0.384 0.443 0.531 0.551 0.530 0.565 0.565 0.417 0.233 0.167 0.058 0.250 0.128 0.342 0.149 0.087 0.010 0.000 0.694 
348 0.310 0.424 0.480 0.378 0.446 0.520 0.547 0.523 0.559 0.566 0.412 0.235 0.169 0.057 0.243 0.127 0.337 0.151 0.098 0.010 0.000 0.689 
349 0.311 0.421 0.492 0.370 0.453 0.520 0.550 0.515 0.558 0.563 0.410 0.236 0.173 0.055 0.248 0.127 0.332 0.148 0.100 0.013 0.000 0.693 
350 0.309 0.415 0.499 0.378 0.445 0.526 0.541 0.514 0.551 0.564 0.401 0.233 0.177 0.057 0.248 0.139 0.339 0.152 0.102 0.013 0.000 0.696 
351 0.312 0.412 0.505 0.380 0.442 0.539 0.550 0.517 0.551 0.564 0.414 0.236 0.175 0.054 0.246 0.135 0.340 0.152 0.106 0.015 0.000 0.696 
352 0.313 0.410 0.510 0.373 0.445 0.535 0.546 0.506 0.560 0.560 0.414 0.240 0.176 0.054 0.245 0.133 0.339 0.154 0.104 0.015 0.000 0.694 
353 0.309 0.421 0.509 0.370 0.449 0.535 0.549 0.506 0.564 0.553 0.414 0.239 0.176 0.053 0.242 0.129 0.345 0.150 0.104 0.013 0.001 0.694 
354 0.305 0.415 0.505 0.371 0.448 0.532 0.569 0.505 0.559 0.559 0.409 0.238 0.174 0.066 0.242 0.121 0.352 0.150 0.102 0.012 0.001 0.695 
355 0.307 0.411 0.507 0.362 0.455 0.537 0.575 0.507 0.561 0.562 0.406 0.237 0.177 0.065 0.245 0.121 0.359 0.146 0.110 0.012 0.001 0.694 
356 0.300 0.419 0.502 0.363 0.463 0.539 0.577 0.507 0.542 0.571 0.418 0.242 0.174 0.064 0.246 0.115 0.362 0.143 0.110 0.011 0.001 0.691 
357 0.299 0.419 0.493 0.368 0.464 0.533 0.574 0.504 0.541 0.575 0.420 0.241 0.179 0.063 0.249 0.118 0.348 0.144 0.112 0.012 0.001 0.690 
358 0.305 0.421 0.487 0.380 0.459 0.534 0.572 0.503 0.536 0.568 0.418 0.237 0.177 0.061 0.251 0.123 0.356 0.141 0.124 0.011 0.001 0.690 
359 0.301 0.429 0.501 0.377 0.458 0.531 0.569 0.500 0.546 0.570 0.421 0.234 0.184 0.058 0.248 0.126 0.356 0.132 0.124 0.011 0.001 0.699 
360 0.299 0.422 0.500 0.381 0.450 0.532 0.571 0.495 0.548 0.565 0.412 0.237 0.185 0.055 0.247 0.130 0.351 0.144 0.127 0.011 0.001 0.702 
361 0.302 0.424 0.505 0.388 0.451 0.531 0.568 0.503 0.553 0.561 0.418 0.238 0.183 0.055 0.247 0.129 0.353 0.143 0.138 0.009 0.001 0.702 
362 0.306 0.424 0.507 0.391 0.446 0.533 0.550 0.499 0.554 0.556 0.417 0.234 0.181 0.053 0.250 0.129 0.355 0.140 0.133 0.010 0.001 0.708 
363 0.310 0.422 0.509 0.395 0.442 0.544 0.548 0.499 0.555 0.545 0.404 0.232 0.179 0.052 0.253 0.133 0.360 0.145 0.131 0.009 0.001 0.707 
364 0.304 0.421 0.512 0.412 0.447 0.538 0.550 0.490 0.551 0.533 0.406 0.237 0.175 0.054 0.252 0.136 0.360 0.154 0.127 0.009 0.001 0.703 
365 0.300 0.422 0.511 0.415 0.440 0.531 0.553 0.492 0.560 0.524 0.409 0.242 0.179 0.055 0.255 0.134 0.353 0.153 0.129 0.009 0.000 0.700 
366 0.303 0.415 0.506 0.416 0.437 0.526 0.560 0.489 0.561 0.522 0.418 0.240 0.175 0.056 0.261 0.135 0.348 0.158 0.133 0.009 0.000 0.702 
367 0.307 0.425 0.507 0.414 0.439 0.535 0.558 0.486 0.564 0.509 0.418 0.240 0.173 0.057 0.264 0.135 0.350 0.158 0.135 0.010 0.000 0.706 
368 0.310 0.420 0.503 0.416 0.431 0.541 0.576 0.484 0.564 0.507 0.440 0.238 0.174 0.060 0.263 0.129 0.341 0.156 0.147 0.011 0.000 0.702 
369 0.311 0.419 0.500 0.413 0.428 0.546 0.592 0.480 0.548 0.501 0.444 0.234 0.176 0.060 0.263 0.131 0.341 0.162 0.148 0.012 0.000 0.704 
370 0.309 0.415 0.488 0.419 0.426 0.542 0.580 0.490 0.529 0.506 0.455 0.238 0.172 0.061 0.258 0.129 0.339 0.163 0.155 0.011 0.000 0.703 
371 0.302 0.408 0.478 0.418 0.431 0.533 0.580 0.489 0.524 0.508 0.456 0.237 0.173 0.065 0.257 0.127 0.341 0.166 0.152 0.013 0.000 0.705 
372 0.304 0.403 0.487 0.414 0.434 0.522 0.581 0.492 0.514 0.510 0.453 0.234 0.176 0.068 0.255 0.131 0.339 0.165 0.149 0.015 0.000 0.705 
373 0.308 0.401 0.492 0.418 0.436 0.525 0.594 0.490 0.517 0.516 0.451 0.235 0.174 0.071 0.248 0.136 0.341 0.167 0.147 0.016 0.000 0.703 
374 0.314 0.399 0.488 0.418 0.443 0.524 0.593 0.487 0.527 0.522 0.439 0.237 0.182 0.073 0.248 0.136 0.347 0.167 0.153 0.016 0.000 0.704 
375 0.317 0.405 0.494 0.421 0.448 0.528 0.591 0.484 0.521 0.520 0.437 0.238 0.182 0.073 0.247 0.134 0.344 0.165 0.150 0.017 0.000 0.701 
376 0.321 0.403 0.498 0.415 0.442 0.518 0.581 0.486 0.529 0.534 0.434 0.244 0.180 0.073 0.246 0.128 0.346 0.158 0.149 0.017 0.000 0.695 
377 0.323 0.407 0.496 0.417 0.443 0.529 0.582 0.491 0.536 0.531 0.432 0.249 0.178 0.078 0.246 0.124 0.342 0.162 0.158 0.017 0.000 0.693 
378 0.326 0.415 0.492 0.414 0.440 0.525 0.578 0.491 0.546 0.526 0.429 0.252 0.178 0.080 0.239 0.126 0.342 0.155 0.177 0.016 0.000 0.691 
379 0.326 0.417 0.493 0.401 0.444 0.539 0.589 0.490 0.550 0.538 0.429 0.251 0.182 0.082 0.239 0.120 0.346 0.154 0.184 0.016 0.000 0.692 
380 0.326 0.419 0.501 0.416 0.439 0.545 0.603 0.486 0.543 0.543 0.422 0.250 0.181 0.082 0.238 0.121 0.347 0.151 0.188 0.017 0.000 0.701 
381 0.329 0.411 0.510 0.426 0.435 0.549 0.609 0.490 0.544 0.544 0.420 0.243 0.176 0.083 0.229 0.124 0.339 0.153 0.203 0.017 0.000 0.696 
382 0.336 0.404 0.513 0.425 0.441 0.557 0.628 0.491 0.536 0.531 0.430 0.245 0.181 0.085 0.230 0.124 0.337 0.151 0.206 0.019 0.000 0.698 
383 0.337 0.403 0.510 0.422 0.447 0.540 0.632 0.493 0.531 0.535 0.431 0.247 0.183 0.083 0.237 0.127 0.339 0.148 0.202 0.017 0.000 0.701 
384 0.333 0.404 0.508 0.429 0.450 0.546 0.628 0.481 0.522 0.539 0.424 0.245 0.192 0.084 0.244 0.125 0.338 0.158 0.201 0.017 0.000 0.702 
385 0.338 0.403 0.509 0.421 0.455 0.556 0.624 0.478 0.518 0.536 0.427 0.250 0.194 0.084 0.250 0.122 0.332 0.156 0.197 0.017 0.000 0.703 
386 0.337 0.406 0.503 0.436 0.449 0.553 0.608 0.471 0.527 0.526 0.430 0.253 0.195 0.090 0.262 0.120 0.329 0.151 0.190 0.020 0.000 0.706 
387 0.334 0.411 0.506 0.436 0.446 0.550 0.611 0.465 0.536 0.524 0.431 0.259 0.200 0.088 0.264 0.128 0.314 0.149 0.186 0.017 0.001 0.700 
388 0.337 0.406 0.500 0.431 0.443 0.552 0.608 0.471 0.528 0.530 0.426 0.267 0.198 0.086 0.269 0.127 0.313 0.145 0.180 0.017 0.001 0.700 
389 0.335 0.408 0.496 0.430 0.449 0.545 0.610 0.480 0.533 0.540 0.427 0.272 0.193 0.089 0.270 0.126 0.312 0.147 0.164 0.015 0.001 0.701 
390 0.332 0.405 0.492 0.434 0.446 0.553 0.612 0.488 0.535 0.532 0.432 0.277 0.193 0.091 0.269 0.122 0.308 0.151 0.164 0.014 0.000 0.702 
391 0.333 0.396 0.502 0.437 0.451 0.553 0.605 0.493 0.527 0.532 0.444 0.276 0.194 0.084 0.270 0.122 0.300 0.143 0.171 0.013 0.000 0.703 
392 0.336 0.385 0.509 0.437 0.442 0.547 0.610 0.494 0.527 0.533 0.446 0.272 0.196 0.084 0.267 0.121 0.289 0.152 0.169 0.012 0.000 0.701 
393 0.340 0.388 0.508 0.442 0.442 0.546 0.623 0.495 0.525 0.529 0.448 0.271 0.194 0.086 0.268 0.123 0.280 0.164 0.158 0.015 0.000 0.703 
394 0.343 0.389 0.516 0.443 0.441 0.548 0.628 0.494 0.536 0.525 0.447 0.272 0.192 0.085 0.266 0.123 0.285 0.164 0.162 0.014 0.000 0.705 
395 0.348 0.391 0.520 0.444 0.447 0.545 0.622 0.495 0.526 0.536 0.445 0.270 0.189 0.090 0.266 0.127 0.285 0.159 0.158 0.014 0.001 0.706 
396 0.341 0.395 0.522 0.436 0.448 0.550 0.617 0.491 0.526 0.537 0.440 0.268 0.190 0.093 0.258 0.126 0.283 0.161 0.160 0.013 0.002 0.705 
397 0.340 0.391 0.512 0.431 0.445 0.543 0.630 0.488 0.534 0.542 0.437 0.269 0.191 0.089 0.251 0.132 0.285 0.164 0.160 0.014 0.002 0.709 
398 0.342 0.396 0.518 0.427 0.438 0.532 0.643 0.491 0.536 0.534 0.433 0.268 0.190 0.091 0.247 0.133 0.280 0.165 0.163 0.013 0.001 0.708 
399 0.341 0.403 0.520 0.426 0.451 0.540 0.638 0.498 0.529 0.532 0.444 0.274 0.187 0.095 0.246 0.133 0.288 0.167 0.155 0.013 0.001 0.705 
400 0.341 0.406 0.520 0.436 0.457 0.543 0.636 0.503 0.536 0.534 0.444 0.271 0.187 0.092 0.244 0.132 0.289 0.166 0.161 0.012 0.002 0.701 
401 0.345 0.408 0.513 0.432 0.457 0.558 0.630 0.500 0.530 0.526 0.450 0.275 0.189 0.098 0.243 0.131 0.296 0.168 0.160 0.016 0.003 0.702 
402 0.340 0.413 0.513 0.439 0.464 0.558 0.613 0.503 0.537 0.522 0.446 0.277 0.186 0.098 0.240 0.135 0.299 0.170 0.158 0.017 0.003 0.700 
403 0.344 0.413 0.503 0.445 0.469 0.561 0.611 0.502 0.527 0.531 0.445 0.275 0.191 0.096 0.238 0.141 0.296 0.175 0.149 0.015 0.002 0.700 
404 0.347 0.411 0.511 0.442 0.472 0.565 0.595 0.502 0.534 0.535 0.441 0.277 0.193 0.099 0.243 0.142 0.298 0.179 0.144 0.015 0.002 0.696 
405 0.347 0.405 0.509 0.436 0.470 0.578 0.601 0.503 0.537 0.536 0.439 0.279 0.191 0.102 0.237 0.142 0.301 0.180 0.142 0.014 0.002 0.695 
406 0.352 0.396 0.506 0.439 0.464 0.580 0.593 0.503 0.538 0.546 0.436 0.279 0.192 0.101 0.241 0.139 0.318 0.182 0.144 0.012 0.002 0.697 
407 0.353 0.391 0.507 0.439 0.468 0.608 0.587 0.513 0.531 0.552 0.437 0.279 0.192 0.099 0.245 0.142 0.318 0.188 0.150 0.013 0.002 0.695 
408 0.349 0.386 0.518 0.439 0.461 0.601 0.577 0.511 0.532 0.551 0.434 0.278 0.190 0.101 0.248 0.141 0.314 0.184 0.150 0.013 0.002 0.695 
409 0.346 0.387 0.519 0.432 0.458 0.602 0.574 0.510 0.534 0.554 0.433 0.278 0.193 0.100 0.246 0.138 0.315 0.182 0.163 0.012 0.002 0.695 
410 0.344 0.380 0.510 0.433 0.452 0.598 0.571 0.526 0.526 0.557 0.429 0.278 0.195 0.104 0.248 0.137 0.320 0.184 0.165 0.012 0.001 0.696 
411 0.342 0.378 0.513 0.432 0.458 0.608 0.585 0.523 0.531 0.553 0.431 0.280 0.199 0.103 0.246 0.137 0.308 0.186 0.164 0.011 0.002 0.695 
412 0.345 0.376 0.507 0.438 0.449 0.592 0.595 0.519 0.525 0.569 0.423 0.286 0.195 0.104 0.245 0.137 0.311 0.182 0.164 0.009 0.002 0.699 
413 0.346 0.373 0.512 0.447 0.449 0.605 0.622 0.521 0.523 0.578 0.424 0.285 0.190 0.103 0.246 0.132 0.309 0.179 0.167 0.012 0.002 0.690 
414 0.347 0.381 0.517 0.453 0.451 0.600 0.610 0.528 0.520 0.575 0.428 0.281 0.190 0.107 0.243 0.129 0.312 0.179 0.166 0.012 0.002 0.690 
415 0.348 0.389 0.510 0.459 0.453 0.599 0.604 0.528 0.524 0.577 0.431 0.277 0.190 0.105 0.242 0.132 0.316 0.171 0.160 0.013 0.002 0.691 
416 0.354 0.382 0.515 0.461 0.456 0.602 0.598 0.529 0.522 0.587 0.413 0.278 0.191 0.110 0.239 0.127 0.318 0.171 0.149 0.014 0.002 0.693 
417 0.352 0.381 0.519 0.458 0.460 0.596 0.623 0.527 0.531 0.582 0.411 0.283 0.194 0.113 0.241 0.121 0.321 0.165 0.160 0.018 0.002 0.695 
418 0.347 0.381 0.514 0.461 0.458 0.594 0.615 0.534 0.540 0.580 0.416 0.282 0.197 0.111 0.246 0.124 0.320 0.168 0.161 0.020 0.002 0.689 
419 0.350 0.377 0.519 0.447 0.463 0.589 0.622 0.531 0.533 0.576 0.407 0.282 0.196 0.109 0.252 0.124 0.315 0.173 0.154 0.021 0.002 0.689 
420 0.345 0.378 0.522 0.439 0.464 0.580 0.633 0.535 0.536 0.576 0.416 0.279 0.200 0.106 0.254 0.127 0.313 0.179 0.159 0.018 0.002 0.689 
421 0.344 0.372 0.519 0.433 0.472 0.586 0.630 0.534 0.529 0.573 0.412 0.287 0.201 0.107 0.257 0.125 0.305 0.176 0.170 0.016 0.002 0.691 
422 0.342 0.371 0.517 0.422 0.473 0.591 0.634 0.523 0.526 0.570 0.413 0.280 0.200 0.106 0.256 0.124 0.313 0.178 0.185 0.016 0.002 0.690 
423 0.349 0.374 0.519 0.430 0.476 0.587 0.626 0.516 0.522 0.565 0.419 0.277 0.198 0.106 0.254 0.126 0.322 0.181 0.183 0.016 0.002 0.690 
424 0.353 0.377 0.523 0.423 0.479 0.591 0.624 0.505 0.516 0.559 0.421 0.281 0.196 0.110 0.257 0.131 0.332 0.180 0.181 0.014 0.002 0.690 
425 0.351 0.381 0.518 0.427 0.477 0.586 0.613 0.505 0.519 0.561 0.428 0.277 0.193 0.120 0.252 0.134 0.336 0.181 0.179 0.014 0.002 0.692 
426 0.354 0.396 0.515 0.436 0.473 0.599 0.603 0.512 0.515 0.570 0.439 0.283 0.195 0.121 0.248 0.136 0.330 0.183 0.179 0.015 0.002 0.692 
427 0.353 0.400 0.518 0.439 0.468 0.595 0.599 0.517 0.521 0.564 0.446 0.280 0.202 0.118 0.248 0.138 0.332 0.180 0.178 0.014 0.002 0.694 
428 0.348 0.400 0.523 0.442 0.466 0.600 0.604 0.516 0.539 0.559 0.445 0.279 0.199 0.117 0.253 0.136 0.329 0.172 0.178 0.014 0.002 0.700 
429 0.351 0.402 0.521 0.448 0.462 0.598 0.596 0.519 0.535 0.566 0.442 0.284 0.199 0.117 0.254 0.136 0.331 0.173 0.178 0.016 0.002 0.706 
430 0.348 0.413 0.531 0.438 0.468 0.602 0.588 0.524 0.537 0.563 0.445 0.284 0.201 0.118 0.250 0.143 0.336 0.166 0.180 0.014 0.002 0.702 
431 0.350 0.420 0.533 0.439 0.471 0.596 0.594 0.521 0.531 0.555 0.442 0.282 0.206 0.111 0.250 0.148 0.334 0.169 0.178 0.015 0.002 0.704 
432 0.353 0.419 0.535 0.443 0.466 0.606 0.591 0.524 0.530 0.558 0.445 0.284 0.209 0.110 0.246 0.155 0.331 0.170 0.176 0.015 0.003 0.704 
433 0.354 0.411 0.542 0.449 0.468 0.607 0.590 0.521 0.523 0.558 0.449 0.283 0.209 0.112 0.243 0.159 0.334 0.174 0.187 0.017 0.003 0.699 
434 0.354 0.411 0.537 0.464 0.472 0.605 0.587 0.518 0.533 0.556 0.441 0.284 0.219 0.118 0.240 0.161 0.338 0.177 0.179 0.013 0.002 0.697 
435 0.352 0.404 0.531 0.457 0.473 0.606 0.607 0.519 0.526 0.551 0.435 0.284 0.215 0.124 0.239 0.163 0.340 0.180 0.179 0.012 0.002 0.691 
436 0.348 0.401 0.514 0.465 0.468 0.610 0.596 0.510 0.535 0.541 0.431 0.280 0.216 0.121 0.240 0.165 0.334 0.195 0.180 0.013 0.001 0.691 
437 0.345 0.400 0.517 0.459 0.471 0.612 0.605 0.510 0.528 0.537 0.422 0.280 0.219 0.121 0.245 0.165 0.340 0.188 0.180 0.013 0.001 0.690 
438 0.346 0.403 0.509 0.458 0.473 0.619 0.612 0.508 0.526 0.544 0.422 0.274 0.223 0.118 0.245 0.161 0.343 0.194 0.182 0.014 0.001 0.692 
439 0.349 0.407 0.509 0.450 0.483 0.617 0.615 0.519 0.515 0.537 0.431 0.273 0.222 0.118 0.246 0.163 0.340 0.188 0.183 0.012 0.002 0.689 
440 0.355 0.402 0.508 0.444 0.492 0.618 0.624 0.522 0.514 0.535 0.433 0.266 0.224 0.121 0.250 0.159 0.336 0.185 0.184 0.017 0.002 0.689 
441 0.355 0.414 0.510 0.449 0.493 0.608 0.611 0.526 0.515 0.537 0.428 0.263 0.223 0.124 0.257 0.158 0.346 0.184 0.176 0.017 0.002 0.692 
442 0.359 0.416 0.507 0.464 0.485 0.612 0.611 0.526 0.516 0.530 0.425 0.267 0.226 0.126 0.252 0.156 0.350 0.184 0.179 0.013 0.002 0.700 
443 0.356 0.415 0.500 0.468 0.488 0.599 0.620 0.525 0.518 0.535 0.416 0.266 0.229 0.122 0.252 0.155 0.353 0.177 0.185 0.015 0.002 0.696 
444 0.361 0.417 0.499 0.466 0.490 0.591 0.616 0.520 0.524 0.536 0.414 0.261 0.222 0.117 0.261 0.161 0.348 0.174 0.194 0.016 0.002 0.699 
445 0.359 0.413 0.496 0.462 0.490 0.601 0.628 0.518 0.513 0.538 0.415 0.271 0.217 0.123 0.249 0.161 0.347 0.176 0.192 0.014 0.002 0.701 
446 0.361 0.408 0.495 0.457 0.493 0.602 0.631 0.508 0.515 0.533 0.416 0.270 0.217 0.122 0.250 0.160 0.352 0.182 0.194 0.013 0.002 0.700 
447 0.358 0.413 0.491 0.460 0.495 0.604 0.621 0.508 0.518 0.532 0.415 0.269 0.222 0.122 0.254 0.162 0.352 0.188 0.204 0.017 0.002 0.696 
448 0.354 0.416 0.493 0.458 0.488 0.599 0.609 0.514 0.515 0.532 0.432 0.263 0.221 0.124 0.251 0.163 0.352 0.188 0.199 0.012 0.003 0.698 
449 0.346 0.421 0.492 0.442 0.488 0.585 0.606 0.513 0.533 0.527 0.424 0.268 0.219 0.120 0.250 0.164 0.354 0.185 0.214 0.011 0.003 0.698 
450 0.335 0.430 0.481 0.445 0.475 0.592 0.600 0.520 0.533 0.529 0.426 0.270 0.221 0.123 0.250 0.161 0.356 0.189 0.205 0.011 0.003 0.699 
451 0.334 0.433 0.485 0.455 0.474 0.599 0.583 0.521 0.531 0.528 0.425 0.269 0.224 0.128 0.255 0.157 0.342 0.192 0.208 0.013 0.002 0.697 
452 0.336 0.434 0.492 0.463 0.476 0.603 0.571 0.521 0.533 0.535 0.420 0.271 0.227 0.139 0.257 0.155 0.344 0.191 0.213 0.011 0.002 0.701 
453 0.333 0.439 0.493 0.454 0.481 0.602 0.562 0.521 0.535 0.535 0.416 0.269 0.228 0.134 0.257 0.148 0.340 0.192 0.210 0.010 0.003 0.699 
454 0.331 0.432 0.495 0.451 0.483 0.607 0.569 0.519 0.543 0.534 0.424 0.270 0.221 0.129 0.256 0.151 0.333 0.192 0.214 0.007 0.003 0.699 
455 0.329 0.428 0.490 0.448 0.483 0.605 0.578 0.515 0.531 0.536 0.431 0.270 0.226 0.133 0.254 0.151 0.323 0.194 0.215 0.007 0.003 0.698 
456 0.335 0.423 0.497 0.444 0.486 0.623 0.576 0.506 0.528 0.538 0.426 0.274 0.223 0.128 0.252 0.159 0.331 0.188 0.215 0.007 0.003 0.697 
457 0.334 0.425 0.505 0.443 0.491 0.627 0.571 0.507 0.525 0.537 0.431 0.275 0.225 0.126 0.256 0.153 0.325 0.192 0.216 0.008 0.003 0.702 
458 0.335 0.421 0.500 0.434 0.495 0.618 0.584 0.510 0.526 0.545 0.426 0.278 0.223 0.125 0.251 0.153 0.329 0.193 0.220 0.007 0.003 0.708 
459 0.335 0.416 0.510 0.433 0.497 0.634 0.607 0.508 0.531 0.540 0.438 0.282 0.224 0.133 0.249 0.150 0.334 0.198 0.212 0.007 0.003 0.713 
460 0.333 0.425 0.503 0.439 0.492 0.636 0.600 0.511 0.525 0.546 0.437 0.279 0.221 0.146 0.250 0.149 0.341 0.204 0.215 0.006 0.003 0.712 
461 0.341 0.424 0.508 0.442 0.493 0.639 0.597 0.510 0.523 0.543 0.433 0.281 0.211 0.150 0.256 0.152 0.341 0.211 0.207 0.006 0.003 0.712 
462 0.347 0.429 0.498 0.465 0.504 0.638 0.608 0.506 0.522 0.525 0.449 0.277 0.211 0.146 0.253 0.152 0.342 0.214 0.199 0.005 0.003 0.711 
463 0.346 0.429 0.492 0.467 0.511 0.629 0.615 0.504 0.518 0.517 0.443 0.280 0.212 0.149 0.249 0.151 0.352 0.207 0.200 0.006 0.003 0.712 
464 0.344 0.422 0.501 0.466 0.519 0.622 0.613 0.506 0.525 0.513 0.441 0.278 0.212 0.148 0.243 0.154 0.350 0.208 0.200 0.005 0.003 0.713 
465 0.345 0.423 0.496 0.459 0.523 0.627 0.614 0.499 0.526 0.518 0.441 0.276 0.214 0.140 0.245 0.151 0.354 0.203 0.195 0.005 0.003 0.710 
466 0.351 0.422 0.497 0.457 0.516 0.636 0.621 0.504 0.527 0.517 0.432 0.276 0.209 0.142 0.244 0.155 0.349 0.201 0.202 0.002 0.003 0.707 
467 0.353 0.424 0.500 0.457 0.515 0.656 0.620 0.507 0.530 0.516 0.426 0.275 0.209 0.136 0.246 0.151 0.356 0.201 0.204 0.002 0.002 0.710 
468 0.351 0.415 0.503 0.458 0.517 0.648 0.615 0.500 0.527 0.527 0.438 0.281 0.217 0.136 0.244 0.151 0.355 0.200 0.195 0.002 0.003 0.706 
469 0.353 0.411 0.504 0.449 0.508 0.646 0.623 0.505 0.531 0.525 0.438 0.286 0.214 0.142 0.251 0.154 0.355 0.197 0.192 0.002 0.002 0.704 
470 0.352 0.409 0.504 0.440 0.512 0.652 0.615 0.500 0.537 0.535 0.440 0.285 0.210 0.149 0.256 0.160 0.357 0.200 0.187 0.005 0.002 0.706 
471 0.357 0.420 0.507 0.445 0.501 0.649 0.623 0.507 0.537 0.546 0.447 0.286 0.206 0.151 0.257 0.162 0.359 0.198 0.194 0.005 0.002 0.700 
472 0.356 0.422 0.501 0.448 0.499 0.660 0.605 0.511 0.531 0.554 0.445 0.286 0.207 0.158 0.258 0.162 0.354 0.211 0.190 0.004 0.002 0.701 
473 0.353 0.429 0.492 0.458 0.499 0.648 0.599 0.520 0.538 0.576 0.451 0.288 0.206 0.154 0.262 0.161 0.352 0.209 0.189 0.005 0.002 0.697 
474 0.359 0.431 0.486 0.460 0.494 0.644 0.597 0.529 0.535 0.581 0.451 0.284 0.212 0.157 0.260 0.162 0.353 0.216 0.196 0.005 0.003 0.700 
475 0.357 0.436 0.484 0.458 0.488 0.644 0.591 0.529 0.534 0.574 0.454 0.283 0.214 0.160 0.260 0.160 0.349 0.217 0.196 0.004 0.003 0.700 
476 0.357 0.436 0.485 0.464 0.488 0.641 0.590 0.532 0.540 0.567 0.457 0.289 0.215 0.152 0.262 0.160 0.348 0.218 0.213 0.004 0.003 0.699 
477 0.354 0.436 0.492 0.468 0.481 0.641 0.605 0.534 0.538 0.559 0.457 0.294 0.217 0.152 0.261 0.161 0.345 0.219 0.208 0.003 0.003 0.692 
478 0.351 0.437 0.487 0.466 0.488 0.634 0.598 0.529 0.533 0.563 0.460 0.288 0.225 0.147 0.258 0.165 0.342 0.219 0.206 0.003 0.003 0.690 
479 0.348 0.438 0.498 0.474 0.495 0.623 0.594 0.524 0.538 0.553 0.455 0.287 0.228 0.142 0.257 0.164 0.340 0.216 0.208 0.004 0.003 0.688 
480 0.355 0.430 0.499 0.477 0.496 0.618 0.586 0.520 0.542 0.547 0.452 0.289 0.230 0.141 0.254 0.162 0.342 0.219 0.214 0.006 0.003 0.690 
481 0.353 0.428 0.495 0.484 0.495 0.622 0.589 0.517 0.548 0.539 0.448 0.291 0.228 0.142 0.256 0.156 0.342 0.219 0.215 0.007 0.003 0.693 
482 0.350 0.433 0.495 0.496 0.498 0.627 0.585 0.519 0.544 0.545 0.449 0.295 0.227 0.135 0.254 0.152 0.346 0.217 0.220 0.005 0.003 0.695 
483 0.354 0.431 0.501 0.498 0.495 0.627 0.599 0.521 0.549 0.556 0.450 0.296 0.231 0.134 0.257 0.148 0.344 0.218 0.220 0.003 0.003 0.692 
484 0.351 0.423 0.509 0.502 0.496 0.630 0.604 0.522 0.558 0.547 0.444 0.295 0.229 0.137 0.258 0.142 0.347 0.222 0.220 0.003 0.003 0.699 
485 0.347 0.423 0.506 0.503 0.501 0.617 0.622 0.520 0.560 0.545 0.450 0.292 0.227 0.138 0.263 0.137 0.346 0.221 0.220 0.003 0.003 0.703 
486 0.350 0.418 0.503 0.500 0.499 0.606 0.640 0.519 0.552 0.544 0.461 0.289 0.226 0.137 0.259 0.140 0.355 0.221 0.235 0.003 0.003 0.707 
487 0.347 0.437 0.505 0.499 0.493 0.611 0.640 0.509 0.558 0.537 0.469 0.283 0.224 0.142 0.260 0.138 0.359 0.222 0.227 0.003 0.003 0.710 
488 0.347 0.433 0.504 0.496 0.496 0.603 0.625 0.510 0.558 0.528 0.476 0.287 0.227 0.148 0.261 0.134 0.350 0.230 0.217 0.004 0.003 0.708 
489 0.355 0.423 0.501 0.501 0.496 0.607 0.620 0.512 0.554 0.533 0.469 0.292 0.234 0.148 0.261 0.136 0.346 0.225 0.212 0.004 0.003 0.702 
490 0.356 0.423 0.491 0.498 0.491 0.622 0.611 0.517 0.561 0.523 0.467 0.289 0.232 0.143 0.262 0.141 0.343 0.224 0.205 0.004 0.003 0.701 
491 0.359 0.427 0.494 0.496 0.489 0.629 0.593 0.519 0.571 0.531 0.471 0.282 0.234 0.152 0.257 0.146 0.349 0.217 0.202 0.007 0.003 0.699 
492 0.359 0.423 0.492 0.495 0.489 0.650 0.583 0.518 0.576 0.540 0.460 0.278 0.225 0.156 0.259 0.150 0.345 0.222 0.199 0.007 0.004 0.702 
493 0.365 0.419 0.499 0.504 0.491 0.664 0.574 0.516 0.584 0.543 0.463 0.269 0.224 0.158 0.262 0.157 0.343 0.227 0.213 0.007 0.003 0.705 
494 0.368 0.414 0.495 0.499 0.487 0.668 0.575 0.518 0.577 0.543 0.456 0.271 0.222 0.153 0.261 0.160 0.334 0.226 0.211 0.009 0.004 0.699 
495 0.365 0.419 0.499 0.504 0.485 0.669 0.573 0.516 0.575 0.544 0.458 0.266 0.222 0.158 0.256 0.157 0.337 0.223 0.214 0.009 0.004 0.700 
496 0.358 0.423 0.497 0.514 0.475 0.666 0.587 0.513 0.575 0.540 0.458 0.269 0.221 0.157 0.257 0.155 0.337 0.219 0.207 0.009 0.004 0.697 
497 0.364 0.425 0.499 0.516 0.473 0.665 0.617 0.522 0.581 0.545 0.456 0.270 0.219 0.156 0.254 0.157 0.338 0.230 0.200 0.009 0.004 0.695 
498 0.362 0.427 0.501 0.518 0.473 0.643 0.611 0.527 0.580 0.540 0.452 0.269 0.219 0.156 0.254 0.160 0.352 0.232 0.192 0.010 0.004 0.694 
499 0.360 0.426 0.500 0.516 0.475 0.651 0.622 0.533 0.568 0.544 0.453 0.267 0.225 0.157 0.254 0.157 0.347 0.230 0.202 0.011 0.005 0.693 