0 0 0 0 0 0 0 0 0 9 0 0 0 8 14 0 0 0 15 0 0 14 0 60
1 0 0 0 0 0 0 0 0 0 0 0 0 0 11 0 0 0 0 0 0 38 0 49
2 0 0 0 0 0 0 0 0 0 0 0 0 0 7 0 0 0 11 0 0 26 0 44
3 0 0 0 0 0 0 0 0 0 0 0 0 0 0 0 0 0 2 1 0 48 0 51
4 0 14 0 0 0 0 0 0 0 1 0 0 9 1 0 0 0 0 0 0 19 0 44
5 0 0 0 0 0 0 0 1 11 0 1 0 0 23 0 0 0 2 0 0 24 0 62
6 0 0 0 0 0 0 0 0 0 0 0 0 0 0 0 0 0 8 0 0 6 0 14
7 0 0 0 0 0 0 0 0 4 0 0 0 0 12 0 5 0 1 0 0 24 0 46
8 0 0 0 0 0 0 0 6 12 1 0 1 0 9 0 0 19 11 0 0 11 0 70
9 0 0 0 0 0 0 0 0 1 0 0 0 0 0 0 0 0 1 0 0 15 0 17
10 0 11 0 0 0 0 0 0 1 0 0 10 7 14 0 0 0 0 0 0 0 0 43
11 0 0 0 0 0 0 0 0 0 0 0 0 27 10 0 17 0 9 0 0 14 0 77
12 1 0 0 0 0 0 0 0 0 0 0 0 0 0 0 0 0 0 0 19 17 0 37
13 0 0 0 0 0 5 0 0 0 0 11 0 0 0 0 0 0 1 0 0 0 0 17
14 0 0 0 0 0 0 0 0 1 1 0 18 14 0 0 0 0 0 0 0 0 0 34
15 0 1 0 0 0 0 0 0 0 0 10 0 0 0 0 0 0 0 0 0 2 0 13
16 0 0 0 0 0 0 0 0 0 3 0 16 0 1 0 0 0 1 0 0 9 0 30
17 0 1 0 0 0 0 0 0 0 0 0 0 15 0 0 20 0 1 0 0 32 0 69
18 0 12 0 0 0 0 0 0 0 0 8 0 9 16 0 0 0 0 0 0 0 0 45
19 0 0 0 0 13 0 0 0 0 0 29 0 0 12 0 0 0 0 0 0 0 0 54
20 0 0 0 0 0 0 0 0 0 0 0 0 0 0 0 0 0 2 0 0 3 0 5
21 0 0 0 0 0 0 0 0 24 0 0 0 0 1 0 0 0 1 0 0 23 0 49
22 0 15 0 0 0 0 0 0 1 0 0 0 0 1 0 0 0 8 0 0 0 0 25
23 0 0 12 0 0 0 0 0 1 0 0 0 0 1 0 15 0 18 0 0 17 0 64
24 0 8 0 0 22 0 17 0 0 1 6 0 0 6 0 0 0 0 0 0 8 0 68
25 0 0 0 0 0 0 0 0 0 0 0 0 0 2 0 0 0 0 0 0 0 0 2
26 0 0 0 0 0 1 0 0 30 0 1 0 0 0 0 0 0 0 0 0 1 0 33
27 0 0 0 0 0 0 0 0 13 71 48 0 16 0 0 0 0 0 0 0 10 0 158
28 0 0 0 0 0 1 0 0 1 0 0 0 0 0 0 0 0 0 0 0 0 0 2
29 0 0 0 0 0 0 0 0 28 1 1 0 0 0 0 0 0 0 0 0 24 0 54
30 0 1 0 0 0 0 6 0 23 1 2 0 0 0 0 0 0 0 0 0 55 0 88
31 1 10 0 0 0 0 0 0 12 0 1 8 0 0 0 0 0 0 0 0 25 0 57
32 0 0 0 0 0 2 0 0 3 0 51 0 0 0 0 0 0 1 0 0 66 0 123
33 0 0 0 15 0 0 0 0 0 43 40 0 1 0 0 14 0 0 0 0 0 0 113
34 0 0 0 0 0 0 0 0 0 19 53 0 0 1 0 0 0 0 0 0 0 0 73
35 0 0 0 0 0 0 0 0 12 4 70 0 1 1 0 0 22 0 0 0 0 0 110
36 0 0 0 0 0 0 0 0 0 0 37 15 0 12 0 0 0 1 0 0 2 0 67
37 11 0 0 0 0 0 0 0 1 32 0 0 0 8 0 0 0 0 0 0 1 0 53
38 1 0 0 0 0 0 0 0 0 0 10 0 10 1 0 0 0 0 0 0 0 0 22
39 0 0 0 0 0 0 0 0 6 19 1 0 0 2 0 7 0 0 0 0 0 0 35
40 14 0 0 0 0 0 0 0 8 105 0 0 17 0 0 0 0 0 0 0 1 0 145
41 14 0 0 0 0 0 0 46 1 1 0 0 3 21 0 0 2 24 0 0 10 0 122
42 0 0 11 0 0 0 0 0 18 14 0 0 0 1 0 0 1 0 0 0 0 0 45
43 0 0 0 0 0 0 0 0 0 13 103 0 6 12 0 0 0 21 15 0 1 0 171
44 0 29 0 0 1 0 0 1 0 0 99 0 0 0 0 0 0 0 0 0 1 0 131
45 0 4 0 0 0 0 0 0 25 40 20 0 0 8 0 0 0 19 0 0 46 0 162
46 0 12 0 0 0 0 0 0 2 63 166 0 1 0 0 0 0 12 0 0 48 0 304
47 0 52 0 0 0 0 0 16 28 33 0 0 2 1 0 0 0 11 0 0 33 0 176
48 0 1 0 0 0 0 0 0 15 14 25 0 1 30 0 0 0 2 0 0 25 0 113
49 0 0 0 0 0 0 0 23 10 30 15 0 14 0 0 0 0 0 0 0 40 0 132
50 8 0 0 1 0 0 2 4 23 81 1 0 10 0 0 0 0 0 0 2 34 0 166
51 0 2 0 0 7 0 0 0 15 9 18 0 14 0 0 0 0 0 0 1 2 0 68
52 0 2 0 0 0 0 0 7 25 2 29 0 0 1 1 0 0 0 0 0 0 0 67
53 0 3 0 0 0 0 0 0 0 39 0 1 0 3 0 0 0 0 0 0 1 0 47
54 0 1 0 0 0 0 0 10 50 62 69 0 0 0 0 1 0 0 0 0 0 0 193
55 0 26 0 0 0 0 2 0 0 18 32 0 0 0 0 0 0 0 0 0 1 0 79
56 0 4 0 0 0 0 0 29 15 37 13 0 0 10 0 0 0 0 0 0 55 0 163
57 0 1 0 0 0 0 19 1 28 99 45 13 4 0 0 0 0 0 0 0 0 0 210
58 0 2 0 0 0 0 0 0 24 96 15 0 0 0 0 0 15 0 0 0 2 0 154
59 0 28 0 0 0 0 1 0 37 49 44 0 0 0 0 0 0 13 0 0 18 0 190
60 0 1 0 0 0 4 0 0 37 36 8 1 1 0 0 0 0 0 7 0 13 0 108
61 0 0 0 0 0 1 0 0 12 12 21 0 0 22 0 9 0 0 0 0 1 0 78
62 0 0 0 0 0 1 0 0 2 8 32 14 0 0 0 0 0 0 0 0 28 0 85
63 0 0 0 0 0 0 0 0 2 28 49 1 21 0 0 0 0 0 0 0 10 0 111
64 0 0 0 0 0 0 0 35 1 45 81 0 0 0 0 1 0 0 0 0 22 0 185
65 0 0 2 0 20 0 0 1 7 28 1 0 0 13 0 0 0 0 0 0 8 0 80
66 0 0 0 0 0 0 0 0 0 7 86 0 1 0 0 0 11 0 0 0 21 0 126
67 0 0 0 0 0 0 0 0 4 15 97 0 7 0 0 0 0 15 0 0 29 0 167
68 0 0 0 0 0 0 0 1 23 6 63 0 20 0 0 18 0 0 0 0 82 0 213
69 0 1 0 0 0 0 0 16 16 2 45 0 0 1 0 0 1 0 0 0 13 0 95
70 1 0 0 0 0 0 0 23 1 10 35 11 0 0 0 0 0 0 0 0 0 0 81
71 0 23 0 0 0 0 0 0 17 30 6 0 0 0 0 0 0 0 0 0 8 0 84
72 0 0 0 0 0 0 0 0 12 2 5 0 0 35 0 0 13 0 14 0 26 0 107
73 14 0 0 0 0 0 2 0 14 5 8 16 0 1 0 0 0 0 0 0 10 0 70
74 1 1 0 14 0 0 8 0 27 45 28 0 1 0 0 0 0 0 0 0 1 0 126
75 0 0 0 0 0 0 0 41 0 99 80 9 7 0 0 2 0 0 0 0 1 0 239
76 0 32 0 0 1 0 19 1 4 18 46 0 7 29 0 0 0 0 0 0 0 0 157
77 1 0 1 0 0 0 0 1 13 13 18 0 0 0 0 1 0 0 6 1 9 0 64
78 0 17 0 0 0 23 3 1 18 54 57 1 0 0 0 0 1 0 0 0 38 0 213
79 0 52 0 0 0 0 0 59 2 50 16 5 41 0 0 0 0 0 0 0 9 0 234
80 12 32 0 0 1 0 0 126 2 41 21 1 0 1 0 0 0 0 0 0 0 0 237
81 0 0 0 0 0 1 1 0 29 10 12 0 1 0 0 0 1 0 0 0 1 0 56
82 0 2 0 0 0 0 1 0 35 54 2 0 11 2 0 1 0 0 0 0 0 0 108
83 0 84 0 0 0 0 0 29 62 3 19 12 0 8 0 0 0 0 0 0 35 0 252
84 0 29 0 0 0 0 1 0 8 46 8 0 1 0 0 0 0 9 11 0 39 0 152
85 0 2 0 8 1 0 0 29 1 2 56 0 0 0 0 0 11 0 0 0 29 0 139
86 1 0 0 0 0 0 0 0 8 34 17 0 0 0 0 0 9 0 0 9 27 0 105
87 0 0 0 0 0 0 0 31 42 28 24 0 0 43 0 0 0 0 0 5 12 0 185
88 0 29 1 0 0 0 0 0 1 46 71 1 0 0 15 0 1 0 0 0 0 0 165
89 0 0 0 0 0 0 1 1 16 35 18 1 0 0 0 0 0 0 0 0 27 0 99
90 0 0 0 0 0 1 0 73 4 47 52 2 1 0 0 0 0 0 0 0 1 0 181
91 0 0 0 0 0 0 0 66 1 25 46 1 0 0 0 0 0 14 0 0 12 0 165
92 113 0 0 0 0 0 0 25 11 48 98 40 0 0 1 0 0 1 0 0 0 0 337
93 0 37 0 0 0 28 1 6 81 25 23 18 0 0 0 0 0 18 0 0 0 0 237
94 0 36 0 0 0 25 2 50 18 8 19 21 0 0 0 0 0 0 0 0 14 0 193
95 0 19 0 0 0 1 2 10 0 11 42 10 18 0 0 0 0 0 0 0 16 0 129
96 1 0 0 0 0 32 11 0 2 0 32 15 0 1 0 0 0 0 0 0 0 0 94
97 0 24 0 0 0 0 4 0 25 52 25 4 0 0 0 0 0 10 0 0 14 0 158
98 0 0 0 0 0 0 2 0 0 16 2 0 14 0 0 1 0 1 0 0 22 0 58
99 0 0 0 0 0 15 36 0 1 39 30 22 1 0 0 0 0 0 0 0 13 0 157
100 0 0 1 0 0 0 49 21 22 12 29 1 0 0 0 0 0 0 0 0 28 0 163
101 16 0 11 0 0 0 29 0 1 9 57 12 0 0 0 0 0 0 0 0 11 0 146
102 0 0 0 0 0 1 33 0 16 19 5 0 14 7 0 0 0 19 0 0 36 0 150
103 0 0 0 0 0 0 28 9 30 3 23 0 0 0 1 27 0 0 0 13 1 0 135
104 0 2 0 0 0 22 10 1 10 16 43 1 0 0 0 0 0 0 0 0 47 0 152
105 0 0 12 0 0 1 37 46 0 32 0 67 0 0 0 0 0 0 0 0 36 0 231
106 0 0 0 0 0 71 28 37 12 58 0 0 0 0 0 0 0 0 0 1 44 0 251
107 0 37 0 1 0 0 32 3 2 30 21 0 0 0 0 0 1 0 0 0 60 0 187
108 0 2 0 0 0 0 2 5 37 25 33 44 2 0 0 0 1 0 0 0 2 0 153
109 1 0 36 0 0 32 55 53 13 47 71 52 0 0 0 0 0 0 0 0 15 0 375
110 33 3 0 0 0 19 33 69 29 2 37 36 12 13 0 0 0 1 0 20 0 0 307
111 0 16 0 0 0 2 9 22 24 85 25 0 0 0 0 0 0 0 0 1 0 0 184
112 0 16 0 0 0 0 25 13 1 10 70 67 1 0 0 0 0 0 0 0 9 0 212
113 3 4 0 0 16 1 1 0 2 54 27 0 1 0 0 0 0 0 1 0 21 0 131
114 40 29 0 0 0 6 1 15 4 31 41 0 1 25 0 0 0 0 1 1 2 0 197
115 0 3 1 0 0 2 5 0 29 28 42 1 1 1 0 0 1 2 0 0 0 0 116
116 1 27 20 0 0 35 0 19 1 8 45 2 8 0 0 0 0 0 0 1 0 0 167
117 9 19 0 0 27 1 12 0 31 12 27 2 0 1 0 0 0 0 0 0 14 0 155
118 30 2 3 0 0 2 0 24 23 31 8 59 2 0 0 1 0 0 0 6 20 0 211
119 0 15 8 0 12 0 33 38 17 37 49 29 8 16 0 0 15 0 0 0 38 0 315
120 1 14 0 0 0 0 30 78 2 34 69 57 48 0 0 1 0 3 0 0 0 0 337
121 0 72 0 0 0 9 60 18 36 14 21 51 9 0 0 0 1 0 0 0 1 0 292
122 0 1 21 0 0 29 10 119 0 14 33 65 0 0 0 0 0 0 0 11 15 0 318
123 0 54 12 0 0 0 32 0 5 27 30 71 0 0 0 0 10 1 0 0 21 0 263
124 0 1 16 0 0 12 1 45 29 31 36 2 0 1 0 13 0 0 0 0 22 0 209
125 0 0 0 0 0 0 15 9 1 6 72 30 0 0 0 10 0 0 0 0 34 0 177
126 0 0 9 0 0 1 0 6 12 24 9 50 1 0 0 0 0 0 0 1 41 0 154
127 0 0 26 0 0 15 55 0 22 8 7 0 13 0 0 11 0 0 1 14 10 0 182
128 0 0 0 0 0 11 6 11 25 103 27 0 0 0 0 0 0 0 0 0 0 0 183
129 0 0 9 11 0 3 21 71 10 10 111 46 1 0 0 0 8 0 0 1 0 0 302
130 14 0 16 0 0 0 16 40 15 39 54 1 20 0 0 0 2 1 1 1 2 0 222
131 0 0 10 7 0 12 28 7 6 64 28 0 0 1 0 0 0 0 0 1 0 0 164
132 0 11 0 0 0 0 16 47 1 2 26 0 0 13 0 0 2 12 0 0 3 0 133
133 13 1 41 0 11 0 0 42 50 27 8 3 0 20 17 0 0 0 1 0 6 0 240
134 0 0 0 0 0 59 5 41 47 34 10 34 1 1 0 0 2 12 0 0 23 0 269
135 1 101 0 0 0 1 49 81 21 4 15 94 11 0 0 0 0 0 16 0 19 0 413
136 1 1 1 0 0 2 25 51 0 2 34 27 0 0 0 0 0 1 0 11 8 0 164
137 0 17 2 0 0 1 2 0 38 19 3 53 9 0 0 15 0 0 0 0 0 0 159
138 0 10 34 0 0 18 11 1 0 19 4 28 0 0 1 0 2 0 0 7 50 0 185
139 3 1 17 1 0 0 17 1 30 13 24 31 0 0 0 0 0 0 0 5 44 0 187
140 0 52 12 0 0 38 12 12 9 18 49 36 8 0 0 0 0 0 0 0 53 0 299
141 1 13 1 0 0 5 21 1 23 28 19 1 0 0 0 0 9 1 0 0 18 0 141
142 0 9 8 0 0 0 10 0 1 55 0 0 0 28 0 0 0 0 10 0 29 0 150
143 10 0 1 0 1 47 32 0 0 35 1 0 20 0 0 0 0 0 0 7 30 0 184
144 0 0 0 0 6 0 11 21 43 21 20 10 0 19 0 0 0 24 0 0 0 0 175
145 0 32 0 0 1 0 0 34 75 34 6 0 3 0 1 0 0 19 0 0 0 0 205
146 42 0 0 0 0 29 5 57 1 37 10 0 9 0 17 0 0 22 0 8 10 0 247
147 1 3 0 0 0 15 18 43 8 12 46 15 8 0 1 0 0 0 0 0 1 0 171
148 0 29 40 0 0 21 19 19 56 26 54 22 13 0 0 0 0 0 0 0 3 0 302
149 1 21 0 0 0 8 48 14 34 26 0 23 0 0 0 0 0 0 0 10 14 0 199
150 14 1 0 19 0 8 0 2 31 1 2 21 27 0 0 0 21 0 0 0 0 0 147
151 0 16 16 1 0 2 1 46 14 8 13 81 47 0 18 0 0 1 0 0 0 0 264
152 0 44 0 0 0 1 0 42 39 10 10 27 34 1 0 0 5 0 0 8 0 0 221
153 2 43 30 0 0 1 7 10 27 83 50 45 25 0 16 0 0 0 0 0 32 0 371
154 37 1 7 0 0 0 2 36 39 31 20 40 0 36 0 0 0 0 0 0 81 0 330
155 4 19 0 0 0 2 21 27 20 4 2 29 0 0 0 0 0 0 6 0 18 0 152
156 29 0 0 0 1 20 15 135 22 11 49 45 8 0 1 0 0 0 0 0 19 0 355
157 12 0 7 0 0 1 0 31 2 46 13 47 0 0 0 0 0 0 3 8 35 0 205
158 1 3 11 0 0 1 40 26 10 84 57 10 1 0 2 0 0 0 0 1 32 0 279
159 21 30 3 0 0 1 19 15 35 7 34 1 11 0 20 0 0 11 0 2 31 0 241
160 0 46 0 0 0 0 1 24 48 7 45 0 17 0 10 0 0 8 0 1 18 0 225
161 3 35 1 0 0 28 18 13 66 20 25 2 42 1 0 0 0 1 0 0 10 0 265
162 0 50 23 0 0 2 30 0 0 7 9 0 21 1 0 0 0 0 0 0 18 0 161
163 0 12 12 0 0 19 15 15 36 49 18 101 25 9 31 0 0 0 0 1 29 0 372
164 6 17 34 0 0 0 9 0 9 18 1 28 0 19 0 0 0 0 0 0 39 0 180
165 1 0 2 0 0 26 27 0 11 23 20 0 23 0 23 0 0 0 0 0 1 0 157
166 30 0 1 0 0 62 4 23 74 25 38 15 0 0 11 0 0 0 0 0 2 0 285
167 0 0 4 0 0 62 15 46 28 23 31 74 0 0 0 0 0 0 0 2 1 0 286
168 1 1 27 0 31 1 30 60 48 60 3 24 0 1 46 1 0 1 0 0 0 0 335
169 0 14 1 1 0 1 22 14 1 40 11 17 16 0 1 0 0 0 0 0 1 0 140
170 20 29 0 0 0 1 52 38 1 71 26 53 2 0 41 0 0 0 0 0 12 0 346
171 38 50 1 0 26 46 16 47 27 1 57 56 24 0 49 0 0 0 0 0 1 0 439
172 10 6 1 0 4 16 13 34 63 34 14 46 3 0 19 4 0 0 0 1 52 0 320
173 2 1 30 0 22 3 15 29 24 37 20 43 79 23 34 0 0 7 0 0 77 0 446
174 26 24 0 0 0 22 6 58 60 19 20 92 9 19 85 0 0 0 1 0 7 0 448
175 31 58 1 0 13 1 39 35 1 13 3 23 12 0 36 0 0 2 0 11 73 0 352
176 1 48 0 0 0 9 42 25 61 8 61 8 11 11 54 0 0 1 0 0 9 0 349
177 0 1 21 0 0 23 40 35 47 28 10 29 59 0 47 0 0 3 0 17 0 0 360
178 0 30 0 0 0 0 48 145 85 44 15 31 1 0 36 0 1 23 0 0 31 0 490
179 0 42 5 44 1 9 24 35 50 28 12 20 10 0 4 0 2 0 0 1 1 0 288
180 0 24 6 0 1 38 14 59 28 10 0 50 25 17 63 0 0 0 0 0 0 0 335
181 0 8 0 0 0 1 24 24 28 35 11 46 1 0 1 0 26 0 0 0 0 0 205
182 33 36 0 0 0 2 8 94 2 13 4 79 31 5 105 0 0 0 0 0 0 0 412
183 86 77 1 0 0 13 29 88 24 11 15 22 37 1 1 0 12 0 0 7 4 0 428
184 103 25 16 0 0 1 13 37 65 51 57 14 0 0 71 0 0 0 0 13 0 0 466
185 3 56 0 0 0 3 1 73 31 22 0 1 0 0 24 15 0 0 0 0 21 0 250
186 4 0 0 0 0 41 22 38 30 39 12 52 38 0 1 0 0 0 0 0 1 0 278
187 1 26 27 0 2 10 2 101 4 23 17 43 0 0 42 0 0 0 0 0 20 0 318
188 1 18 46 0 0 23 1 34 20 44 22 38 0 0 99 11 0 0 0 0 2 0 359
189 0 7 17 0 31 38 1 54 9 10 21 41 42 0 67 0 0 8 0 11 43 0 400
190 6 27 5 0 34 1 5 23 21 3 14 13 0 0 19 14 0 42 0 0 40 0 267
191 0 23 29 0 79 1 34 13 15 45 30 11 0 51 33 0 0 0 4 0 57 0 425
192 0 17 18 0 51 5 17 2 63 77 28 55 45 10 17 0 0 0 0 0 43 0 448
193 1 0 2 0 0 0 11 24 81 3 11 21 103 2 1 1 0 0 0 6 0 0 267
194 0 13 41 0 0 1 11 24 26 12 41 32 1 0 25 20 0 0 31 1 1 0 280
195 28 22 49 0 0 14 34 4 3 5 54 33 20 0 4 0 0 1 0 0 10 0 281
196 28 0 24 0 7 26 9 90 45 22 18 18 19 26 17 0 0 2 0 0 1 0 352
197 45 0 0 0 0 15 37 115 43 35 55 106 13 32 1 0 0 0 0 14 0 0 511
198 42 1 0 0 1 1 21 31 36 62 34 41 96 7 1 1 0 0 0 0 10 0 385
199 1 24 0 1 1 10 1 81 73 31 16 19 16 0 4 0 0 11 0 0 17 0 306
200 2 57 0 0 0 1 26 19 33 16 8 1 15 0 34 1 1 0 0 1 15 0 230
201 29 45 11 0 1 23 10 53 63 58 28 0 1 0 86 7 8 0 0 0 1 0 424
202 66 1 37 2 64 1 18 25 2 63 2 1 4 0 2 0 0 0 0 0 37 0 325
203 5 59 0 0 32 14 35 26 53 45 32 0 100 0 1 0 0 0 17 0 97 0 516
204 1 2 0 59 28 13 37 4 23 43 3 11 0 48 43 0 17 2 0 0 59 0 393
205 1 39 6 4 20 21 15 98 33 20 46 3 0 13 42 0 0 14 0 1 10 0 386
206 56 29 1 0 3 10 1 56 36 2 31 7 12 1 65 0 1 0 0 1 9 0 321
207 0 32 15 0 1 25 3 13 49 46 18 33 1 34 68 5 0 0 0 21 2 0 366
208 1 18 0 0 10 1 15 112 42 14 24 45 41 24 4 0 0 0 0 0 27 0 378
209 0 1 1 0 29 25 18 35 31 61 12 56 0 0 15 0 0 1 0 1 4 0 290
210 1 30 15 0 75 15 25 26 20 42 56 69 18 0 25 0 14 1 0 11 0 0 443
211 13 4 2 16 1 9 44 4 15 18 14 26 35 32 4 2 0 0 0 11 1 0 251
212 0 3 1 16 1 32 21 1 60 46 34 14 37 0 91 0 0 0 0 0 0 0 357
213 0 18 10 0 19 0 5 4 47 33 15 58 3 0 42 0 0 1 0 0 1 0 256
214 0 60 1 0 1 1 2 68 79 30 37 46 16 7 58 15 0 0 0 0 0 0 421
215 20 0 1 0 50 0 7 27 32 22 43 38 31 0 32 0 0 0 0 0 0 0 303
216 32 5 22 0 30 1 50 72 9 13 4 40 113 0 5 1 0 0 10 0 55 0 462
217 0 36 30 24 2 30 38 74 17 54 46 63 69 0 4 24 0 0 0 0 22 0 533
218 9 23 13 7 23 1 44 55 47 42 1 36 9 0 0 0 0 32 0 2 2 0 346
219 0 0 1 36 1 1 18 52 81 44 48 23 1 0 9 0 0 0 0 16 8 0 339
220 0 48 25 75 33 0 17 61 7 13 68 25 13 0 8 0 0 8 0 0 10 0 411
221 10 0 19 13 2 3 37 68 11 28 13 53 0 0 24 0 0 0 0 9 28 0 318
222 44 12 2 4 22 18 30 17 30 27 13 48 21 8 56 0 0 0 1 1 4 0 358
223 34 0 1 50 12 5 6 35 46 2 45 54 10 1 39 0 0 0 1 0 41 0 382
224 14 0 17 27 35 1 2 12 23 12 4 19 0 0 24 0 0 0 0 9 33 0 232
225 9 2 27 1 3 11 73 3 48 24 26 51 1 0 53 0 13 0 0 0 25 0 370
226 0 1 69 26 36 1 3 1 16 2 31 60 1 0 66 0 18 0 11 6 68 0 416
227 0 108 29 7 36 8 2 19 32 19 22 63 0 1 105 0 11 0 0 1 42 0 505
228 49 58 6 63 47 11 1 27 25 30 3 43 0 43 21 0 0 0 0 0 10 0 437
229 0 2 10 0 42 1 22 31 12 33 56 59 0 0 14 0 0 37 7 0 2 0 328
230 0 18 19 0 5 0 29 30 41 40 47 78 8 32 0 0 0 0 0 4 14 0 365
231 1 7 2 0 17 10 18 40 4 24 12 1 43 19 1 1 0 0 0 9 1 0 210
232 0 64 24 0 0 13 28 82 60 23 18 8 49 2 0 0 0 0 0 20 1 0 392
233 0 50 22 0 27 0 12 41 16 45 3 0 3 0 68 0 0 0 0 0 2 0 289
234 8 31 49 32 0 0 20 27 24 13 12 10 5 0 41 1 0 12 0 0 2 0 287
235 0 15 8 0 0 2 32 34 28 1 23 45 71 0 43 0 0 0 8 0 8 0 318
236 23 12 16 16 0 9 35 74 33 17 53 7 18 0 57 0 17 0 0 0 10 0 397
237 32 14 34 1 1 1 4 37 44 17 24 28 1 1 54 0 0 0 1 0 0 0 294
238 1 1 0 61 0 26 16 0 91 7 6 98 12 0 103 0 0 0 0 1 0 0 423
239 55 1 15 22 45 18 0 0 48 62 66 27 3 0 1 0 0 0 5 15 12 0 395
240 13 15 7 0 13 28 20 21 14 23 16 29 47 0 28 0 0 0 0 0 24 0 298
241 25 16 1 24 7 1 32 9 5 14 22 11 42 1 9 0 0 0 5 5 1 0 230
242 16 2 17 34 17 25 12 90 28 29 63 17 1 1 7 0 0 0 2 0 0 0 361
243 0 35 2 0 37 0 2 70 22 94 142 26 0 1 32 1 0 0 0 0 22 0 486
244 28 82 40 7 20 0 43 77 31 65 1 27 12 1 24 0 0 48 7 0 0 0 513
245 1 6 0 0 24 2 45 115 34 10 50 46 11 20 2 0 13 4 0 0 1 0 384
246 14 2 13 0 8 9 22 30 50 21 1 41 3 36 108 0 0 0 0 8 0 0 366
247 1 16 9 0 17 15 26 14 65 3 25 46 51 8 72 0 0 0 0 0 58 0 426
248 43 48 2 0 6 0 4 10 3 2 1 17 0 0 46 0 23 0 0 2 41 0 248
249 11 23 6 0 11 23 8 50 52 33 29 63 71 23 15 0 0 0 0 20 21 0 459
250 0 39 0 39 61 1 55 51 30 31 8 77 16 22 39 0 0 28 0 0 63 0 560
251 0 6 11 5 39 12 68 23 26 45 25 10 10 1 7 0 0 0 28 7 0 0 323
252 20 0 2 0 0 0 40 64 31 13 52 55 1 1 35 0 0 18 0 19 38 0 389
253 15 0 0 0 0 7 47 23 64 10 32 40 112 0 22 0 0 0 17 19 6 0 414
254 2 0 1 1 0 19 36 26 53 11 16 94 5 0 46 0 0 0 30 1 0 0 341
255 17 1 8 42 0 47 14 28 16 59 8 31 15 0 20 11 0 0 0 9 1 0 327
256 90 0 2 1 1 0 48 104 13 30 3 2 10 15 16 0 0 0 0 4 6 0 345
257 39 39 2 3 1 36 34 8 4 81 2 63 29 0 63 0 0 0 1 10 10 0 425
258 0 58 10 1 83 9 7 37 46 29 40 38 0 0 28 0 0 0 0 1 12 0 399
259 0 32 1 27 0 30 11 37 26 1 25 39 8 0 18 0 0 0 0 13 0 0 268
260 25 24 27 64 1 2 2 2 85 54 49 5 11 0 2 0 0 0 1 3 0 0 357
261 0 0 14 0 18 37 23 9 45 15 2 13 22 42 50 0 0 2 4 0 3 0 299
262 15 87 25 9 3 0 82 10 38 3 7 80 63 2 2 0 0 0 5 0 0 0 431
263 0 3 0 62 27 0 1 34 44 7 14 21 21 0 0 1 0 0 0 0 0 0 235
264 1 23 43 38 40 27 25 4 79 17 30 0 25 94 0 0 0 0 0 0 5 0 451
265 17 54 1 44 29 3 17 26 34 31 31 0 37 15 1 0 0 0 0 0 52 0 392
266 1 32 12 0 49 19 51 13 18 1 46 1 2 1 22 0 0 0 0 0 62 0 330
267 0 7 0 4 31 3 45 56 49 45 6 0 32 0 13 0 1 0 0 0 47 0 339
268 0 14 15 1 28 23 44 39 40 73 57 0 36 6 4 0 0 0 0 9 0 0 389
269 1 0 53 32 2 24 17 23 32 14 6 33 1 0 20 15 1 0 0 1 14 0 289
270 0 0 29 0 32 20 40 48 11 56 40 44 63 12 29 0 29 0 0 1 0 0 454
271 0 0 11 0 14 3 25 17 19 27 41 75 16 0 57 0 0 4 0 0 16 0 325
272 24 0 23 0 17 2 15 30 61 2 58 64 85 0 28 0 0 3 0 29 0 0 441
273 43 1 1 0 9 0 26 58 89 58 66 55 31 0 25 0 1 8 0 0 1 0 472
274 25 46 0 0 35 1 33 25 3 25 36 9 0 25 43 0 0 0 16 2 24 0 348
275 0 7 26 48 2 25 19 34 22 28 23 19 0 17 5 12 7 2 0 15 1 0 312
276 23 23 15 22 5 1 5 53 39 53 25 22 0 2 86 0 2 0 0 0 14 0 390
277 78 13 1 2 5 22 24 46 13 35 29 73 1 14 18 0 9 16 0 1 2 0 402
278 0 17 0 1 13 1 5 19 14 17 40 68 1 1 20 0 1 0 0 10 2 0 230
279 4 0 7 37 14 7 23 11 69 36 3 94 1 10 26 0 16 0 0 0 10 0 368
280 0 19 20 6 8 1 1 15 33 7 50 9 44 15 54 0 5 13 1 0 67 0 368
281 0 30 0 56 7 1 25 1 6 7 45 33 21 0 25 0 18 0 0 0 18 0 293
282 0 5 0 13 0 2 64 1 27 51 18 0 81 1 48 1 87 0 0 0 69 0 468
283 1 1 1 7 0 31 64 1 22 12 7 6 42 0 85 13 1 0 6 0 26 0 326
284 3 32 1 10 5 67 19 34 15 1 9 0 48 0 31 1 44 0 0 22 0 0 342
285 1 12 0 0 32 10 36 24 29 1 83 3 45 0 84 0 0 0 0 0 1 0 361
286 16 34 18 15 0 16 16 51 15 71 9 2 3 1 31 0 0 0 1 17 2 0 318
287 37 33 1 1 36 14 16 11 66 26 21 113 0 1 27 6 1 0 0 0 9 0 419
288 0 94 0 0 16 1 27 56 27 49 55 25 27 21 1 0 0 0 0 0 0 0 399
289 20 19 37 0 17 7 15 34 14 34 25 58 0 73 30 0 0 0 0 0 1 0 384
290 3 14 3 30 19 20 43 49 57 40 13 8 73 59 32 0 0 1 10 0 32 0 506
291 91 0 10 1 40 33 2 70 0 65 15 36 9 0 18 0 0 1 0 0 0 0 391
292 0 32 2 34 2 2 51 63 27 19 50 3 22 0 25 0 0 2 0 6 9 0 349
293 13 13 0 29 1 21 17 15 39 4 2 14 16 1 66 0 0 47 9 0 40 0 347
294 0 30 1 49 18 2 2 31 60 20 0 82 31 1 24 0 18 0 0 29 0 0 398
295 0 26 45 2 9 15 63 37 27 44 63 30 20 0 48 0 4 0 0 0 9 0 442
296 1 24 7 21 24 36 50 1 36 38 28 41 46 1 44 0 15 0 8 0 1 0 422
297 0 3 3 17 1 18 45 113 23 18 27 29 161 1 96 0 128 0 0 0 64 0 747
298 0 29 16 30 3 23 17 48 33 32 38 33 10 2 9 1 0 0 0 13 59 0 396
299 9 4 1 0 3 28 14 31 30 15 47 25 22 80 20 0 0 0 0 2 12 0 343
300 37 28 0 19 45 41 1 40 23 1 78 23 5 0 48 0 4 0 0 0 2 0 395
301 4 13 0 26 28 40 86 4 25 11 11 37 33 3 30 0 1 0 0 0 42 0 394
302 43 1 1 24 27 37 18 52 29 43 39 42 118 66 40 0 26 0 0 0 31 0 637
303 1 57 15 1 1 2 23 34 46 9 42 86 6 10 46 0 0 0 0 1 1 0 381
304 12 0 11 27 38 38 16 44 38 12 3 9 0 92 36 0 41 1 0 0 1 0 419
305 0 1 23 0 2 0 50 34 1 33 15 17 0 1 43 0 0 1 0 0 16 0 237
306 27 21 18 0 57 0 26 34 21 47 30 0 1 0 25 0 0 0 4 0 2 0 313
307 1 74 30 1 12 15 9 2 85 39 29 41 4 2 58 0 1 0 10 0 2 0 415
308 0 8 6 0 7 34 0 22 58 0 58 59 6 0 27 0 51 0 0 4 0 0 340
309 56 39 1 17 1 29 8 5 1 4 43 30 7 1 25 0 1 35 0 0 58 0 361
310 16 21 21 48 8 5 2 2 22 38 32 54 26 0 18 0 35 0 0 1 40 0 389
311 34 30 30 5 12 16 3 21 23 6 30 1 23 1 3 0 50 0 0 0 5 0 293
312 5 8 28 75 52 17 30 22 12 34 5 5 3 0 14 0 34 0 0 0 24 0 368
313 43 39 0 6 0 35 2 46 64 55 71 1 18 0 16 10 27 23 0 13 1 0 470
314 41 34 6 0 26 15 17 51 3 7 1 0 68 23 1 0 38 0 0 0 20 0 351
315 11 26 1 1 7 4 19 49 79 3 11 21 43 56 8 0 4 0 0 0 1 0 344
316 64 14 28 0 7 2 3 39 2 21 20 46 91 38 16 1 15 0 1 12 0 0 420
317 0 38 1 0 0 24 16 6 9 29 25 28 41 41 14 1 0 38 0 1 0 0 312
318 1 10 24 2 12 11 10 36 19 32 19 23 4 0 69 16 9 0 0 14 37 0 348
319 8 24 6 0 2 18 34 71 60 27 67 55 38 1 30 13 0 0 0 0 1 0 455
320 0 7 1 1 27 55 23 1 52 26 18 48 7 0 20 0 14 0 0 17 55 0 372
321 0 13 7 26 1 38 6 39 20 52 28 20 11 0 30 0 35 0 0 0 15 0 341
322 103 58 54 13 26 1 15 14 45 2 21 57 58 1 46 0 2 0 0 0 55 0 571
323 23 14 20 2 21 28 37 102 0 3 11 14 38 51 4 1 7 0 2 0 31 0 409
324 14 121 5 30 0 21 2 8 16 29 52 18 1 0 35 0 1 0 1 12 22 0 388
325 12 22 15 9 16 1 68 35 29 18 50 12 9 0 89 43 1 0 14 0 66 0 509
326 17 60 28 1 0 2 3 39 7 5 45 49 24 2 31 15 31 0 0 0 0 0 359
327 64 5 4 37 1 31 33 7 11 48 56 15 0 38 32 1 46 0 0 18 0 0 447
328 0 50 0 26 1 16 59 31 10 27 90 76 17 40 57 1 47 1 0 1 33 0 583
329 0 3 16 17 2 1 38 33 15 23 2 58 27 1 30 1 12 12 1 18 13 0 323
330 1 3 19 4 20 22 10 25 12 19 51 29 5 0 17 1 29 0 2 1 1 0 271
331 43 10 30 2 26 35 42 77 57 19 22 2 2 0 31 1 0 0 0 13 0 0 412
332 1 1 42 13 72 39 3 22 12 9 9 30 39 0 0 1 10 0 0 0 0 0 303
333 0 1 1 21 13 29 17 83 29 56 10 8 21 1 22 0 1 0 0 14 0 0 327
334 3 60 0 16 16 43 9 2 1 32 4 2 29 1 20 44 0 0 0 0 16 0 298
335 50 15 14 47 10 40 19 13 47 16 28 23 95 32 21 1 1 0 0 10 16 0 498
336 0 30 13 32 0 25 1 11 2 16 17 19 6 12 37 1 0 14 0 4 1 0 241
337 1 20 0 36 16 3 19 27 4 27 8 49 2 0 18 1 25 0 0 0 2 0 258
338 20 10 4 20 19 37 9 11 19 17 59 55 35 2 18 1 14 0 0 0 16 0 366
339 30 33 10 28 48 3 36 2 3 44 9 39 36 43 106 1 3 0 0 0 0 0 474
340 1 47 5 9 17 13 37 83 23 49 12 24 7 12 4 8 27 0 0 0 1 0 379
341 24 35 32 3 10 1 21 9 1 50 62 0 5 25 90 1 1 0 0 16 23 0 409
342 94 4 36 0 17 6 76 23 22 6 40 25 11 18 37 32 29 0 0 8 59 0 543
343 10 25 1 0 47 41 29 36 57 3 31 24 41 21 13 2 1 0 30 0 58 0 470
344 0 50 89 0 12 16 43 11 1 37 50 1 29 23 29 9 42 0 0 1 0 0 443
345 20 15 11 3 29 51 57 80 80 83 60 1 39 8 17 1 2 0 0 0 0 0 557
346 15 22 14 23 7 24 2 2 28 62 58 3 11 29 6 28 24 1 0 0 18 0 377
347 0 7 5 0 11 31 24 16 22 46 62 81 1 1 56 0 0 0 0 12 1 0 376
348 5 21 28 3 2 14 31 38 32 25 47 35 28 19 17 0 34 0 1 0 1 0 381
349 1 35 9 51 24 0 1 12 14 55 2 54 1 14 36 0 63 0 0 1 12 0 385
350 1 0 4 1 13 7 2 20 10 45 32 27 43 0 17 1 0 0 0 9 1 0 233
351 0 7 37 28 0 44 7 27 0 38 57 66 28 2 42 0 0 0 0 0 23 0 406
352 19 23 50 32 44 2 8 45 7 5 63 3 4 5 12 0 1 0 0 0 0 0 323
353 0 30 60 0 46 5 34 27 3 15 26 37 24 68 38 0 0 0 0 1 0 0 414
354 1 37 22 23 23 32 14 69 51 45 46 25 57 0 49 0 0 21 0 6 0 0 521
355 1 9 25 18 0 18 59 18 134 24 19 22 32 14 4 0 0 17 1 25 2 0 442
356 2 0 49 1 0 17 32 17 23 94 50 12 52 0 8 0 0 0 1 0 44 0 402
357 8 0 18 1 0 31 8 13 67 14 34 30 35 29 13 26 0 0 0 0 35 0 362
358 25 2 2 1 0 35 41 0 16 33 23 20 11 2 87 10 20 1 0 0 42 0 371
359 140 39 6 13 0 4 5 0 2 69 35 0 6 0 48 0 62 0 1 7 66 0 503
360 88 62 1 39 24 17 32 41 5 1 8 17 2 0 90 0 0 0 35 1 0 0 463
361 0 67 2 17 31 1 42 12 22 57 47 16 75 16 29 0 1 0 0 0 0 0 435
362 34 19 9 0 27 42 42 29 23 3 14 54 0 0 37 8 4 0 15 16 13 0 389
363 0 24 14 3 2 17 24 7 50 26 19 110 91 38 46 41 68 28 9 2 33 0 652
364 1 39 4 23 20 10 7 36 6 5 16 50 19 38 0 0 16 0 4 0 66 0 360
365 0 53 37 12 80 24 17 35 20 1 1 48 33 2 22 12 15 0 0 0 0 0 412
366 0 43 2 61 17 7 43 129 3 42 0 1 14 23 0 7 0 0 0 14 0 0 406
367 38 25 14 27 17 13 20 2 14 21 41 50 0 72 0 1 0 0 2 2 0 0 359
368 67 25 2 12 36 0 48 32 26 39 15 1 31 38 1 23 0 0 35 1 0 0 432
369 17 38 59 24 54 9 22 30 54 34 60 75 19 24 63 2 41 1 0 0 1 0 627
370 56 45 1 32 3 19 30 17 43 7 32 12 84 6 38 2 0 0 43 0 17 0 487
371 31 25 19 1 6 1 47 68 13 41 34 46 1 48 4 1 13 48 5 19 18 0 489
372 26 23 1 7 61 0 22 41 30 1 25 1 17 20 44 0 52 1 0 0 26 0 398
373 17 31 2 12 28 22 45 29 18 7 56 26 21 92 16 0 11 1 12 0 1 0 447
374 41 80 35 47 34 4 17 9 18 46 6 20 59 0 9 0 0 20 1 5 0 0 451
375 2 3 15 12 1 19 4 19 60 0 25 4 49 0 3 0 29 33 0 0 25 0 303
376 2 63 40 34 0 0 32 29 9 39 43 26 73 0 13 0 41 0 20 9 1 0 474
377 45 75 5 49 0 48 20 13 36 51 5 37 12 0 98 7 19 0 0 0 77 0 597
378 18 2 1 2 1 0 47 34 34 36 55 50 51 0 15 0 26 0 0 1 135 0 508
379 0 26 21 10 68 19 25 42 23 20 32 3 2 0 8 1 0 0 9 1 12 0 322
380 14 23 18 2 58 27 1 40 59 1 2 36 2 1 43 2 8 1 0 11 0 0 349
381 4 5 2 56 57 37 8 91 33 69 37 57 24 1 74 0 34 1 0 1 9 0 600
382 10 0 48 7 9 39 32 4 15 38 23 62 0 27 0 25 14 0 0 0 1 0 354
383 0 5 47 14 26 1 3 57 22 14 85 57 0 3 20 19 8 0 0 29 0 0 410
384 0 6 28 11 27 2 16 66 23 11 60 9 42 0 0 2 2 0 0 1 1 0 307
385 0 46 10 81 17 8 24 27 34 51 7 50 37 0 0 7 19 0 0 0 9 0 427
386 8 86 40 0 9 5 5 0 3 12 2 95 56 26 17 36 0 0 1 0 0 0 401
387 18 40 11 0 22 28 1 2 8 50 34 0 1 1 20 1 0 0 1 0 40 0 278
388 18 38 0 0 0 3 20 30 13 62 59 19 15 2 52 1 0 0 39 0 8 0 379
389 18 8 18 1 16 37 57 22 34 18 19 11 35 2 25 15 1 0 2 20 0 0 359
390 32 2 16 0 24 22 27 38 24 59 29 0 16 0 0 54 26 0 16 2 22 0 409
391 92 15 11 54 47 37 0 5 1 50 42 13 10 3 30 0 19 0 1 1 1 0 432
392 2 68 2 18 82 0 34 5 3 40 27 39 71 70 2 0 37 0 2 13 65 0 580
393 49 41 13 18 19 19 22 36 20 2 47 44 2 4 4 0 31 2 34 0 22 0 429
394 109 16 19 7 0 5 12 3 42 56 62 41 86 21 32 0 28 0 0 5 83 0 627
395 2 44 15 15 0 2 21 54 61 2 12 69 2 44 9 0 7 0 0 0 26 0 385
396 43 3 24 10 0 25 72 55 16 90 52 21 11 0 7 0 1 18 0 8 2 0 458
397 3 74 3 2 24 13 20 11 0 21 5 26 38 1 2 1 13 0 0 9 44 0 310
398 0 34 29 74 36 24 30 21 70 14 44 17 54 27 30 1 0 0 9 4 0 0 518
399 1 3 54 35 10 5 29 33 2 39 27 15 0 2 45 31 0 24 19 10 25 0 409
400 1 52 36 38 0 8 41 62 27 86 24 5 25 3 40 3 0 0 0 0 1 0 452
401 60 19 16 22 75 40 34 1 34 63 30 33 24 24 1 2 32 0 5 0 0 0 515
402 0 3 47 8 4 22 4 43 15 11 3 35 2 2 25 0 21 0 5 0 7 0 257
403 0 25 40 0 1 34 46 36 45 70 35 0 33 57 14 34 1 0 18 4 11 0 504
404 39 37 21 51 18 62 24 82 0 35 27 1 18 23 11 2 4 0 22 0 0 0 477
405 1 47 2 15 18 14 75 0 20 5 2 0 27 24 47 0 21 2 0 0 0 0 320
406 0 37 26 11 2 18 2 127 29 17 1 1 35 3 67 0 1 0 11 0 0 0 388
407 1 24 0 1 52 21 14 16 43 29 7 39 0 15 20 0 56 0 1 0 0 0 339
408 53 1 21 0 14 37 43 44 6 24 2 45 0 8 31 0 1 0 25 0 72 0 427
409 22 50 40 0 17 9 45 26 25 26 77 86 29 0 41 19 19 9 0 0 51 0 591
410 103 31 2 41 2 24 36 19 55 18 8 63 15 0 30 3 38 0 8 0 9 0 505
411 20 32 17 8 42 21 21 60 15 66 35 25 30 0 4 17 15 0 6 33 35 0 502
412 30 25 44 18 63 9 29 48 7 72 27 45 9 24 59 1 2 6 5 0 22 0 545
413 40 53 35 2 22 14 33 8 55 6 25 21 0 25 0 1 4 0 21 15 12 0 392
414 23 53 50 33 77 8 6 68 43 43 24 0 60 28 0 43 16 9 44 0 6 0 634
415 20 2 17 0 29 31 10 44 15 1 14 28 36 1 0 0 0 2 0 13 0 0 263
416 117 56 13 40 13 32 15 26 59 28 39 0 8 0 0 8 16 29 0 0 3 0 502
417 0 30 0 18 2 22 12 27 33 128 14 20 9 7 22 37 0 0 0 1 26 0 408
418 1 25 15 17 33 36 41 15 10 13 2 0 27 1 7 38 29 0 0 48 0 0 358
419 2 2 30 20 23 29 2 2 19 29 50 38 27 0 83 0 9 0 0 1 0 0 366
420 0 2 5 14 0 31 30 44 27 12 39 19 22 19 101 0 44 13 22 0 15 0 459
421 0 11 13 29 46 15 19 48 77 77 21 122 3 1 40 0 3 0 8 0 0 0 533
422 10 28 24 36 2 23 32 4 24 60 26 50 26 43 23 7 36 0 11 6 0 0 471
423 0 80 10 15 47 24 71 127 33 45 12 24 2 56 35 1 21 11 30 0 0 0 644
424 2 63 28 21 25 4 7 29 48 56 49 27 51 16 4 56 18 0 26 1 11 0 542
425 39 16 23 24 0 10 1 40 76 9 9 11 58 3 63 0 15 0 0 0 0 0 397
426 0 10 1 5 1 0 9 78 26 30 18 17 1 35 30 0 16 0 0 0 13 0 290
427 1 17 10 11 12 17 9 2 38 36 8 46 49 1 70 0 1 0 27 1 2 0 358
428 0 22 35 1 47 25 24 39 5 0 48 25 2 28 2 8 30 15 17 1 11 0 385
429 6 0 35 2 5 27 67 64 51 84 40 19 19 18 95 7 19 0 1 13 87 0 659
430 0 20 18 50 8 3 19 18 6 36 8 22 2 35 16 8 7 0 27 0 88 0 391
431 61 28 57 18 40 43 7 50 36 32 61 30 41 26 50 22 1 0 1 1 18 0 623
432 21 26 1 24 16 2 19 9 61 63 31 2 47 39 3 0 56 8 9 0 10 0 447
433 1 38 74 22 0 21 29 55 3 141 35 0 32 0 77 0 2 1 4 13 0 0 548
434 0 30 16 1 1 19 40 41 52 22 76 0 65 0 63 0 2 0 1 1 0 0 430
435 32 51 34 12 0 31 9 30 3 10 19 54 40 23 39 0 6 0 0 0 10 0 403
436 20 40 0 13 3 1 21 34 48 50 23 1 12 0 17 0 0 0 0 0 0 0 283
437 23 50 38 27 1 18 36 27 53 28 8 84 65 15 23 0 67 0 27 0 0 0 590
438 0 115 51 27 0 18 50 19 26 19 19 72 18 24 0 1 2 0 6 0 0 0 467
439 27 1 22 33 0 7 19 60 3 35 21 45 70 15 0 1 19 0 0 0 11 0 389
440 0 15 39 18 0 20 58 57 47 59 11 61 2 56 0 0 35 0 1 0 20 0 499
441 2 2 18 9 69 14 41 71 41 27 58 4 16 47 1 1 49 0 0 8 15 0 493
442 3 3 4 7 28 60 29 55 32 68 91 67 25 7 2 19 0 0 0 1 28 0 529
443 1 50 23 30 1 0 27 8 45 1 41 10 21 1 42 0 2 0 0 0 69 0 372
444 19 5 15 32 9 32 24 9 19 65 29 33 36 36 27 0 17 1 0 0 58 0 466
445 0 6 7 10 4 2 24 56 70 18 19 35 57 13 7 0 12 0 0 1 27 0 368
446 29 3 32 0 7 19 28 21 1 23 85 45 0 0 11 0 0 20 0 1 45 0 370
447 20 2 32 1 35 19 38 40 19 29 80 35 44 19 67 0 0 3 0 2 0 0 485
448 22 42 6 11 43 18 9 40 44 19 22 6 10 28 70 0 1 11 7 1 16 0 426
449 49 68 18 27 18 24 33 33 23 62 18 52 1 0 26 1 7 10 0 7 9 0 486
450 16 2 49 35 38 11 11 4 83 45 12 59 18 0 45 0 0 0 57 33 10 0 528
451 22 5 48 19 47 26 84 50 56 9 40 19 1 0 6 49 19 0 18 1 0 0 519
452 8 58 7 14 1 1 37 30 68 22 23 10 23 0 3 19 36 0 19 1 32 0 412
453 22 1 14 1 2 1 40 20 4 46 37 37 0 0 3 0 37 0 25 0 16 0 306
454 38 35 6 29 40 32 2 31 35 27 27 19 0 0 65 28 32 0 2 0 1 0 449
455 51 80 15 20 18 15 29 11 62 71 4 74 17 0 22 0 17 0 22 1 1 0 530
456 0 27 2 2 21 16 32 16 5 60 61 13 0 2 18 1 24 0 15 2 47 0 364
457 1 1 50 11 53 1 2 34 12 48 31 120 0 40 18 10 33 1 22 0 2 0 490
458 5 3 38 12 20 36 25 35 45 42 21 2 20 9 16 0 11 0 25 0 0 0 365
459 1 5 23 26 15 2 49 55 33 12 13 2 29 0 44 0 34 0 15 1 0 0 359
460 13 8 38 13 35 59 30 59 16 14 25 7 28 4 90 0 2 0 1 0 1 0 443
461 0 35 21 0 32 1 0 44 16 12 55 18 57 1 0 0 48 14 0 11 12 0 377
462 0 16 9 16 10 4 42 53 22 26 20 2 87 2 2 0 4 0 0 0 36 0 351
463 15 13 3 0 0 34 29 25 61 43 79 17 3 41 2 0 2 9 25 9 0 0 410
464 119 12 2 5 2 4 57 29 39 27 6 31 19 11 1 0 15 1 0 4 3 0 387
465 0 55 6 0 11 12 20 112 32 28 1 19 36 26 1 8 102 0 10 0 37 0 516
466 50 15 36 44 4 7 24 2 34 55 52 1 32 28 1 2 14 0 0 0 42 0 443
467 25 53 9 40 0 26 10 6 23 19 27 50 18 32 2 35 16 0 3 20 126 0 540
468 0 19 18 0 0 13 0 0 45 33 24 49 40 6 1 24 2 0 0 0 15 0 289
469 1 61 27 0 0 8 44 9 8 23 22 16 36 1 49 0 0 22 10 9 0 0 346
470 3 14 33 0 0 7 14 2 19 59 35 53 84 1 14 48 10 39 0 14 12 0 461
471 2 0 29 0 11 17 50 13 48 5 60 4 8 12 1 1 25 0 1 1 16 0 304
472 1 40 22 0 2 57 68 4 75 20 22 32 43 66 37 1 2 0 0 0 0 0 492
473 0 28 38 0 46 7 51 48 24 25 3 13 14 16 48 2 39 11 11 0 22 0 446
474 0 19 10 24 2 12 17 80 1 31 82 6 3 1 45 3 21 0 1 19 0 0 377
475 13 13 39 2 3 17 40 7 11 45 20 19 3 1 8 0 1 0 4 0 16 0 262
476 1 27 19 17 19 48 44 2 30 3 37 75 9 0 30 20 1 0 0 0 95 0 477
477 14 69 2 10 64 17 34 42 17 9 40 111 0 21 71 0 18 0 19 0 22 0 580
478 22 23 35 52 22 23 16 28 18 13 2 0 2 3 55 8 0 0 3 2 28 0 355
479 92 16 17 12 42 21 36 47 48 55 2 15 0 1 35 0 0 0 0 1 31 0 471
480 88 96 6 16 2 12 28 15 78 27 4 81 1 15 18 9 10 0 5 0 9 0 520
481 29 12 2 2 45 11 42 18 49 45 92 42 1 39 23 0 0 0 0 11 18 0 481
482 125 4 25 2 3 16 24 33 20 16 14 7 31 19 38 0 0 0 0 3 1 0 381
483 0 138 6 6 0 11 1 27 5 69 24 0 10 10 12 0 0 1 1 9 0 0 330
484 5 67 50 4 1 7 43 19 102 44 43 2 50 4 14 22 0 0 0 0 17 0 494
485 1 17 15 2 1 15 32 14 26 49 7 0 50 2 14 0 25 0 2 1 1 0 274
486 0 5 56 66 0 24 104 7 66 3 56 0 0 19 32 0 0 0 3 12 17 0 470
487 0 16 34 13 76 20 14 24 2 112 23 15 21 3 2 12 0 0 2 8 0 0 397
488 64 42 9 33 14 23 17 32 36 43 49 4 2 1 6 0 16 0 0 0 0 0 391
489 0 15 4 23 47 48 16 80 34 21 32 19 40 34 85 0 0 0 21 0 11 0 530
490 0 58 32 1 13 25 41 25 71 33 6 20 5 30 16 0 0 0 9 21 9 0 415
491 0 60 1 44 20 17 3 20 43 72 14 76 14 1 1 0 1 0 1 6 15 0 409
492 12 9 25 15 9 13 1 50 29 63 47 10 37 1 47 19 8 0 0 0 0 0 395
493 57 11 12 10 54 14 41 75 20 46 20 33 4 2 18 1 3 1 35 1 0 0 458
494 53 27 3 26 59 5 17 56 28 55 26 26 25 1 39 0 29 25 0 0 33 0 533
495 35 26 19 36 1 20 23 30 76 21 10 1 1 0 27 1 0 1 0 17 1 0 346
496 25 5 2 11 32 1 20 43 16 32 27 51 31 27 16 16 2 0 1 16 26 0 400
497 1 1 0 108 35 1 43 2 38 34 27 1 0 5 11 11 0 0 9 18 51 0 396
498 12 24 0 1 39 28 35 26 37 64 60 25 74 19 1 3 81 0 0 4 70 0 603
499 7 56 46 19 14 79 27 35 59 72 36 78 30 41 19 0 9 0 30 8 30 0 