0 247 459 38 68 163 15 17 388 202 244 339 307 554 547 12 166 219 483 89 225 2385 5215 
1 251 467 39 67 161 15 20 387 245 272 428 307 582 526 10 165 222 479 89 263 2303 5035 
2 252 471 36 70 154 33 22 394 281 281 489 297 597 510 11 169 231 467 93 292 2239 4933 
3 245 471 38 69 154 65 20 408 308 283 547 306 599 515 10 170 228 447 91 339 2166 4809 
4 259 454 42 69 155 73 22 416 322 308 609 297 593 513 11 181 227 436 91 372 2108 4741 
5 267 465 47 71 156 75 26 417 361 329 681 297 626 485 10 188 226 433 93 395 2121 4623 
6 268 469 46 72 162 73 26 414 367 335 735 305 637 487 9 183 232 430 98 415 2131 4647 
7 266 479 45 73 166 75 24 426 372 332 800 316 661 474 25 181 225 419 105 440 2145 4662 
8 265 479 51 75 161 81 25 452 373 345 828 313 673 466 27 198 204 418 119 463 2139 4698 
9 271 482 52 78 160 83 27 460 373 357 853 312 678 461 31 204 198 408 119 463 2155 4743 
10 275 481 65 84 161 86 26 492 399 365 880 316 692 438 34 203 196 412 116 463 2164 4783 
11 276 495 65 82 167 82 26 511 402 373 955 351 681 440 48 191 191 400 125 474 2165 4792 
12 276 502 63 83 168 82 24 515 410 375 964 358 678 449 51 203 192 409 126 484 2152 4814 
13 273 502 71 82 170 107 24 525 413 385 996 367 681 456 52 208 190 402 130 492 2170 4858 
14 278 512 75 83 167 155 38 523 420 386 1028 349 666 476 51 211 192 419 130 504 2204 4843 
15 281 510 91 77 170 164 37 535 424 405 1046 355 635 476 76 214 195 418 127 512 2229 4893 
16 280 512 97 76 168 166 36 549 438 409 1077 346 649 482 77 214 194 424 125 515 2229 4936 
17 281 526 97 77 166 173 34 550 448 421 1075 366 640 497 99 197 197 432 128 554 2210 5002 
18 290 518 97 73 163 184 34 552 457 426 1115 374 643 475 103 197 196 441 129 562 2231 5046 
19 285 527 114 75 158 191 32 567 469 459 1099 376 671 450 101 202 198 451 132 552 2258 5113 
20 292 558 115 76 153 198 34 587 521 465 1103 362 688 439 97 211 201 442 130 561 2279 5093 
21 287 552 115 76 153 196 38 596 505 491 1111 370 690 444 97 216 199 436 131 580 2275 5177 
22 287 548 134 74 149 200 39 613 514 514 1116 366 703 450 97 219 191 418 137 583 2295 5240 
23 284 561 119 72 150 199 39 612 514 511 1149 368 713 457 115 203 192 406 144 602 2295 5286 
24 285 572 147 75 126 201 20 624 543 519 1253 380 718 461 114 199 194 404 150 604 2311 5114 
25 274 586 146 77 124 202 18 646 588 557 1417 373 713 462 115 198 198 408 150 605 2319 4874 
26 274 607 154 79 123 199 27 704 585 598 1479 375 716 453 118 203 197 416 148 622 2332 4721 
27 284 626 152 75 123 202 25 691 598 664 1602 382 709 470 118 206 187 420 149 631 2358 4513 
28 281 655 148 79 124 225 23 704 599 665 1659 397 710 473 119 214 185 421 148 621 2394 4559 
29 287 668 145 82 124 227 24 716 579 700 1682 414 708 478 123 223 186 420 155 647 2340 4600 
30 289 673 144 80 126 224 17 726 552 756 1775 427 712 488 121 220 184 429 160 708 2256 4588 
31 285 679 153 82 127 230 17 733 530 775 1843 435 715 485 116 230 187 434 161 749 2187 4653 
32 284 687 155 85 125 230 14 755 529 846 1771 436 721 491 109 231 198 437 155 825 2085 4750 
33 285 691 164 70 139 232 13 762 547 851 1773 443 727 485 112 219 209 429 159 828 2111 4812 
34 288 703 162 72 144 225 11 769 562 910 1704 473 731 494 112 222 211 427 159 827 2144 4852 
35 295 702 158 73 141 224 11 785 601 1011 1622 472 746 506 113 245 188 433 157 840 2171 4931 
36 293 708 161 70 143 240 11 796 617 1094 1621 470 771 477 114 245 188 437 156 837 2203 4969 
37 279 721 166 69 145 247 11 795 619 1104 1673 471 789 470 117 246 188 439 157 842 2223 5035 
38 290 720 169 73 147 250 11 802 585 1133 1677 471 786 467 117 244 190 448 161 847 2258 5120 
39 295 731 169 73 149 261 31 798 601 1121 1697 477 803 458 118 232 197 455 159 845 2296 5082 
40 287 772 178 75 153 252 33 805 633 1028 1817 468 798 475 133 239 198 453 158 843 2314 5127 
41 268 790 184 73 155 255 33 770 678 1019 1857 467 830 446 133 237 203 419 184 859 2341 5187 
42 268 810 178 74 153 262 33 781 699 1015 1934 467 843 447 134 234 197 414 187 862 2347 5223 
43 259 828 183 75 160 267 34 807 698 1111 1839 464 848 441 129 252 199 398 193 866 2373 5280 
44 274 812 204 72 159 284 32 856 699 1277 1723 476 853 446 135 255 201 408 194 882 2398 5177 
45 275 792 202 77 155 333 31 890 669 1309 1708 480 887 443 135 253 216 400 197 911 2351 5032 
46 289 787 239 81 157 324 158 941 663 1397 1642 526 871 454 152 255 234 399 196 924 2284 4757 
47 315 719 273 82 155 326 179 932 652 1403 1700 542 866 447 150 255 237 388 208 928 2240 4864 
48 324 731 280 85 160 358 177 951 652 1444 1701 545 897 424 148 255 243 395 209 925 2187 4944 
49 339 742 289 82 161 356 181 926 666 1446 1695 573 854 421 185 255 246 400 205 952 2146 5021 
50 320 782 297 83 164 342 200 938 645 1394 1808 606 825 425 185 258 251 410 215 955 2093 5108 
51 328 788 313 86 157 341 199 955 638 1422 1834 632 808 428 182 262 252 414 211 926 2161 5174 
52 331 783 317 90 158 342 208 962 618 1498 1824 636 784 429 191 269 258 412 208 923 2178 5247 
53 337 762 328 88 165 333 228 993 625 1528 1912 630 783 427 206 271 255 416 204 870 2244 5149 
54 335 776 376 87 167 339 252 998 649 1641 1960 654 782 434 190 295 260 416 206 869 2265 4847 
55 361 808 375 86 162 391 253 1015 642 1660 2001 663 804 440 192 298 259 421 206 851 2284 4616 
56 375 820 381 80 159 395 255 1010 680 1654 2033 664 839 426 192 300 256 418 208 874 2263 4670 
57 377 833 386 84 160 409 237 1048 732 1561 2029 700 854 433 194 301 252 415 210 865 2266 4667 
58 377 836 397 82 155 408 247 1065 763 1491 2076 707 829 428 220 317 238 421 211 836 2308 4755 
59 393 815 416 86 165 396 257 1095 825 1472 2074 729 850 431 197 342 253 415 207 826 2328 4735 
60 398 872 432 87 166 399 262 1112 800 1475 2108 739 853 443 200 356 260 422 192 790 2371 4768 
61 401 879 438 91 164 402 262 1141 789 1464 2101 778 893 430 201 349 272 429 185 774 2393 4836 
62 405 883 444 90 170 412 259 1150 782 1466 2088 816 912 442 204 355 267 428 184 810 2339 4915 
63 407 898 453 92 170 420 268 1168 792 1458 2048 850 867 474 203 361 271 430 185 834 2315 4992 
64 404 912 459 92 174 416 314 1192 809 1414 1967 948 865 467 197 362 275 417 184 853 2277 5026 
65 409 930 474 92 156 427 324 1214 809 1364 1989 954 869 453 199 356 273 420 189 853 2249 5125 
66 424 940 480 98 151 430 318 1224 808 1432 1912 1004 845 452 217 360 256 410 192 875 2217 5186 
67 419 953 496 103 153 444 322 1251 811 1406 1806 1115 841 459 216 351 265 391 207 902 2176 5283 
68 424 957 508 104 154 462 316 1268 838 1404 1724 1203 812 479 234 337 267 403 209 955 2101 5300 
69 423 964 522 104 158 477 315 1298 826 1487 1746 1248 812 477 229 343 273 414 210 957 2099 5136 
70 426 978 532 104 162 534 314 1285 848 1625 1810 1266 823 482 231 348 270 417 208 925 2154 4857 
71 459 969 551 105 165 555 364 1302 847 1613 1900 1316 834 503 235 346 266 416 208 909 2162 4664 
72 461 981 554 105 162 573 362 1319 833 1626 1898 1345 871 461 231 370 254 426 197 925 2181 4735 
73 444 996 569 110 165 595 365 1332 806 1650 1905 1339 898 463 228 371 260 419 195 926 2189 4816 
74 446 1011 595 95 167 608 363 1360 794 1637 1918 1400 922 458 218 370 260 417 199 919 2210 4888 
75 450 1011 600 94 164 612 373 1344 831 1570 1912 1444 922 456 226 368 263 415 200 876 2230 4959 
76 491 987 606 93 160 625 360 1380 854 1562 1851 1530 877 433 267 373 255 427 198 859 2250 5030 
77 483 1007 607 94 167 598 402 1402 855 1573 1850 1560 864 437 268 384 261 435 196 845 2257 5082 
78 494 1001 658 92 166 582 404 1399 940 1547 1789 1643 851 442 269 395 260 428 192 862 2232 5114 
79 552 940 654 90 165 600 405 1322 1006 1497 1843 1667 796 482 277 397 263 432 188 838 2280 5157 
80 573 926 678 91 159 649 491 1200 1141 1465 1826 1697 806 490 282 400 269 435 192 825 2296 5097 
81 586 906 692 91 156 638 525 1217 1114 1481 1818 1734 791 493 277 399 276 435 194 783 2320 5156 
82 601 921 701 89 152 655 535 1273 1076 1435 1866 1741 786 493 286 402 276 427 187 724 2382 5201 
83 654 815 758 91 155 665 546 1293 1048 1464 1835 1757 810 481 294 401 278 432 192 755 2313 5275 
84 676 774 794 94 155 683 565 1317 1069 1415 1866 1774 819 475 291 412 288 432 185 796 2269 5370 
85 696 783 818 89 151 696 604 1319 1088 1426 1816 1859 834 466 294 411 274 434 180 836 2211 5262 
86 700 791 837 89 154 701 603 1352 1087 1440 1861 1909 847 448 288 436 275 444 180 858 2134 5174 
87 710 842 865 87 147 717 617 1428 1089 1488 1853 1917 889 406 287 438 277 444 179 879 2122 5011 
88 719 819 910 86 146 738 627 1484 1082 1455 1957 1984 889 421 277 443 282 466 180 860 2157 4861 
89 715 833 885 84 143 794 638 1535 1073 1462 1976 2031 902 422 278 450 289 460 172 859 2160 4739 
90 711 850 867 86 144 854 666 1500 1121 1475 1945 2064 910 430 276 447 291 444 172 820 2193 4806 
91 721 843 891 85 143 856 773 1400 1140 1479 1943 2117 923 428 282 451 308 417 179 820 2210 4825 
92 618 971 886 84 140 836 837 1375 1124 1501 1908 2121 943 429 281 463 323 397 182 804 2232 4875 
93 617 952 941 87 144 804 893 1359 1057 1549 1898 2188 934 436 283 469 341 384 182 776 2292 4943 
94 615 932 1005 90 192 763 959 1327 1018 1593 1859 2204 912 441 305 475 350 385 185 811 2315 4962 
95 608 927 1037 93 195 738 975 1343 1004 1613 1846 2249 908 438 300 488 349 379 189 838 2307 5035 
96 613 935 1088 94 202 691 1002 1376 1012 1638 1831 2304 917 426 314 494 353 387 191 840 2333 5086 
97 612 927 1149 97 200 680 988 1425 1044 1620 1840 2342 918 437 332 500 362 381 196 861 2330 5174 
98 616 970 1177 99 202 691 990 1454 1047 1616 1864 2397 915 436 340 503 366 382 198 886 2327 5181 
99 623 972 1182 100 214 694 943 1493 1057 1580 1840 2391 952 432 352 499 371 386 204 890 2331 5259 
100 631 997 1119 102 264 739 925 1566 1023 1601 1820 2411 952 452 362 505 376 394 200 910 2339 5356 
101 620 1039 956 100 301 883 901 1644 1040 1664 1835 2423 942 454 372 493 378 405 196 893 2358 5110 
102 634 1052 960 101 301 856 914 1712 1018 1663 1880 2474 954 471 357 483 370 384 223 891 2361 5005 
103 638 1064 966 104 310 875 919 1775 981 1666 1877 2499 990 473 322 453 411 377 241 870 2392 4939 
104 644 1075 1025 103 316 883 925 1811 978 1705 1817 2542 1012 472 314 449 409 378 248 891 2345 4801 
105 656 1104 1040 119 312 877 918 1801 1031 1725 1935 2467 1028 472 352 439 421 379 250 906 2279 4721 
106 668 1123 1102 114 314 808 910 1767 1037 1672 2049 2529 1044 481 356 430 420 372 248 941 2233 4779 
107 699 1096 1134 112 317 808 890 1759 1065 1630 2083 2581 1030 480 368 432 406 374 245 989 2156 4755 
108 713 1107 1138 115 324 780 929 1779 1036 1588 2140 2602 1034 476 383 436 411 374 247 997 2140 4783 
109 718 1144 1149 110 335 784 883 1727 1090 1596 2116 2614 1050 489 393 437 399 370 246 993 2113 4875 
110 694 1202 1191 107 336 744 864 1726 1110 1622 2081 2641 1076 485 401 428 405 369 268 940 2139 4953 
111 706 1187 1221 105 345 738 846 1713 1104 1575 2125 2686 1091 488 409 425 409 371 257 921 2161 5007 
112 724 1176 1262 106 337 760 825 1674 1136 1595 2165 2686 1119 484 413 413 412 371 248 914 2180 5093 
113 716 1160 1296 104 326 752 817 1716 1170 1573 2185 2733 1150 497 417 422 425 371 234 914 2187 5155 
114 688 1168 1328 108 327 747 814 1738 1192 1577 2145 2752 1130 466 456 440 422 369 236 925 2209 5189 
115 699 1161 1305 110 339 750 819 1822 1149 1575 2161 2835 1125 459 478 450 426 381 220 935 2224 4998 
116 730 1158 1270 112 366 754 894 1820 1197 1663 2137 2911 1098 463 496 451 428 396 218 890 2253 4776 
117 721 1134 1346 117 362 746 918 1885 1175 1697 2123 2955 1088 451 503 453 446 412 206 881 2267 4663 
118 699 1149 1307 115 368 776 920 1891 1163 1682 2185 2951 1077 450 524 461 438 415 213 869 2269 4727 
119 706 1122 1320 116 364 801 927 1896 1148 1661 2173 2988 1069 424 539 477 413 422 219 863 2305 4777 
120 710 1086 1333 116 371 826 924 1847 1214 1669 2144 3055 1007 427 576 488 409 415 222 829 2351 4815 
121 729 1001 1393 118 397 840 911 1869 1166 1668 2220 2916 998 431 661 481 400 417 223 812 2387 4855 
122 742 1020 1389 118 408 822 975 1733 1221 1652 2234 2858 993 431 692 484 404 429 232 789 2328 4908 
123 764 983 1399 121 439 832 957 1785 1225 1614 2232 2735 1072 433 787 495 386 432 231 790 2287 4998 
124 770 1012 1359 120 480 824 954 1772 1246 1610 2216 2730 1103 437 809 482 397 432 230 785 2247 5045 
125 791 1036 1325 118 498 836 971 1795 1226 1628 2135 2727 1135 443 824 479 417 434 234 806 2182 5131 
126 803 1060 1276 115 546 830 993 1870 1196 1625 2183 2610 1146 448 888 491 420 438 241 838 2127 5143 
127 810 1089 1245 116 570 795 913 1949 1161 1613 2204 2656 1143 470 906 472 433 446 267 813 2154 5192 
128 804 1091 1270 114 581 799 908 1988 1221 1528 2194 2723 1143 474 937 472 440 448 268 792 2183 5220 
129 809 1103 1245 108 629 810 883 1912 1283 1591 2110 2775 1201 479 900 476 425 448 265 766 2186 5263 
130 807 1144 1193 111 619 816 879 1886 1339 1566 2001 2828 1195 489 958 481 415 447 273 777 2202 5341 
131 802 1169 1183 107 646 836 850 1914 1411 1533 2083 2881 1211 496 984 480 413 457 259 790 2220 5175 
132 800 1167 1182 109 650 827 863 1918 1415 1592 2068 2954 1241 473 1013 485 415 435 265 811 2252 5027 
133 797 1217 1145 137 658 801 900 1881 1444 1644 2050 3013 1262 445 1030 487 405 450 245 832 2286 4897 
134 786 1225 1243 140 661 778 940 1863 1420 1681 2158 2988 1290 433 1049 498 417 437 233 861 2292 4759 
135 842 1109 1310 139 661 821 947 1803 1460 1677 2224 2889 1362 440 1090 501 442 423 214 897 2295 4630 
136 837 1110 1323 139 678 837 921 1811 1494 1682 2237 2870 1358 444 1128 511 462 404 230 872 2344 4708 
137 856 1081 1311 140 705 837 902 1832 1469 1682 2268 2756 1404 460 1201 488 492 414 230 843 2384 4771 
138 872 1107 1303 148 730 787 918 1850 1478 1669 2306 2669 1442 467 1261 494 473 415 240 865 2329 4815 
139 886 1117 1291 153 736 785 907 1910 1456 1690 2304 2651 1471 465 1299 496 451 432 244 867 2281 4879 
140 955 1102 1314 150 750 747 911 1946 1539 1718 2256 2609 1500 468 1330 494 439 439 244 919 2207 4844 
141 992 1097 1286 149 762 795 920 1998 1508 1723 2270 2608 1518 465 1370 494 415 438 264 921 2186 4908 
142 992 1130 1289 148 771 810 941 2044 1539 1679 2262 2651 1577 452 1409 501 436 450 237 944 2126 4911 
143 994 1155 1333 151 708 825 898 2093 1581 1648 2279 2735 1582 457 1424 511 456 447 239 934 2149 4969 
144 1004 1177 1293 162 744 818 890 2085 1538 1664 2281 2827 1638 440 1459 500 486 418 246 931 2154 5065 
145 1031 1148 1320 169 736 810 932 2109 1460 1631 2344 2890 1584 447 1513 500 466 412 259 909 2147 5075 
146 999 1201 1343 170 743 766 959 2047 1489 1587 2375 2938 1565 452 1516 514 484 384 264 874 2219 5125 
147 993 1181 1346 171 747 797 946 2010 1515 1572 2297 2939 1563 461 1565 513 475 397 240 882 2247 5177 
148 1024 1180 1280 161 750 866 909 2033 1479 1609 2270 2891 1525 465 1685 518 477 398 228 874 2244 5220 
149 1066 1174 1271 165 756 877 900 2041 1462 1609 2252 2887 1528 471 1706 526 459 401 227 837 2269 5309 
150 1048 1184 1288 148 767 877 890 2128 1462 1637 2270 2862 1490 489 1791 546 433 406 223 819 2321 5128 
151 1054 1182 1268 149 749 883 929 2090 1493 1648 2290 2816 1411 494 1866 550 426 413 226 810 2347 5082 
152 1051 1130 1293 147 772 888 927 2088 1484 1689 2339 2786 1388 527 1871 553 369 412 272 786 2406 4930 
153 1031 1099 1332 153 797 889 952 2102 1583 1635 2390 2786 1426 544 1863 567 372 424 268 813 2343 4722 
154 979 1182 1295 150 822 915 971 2090 1593 1631 2396 2743 1488 516 1932 555 377 432 257 879 2246 4668 
155 987 1192 1323 156 837 930 968 2076 1601 1651 2331 2711 1526 517 2000 568 383 443 241 869 2229 4760 
156 941 1237 1325 163 876 922 1002 1973 1665 1675 2282 2665 1545 518 2083 575 379 444 235 886 2182 4840 
157 919 1257 1314 177 882 891 1047 1935 1710 1666 2295 2595 1600 517 2166 585 384 442 229 899 2125 4874 
158 904 1245 1302 175 888 919 993 1894 1778 1648 2248 2605 1615 529 2205 587 405 455 226 921 2136 4985 
159 887 1243 1327 176 910 891 1007 1956 1768 1678 2196 2677 1635 547 2226 590 417 428 231 954 2138 5026 
160 924 1197 1372 179 940 879 1017 2012 1775 1688 2160 2792 1637 542 2249 589 429 406 234 954 2163 5051 
161 964 1162 1401 173 959 827 1022 2064 1727 1743 2103 2871 1542 529 2285 583 430 405 235 941 2192 5128 
162 973 1115 1432 174 965 833 1009 2105 1717 1779 2085 2941 1469 521 2374 561 432 393 230 975 2195 5162 
163 998 1133 1446 173 973 837 1028 2143 1707 1753 2124 2921 1433 530 2377 554 434 405 241 973 2185 5219 
164 1033 1177 1370 180 995 843 1009 2220 1707 1738 2096 2953 1506 518 2435 545 438 407 245 991 2177 5266 
165 1042 1190 1351 186 1034 825 982 2303 1729 1740 2063 3074 1506 517 2430 550 445 410 248 971 2191 5136 
166 1050 1224 1342 186 1115 807 982 2397 1662 1757 2033 3064 1538 531 2479 548 452 418 245 963 2216 4986 
167 1044 1247 1358 187 1197 756 989 2368 1700 1817 1966 2977 1607 538 2545 544 444 434 247 935 2249 4884 
168 1036 1282 1296 218 1233 779 999 2364 1740 1821 1948 2933 1645 538 2554 540 443 435 263 928 2285 4774 
169 1072 1291 1249 214 1266 822 1000 2384 1756 1769 1938 2892 1673 571 2607 541 442 433 258 888 2326 4837 
170 1049 1301 1256 216 1307 845 984 2356 1792 1739 2016 2808 1693 584 2599 543 442 440 261 859 2372 4905 
171 994 1275 1364 223 1291 823 953 2361 1826 1745 1950 2771 1704 601 2698 533 456 443 246 874 2384 4931 
172 974 1270 1367 220 1320 807 981 2370 1784 1706 1954 2753 1747 606 2684 527 467 441 239 904 2309 4934 
173 979 1285 1363 226 1320 810 969 2335 1808 1645 1955 2791 1745 581 2666 521 484 444 228 985 2196 5032 
174 964 1311 1319 232 1369 828 988 2296 1797 1698 2019 2696 1720 545 2697 507 495 451 230 985 2150 5083 
175 969 1289 1320 245 1372 851 982 2267 1797 1739 2044 2672 1800 533 2601 512 504 441 235 1015 2065 5109 
176 1041 1231 1293 251 1421 865 931 2345 1750 1787 1991 2648 1828 526 2564 511 517 432 231 996 2099 5191 
177 1063 1249 1264 257 1466 873 904 2359 1713 1793 2024 2648 1762 527 2589 526 533 439 216 965 2113 5253 
178 1100 1223 1217 256 1483 909 835 2321 1793 1791 2030 2669 1810 533 2488 528 541 403 217 975 2096 5297 
179 1120 1198 1224 219 1575 937 816 2367 1787 1824 2035 2624 1820 543 2512 533 550 408 214 958 2107 5195 
180 1172 1180 1224 222 1595 919 810 2376 1781 1852 2090 2625 1858 562 2434 521 533 421 217 925 2171 5145 
181 1210 1166 1215 227 1634 987 768 2412 1781 1842 2141 2578 1826 558 2518 551 491 432 215 917 2194 4955 
182 1187 1177 1258 218 1665 981 833 2386 1876 1860 2173 2585 1879 567 2390 568 480 428 214 906 2221 4677 
183 1146 1185 1296 220 1693 959 903 2327 1897 1855 2152 2509 1806 580 2483 576 469 440 214 865 2286 4728 
184 1065 1264 1305 221 1728 946 899 2327 1916 1875 2102 2620 1853 601 2429 577 468 443 223 843 2323 4771 
185 1050 1203 1362 226 1781 954 949 2259 1906 1880 2090 2605 1878 599 2458 558 465 434 223 837 2326 4855 
186 1037 1190 1334 227 1868 929 935 2280 1951 1844 2108 2553 1903 651 2471 559 461 441 224 825 2337 4937 
187 1046 1166 1289 252 1776 1022 1023 2197 2004 1832 2113 2508 1958 654 2445 565 472 445 222 812 2373 4956 
188 1041 1149 1265 289 1792 1007 1062 2158 2010 1800 2195 2487 2010 670 2388 554 461 449 219 777 2414 4991 
189 1042 1146 1262 320 1752 1003 1046 2123 2107 1771 2196 2521 2048 683 2315 553 460 437 236 815 2332 5011 
190 1081 1104 1292 332 1703 1009 1062 2104 2078 1765 2221 2506 2085 688 2324 559 478 379 277 865 2272 5060 
191 1109 1077 1273 439 1640 1030 1053 2159 2118 1691 2158 2551 2165 637 2303 550 480 382 272 935 2169 5140 
192 1149 1040 1255 530 1595 1020 1037 2234 2135 1643 2131 2540 2126 623 2373 552 487 383 248 980 2129 5227 
193 1159 1054 1259 542 1616 1007 1060 2299 2058 1663 2106 2527 2010 667 2497 540 487 382 257 938 2156 5324 
194 1187 1092 1201 570 1640 1015 1071 2421 2023 1677 2191 2512 1993 650 2528 558 519 389 223 917 2174 5081 
195 1194 1122 1131 628 1704 969 1114 2519 1989 1706 2154 2534 1958 650 2550 559 497 407 224 913 2203 4963 
196 1153 1182 1121 654 1700 961 1112 2448 2074 1730 2138 2491 1962 611 2617 558 482 412 225 880 2244 4871 
197 1111 1258 1161 668 1736 949 1176 2407 2082 1702 2097 2409 2022 570 2739 577 493 410 233 850 2287 4781 
198 1069 1335 1189 681 1762 954 1147 2401 2125 1685 2136 2385 1950 613 2849 586 501 414 236 828 2341 4614 
199 1085 1325 1220 684 1780 972 1166 2403 2107 1703 2053 2374 1949 635 2946 584 473 400 270 850 2335 4672 
200 1103 1281 1281 694 1789 1011 1133 2440 2113 1711 2091 2354 1927 645 2948 591 466 396 272 847 2355 4763 
201 1126 1257 1259 714 1869 1006 1115 2419 2135 1709 2142 2458 1946 654 2846 601 464 401 270 845 2392 4817 
202 1065 1307 1303 781 1800 1016 1119 2432 2139 1658 2189 2494 1905 670 2840 591 461 413 265 859 2320 4842 
203 1104 1248 1283 830 1761 1050 1076 2414 2147 1647 2136 2637 1795 730 2840 606 445 407 245 940 2207 4891 
204 1105 1250 1380 783 1719 1048 1044 2497 2154 1590 2154 2694 1845 676 2846 625 425 410 240 971 2118 4977 
205 1087 1201 1450 805 1713 989 1146 2410 2116 1639 2128 2690 1951 653 2775 628 425 415 232 947 2148 5072 
206 1041 1223 1455 822 1702 999 1186 2387 2117 1671 2140 2720 1992 649 2731 627 423 425 227 925 2193 5163 
207 1053 1206 1470 831 1689 1057 1207 2365 2099 1655 2209 2654 2088 594 2662 647 422 437 217 890 2195 5135 
208 1071 1166 1466 838 1665 1052 1252 2264 2125 1642 2196 2654 2088 559 2637 656 422 442 219 903 2186 5198 
209 1092 1151 1437 884 1665 1065 1254 2225 2135 1601 2191 2616 2118 565 2626 658 422 444 224 889 2204 5259 
210 1098 1113 1448 962 1612 1056 1308 2287 2130 1591 2209 2598 2144 571 2639 688 407 448 222 851 2221 5167 
211 1088 1115 1421 989 1679 1044 1283 2391 2182 1569 2196 2583 2189 555 2578 683 399 452 235 820 2237 5022 
212 1109 1097 1412 986 1754 1057 1276 2563 2139 1577 2243 2652 2163 556 2533 651 395 451 245 814 2252 4854 
213 1124 1104 1442 984 1769 1060 1274 2652 2123 1595 2304 2624 2220 561 2457 640 394 447 249 783 2278 4792 
214 1131 1046 1515 1003 1796 1055 1332 2593 2069 1649 2326 2631 2297 555 2338 611 409 452 263 764 2317 4633 
215 1110 1070 1538 1060 1748 1025 1341 2561 2085 1659 2308 2668 2212 560 2397 602 415 449 255 772 2345 4737 
216 1087 1091 1496 1091 1735 1049 1320 2499 2154 1651 2324 2745 2103 575 2462 611 433 450 243 834 2303 4830 
217 1128 1060 1470 1096 1789 1035 1313 2400 2187 1626 2301 2794 2046 580 2526 581 444 463 233 867 2313 4890 
218 1132 1067 1478 1085 1798 1011 1313 2363 2220 1611 2333 2762 2040 588 2523 576 465 426 259 854 2334 4958 
219 1150 1066 1475 1032 1801 1032 1349 2368 2186 1613 2292 2763 1993 618 2619 577 468 432 270 838 2351 4994 
220 1179 998 1481 986 1863 1046 1346 2312 2197 1622 2174 2775 1981 630 2710 584 480 434 275 842 2366 5062 
221 1176 1039 1459 962 1830 1043 1387 2286 2208 1606 2249 2709 1886 636 2745 600 479 435 260 851 2399 5116 
222 1145 1115 1470 948 1819 1004 1371 2308 2220 1531 2279 2683 1789 659 2808 606 484 425 254 830 2395 5184 
223 1090 1171 1507 904 1836 1011 1418 2286 2181 1618 2250 2639 1769 686 2765 606 494 431 244 847 2358 5197 
224 1073 1231 1514 889 1829 1032 1430 2330 2175 1613 2160 2609 1898 681 2727 627 482 442 244 835 2298 5272 
225 1063 1274 1505 919 1816 1036 1339 2464 2146 1641 2190 2607 1923 694 2679 655 475 448 242 844 2279 5159 
226 1100 1344 1462 905 1779 1038 1372 2512 2152 1674 2284 2547 1995 700 2636 690 459 444 230 888 2165 5051 
227 1112 1249 1580 905 1749 1004 1404 2601 2140 1770 2360 2577 2066 696 2509 670 446 436 244 919 2083 4897 
228 1114 1236 1716 846 1708 947 1491 2665 2120 1794 2435 2544 2210 650 2478 658 440 430 250 939 2100 4765 
229 1132 1219 1721 898 1675 945 1466 2593 2138 1771 2398 2496 2383 660 2405 645 481 397 287 921 2129 4790 
230 1136 1213 1690 924 1696 950 1482 2591 2110 1759 2407 2387 2409 623 2523 621 484 397 278 924 2143 4876 
231 1145 1207 1690 947 1632 993 1466 2562 2162 1760 2423 2485 2361 598 2619 584 497 407 290 920 2151 4906 
232 1167 1130 1743 981 1650 1008 1483 2498 2138 1753 2407 2585 2271 599 2748 570 508 422 307 854 2179 4939 
233 1181 1082 1746 1021 1658 1003 1494 2487 2240 1741 2414 2680 2244 617 2701 586 512 426 300 833 2189 4959 
234 1190 1100 1721 998 1682 1058 1497 2453 2236 1758 2450 2749 2238 635 2714 591 521 429 313 812 2209 4983 
235 1234 1071 1685 990 1727 1042 1463 2498 2263 1756 2442 2796 2134 638 2770 580 516 437 316 821 2203 5008 
236 1204 1103 1667 968 1760 1052 1464 2425 2288 1735 2399 2850 2126 635 2668 593 501 447 306 841 2216 5045 
237 1169 1113 1580 1005 1825 1037 1489 2395 2271 1782 2436 2834 2135 635 2598 597 507 455 305 832 2256 5079 
238 1150 1108 1584 947 1935 1029 1484 2504 2171 1812 2522 2768 2155 653 2535 612 510 451 309 819 2284 5129 
239 1088 1150 1630 938 1879 1014 1461 2592 2126 1777 2526 2750 2182 658 2567 625 517 454 301 791 2292 5210 
240 1089 1152 1634 950 1850 1026 1484 2612 2121 1749 2517 2750 2147 703 2545 622 536 454 278 803 2264 5254 
241 1054 1162 1638 919 1826 1016 1487 2726 2131 1714 2523 2830 2097 724 2593 629 545 460 280 785 2274 5151 
242 1040 1175 1596 905 1827 1057 1500 2698 2130 1719 2506 2834 2122 741 2601 637 562 463 263 769 2312 4958 
243 1058 1142 1625 906 1782 1063 1505 2680 2195 1703 2453 2895 2092 725 2620 657 567 472 260 782 2308 4838 
244 1084 1137 1606 924 1746 1085 1528 2715 2272 1628 2474 2863 2079 737 2619 654 597 426 286 789 2316 4726 
245 1093 1141 1618 935 1731 1135 1546 2667 2320 1678 2448 2848 2148 716 2601 667 573 418 288 804 2332 4582 
246 1107 1169 1576 957 1736 1140 1539 2674 2311 1712 2549 2818 2147 675 2586 656 564 429 289 795 2383 4618 
247 1133 1148 1575 994 1698 1169 1517 2680 2282 1735 2532 2872 2129 673 2537 644 516 438 307 867 2296 4689 
248 1112 1152 1604 1023 1639 1175 1557 2675 2250 1738 2535 2820 2116 678 2591 664 492 443 308 899 2236 4735 
249 1117 1146 1645 1037 1643 1139 1559 2646 2236 1706 2526 2798 2114 698 2589 674 490 446 297 880 2171 4785 
250 1152 1101 1699 1022 1608 1112 1534 2684 2257 1666 2575 2709 2188 676 2562 659 496 423 335 915 2095 4854 
251 1156 1099 1688 1049 1569 1142 1508 2671 2288 1654 2541 2713 2145 686 2596 652 549 429 314 874 2109 4875 
252 1151 1148 1688 1039 1637 1164 1482 2632 2318 1669 2560 2712 2170 685 2534 616 567 413 328 911 2097 4898 
253 1123 1195 1648 1025 1674 1169 1458 2666 2224 1696 2584 2797 2032 697 2541 633 580 415 315 852 2159 4961 
254 1111 1228 1635 1023 1706 1144 1421 2763 2203 1728 2618 2701 2120 701 2489 617 608 410 292 825 2221 5000 
255 1108 1235 1650 995 1795 1098 1428 2703 2221 1672 2685 2654 2179 711 2477 596 657 403 293 834 2230 5065 
256 1010 1338 1616 1009 1830 1136 1418 2619 2291 1671 2693 2616 2270 712 2487 587 669 407 290 834 2237 5131 
257 975 1317 1569 981 1835 1144 1397 2609 2364 1605 2865 2470 2271 767 2504 609 691 414 278 807 2282 5175 
258 1040 1301 1586 1018 1723 1175 1463 2593 2345 1598 2848 2484 2305 787 2453 609 706 421 271 815 2273 5137 
259 1076 1265 1624 992 1735 1151 1485 2530 2328 1588 2829 2463 2335 794 2457 623 742 436 271 810 2298 5208 
260 1088 1284 1605 930 1779 1154 1503 2511 2277 1588 2785 2474 2281 792 2488 625 791 435 268 776 2323 5204 
261 1107 1277 1562 936 1759 1173 1498 2542 2202 1597 2848 2477 2287 760 2438 632 828 435 258 772 2336 5221 
262 1127 1229 1592 949 1780 1209 1416 2618 2164 1579 2854 2394 2284 800 2527 638 848 420 255 765 2373 5270 
263 1145 1227 1595 912 1801 1228 1463 2619 2121 1592 2816 2350 2248 846 2651 644 874 432 229 785 2405 5248 
264 1159 1206 1558 931 1798 1229 1462 2652 2047 1620 2773 2461 2262 747 2727 637 891 447 245 782 2360 5293 
265 1183 1174 1562 879 1845 1230 1471 2644 1979 1616 2751 2496 2242 766 2780 644 900 449 229 851 2289 5340 
266 1192 1168 1548 872 1860 1189 1502 2676 1946 1642 2680 2534 2206 752 2760 649 903 446 223 908 2198 5197 
267 1214 1167 1564 849 1848 1201 1510 2634 1945 1605 2651 2634 2152 758 2778 655 937 449 224 926 2132 5059 
268 1241 1175 1602 869 1841 1186 1511 2660 1938 1547 2677 2721 2168 742 2815 673 958 452 232 905 2125 4884 
269 1234 1254 1519 854 1906 1182 1514 2691 1943 1531 2629 2666 2161 759 2850 650 971 463 238 876 2169 4823 
270 1259 1293 1513 905 1870 1207 1496 2672 1932 1511 2726 2665 2043 755 2901 632 940 473 246 877 2184 4879 
271 1264 1306 1465 925 1828 1298 1482 2672 1918 1534 2726 2646 2034 768 2915 579 968 469 260 874 2199 4958 
272 1272 1339 1441 987 1769 1324 1469 2667 1886 1641 2706 2626 1986 829 2822 604 967 454 247 845 2220 5051 
273 1222 1390 1448 994 1750 1319 1450 2619 1857 1690 2706 2605 1930 873 2836 597 1024 443 237 820 2241 5095 
274 1214 1358 1457 1032 1708 1338 1437 2613 1861 1720 2660 2605 1985 844 2837 592 1069 437 218 841 2243 5155 
275 1208 1340 1442 1004 1769 1285 1429 2618 1871 1742 2622 2574 2026 827 2843 604 1078 427 225 811 2259 5197 
276 1185 1305 1474 988 1771 1264 1461 2547 1846 1745 2655 2598 2133 841 2759 593 1085 440 227 793 2283 5268 
277 1107 1367 1461 982 1770 1267 1480 2499 1815 1719 2674 2541 2296 816 2741 605 1070 437 220 785 2318 5310 
278 1143 1381 1473 983 1743 1279 1448 2471 1847 1704 2769 2464 2320 813 2756 617 1054 438 226 742 2375 5119 
279 1147 1378 1478 949 1805 1304 1447 2462 1830 1702 2826 2358 2286 788 2802 642 1051 431 231 759 2399 5027 
280 1158 1381 1428 956 1866 1345 1520 2502 1790 1769 2830 2383 2345 784 2706 661 1042 427 239 825 2307 4837 
281 1210 1354 1404 877 1950 1404 1512 2593 1770 1817 2814 2279 2355 809 2701 672 1023 439 236 846 2272 4693 
282 1220 1340 1411 851 1958 1440 1441 2724 1868 1766 2845 2364 2243 870 2686 636 956 440 266 926 2169 4663 
283 1221 1345 1404 829 2053 1397 1378 2877 1852 1775 2914 2484 2184 875 2577 617 979 448 275 928 2126 4661 
284 1266 1290 1463 788 2103 1340 1379 2930 1842 1777 2892 2579 2082 916 2576 593 925 460 302 898 2146 4704 
285 1303 1290 1447 827 2067 1341 1359 2938 1831 1797 2836 2661 2036 927 2545 592 966 475 297 873 2189 4716 
286 1334 1248 1427 843 2103 1296 1381 2935 1833 1712 2897 2699 2031 938 2501 622 995 485 296 832 2216 4766 
287 1314 1238 1483 878 2073 1298 1354 2962 1771 1737 2938 2591 2137 938 2485 634 1016 498 292 813 2243 4779 
288 1304 1144 1557 921 2047 1325 1314 2908 1813 1723 2917 2607 2175 948 2457 624 1021 488 303 798 2292 4863 
289 1280 1188 1548 969 2059 1312 1304 2879 1819 1709 2885 2509 2240 873 2524 626 1043 478 300 800 2311 4934 
290 1281 1196 1553 947 2102 1333 1271 2892 1817 1731 2804 2559 2191 797 2617 625 1070 483 289 816 2310 4969 
291 1176 1304 1554 968 2092 1285 1308 2821 1836 1663 2825 2561 2240 790 2601 618 1076 469 278 809 2317 5041 
292 1236 1255 1597 927 2083 1313 1367 2801 1804 1626 2760 2628 2190 797 2635 626 1078 468 275 804 2344 5088 
293 1260 1211 1609 915 2113 1307 1393 2797 1775 1632 2745 2625 2212 826 2585 625 1144 422 263 846 2304 5104 
294 1285 1186 1668 863 2088 1302 1398 2793 1698 1631 2773 2521 2209 876 2650 668 1107 438 262 813 2344 5174 
295 1317 1167 1725 884 2067 1306 1361 2743 1680 1607 2770 2582 2187 910 2631 684 1178 425 261 817 2358 5211 
296 1348 1156 1741 880 2048 1385 1305 2690 1634 1610 2773 2581 2145 943 2645 697 1188 430 249 802 2388 5274 
297 1377 1164 1768 854 2009 1416 1308 2654 1663 1615 2774 2667 1992 1006 2641 715 1084 440 243 845 2312 5346 
298 1422 1158 1810 821 1980 1433 1295 2609 1701 1648 2755 2590 2015 994 2623 716 1124 453 244 876 2208 5168 
299 1387 1214 1833 819 1956 1429 1324 2572 1720 1639 2716 2638 2091 925 2636 724 1139 465 240 852 2201 5064 
300 1335 1254 1868 829 1916 1430 1376 2541 1708 1704 2689 2622 2063 933 2672 726 1150 479 226 840 2180 4872 
301 1302 1290 1924 803 1894 1512 1331 2588 1728 1734 2680 2593 1992 919 2724 721 1188 477 234 871 2163 4680 
302 1253 1343 1901 805 1879 1589 1304 2594 1739 1692 2701 2674 1949 883 2685 726 1181 484 230 870 2136 4703 
303 1320 1345 1921 817 1885 1616 1267 2570 1710 1726 2689 2620 1986 870 2637 724 1206 492 225 872 2183 4669 
304 1315 1371 1944 796 1858 1618 1275 2517 1686 1723 2702 2599 2122 779 2624 771 1193 493 229 871 2234 4743 
305 1347 1395 1934 821 1788 1692 1239 2497 1729 1699 2740 2611 2197 753 2615 777 1229 496 229 871 2233 4803 
306 1364 1411 1937 901 1731 1699 1200 2495 1719 1648 2734 2640 2282 749 2562 761 1250 483 219 869 2264 4886 
307 1435 1340 1908 953 1692 1750 1191 2488 1627 1673 2775 2642 2247 771 2553 776 1281 481 207 865 2295 4959 
308 1474 1327 1860 995 1741 1776 1176 2545 1576 1674 2720 2610 2298 787 2577 802 1223 474 217 860 2307 5002 
309 1409 1359 1847 957 1834 1763 1158 2469 1576 1736 2693 2569 2304 802 2550 800 1313 435 218 922 2267 5039 
310 1352 1328 1857 939 1895 1740 1149 2517 1516 1694 2719 2532 2321 828 2529 812 1280 436 217 939 2287 5081 
311 1326 1333 1816 935 1915 1694 1144 2517 1495 1724 2671 2604 2344 828 2432 881 1249 430 225 942 2309 5121 
312 1313 1324 1843 879 1932 1635 1161 2533 1486 1682 2652 2638 2359 840 2426 906 1214 435 227 923 2329 5201 
313 1299 1320 1866 852 1928 1644 1193 2542 1492 1665 2625 2789 2338 857 2484 923 1212 411 228 912 2315 5292 
314 1291 1319 1841 864 1863 1659 1201 2560 1489 1678 2617 2893 2287 852 2543 934 1155 425 236 911 2321 5387 
315 1283 1294 1795 892 1855 1674 1238 2610 1393 1700 2569 2832 2323 830 2659 949 1134 432 239 860 2340 5354 
316 1222 1351 1774 909 1831 1776 1292 2617 1434 1753 2561 2815 2257 862 2752 969 1099 430 238 814 2345 5061 
317 1265 1317 1770 936 1857 1784 1337 2637 1499 1745 2613 2783 2232 865 2730 957 1153 399 240 787 2403 4862 
318 1314 1312 1759 934 1819 1820 1340 2670 1506 1749 2712 2766 2223 888 2676 949 1192 394 238 794 2349 4751 
319 1337 1315 1783 958 1793 1836 1421 2654 1545 1753 2661 2763 2199 899 2708 907 1254 389 243 787 2346 4592 
320 1358 1317 1806 991 1755 1866 1388 2666 1512 1775 2713 2756 2172 921 2695 930 1275 389 245 839 2275 4667 
321 1379 1323 1825 967 1772 1813 1429 2670 1533 1732 2695 2722 2141 931 2763 887 1236 388 258 895 2246 4722 
322 1320 1349 1793 998 1731 1769 1467 2686 1495 1755 2755 2725 2117 959 2684 882 1224 395 247 942 2205 4778 
323 1290 1346 1817 1022 1692 1776 1533 2598 1504 1737 2752 2758 2123 949 2674 870 1218 410 236 966 2193 4817 
324 1264 1233 1957 1012 1758 1729 1538 2583 1486 1718 2706 2829 2077 953 2680 871 1242 400 232 962 2159 4897 
325 1285 1245 1952 1006 1763 1666 1532 2611 1479 1721 2703 2888 2058 977 2645 816 1231 400 225 1035 2071 4953 
326 1278 1210 1951 1017 1814 1644 1547 2604 1487 1770 2638 2851 1992 1001 2682 804 1221 406 226 1032 2098 5020 
327 1218 1251 1971 966 1875 1640 1519 2596 1489 1714 2645 2908 2111 948 2616 844 1173 408 234 1019 2140 5108 
328 1248 1169 1980 925 1924 1712 1499 2579 1500 1730 2616 2891 2317 915 2507 912 1114 414 241 1045 2124 5182 
329 1278 1171 1967 923 1930 1794 1461 2532 1501 1704 2705 2796 2304 911 2468 956 1124 392 238 1052 2109 5258 
330 1303 1178 1940 939 1928 1755 1488 2531 1531 1733 2679 2766 2289 917 2445 1006 1092 395 240 1009 2141 5294 
331 1271 1262 1939 941 1901 1752 1457 2546 1496 1719 2704 2744 2281 922 2466 1046 1088 403 245 996 2160 5332 
332 1274 1320 1954 949 1853 1726 1466 2619 1498 1726 2672 2739 2226 938 2549 1014 1096 403 271 956 2159 5129 
333 1286 1328 1957 942 1829 1697 1524 2550 1488 1723 2663 2683 2167 978 2638 1007 1112 410 281 921 2184 5071 
334 1396 1251 1966 927 1810 1648 1521 2517 1520 1720 2617 2719 2152 1018 2677 957 1193 412 283 928 2176 5001 
335 1356 1295 2102 902 1823 1606 1593 2499 1478 1876 2630 2681 2092 1052 2733 979 1220 413 290 933 2180 4609 
336 1397 1288 2073 876 1879 1588 1593 2485 1457 1889 2674 2636 2147 1053 2726 965 1277 395 286 898 2235 4643 
337 1404 1257 2088 846 1886 1586 1590 2458 1443 1918 2759 2565 2112 1075 2778 974 1243 398 313 862 2285 4639 
338 1384 1249 2181 817 1859 1585 1618 2479 1476 1999 2700 2485 2091 1121 2817 962 1241 401 337 864 2292 4640 
339 1349 1237 2204 836 1849 1597 1581 2517 1453 2004 2808 2446 2094 1104 2722 967 1217 406 343 831 2374 4653 
340 1331 1194 2300 832 1820 1609 1558 2492 1538 1982 2817 2473 2131 1089 2654 943 1199 408 351 835 2387 4699 
341 1289 1186 2324 844 1819 1637 1562 2510 1582 1968 2773 2568 2130 1061 2579 921 1187 423 388 838 2329 4719 
342 1188 1269 2290 890 1804 1679 1493 2512 1583 1968 2743 2619 2179 1038 2576 886 1180 429 380 895 2205 4802 
343 1205 1256 2307 937 1782 1658 1468 2513 1560 2109 2731 2687 2152 1044 2560 870 1221 432 340 940 2127 4745 
344 1232 1247 2243 1004 1759 1676 1417 2553 1573 2064 2654 2800 2109 1026 2567 876 1193 435 340 929 2154 4807 
345 1223 1286 2286 1015 1762 1670 1389 2473 1603 2070 2643 2906 2071 1038 2516 883 1214 450 341 915 2165 4843 
346 1242 1276 2300 1007 1772 1652 1433 2527 1584 2081 2570 2897 2088 1011 2526 855 1187 451 333 927 2170 4916 
347 1271 1235 2333 1010 1754 1634 1440 2552 1591 2045 2524 2859 2097 1016 2472 892 1170 465 330 894 2179 4965 
348 1278 1240 2280 1044 1793 1674 1434 2539 1615 2085 2486 2808 2094 1022 2483 904 1144 470 326 902 2202 4991 
349 1315 1204 2319 1008 1749 1718 1438 2542 1599 2021 2495 2733 2121 1001 2471 929 1044 469 345 925 2240 5024 
350 1307 1218 2279 1010 1738 1747 1433 2537 1578 2000 2543 2675 2079 1025 2476 953 1066 480 342 884 2270 5083 
351 1344 1206 2241 996 1727 1769 1438 2449 1580 1936 2558 2654 2014 1058 2511 953 1106 480 359 914 2252 5197 
352 1351 1238 2262 986 1716 1727 1464 2415 1614 1999 2477 2636 2041 1067 2519 938 1118 482 361 893 2325 5265 
353 1419 1320 2190 1007 1681 1729 1445 2360 1628 1976 2469 2610 2115 992 2442 955 1180 483 373 872 2336 5332 
354 1442 1316 2301 992 1604 1718 1503 2358 1629 1965 2493 2586 2049 1047 2493 970 1237 466 376 831 2363 5077 
355 1470 1439 2261 976 1656 1774 1490 2426 1491 2132 2474 2545 2059 1056 2495 1010 1319 456 366 785 2414 4818 
356 1491 1484 2269 1012 1690 1731 1473 2396 1523 2066 2476 2601 2036 1102 2459 1018 1349 472 360 826 2345 4696 
357 1481 1515 2248 1032 1740 1711 1467 2492 1482 2078 2427 2596 2056 1073 2537 1013 1405 476 360 877 2293 4760 
358 1454 1559 2237 1040 1827 1654 1443 2607 1454 2081 2455 2583 2081 1086 2508 997 1375 470 363 914 2220 4823 
359 1327 1674 2209 1026 1853 1652 1442 2694 1508 2019 2452 2703 2032 1093 2478 1063 1257 470 396 949 2136 4950 
360 1272 1714 2271 1012 1871 1669 1452 2594 1495 2035 2480 2769 2059 1099 2347 1116 1308 474 362 916 2169 5032 
361 1310 1680 2373 1002 1825 1661 1421 2633 1506 2040 2459 2878 2040 1165 2268 1155 1326 487 355 898 2202 5047 
362 1317 1689 2356 987 1811 1636 1400 2647 1487 2081 2504 2832 2059 1173 2238 1168 1294 484 339 864 2210 5106 
363 1348 1664 2278 997 1853 1664 1362 2748 1430 2074 2587 2834 2091 1147 2228 1092 1229 465 401 899 2188 5193 
364 1399 1631 2241 964 1843 1688 1474 2797 1461 2110 2624 2792 2097 1117 2290 1084 1176 462 429 935 2161 4991 
365 1454 1561 2342 1002 1774 1658 1456 2827 1442 2152 2675 2681 2089 1124 2392 1084 1166 468 441 923 2180 4778 
366 1507 1504 2439 949 1814 1696 1490 2757 1526 2108 2687 2634 2130 1115 2423 1054 1188 471 462 864 2217 4680 
367 1482 1515 2407 914 1849 1723 1455 2780 1539 2086 2670 2546 2196 1035 2511 1042 1219 476 452 857 2244 4618 
368 1401 1562 2408 938 1810 1735 1419 2739 1574 2071 2658 2555 2174 1023 2620 960 1293 485 438 843 2265 4701 
369 1412 1593 2334 1001 1756 1719 1429 2774 1558 2099 2681 2476 2225 1002 2577 943 1244 486 490 830 2302 4773 
370 1386 1613 2351 977 1743 1744 1401 2779 1557 2165 2675 2492 2108 1018 2599 918 1283 494 439 836 2306 4822 
371 1328 1642 2322 968 1735 1748 1433 2725 1623 2175 2630 2451 2240 957 2560 955 1324 466 438 839 2285 4894 
372 1303 1657 2279 1011 1680 1754 1404 2678 1594 2183 2596 2489 2244 960 2518 1001 1283 460 434 849 2287 4985 
373 1259 1649 2323 1015 1662 1750 1407 2686 1560 2174 2555 2540 2323 866 2444 1026 1266 455 414 834 2288 5056 
374 1254 1591 2376 1023 1612 1768 1407 2727 1579 2134 2510 2554 2263 877 2464 1043 1295 435 412 813 2329 5086 
375 1243 1607 2345 1005 1667 1766 1438 2744 1549 2106 2483 2611 2223 891 2427 1098 1307 397 420 828 2348 5137 
376 1283 1585 2279 988 1735 1770 1445 2778 1552 2061 2440 2628 2162 939 2455 1138 1293 400 387 804 2407 5178 
377 1253 1546 2386 949 1805 1720 1426 2795 1535 2030 2557 2667 2144 958 2354 1147 1289 408 395 886 2282 5251 
378 1226 1558 2376 931 1844 1701 1420 2795 1542 2012 2542 2688 2100 995 2348 1182 1267 408 395 1055 2110 5338 
379 1239 1523 2385 945 1785 1687 1436 2759 1591 2051 2465 2647 2055 1001 2408 1190 1270 411 401 1039 2110 5174 
380 1235 1511 2404 994 1736 1686 1451 2797 1570 2066 2515 2601 2122 1024 2365 1157 1252 417 435 993 2133 5036 
381 1259 1519 2500 926 1751 1631 1522 2726 1593 2032 2580 2599 2197 1016 2247 1166 1221 412 439 973 2178 4983 
382 1280 1558 2497 947 1753 1592 1532 2774 1605 2032 2627 2504 2293 1016 2323 1138 1232 420 429 955 2200 4858 
383 1293 1593 2520 937 1675 1591 1572 2718 1602 2177 2591 2397 2361 1011 2387 1127 1224 431 451 915 2207 4758 
384 1310 1599 2522 952 1688 1624 1597 2671 1630 2261 2532 2426 2282 1043 2453 1125 1260 433 449 900 2227 4596 
385 1381 1574 2475 889 1753 1646 1565 2686 1609 2241 2560 2366 2249 1053 2509 1116 1210 444 483 884 2245 4665 
386 1469 1531 2459 913 1752 1648 1562 2679 1606 2239 2624 2263 2256 1041 2610 1076 1218 446 490 887 2264 4698 
387 1448 1505 2489 939 1725 1662 1564 2648 1671 2205 2593 2295 2231 1024 2615 1074 1245 456 502 913 2275 4705 
388 1482 1452 2481 948 1693 1711 1612 2578 1679 2103 2555 2435 2236 1005 2497 1086 1270 461 482 885 2310 4767 
389 1472 1467 2471 963 1650 1708 1598 2575 1663 2122 2559 2488 2208 1039 2467 1053 1320 466 498 837 2375 4866 
390 1458 1509 2406 1012 1647 1681 1581 2524 1692 2084 2490 2574 2153 1028 2536 1028 1409 469 486 851 2373 4952 
391 1357 1587 2423 966 1703 1659 1597 2539 1723 2021 2507 2663 2154 1002 2482 1029 1390 470 488 845 2398 5018 
392 1339 1529 2520 986 1650 1664 1561 2607 1721 2012 2551 2658 2112 982 2459 1052 1351 476 478 879 2291 5126 
393 1314 1530 2531 967 1629 1703 1555 2657 1699 2072 2530 2613 2123 975 2429 1097 1312 476 450 886 2254 5111 
394 1206 1612 2410 978 1732 1723 1526 2687 1709 2090 2478 2535 2077 1023 2449 1113 1261 476 484 947 2172 5181 
395 1221 1584 2473 974 1777 1763 1515 2694 1729 2128 2506 2422 2135 979 2465 1145 1257 486 491 947 2160 5046 
396 1163 1621 2412 971 1881 1770 1523 2666 1845 2067 2479 2410 2101 1008 2437 1189 1285 463 528 939 2145 4832 
397 1230 1538 2474 963 1853 1788 1484 2724 1831 2078 2445 2375 2111 1072 2465 1175 1263 456 542 958 2114 4640 
398 1278 1509 2471 923 1847 1804 1465 2760 1769 2144 2393 2385 2101 1063 2478 1150 1293 452 528 967 2160 4745 
399 1294 1500 2402 942 1871 1851 1456 2703 1820 2126 2423 2304 2182 1081 2392 1121 1395 434 522 940 2148 4795 
400 1328 1460 2377 902 1908 1871 1487 2653 1838 2044 2491 2324 2140 1083 2359 1094 1437 418 532 918 2212 4867 
401 1310 1486 2459 949 1846 1831 1484 2716 1848 2014 2469 2300 2155 1065 2370 1065 1462 431 521 927 2245 4967 
402 1339 1503 2405 994 1879 1797 1510 2684 1843 2028 2510 2244 2150 1047 2360 1083 1425 438 509 914 2272 4984 
403 1347 1511 2354 1031 1930 1802 1487 2702 1857 1955 2486 2309 2153 1010 2352 1037 1467 445 554 904 2275 5006 
404 1343 1545 2355 963 1913 1790 1531 2595 1882 1931 2446 2362 2151 987 2444 1046 1450 447 560 898 2316 5071 
405 1391 1500 2375 934 1847 1805 1447 2685 1866 1902 2375 2491 2139 965 2439 1050 1441 452 592 862 2343 5095 
406 1425 1480 2387 922 1855 1748 1520 2582 1912 1890 2386 2465 2072 1010 2495 1075 1441 451 568 829 2376 5172 
407 1465 1452 2398 988 1851 1732 1521 2634 1886 1864 2409 2432 2168 1020 2451 1109 1410 458 567 818 2403 5221 
408 1389 1519 2386 1003 1845 1704 1479 2578 1918 1865 2432 2366 2255 1032 2432 1138 1420 459 542 908 2307 5323 
409 1340 1467 2501 1062 1836 1641 1502 2625 1912 1862 2443 2348 2359 1065 2381 1162 1409 464 547 976 2205 5208 
410 1244 1549 2492 1036 1946 1599 1472 2663 1875 1910 2495 2274 2372 1089 2380 1146 1372 475 574 952 2184 5122 
411 1214 1532 2597 1075 1900 1601 1471 2621 1910 1870 2493 2209 2306 1123 2436 1168 1346 473 581 974 2153 4935 
412 1219 1584 2570 1122 1871 1595 1477 2575 2024 1907 2513 2218 2365 1081 2359 1140 1349 478 587 954 2130 4766 
413 1224 1587 2542 1166 1857 1652 1438 2618 1980 2000 2441 2183 2418 1041 2448 1155 1292 493 603 940 2142 4637 
414 1198 1601 2589 1183 1791 1679 1456 2599 1997 1984 2398 2232 2401 1020 2545 1108 1349 483 546 933 2183 4725 
415 1179 1615 2630 1178 1760 1670 1481 2562 1997 1991 2407 2295 2395 1036 2607 1110 1345 472 551 892 2205 4757 
416 1059 1689 2650 1144 1787 1629 1533 2566 1952 2041 2363 2349 2367 1062 2681 1087 1356 433 574 917 2208 4824 
417 1065 1659 2656 1132 1805 1602 1559 2557 1902 1999 2476 2385 2293 1069 2716 1024 1399 430 575 938 2232 4896 
418 1100 1648 2642 1121 1773 1584 1565 2564 1905 1973 2435 2409 2247 1108 2729 955 1441 431 649 873 2251 4932 
419 1117 1646 2597 1137 1796 1555 1558 2593 1918 2047 2380 2478 2253 1142 2612 921 1437 435 644 890 2284 4974 
420 1132 1655 2543 1088 1846 1529 1508 2651 1942 2015 2409 2501 2225 1139 2481 926 1391 429 642 876 2317 5049 
421 1171 1633 2527 1110 1834 1578 1519 2622 1907 2055 2550 2400 2276 1118 2442 940 1408 439 641 898 2327 5010 
422 1199 1630 2538 1087 1845 1561 1467 2689 1898 2034 2652 2369 2247 1087 2456 958 1376 445 630 898 2350 5091 
423 1213 1557 2645 1113 1779 1587 1427 2641 1971 2030 2731 2313 2313 1048 2426 975 1378 443 591 929 2356 5143 
424 1243 1486 2697 1123 1795 1605 1441 2641 1950 2050 2747 2276 2280 1079 2421 952 1413 447 601 955 2346 5213 
425 1249 1458 2642 1099 1888 1584 1500 2632 1847 2048 2699 2379 2194 1076 2395 947 1422 453 590 978 2353 5310 
426 1261 1427 2628 1084 1949 1583 1611 2560 1920 2082 2719 2357 2168 1055 2411 958 1439 451 585 994 2339 5140 
427 1286 1410 2626 1068 1887 1684 1633 2603 1869 2064 2817 2324 2161 1089 2382 983 1497 457 577 965 2368 4951 
428 1328 1413 2563 1061 1830 1753 1640 2572 1889 2089 2800 2328 2203 1041 2410 1015 1525 448 569 961 2378 4839 
429 1343 1440 2591 1059 1782 1823 1617 2604 1948 2056 2870 2347 2196 1028 2321 1021 1494 460 575 1023 2273 4663 
430 1371 1401 2562 1035 1793 1860 1605 2538 1970 2036 2851 2312 2201 991 2349 1041 1541 455 539 1111 2159 4685 
431 1322 1460 2611 1029 1747 1803 1658 2502 2001 2034 2739 2266 2198 976 2405 1034 1524 458 548 1141 2114 4768 
432 1290 1477 2661 1013 1697 1787 1668 2566 2003 2020 2709 2334 2203 913 2359 1046 1461 462 566 1136 2106 4851 
433 1296 1502 2613 1010 1739 1810 1696 2513 2143 1890 2689 2454 2143 943 2315 1070 1475 471 580 1110 2151 4902 
434 1286 1473 2642 1026 1769 1785 1654 2529 2140 1949 2655 2610 2048 968 2255 1090 1455 475 578 1101 2173 4993 
435 1252 1491 2658 1048 1794 1741 1663 2496 2248 1930 2681 2607 2011 975 2234 1106 1489 466 574 1106 2173 4983 
436 1234 1497 2665 1045 1787 1781 1668 2502 2263 1914 2627 2641 2034 997 2219 1133 1496 467 576 1046 2251 5051 
437 1219 1523 2687 1011 1861 1728 1703 2529 2237 1900 2630 2533 2053 1068 2234 1158 1469 478 535 1036 2297 5129 
438 1248 1439 2757 1017 1902 1753 1680 2553 2245 1914 2658 2435 2138 1038 2324 1175 1454 488 521 1002 2340 5166 
439 1258 1453 2690 990 1952 1750 1716 2519 2249 1885 2641 2422 2109 1037 2424 1196 1413 491 515 986 2339 5220 
440 1279 1476 2613 974 2028 1772 1706 2549 2212 1865 2684 2344 2182 961 2475 1235 1360 491 521 982 2334 5237 
441 1288 1497 2575 1060 1929 1760 1700 2505 2247 1903 2628 2329 2216 910 2565 1269 1320 498 530 985 2358 5311 
442 1303 1521 2599 1072 1950 1741 1740 2499 2247 1871 2603 2354 2197 908 2520 1233 1348 502 573 987 2392 5171 
443 1374 1498 2570 1037 1925 1720 1714 2482 2204 1990 2596 2395 2184 913 2492 1250 1335 507 591 1018 2295 5076 
444 1380 1495 2515 1010 1977 1747 1697 2471 2240 1961 2579 2400 2168 887 2486 1266 1306 517 590 1066 2222 4990 
445 1395 1493 2520 1001 1977 1730 1750 2501 2217 2024 2584 2423 2011 884 2561 1286 1289 530 585 1099 2178 4767 
446 1378 1557 2471 1015 1968 1738 1731 2512 2260 2020 2479 2451 2017 888 2622 1309 1321 505 584 1117 2121 4683 
447 1335 1593 2397 1077 1988 1761 1740 2478 2264 2017 2407 2547 2031 931 2558 1319 1347 489 580 1114 2178 4756 
448 1316 1596 2396 1103 1989 1739 1750 2483 2234 2015 2398 2598 2048 924 2487 1335 1388 476 579 1125 2170 4776 
449 1347 1580 2403 1086 2021 1735 1744 2463 2251 1960 2416 2523 2077 942 2505 1361 1404 447 592 1112 2191 4855 
450 1303 1594 2349 1068 2001 1761 1730 2477 2205 2001 2509 2492 2082 963 2404 1416 1460 454 579 1058 2217 4851 
451 1287 1626 2349 1106 1955 1751 1681 2494 2173 2040 2461 2401 2121 972 2448 1385 1506 454 562 1043 2251 4884 
452 1310 1566 2353 1082 1957 1759 1676 2512 2133 2076 2425 2366 2160 999 2450 1327 1519 453 577 1054 2257 4957 
453 1273 1575 2261 1083 1956 1785 1689 2535 2129 2053 2448 2356 2194 1006 2440 1298 1492 462 569 1078 2264 4992 
454 1253 1568 2337 1080 1929 1728 1724 2519 2111 2108 2413 2402 2251 1027 2392 1235 1476 464 575 1049 2312 5062 
455 1255 1532 2343 1068 1933 1731 1715 2545 2050 2079 2493 2306 2302 1028 2389 1247 1465 471 563 1037 2327 5091 
456 1279 1495 2332 1056 1927 1712 1709 2535 2054 2034 2482 2294 2368 1028 2358 1272 1449 469 549 1080 2280 5123 
457 1293 1558 2278 1094 1867 1740 1717 2510 2102 1981 2576 2148 2401 983 2372 1221 1484 465 523 1076 2286 5170 
458 1309 1569 2255 1082 1865 1736 1736 2531 2079 1966 2603 2229 2411 975 2344 1258 1447 482 493 1059 2323 5181 
459 1328 1571 2237 1088 1843 1728 1755 2533 2080 1977 2591 2359 2364 990 2290 1264 1428 493 495 1053 2351 5255 
460 1351 1606 2246 1082 1849 1670 1721 2488 2145 1991 2602 2402 2320 1004 2216 1275 1392 492 495 1044 2377 5353 
461 1357 1575 2287 1108 1842 1684 1789 2472 2148 2071 2595 2460 2233 1067 2243 1319 1342 483 491 1011 2387 5154 
462 1403 1554 2327 1087 1836 1653 1794 2437 2147 2112 2618 2565 2111 1087 2277 1337 1353 486 516 1012 2396 4988 
463 1384 1530 2314 1083 1817 1676 1781 2410 2089 2162 2575 2618 2158 1059 2319 1378 1377 489 476 982 2412 4888 
464 1270 1634 2272 1068 1790 1735 1750 2435 2136 2163 2640 2588 2128 1040 2396 1406 1326 496 535 959 2447 4693 
465 1266 1582 2307 1043 1795 1737 1727 2327 2206 2170 2577 2579 2144 1008 2506 1467 1257 505 536 983 2355 4736 
466 1227 1652 2298 990 1863 1745 1716 2379 2191 2170 2551 2599 2046 999 2633 1454 1250 514 556 1018 2300 4775 
467 1229 1648 2338 953 1918 1739 1725 2448 2177 2154 2602 2552 2079 956 2723 1383 1224 520 598 1122 2160 4831 
468 1259 1621 2307 984 1971 1681 1739 2524 2121 2171 2566 2579 2132 943 2691 1324 1218 518 599 1138 2135 4885 
469 1281 1582 2290 986 2029 1645 1718 2584 2123 2203 2504 2622 2114 951 2680 1297 1230 494 619 1084 2222 4953 
470 1310 1564 2256 1001 2082 1619 1713 2584 2102 2154 2511 2623 2030 967 2689 1256 1261 493 612 1083 2249 5052 
471 1340 1560 2235 1051 2070 1656 1676 2587 2073 2210 2454 2651 2001 959 2716 1246 1235 494 615 1066 2252 5076 
472 1356 1523 2260 1078 2059 1679 1589 2653 2006 2243 2384 2630 2044 919 2727 1236 1240 497 617 1045 2305 5162 
473 1387 1493 2286 1150 2037 1669 1571 2663 2046 2221 2350 2664 2036 929 2675 1236 1206 484 658 1053 2341 5239 
474 1410 1479 2278 1113 2022 1718 1621 2625 2070 2233 2321 2721 1989 965 2676 1237 1201 493 628 1031 2360 5127 
475 1428 1492 2255 1104 2009 1733 1578 2679 2082 2203 2344 2712 1986 986 2673 1208 1156 503 628 1032 2405 5081 
476 1483 1467 2301 1096 1985 1694 1585 2718 2070 2232 2329 2585 2023 1003 2673 1156 1186 507 630 1109 2280 4995 
477 1545 1428 2256 1159 1907 1762 1572 2758 2063 2248 2365 2546 2146 1011 2618 1207 1181 506 603 1117 2222 4874 
478 1515 1410 2300 1123 1901 1784 1597 2732 2045 2252 2415 2440 2162 988 2632 1216 1213 510 598 1128 2177 4738 
479 1409 1513 2326 1136 1849 1770 1624 2750 2073 2289 2443 2412 2254 984 2580 1222 1262 517 601 1114 2155 4594 
480 1320 1476 2414 1121 1827 1758 1627 2825 1998 2293 2469 2313 2394 969 2527 1233 1287 522 588 1100 2189 4676 
481 1274 1486 2453 1164 1786 1754 1587 2838 1995 2350 2405 2303 2405 929 2523 1261 1307 526 604 1068 2204 4749 
482 1119 1631 2417 1196 1794 1727 1582 2857 2013 2335 2433 2267 2363 933 2513 1235 1310 534 554 1125 2231 4823 
483 1238 1507 2397 1183 1802 1787 1579 2841 2010 2300 2454 2339 2303 928 2546 1233 1317 540 564 1112 2240 4844 
484 1339 1490 2319 1188 1843 1790 1552 2862 1937 2396 2428 2407 2209 937 2581 1205 1340 557 583 1122 2246 4941 
485 1373 1490 2214 1206 1906 1792 1545 2911 1953 2333 2466 2468 2186 982 2517 1200 1321 554 566 1120 2273 5041 
486 1407 1524 2120 1125 2013 1845 1443 2899 1894 2427 2440 2559 2180 964 2523 1205 1345 563 568 1116 2259 5096 
487 1430 1547 2050 1138 1963 1844 1448 2834 2031 2303 2371 2523 2185 959 2587 1216 1394 572 552 1076 2305 5171 
488 1416 1576 2022 1117 1943 1898 1445 2862 2069 2332 2348 2515 2169 963 2586 1231 1404 592 539 1051 2336 5179 
489 1437 1566 2071 1091 1979 1851 1490 2789 2103 2353 2324 2570 2171 919 2509 1267 1423 603 505 1059 2339 5238 
490 1478 1512 2080 1099 1974 1860 1446 2774 2058 2410 2348 2534 2173 888 2603 1286 1467 612 523 1020 2368 5129 
491 1555 1464 2102 1052 2002 1880 1445 2717 2059 2376 2351 2407 2220 913 2659 1288 1481 622 514 1015 2381 5052 
492 1566 1463 2071 1053 2026 1896 1465 2729 2125 2344 2352 2467 2125 974 2721 1274 1459 669 504 1000 2422 4943 
493 1495 1490 2037 1069 1956 1979 1518 2618 2131 2287 2365 2439 2131 985 2729 1277 1442 683 472 1001 2456 4875 
494 1453 1500 2082 1065 1892 1984 1586 2597 2092 2279 2448 2391 2128 1035 2680 1306 1436 676 490 1020 2408 4731 
495 1436 1516 2068 1044 1873 1992 1593 2601 2024 2246 2479 2391 2158 1047 2611 1276 1442 684 524 1015 2405 4787 
496 1400 1549 2078 1010 1822 2019 1610 2570 2070 2238 2455 2354 2176 1046 2563 1236 1387 760 534 1025 2344 4854 
497 1380 1544 2054 922 1900 2056 1588 2543 2046 2224 2424 2351 2164 1052 2562 1210 1414 765 563 1039 2292 4930 
498 1395 1520 2095 945 1864 2032 1548 2578 2089 2208 2404 2365 2111 1073 2551 1181 1375 775 568 1102 2213 4978 
499 1458 1503 2072 930 1877 1992 1531 2591 2096 2179 2450 2326 2141 1035 2502 1190 1382 788 531 1115 2192 5081 