0 0.000 0.000 0.105 0.000 0.000 0.333 0.000 0.000 0.213 0.008 0.009 0.000 0.000 0.000 0.000 0.000 0.000 0.000 0.000 0.000 0.000 0.695 
1 0.000 0.015 0.103 0.000 0.000 0.333 0.050 0.000 0.265 0.096 0.168 0.000 0.000 0.000 0.000 0.000 0.000 0.000 0.000 0.000 0.000 0.701 
2 0.000 0.021 0.111 0.000 0.000 0.576 0.091 0.003 0.345 0.100 0.249 0.000 0.000 0.000 0.000 0.000 0.000 0.000 0.000 0.000 0.000 0.693 
3 0.000 0.019 0.105 0.000 0.000 0.738 0.150 0.010 0.351 0.113 0.307 0.000 0.000 0.000 0.000 0.000 0.000 0.000 0.000 0.000 0.000 0.691 
4 0.000 0.020 0.119 0.000 0.000 0.753 0.227 0.012 0.342 0.175 0.323 0.000 0.000 0.000 0.000 0.000 0.000 0.000 0.000 0.000 0.000 0.690 
5 0.000 0.024 0.106 0.000 0.000 0.720 0.308 0.024 0.385 0.161 0.355 0.000 0.000 0.000 0.000 0.000 0.000 0.000 0.000 0.000 0.000 0.695 
6 0.000 0.026 0.087 0.000 0.000 0.712 0.308 0.024 0.384 0.161 0.350 0.000 0.000 0.000 0.000 0.000 0.000 0.000 0.000 0.000 0.000 0.694 
7 0.000 0.033 0.089 0.000 0.000 0.667 0.333 0.023 0.368 0.160 0.367 0.000 0.000 0.000 0.040 0.000 0.000 0.000 0.000 0.000 0.000 0.693 
8 0.000 0.035 0.118 0.000 0.000 0.617 0.320 0.086 0.349 0.183 0.356 0.000 0.000 0.000 0.037 0.000 0.000 0.000 0.000 0.000 0.000 0.688 
9 0.000 0.029 0.115 0.000 0.000 0.590 0.296 0.089 0.354 0.185 0.345 0.000 0.000 0.000 0.032 0.000 0.000 0.000 0.000 0.000 0.000 0.697 
10 0.000 0.029 0.092 0.000 0.000 0.581 0.308 0.140 0.358 0.178 0.340 0.000 0.000 0.000 0.029 0.000 0.000 0.000 0.000 0.000 0.000 0.695 
11 0.000 0.030 0.092 0.000 0.000 0.610 0.308 0.160 0.361 0.182 0.361 0.000 0.000 0.000 0.021 0.000 0.000 0.000 0.000 0.000 0.000 0.700 
12 0.000 0.034 0.111 0.000 0.000 0.585 0.333 0.159 0.351 0.179 0.360 0.000 0.000 0.000 0.020 0.000 0.000 0.000 0.000 0.000 0.000 0.707 
13 0.000 0.032 0.113 0.000 0.000 0.701 0.333 0.158 0.354 0.182 0.361 0.000 0.000 0.000 0.019 0.000 0.000 0.000 0.000 0.000 0.000 0.705 
14 0.000 0.033 0.107 0.000 0.000 0.794 0.474 0.159 0.357 0.179 0.368 0.000 0.000 0.000 0.020 0.000 0.000 0.000 0.000 0.000 0.000 0.705 
15 0.000 0.031 0.264 0.000 0.000 0.768 0.514 0.159 0.363 0.180 0.365 0.000 0.000 0.000 0.026 0.000 0.000 0.000 0.000 0.000 0.000 0.710 
16 0.000 0.031 0.258 0.000 0.000 0.753 0.528 0.153 0.365 0.174 0.363 0.000 0.000 0.000 0.026 0.000 0.000 0.000 0.000 0.000 0.000 0.708 
17 0.000 0.030 0.268 0.000 0.000 0.728 0.529 0.155 0.366 0.173 0.372 0.000 0.000 0.000 0.020 0.000 0.000 0.000 0.000 0.000 0.000 0.709 
18 0.003 0.033 0.258 0.000 0.000 0.685 0.559 0.152 0.365 0.171 0.387 0.005 0.000 0.000 0.019 0.000 0.000 0.000 0.000 0.000 0.000 0.708 
19 0.004 0.030 0.211 0.000 0.000 0.670 0.531 0.150 0.360 0.216 0.377 0.005 0.000 0.000 0.020 0.000 0.000 0.000 0.000 0.000 0.000 0.706 
20 0.003 0.073 0.209 0.000 0.000 0.641 0.529 0.147 0.413 0.206 0.383 0.006 0.000 0.000 0.021 0.000 0.000 0.000 0.000 0.000 0.000 0.701 
21 0.003 0.074 0.200 0.000 0.000 0.638 0.474 0.146 0.378 0.236 0.386 0.005 0.000 0.000 0.021 0.000 0.000 0.000 0.000 0.000 0.000 0.698 
22 0.003 0.068 0.172 0.000 0.000 0.655 0.462 0.142 0.370 0.224 0.387 0.005 0.000 0.000 0.021 0.000 0.000 0.000 0.000 0.000 0.000 0.698 
23 0.004 0.086 0.118 0.000 0.000 0.668 0.436 0.141 0.358 0.225 0.400 0.005 0.000 0.000 0.017 0.000 0.000 0.000 0.000 0.000 0.000 0.700 
24 0.004 0.084 0.102 0.000 0.000 0.662 0.250 0.160 0.376 0.227 0.449 0.021 0.000 0.000 0.018 0.000 0.000 0.000 0.000 0.000 0.000 0.699 
25 0.004 0.089 0.096 0.000 0.000 0.678 0.278 0.163 0.403 0.248 0.489 0.021 0.000 0.000 0.026 0.000 0.000 0.000 0.000 0.000 0.000 0.696 
26 0.007 0.104 0.123 0.000 0.000 0.693 0.556 0.188 0.421 0.294 0.480 0.021 0.000 0.000 0.025 0.000 0.000 0.000 0.000 0.000 0.000 0.691 
27 0.007 0.101 0.118 0.000 0.000 0.713 0.600 0.194 0.457 0.386 0.472 0.021 0.000 0.000 0.025 0.000 0.000 0.000 0.000 0.000 0.000 0.688 
28 0.007 0.096 0.122 0.000 0.008 0.720 0.696 0.190 0.444 0.388 0.470 0.020 0.000 0.000 0.025 0.000 0.000 0.000 0.000 0.000 0.000 0.691 
29 0.010 0.093 0.138 0.000 0.008 0.718 0.667 0.186 0.435 0.386 0.460 0.019 0.000 0.000 0.016 0.000 0.000 0.000 0.000 0.000 0.000 0.690 
30 0.010 0.092 0.132 0.000 0.008 0.732 0.706 0.186 0.418 0.415 0.463 0.014 0.000 0.000 0.017 0.000 0.000 0.000 0.000 0.000 0.000 0.691 
31 0.014 0.093 0.118 0.000 0.008 0.722 0.706 0.188 0.428 0.395 0.450 0.014 0.000 0.000 0.017 0.000 0.000 0.000 0.000 0.000 0.000 0.691 
32 0.014 0.093 0.123 0.000 0.016 0.709 0.714 0.184 0.429 0.391 0.455 0.014 0.000 0.000 0.018 0.000 0.000 0.000 0.000 0.000 0.000 0.690 
33 0.014 0.087 0.116 0.000 0.014 0.707 0.692 0.181 0.413 0.397 0.457 0.014 0.000 0.000 0.018 0.000 0.000 0.000 0.000 0.000 0.000 0.695 
34 0.014 0.088 0.117 0.000 0.014 0.720 0.727 0.178 0.427 0.411 0.457 0.042 0.000 0.000 0.018 0.000 0.000 0.000 0.000 0.000 0.000 0.695 
35 0.014 0.087 0.120 0.000 0.014 0.719 0.727 0.171 0.439 0.425 0.452 0.040 0.000 0.000 0.018 0.000 0.000 0.000 0.000 0.000 0.000 0.688 
36 0.010 0.090 0.124 0.000 0.007 0.729 0.727 0.165 0.429 0.422 0.452 0.038 0.000 0.000 0.018 0.000 0.000 0.000 0.000 0.000 0.000 0.688 
37 0.011 0.089 0.127 0.000 0.007 0.713 0.727 0.160 0.418 0.414 0.459 0.034 0.000 0.000 0.026 0.000 0.000 0.000 0.000 0.000 0.000 0.690 
38 0.014 0.090 0.124 0.000 0.007 0.700 0.727 0.156 0.429 0.411 0.467 0.034 0.000 0.000 0.026 0.000 0.000 0.000 0.000 0.000 0.000 0.691 
39 0.014 0.092 0.130 0.000 0.007 0.697 0.806 0.162 0.438 0.425 0.465 0.036 0.000 0.000 0.025 0.000 0.000 0.000 0.000 0.000 0.000 0.696 
40 0.010 0.089 0.118 0.000 0.007 0.722 0.758 0.158 0.458 0.407 0.471 0.036 0.000 0.000 0.023 0.000 0.000 0.000 0.000 0.000 0.000 0.694 
41 0.011 0.087 0.130 0.000 0.006 0.694 0.758 0.149 0.432 0.404 0.465 0.034 0.000 0.000 0.023 0.000 0.000 0.000 0.000 0.000 0.000 0.693 
42 0.007 0.090 0.118 0.000 0.000 0.683 0.788 0.149 0.432 0.430 0.473 0.034 0.000 0.000 0.022 0.000 0.000 0.000 0.000 0.000 0.000 0.691 
43 0.008 0.088 0.120 0.000 0.000 0.678 0.794 0.143 0.433 0.448 0.462 0.037 0.000 0.000 0.023 0.000 0.000 0.000 0.000 0.000 0.000 0.692 
44 0.040 0.094 0.108 0.000 0.000 0.680 0.750 0.168 0.425 0.481 0.453 0.036 0.000 0.000 0.022 0.000 0.000 0.000 0.000 0.000 0.000 0.692 
45 0.044 0.088 0.104 0.000 0.000 0.670 0.774 0.173 0.429 0.489 0.465 0.040 0.000 0.000 0.030 0.000 0.000 0.000 0.000 0.000 0.000 0.703 
46 0.035 0.089 0.180 0.000 0.000 0.676 0.772 0.187 0.418 0.496 0.456 0.089 0.000 0.000 0.026 0.000 0.000 0.000 0.000 0.000 0.000 0.703 
47 0.041 0.085 0.172 0.000 0.000 0.656 0.721 0.173 0.405 0.490 0.469 0.085 0.000 0.000 0.027 0.000 0.000 0.000 0.000 0.000 0.000 0.697 
48 0.040 0.086 0.171 0.000 0.000 0.665 0.701 0.171 0.405 0.470 0.469 0.088 0.000 0.000 0.027 0.000 0.000 0.000 0.000 0.000 0.000 0.692 
49 0.038 0.084 0.170 0.000 0.000 0.683 0.696 0.170 0.402 0.471 0.474 0.087 0.000 0.000 0.022 0.000 0.008 0.000 0.000 0.000 0.000 0.693 
50 0.041 0.078 0.162 0.000 0.000 0.675 0.705 0.173 0.388 0.468 0.476 0.083 0.000 0.000 0.022 0.000 0.008 0.000 0.000 0.000 0.000 0.690 
51 0.043 0.082 0.157 0.000 0.000 0.689 0.704 0.164 0.387 0.466 0.470 0.081 0.000 0.000 0.022 0.000 0.012 0.000 0.000 0.000 0.000 0.694 
52 0.039 0.077 0.142 0.000 0.000 0.690 0.688 0.161 0.382 0.471 0.459 0.079 0.000 0.000 0.021 0.000 0.012 0.000 0.000 0.000 0.000 0.694 
53 0.036 0.080 0.140 0.000 0.000 0.694 0.693 0.189 0.382 0.476 0.467 0.078 0.000 0.000 0.024 0.000 0.012 0.000 0.000 0.000 0.000 0.688 
54 0.027 0.099 0.226 0.000 0.000 0.696 0.690 0.183 0.407 0.519 0.478 0.076 0.000 0.000 0.021 0.003 0.012 0.000 0.000 0.000 0.000 0.688 
55 0.042 0.141 0.227 0.000 0.000 0.757 0.664 0.187 0.414 0.519 0.481 0.075 0.000 0.000 0.016 0.003 0.008 0.000 0.000 0.000 0.000 0.697 
56 0.043 0.138 0.234 0.000 0.000 0.765 0.647 0.179 0.421 0.505 0.485 0.077 0.000 0.000 0.021 0.003 0.008 0.000 0.000 0.000 0.000 0.698 
57 0.042 0.137 0.225 0.000 0.000 0.736 0.629 0.205 0.449 0.484 0.483 0.100 0.001 0.000 0.021 0.003 0.008 0.000 0.000 0.000 0.000 0.704 
58 0.042 0.138 0.224 0.000 0.000 0.721 0.644 0.199 0.439 0.477 0.483 0.098 0.001 0.000 0.018 0.006 0.008 0.000 0.000 0.000 0.000 0.702 
59 0.048 0.140 0.233 0.000 0.000 0.707 0.681 0.198 0.453 0.476 0.493 0.112 0.001 0.000 0.015 0.009 0.008 0.000 0.000 0.000 0.000 0.696 
60 0.048 0.157 0.245 0.000 0.000 0.699 0.668 0.196 0.445 0.477 0.488 0.120 0.002 0.000 0.015 0.008 0.012 0.000 0.000 0.000 0.000 0.706 
61 0.045 0.154 0.251 0.000 0.000 0.697 0.656 0.202 0.428 0.469 0.485 0.127 0.002 0.000 0.015 0.009 0.011 0.000 0.000 0.000 0.000 0.712 
62 0.044 0.166 0.252 0.000 0.000 0.680 0.687 0.198 0.441 0.469 0.469 0.152 0.003 0.000 0.015 0.008 0.007 0.000 0.000 0.000 0.000 0.711 
63 0.047 0.164 0.252 0.000 0.000 0.667 0.679 0.204 0.433 0.473 0.466 0.164 0.003 0.000 0.015 0.008 0.004 0.000 0.000 0.000 0.000 0.712 
64 0.050 0.161 0.261 0.000 0.000 0.700 0.659 0.210 0.449 0.470 0.466 0.199 0.003 0.000 0.015 0.008 0.004 0.000 0.000 0.000 0.000 0.707 
65 0.046 0.162 0.253 0.000 0.000 0.710 0.648 0.210 0.449 0.473 0.470 0.193 0.003 0.000 0.015 0.008 0.004 0.000 0.000 0.000 0.000 0.703 
66 0.045 0.161 0.250 0.000 0.000 0.712 0.638 0.213 0.452 0.471 0.460 0.221 0.004 0.000 0.014 0.008 0.004 0.000 0.000 0.000 0.000 0.706 
67 0.045 0.162 0.256 0.000 0.000 0.700 0.634 0.216 0.459 0.478 0.457 0.256 0.004 0.000 0.014 0.003 0.004 0.000 0.000 0.000 0.000 0.706 
68 0.045 0.162 0.252 0.000 0.000 0.693 0.649 0.217 0.483 0.484 0.463 0.265 0.004 0.000 0.013 0.003 0.004 0.000 0.000 0.000 0.000 0.699 
69 0.047 0.156 0.247 0.000 0.000 0.688 0.641 0.216 0.494 0.503 0.485 0.261 0.004 0.000 0.013 0.003 0.004 0.000 0.000 0.000 0.000 0.699 
70 0.045 0.163 0.246 0.000 0.000 0.719 0.656 0.219 0.485 0.513 0.507 0.251 0.004 0.000 0.013 0.003 0.004 0.000 0.000 0.000 0.000 0.693 
71 0.046 0.165 0.283 0.000 0.000 0.685 0.684 0.217 0.485 0.505 0.524 0.250 0.004 0.000 0.013 0.003 0.004 0.000 0.000 0.000 0.000 0.696 
72 0.043 0.167 0.282 0.000 0.000 0.656 0.688 0.208 0.483 0.503 0.517 0.242 0.002 0.000 0.013 0.003 0.004 0.000 0.000 0.000 0.000 0.696 
73 0.041 0.164 0.279 0.000 0.000 0.635 0.690 0.204 0.471 0.498 0.514 0.233 0.002 0.000 0.013 0.003 0.004 0.000 0.000 0.000 0.000 0.694 
74 0.040 0.160 0.267 0.000 0.000 0.633 0.675 0.210 0.480 0.493 0.509 0.236 0.002 0.000 0.009 0.003 0.004 0.000 0.000 0.000 0.000 0.697 
75 0.042 0.157 0.270 0.000 0.000 0.634 0.654 0.211 0.473 0.484 0.495 0.244 0.005 0.000 0.009 0.003 0.004 0.000 0.000 0.000 0.000 0.696 
76 0.079 0.141 0.274 0.000 0.000 0.635 0.653 0.217 0.466 0.475 0.489 0.253 0.005 0.000 0.011 0.003 0.004 0.000 0.000 0.000 0.000 0.700 
77 0.081 0.138 0.282 0.000 0.000 0.642 0.644 0.210 0.468 0.466 0.496 0.257 0.003 0.000 0.011 0.003 0.004 0.000 0.000 0.000 0.000 0.704 
78 0.081 0.133 0.310 0.000 0.000 0.655 0.631 0.214 0.486 0.463 0.485 0.273 0.004 0.000 0.011 0.003 0.004 0.000 0.000 0.000 0.000 0.705 
79 0.089 0.128 0.289 0.000 0.000 0.680 0.642 0.215 0.468 0.472 0.487 0.271 0.004 0.000 0.036 0.003 0.004 0.000 0.000 0.000 0.000 0.702 
80 0.099 0.117 0.273 0.000 0.000 0.693 0.633 0.203 0.454 0.472 0.494 0.272 0.004 0.000 0.071 0.003 0.004 0.000 0.000 0.000 0.000 0.701 
81 0.096 0.114 0.286 0.000 0.000 0.691 0.629 0.201 0.440 0.483 0.492 0.277 0.005 0.000 0.065 0.003 0.004 0.000 0.000 0.000 0.000 0.699 
82 0.093 0.106 0.287 0.000 0.000 0.681 0.607 0.201 0.432 0.474 0.495 0.275 0.005 0.000 0.063 0.002 0.004 0.000 0.000 0.000 0.000 0.705 
83 0.090 0.096 0.290 0.000 0.000 0.684 0.608 0.210 0.407 0.474 0.493 0.283 0.011 0.000 0.068 0.002 0.004 0.000 0.000 0.000 0.000 0.707 
84 0.086 0.101 0.290 0.000 0.000 0.671 0.593 0.209 0.409 0.475 0.494 0.282 0.011 0.000 0.065 0.002 0.003 0.000 0.000 0.000 0.000 0.707 
85 0.083 0.111 0.303 0.000 0.000 0.665 0.594 0.202 0.406 0.480 0.503 0.290 0.012 0.000 0.061 0.002 0.004 0.000 0.000 0.000 0.000 0.713 
86 0.080 0.120 0.300 0.000 0.000 0.656 0.597 0.200 0.408 0.491 0.509 0.292 0.012 0.000 0.056 0.002 0.004 0.000 0.000 0.000 0.000 0.712 
87 0.076 0.164 0.312 0.000 0.000 0.657 0.588 0.225 0.415 0.499 0.500 0.288 0.011 0.000 0.059 0.002 0.004 0.000 0.000 0.000 0.000 0.711 
88 0.074 0.166 0.309 0.000 0.000 0.663 0.587 0.234 0.418 0.502 0.510 0.297 0.011 0.000 0.032 0.002 0.004 0.000 0.000 0.000 0.000 0.708 
89 0.076 0.163 0.296 0.000 0.000 0.646 0.591 0.240 0.422 0.527 0.509 0.293 0.013 0.000 0.032 0.002 0.003 0.000 0.000 0.000 0.000 0.707 
90 0.075 0.164 0.291 0.000 0.007 0.637 0.581 0.243 0.423 0.525 0.508 0.291 0.013 0.000 0.033 0.002 0.003 0.000 0.000 0.000 0.000 0.707 
91 0.076 0.167 0.285 0.000 0.007 0.632 0.577 0.241 0.415 0.526 0.502 0.291 0.012 0.000 0.032 0.002 0.003 0.000 0.000 0.000 0.000 0.708 
92 0.068 0.165 0.288 0.000 0.007 0.605 0.596 0.238 0.404 0.524 0.495 0.290 0.013 0.000 0.032 0.002 0.003 0.000 0.000 0.000 0.000 0.712 
93 0.068 0.161 0.309 0.000 0.007 0.571 0.599 0.236 0.397 0.517 0.497 0.289 0.014 0.000 0.035 0.002 0.003 0.000 0.000 0.000 0.000 0.712 
94 0.065 0.151 0.334 0.000 0.083 0.575 0.597 0.229 0.401 0.499 0.506 0.291 0.013 0.000 0.036 0.002 0.000 0.000 0.000 0.000 0.000 0.714 
95 0.067 0.150 0.329 0.000 0.082 0.598 0.587 0.223 0.399 0.491 0.509 0.291 0.011 0.000 0.033 0.002 0.000 0.000 0.000 0.000 0.000 0.717 
96 0.067 0.148 0.328 0.000 0.084 0.598 0.570 0.227 0.393 0.487 0.512 0.293 0.012 0.000 0.032 0.002 0.000 0.000 0.000 0.000 0.000 0.712 
97 0.065 0.146 0.322 0.000 0.080 0.616 0.562 0.239 0.398 0.484 0.509 0.290 0.011 0.000 0.036 0.002 0.000 0.000 0.000 0.000 0.000 0.713 
98 0.065 0.172 0.323 0.000 0.074 0.624 0.562 0.236 0.391 0.489 0.515 0.291 0.011 0.000 0.038 0.002 0.000 0.000 0.000 0.000 0.000 0.710 
99 0.061 0.171 0.327 0.000 0.093 0.628 0.557 0.244 0.407 0.490 0.514 0.284 0.021 0.000 0.043 0.002 0.000 0.000 0.000 0.000 0.000 0.710 
100 0.062 0.172 0.305 0.000 0.152 0.648 0.538 0.268 0.401 0.491 0.511 0.288 0.021 0.000 0.044 0.002 0.000 0.000 0.000 0.000 0.000 0.700 
101 0.055 0.174 0.285 0.000 0.169 0.639 0.557 0.291 0.412 0.520 0.507 0.285 0.021 0.000 0.043 0.002 0.000 0.000 0.000 0.000 0.000 0.689 
102 0.054 0.178 0.289 0.000 0.166 0.636 0.573 0.300 0.407 0.527 0.515 0.282 0.023 0.000 0.039 0.000 0.000 0.000 0.000 0.000 0.000 0.688 
103 0.053 0.177 0.292 0.000 0.168 0.634 0.595 0.303 0.408 0.526 0.517 0.284 0.025 0.000 0.031 0.000 0.000 0.000 0.000 0.000 0.000 0.696 
104 0.051 0.173 0.313 0.000 0.158 0.646 0.589 0.300 0.413 0.535 0.513 0.287 0.025 0.000 0.035 0.000 0.000 0.000 0.000 0.000 0.000 0.699 
105 0.052 0.180 0.314 0.008 0.167 0.649 0.588 0.313 0.423 0.536 0.515 0.283 0.025 0.000 0.077 0.000 0.005 0.000 0.000 0.000 0.000 0.695 
106 0.049 0.178 0.352 0.009 0.156 0.624 0.578 0.317 0.425 0.525 0.506 0.281 0.025 0.000 0.076 0.000 0.005 0.000 0.000 0.000 0.000 0.696 
107 0.056 0.178 0.359 0.009 0.158 0.630 0.585 0.330 0.422 0.518 0.499 0.282 0.023 0.000 0.076 0.000 0.005 0.000 0.000 0.000 0.000 0.702 
108 0.059 0.181 0.362 0.009 0.157 0.631 0.588 0.329 0.407 0.510 0.493 0.283 0.030 0.000 0.076 0.000 0.005 0.000 0.000 0.000 0.000 0.703 
109 0.060 0.189 0.365 0.009 0.149 0.639 0.571 0.331 0.404 0.511 0.493 0.284 0.030 0.000 0.074 0.000 0.005 0.000 0.000 0.000 0.000 0.698 
110 0.056 0.186 0.367 0.009 0.149 0.640 0.560 0.330 0.410 0.520 0.494 0.284 0.037 0.000 0.075 0.000 0.005 0.000 0.000 0.000 0.000 0.693 
111 0.055 0.184 0.362 0.010 0.148 0.627 0.585 0.330 0.416 0.514 0.492 0.284 0.037 0.000 0.066 0.000 0.005 0.000 0.000 0.000 0.000 0.691 
112 0.055 0.185 0.362 0.009 0.134 0.629 0.579 0.330 0.402 0.524 0.480 0.282 0.035 0.000 0.068 0.000 0.005 0.000 0.000 0.000 0.000 0.684 
113 0.056 0.185 0.355 0.010 0.129 0.636 0.572 0.323 0.400 0.539 0.477 0.282 0.033 0.000 0.067 0.000 0.005 0.000 0.000 0.000 0.000 0.684 
114 0.052 0.174 0.356 0.009 0.125 0.635 0.564 0.315 0.409 0.538 0.478 0.287 0.031 0.000 0.077 0.000 0.002 0.000 0.000 0.000 0.000 0.683 
115 0.050 0.174 0.356 0.009 0.130 0.636 0.580 0.319 0.404 0.547 0.496 0.289 0.032 0.000 0.082 0.000 0.002 0.000 0.000 0.000 0.000 0.687 
116 0.063 0.172 0.345 0.009 0.202 0.618 0.582 0.322 0.414 0.565 0.490 0.288 0.032 0.000 0.081 0.000 0.002 0.000 0.000 0.000 0.000 0.689 
117 0.064 0.170 0.349 0.009 0.235 0.610 0.568 0.333 0.403 0.565 0.495 0.292 0.033 0.000 0.080 0.000 0.002 0.000 0.000 0.000 0.000 0.692 
118 0.063 0.171 0.339 0.009 0.231 0.606 0.553 0.327 0.408 0.560 0.499 0.284 0.031 0.000 0.076 0.000 0.002 0.000 0.000 0.000 0.000 0.687 
119 0.064 0.177 0.339 0.009 0.228 0.599 0.534 0.336 0.405 0.556 0.494 0.284 0.028 0.000 0.078 0.000 0.002 0.000 0.000 0.000 0.000 0.691 
120 0.063 0.177 0.339 0.009 0.229 0.586 0.536 0.337 0.405 0.548 0.500 0.276 0.022 0.000 0.109 0.000 0.002 0.000 0.000 0.000 0.000 0.690 
121 0.060 0.163 0.344 0.008 0.227 0.587 0.521 0.346 0.413 0.537 0.507 0.274 0.024 0.000 0.139 0.000 0.003 0.000 0.000 0.000 0.000 0.692 
122 0.062 0.170 0.352 0.008 0.230 0.579 0.514 0.338 0.405 0.541 0.501 0.278 0.031 0.000 0.134 0.000 0.002 0.000 0.000 0.000 0.000 0.696 
123 0.063 0.171 0.349 0.008 0.223 0.577 0.511 0.346 0.405 0.548 0.498 0.269 0.063 0.000 0.152 0.000 0.003 0.000 0.000 0.000 0.000 0.697 
124 0.056 0.179 0.353 0.008 0.250 0.564 0.518 0.345 0.394 0.553 0.500 0.273 0.063 0.000 0.146 0.000 0.003 0.000 0.000 0.000 0.000 0.703 
125 0.052 0.173 0.355 0.008 0.251 0.549 0.519 0.340 0.402 0.558 0.491 0.278 0.077 0.000 0.138 0.000 0.002 0.000 0.000 0.000 0.000 0.705 
126 0.049 0.179 0.357 0.009 0.251 0.557 0.520 0.344 0.399 0.557 0.491 0.272 0.073 0.000 0.153 0.000 0.002 0.000 0.000 0.000 0.000 0.703 
127 0.048 0.194 0.350 0.009 0.258 0.558 0.519 0.349 0.399 0.559 0.500 0.271 0.074 0.000 0.153 0.000 0.002 0.000 0.000 0.000 0.000 0.704 
128 0.046 0.198 0.358 0.009 0.253 0.572 0.530 0.343 0.423 0.542 0.502 0.268 0.075 0.000 0.156 0.000 0.002 0.000 0.000 0.000 0.000 0.704 
129 0.048 0.196 0.355 0.056 0.256 0.578 0.533 0.344 0.417 0.538 0.505 0.270 0.085 0.000 0.151 0.000 0.002 0.000 0.000 0.000 0.000 0.700 
130 0.048 0.201 0.358 0.063 0.255 0.589 0.531 0.344 0.423 0.536 0.504 0.275 0.083 0.000 0.178 0.000 0.002 0.000 0.000 0.000 0.000 0.701 
131 0.050 0.206 0.364 0.065 0.252 0.586 0.538 0.355 0.415 0.548 0.512 0.274 0.082 0.000 0.177 0.000 0.002 0.000 0.000 0.000 0.000 0.702 
132 0.050 0.199 0.367 0.064 0.249 0.596 0.537 0.361 0.418 0.552 0.509 0.281 0.077 0.000 0.192 0.000 0.005 0.000 0.000 0.000 0.000 0.701 
133 0.050 0.200 0.367 0.204 0.257 0.608 0.548 0.357 0.413 0.558 0.506 0.285 0.074 0.000 0.189 0.000 0.005 0.000 0.000 0.000 0.000 0.698 
134 0.048 0.194 0.381 0.207 0.256 0.603 0.539 0.361 0.401 0.554 0.518 0.285 0.076 0.000 0.193 0.000 0.022 0.000 0.000 0.000 0.000 0.695 
135 0.058 0.188 0.383 0.216 0.250 0.613 0.528 0.358 0.397 0.548 0.530 0.277 0.094 0.000 0.205 0.000 0.018 0.000 0.000 0.000 0.000 0.701 
136 0.059 0.179 0.382 0.223 0.252 0.621 0.528 0.346 0.397 0.551 0.528 0.278 0.091 0.000 0.205 0.000 0.017 0.000 0.000 0.000 0.000 0.697 
137 0.061 0.180 0.380 0.221 0.254 0.614 0.527 0.346 0.397 0.551 0.509 0.275 0.100 0.002 0.216 0.000 0.016 0.000 0.000 0.000 0.000 0.694 
138 0.062 0.199 0.371 0.243 0.258 0.606 0.516 0.352 0.407 0.542 0.500 0.271 0.103 0.002 0.226 0.000 0.017 0.000 0.000 0.000 0.000 0.694 
139 0.061 0.201 0.369 0.229 0.257 0.611 0.512 0.369 0.402 0.541 0.493 0.269 0.099 0.002 0.216 0.000 0.020 0.000 0.000 0.000 0.000 0.690 
140 0.073 0.198 0.371 0.220 0.255 0.606 0.510 0.360 0.434 0.534 0.481 0.273 0.101 0.002 0.228 0.000 0.016 0.000 0.000 0.000 0.000 0.692 
141 0.071 0.201 0.376 0.228 0.251 0.592 0.512 0.359 0.431 0.529 0.480 0.276 0.102 0.002 0.226 0.000 0.014 0.000 0.000 0.000 0.000 0.690 
142 0.071 0.196 0.367 0.230 0.254 0.583 0.521 0.366 0.432 0.529 0.481 0.273 0.099 0.002 0.227 0.000 0.014 0.000 0.000 0.000 0.000 0.686 
143 0.071 0.193 0.374 0.219 0.251 0.550 0.507 0.373 0.430 0.517 0.488 0.272 0.099 0.002 0.228 0.000 0.013 0.000 0.000 0.000 0.000 0.689 
144 0.072 0.189 0.373 0.204 0.277 0.540 0.517 0.369 0.421 0.512 0.496 0.268 0.098 0.002 0.222 0.000 0.012 0.000 0.000 0.000 0.000 0.689 
145 0.073 0.193 0.372 0.183 0.274 0.533 0.529 0.372 0.421 0.513 0.501 0.271 0.095 0.002 0.224 0.000 0.013 0.000 0.000 0.000 0.000 0.691 
146 0.065 0.190 0.380 0.188 0.269 0.523 0.534 0.356 0.425 0.520 0.498 0.273 0.093 0.002 0.223 0.000 0.012 0.000 0.000 0.000 0.000 0.696 
147 0.066 0.192 0.377 0.193 0.269 0.509 0.532 0.351 0.423 0.524 0.499 0.278 0.093 0.004 0.222 0.000 0.015 0.000 0.000 0.000 0.000 0.698 
148 0.070 0.201 0.362 0.205 0.271 0.537 0.528 0.364 0.416 0.531 0.507 0.277 0.094 0.004 0.224 0.000 0.015 0.000 0.000 0.000 0.000 0.692 
149 0.070 0.202 0.364 0.188 0.271 0.517 0.539 0.360 0.412 0.533 0.514 0.274 0.096 0.004 0.221 0.000 0.011 0.000 0.000 0.000 0.000 0.693 
150 0.070 0.201 0.369 0.196 0.274 0.522 0.540 0.375 0.428 0.534 0.507 0.274 0.087 0.010 0.225 0.000 0.009 0.000 0.000 0.000 0.000 0.693 
151 0.069 0.211 0.372 0.201 0.286 0.512 0.532 0.383 0.431 0.542 0.507 0.273 0.093 0.006 0.223 0.000 0.007 0.000 0.000 0.000 0.000 0.690 
152 0.071 0.201 0.382 0.204 0.290 0.511 0.538 0.393 0.440 0.544 0.515 0.271 0.103 0.015 0.224 0.000 0.008 0.000 0.000 0.000 0.000 0.688 
153 0.072 0.200 0.396 0.216 0.281 0.514 0.541 0.394 0.452 0.551 0.509 0.277 0.110 0.017 0.222 0.000 0.008 0.000 0.000 0.000 0.000 0.690 
154 0.065 0.209 0.374 0.220 0.286 0.525 0.536 0.398 0.450 0.548 0.503 0.280 0.103 0.012 0.234 0.000 0.008 0.000 0.000 0.000 0.000 0.690 
155 0.062 0.205 0.369 0.205 0.286 0.531 0.529 0.390 0.448 0.540 0.500 0.275 0.105 0.012 0.242 0.000 0.008 0.000 0.000 0.000 0.000 0.691 
156 0.060 0.205 0.368 0.196 0.285 0.535 0.528 0.387 0.426 0.533 0.494 0.269 0.106 0.012 0.246 0.000 0.008 0.000 0.000 0.000 0.000 0.689 
157 0.061 0.204 0.364 0.203 0.295 0.522 0.528 0.381 0.435 0.532 0.491 0.268 0.108 0.012 0.251 0.000 0.008 0.000 0.000 0.000 0.000 0.685 
158 0.059 0.215 0.349 0.194 0.287 0.532 0.529 0.382 0.451 0.522 0.481 0.273 0.107 0.009 0.249 0.000 0.027 0.000 0.000 0.000 0.000 0.686 
159 0.061 0.213 0.343 0.199 0.288 0.523 0.536 0.392 0.443 0.552 0.477 0.276 0.106 0.009 0.246 0.000 0.024 0.000 0.000 0.000 0.000 0.683 
160 0.066 0.216 0.339 0.196 0.284 0.532 0.533 0.403 0.428 0.546 0.476 0.280 0.105 0.011 0.240 0.000 0.026 0.000 0.000 0.000 0.000 0.687 
161 0.077 0.213 0.338 0.197 0.294 0.536 0.532 0.408 0.423 0.543 0.467 0.281 0.103 0.011 0.241 0.000 0.026 0.000 0.000 0.000 0.000 0.691 
162 0.075 0.214 0.341 0.201 0.296 0.531 0.530 0.404 0.425 0.542 0.467 0.282 0.098 0.012 0.245 0.000 0.028 0.000 0.000 0.000 0.000 0.689 
163 0.077 0.208 0.347 0.197 0.303 0.527 0.506 0.406 0.438 0.537 0.470 0.285 0.102 0.023 0.239 0.000 0.021 0.000 0.000 0.000 0.000 0.692 
164 0.076 0.208 0.340 0.206 0.299 0.528 0.514 0.411 0.444 0.536 0.475 0.282 0.107 0.027 0.237 0.000 0.021 0.000 0.000 0.000 0.000 0.693 
165 0.073 0.206 0.349 0.210 0.301 0.515 0.511 0.417 0.447 0.527 0.480 0.283 0.103 0.029 0.242 0.000 0.020 0.000 0.000 0.000 0.000 0.701 
166 0.070 0.212 0.347 0.204 0.326 0.533 0.501 0.436 0.434 0.523 0.476 0.289 0.100 0.028 0.246 0.000 0.018 0.000 0.000 0.000 0.000 0.703 
167 0.070 0.211 0.342 0.203 0.341 0.521 0.524 0.432 0.441 0.539 0.487 0.285 0.105 0.028 0.252 0.000 0.020 0.000 0.000 0.000 0.000 0.702 
168 0.071 0.220 0.319 0.225 0.352 0.526 0.538 0.438 0.448 0.537 0.492 0.288 0.111 0.028 0.245 0.000 0.018 0.000 0.000 0.000 0.000 0.705 
169 0.070 0.216 0.322 0.229 0.346 0.523 0.538 0.438 0.454 0.539 0.490 0.289 0.111 0.028 0.247 0.000 0.020 0.000 0.000 0.000 0.000 0.705 
170 0.068 0.217 0.332 0.218 0.335 0.518 0.530 0.436 0.456 0.532 0.478 0.289 0.113 0.027 0.244 0.000 0.023 0.000 0.000 0.000 0.000 0.704 
171 0.067 0.216 0.342 0.224 0.337 0.505 0.527 0.439 0.451 0.538 0.476 0.286 0.112 0.028 0.251 0.000 0.024 0.000 0.000 0.000 0.000 0.706 
172 0.063 0.226 0.345 0.245 0.343 0.511 0.526 0.443 0.445 0.532 0.476 0.279 0.118 0.028 0.248 0.000 0.026 0.000 0.000 0.000 0.000 0.705 
173 0.064 0.230 0.343 0.248 0.342 0.510 0.516 0.444 0.448 0.533 0.473 0.280 0.120 0.028 0.252 0.000 0.025 0.000 0.000 0.000 0.000 0.699 
174 0.068 0.223 0.346 0.237 0.346 0.499 0.520 0.439 0.459 0.543 0.463 0.267 0.116 0.028 0.251 0.000 0.026 0.000 0.000 0.000 0.000 0.697 
175 0.082 0.213 0.348 0.241 0.344 0.492 0.497 0.436 0.449 0.560 0.462 0.262 0.126 0.028 0.251 0.000 0.026 0.000 0.000 0.000 0.000 0.697 
176 0.087 0.208 0.343 0.235 0.351 0.490 0.502 0.435 0.438 0.558 0.459 0.256 0.132 0.029 0.249 0.000 0.023 0.000 0.000 0.000 0.000 0.692 
177 0.084 0.215 0.328 0.230 0.353 0.507 0.506 0.427 0.447 0.552 0.458 0.259 0.128 0.032 0.251 0.000 0.038 0.000 0.000 0.000 0.000 0.699 
178 0.091 0.208 0.325 0.219 0.352 0.517 0.490 0.430 0.439 0.554 0.458 0.257 0.141 0.030 0.242 0.000 0.035 0.000 0.000 0.000 0.000 0.693 
179 0.089 0.202 0.317 0.174 0.354 0.520 0.498 0.438 0.438 0.552 0.467 0.260 0.148 0.031 0.241 0.002 0.031 0.000 0.000 0.000 0.000 0.693 
180 0.095 0.192 0.328 0.171 0.354 0.505 0.523 0.433 0.435 0.552 0.456 0.255 0.151 0.032 0.234 0.002 0.030 0.000 0.000 0.000 0.000 0.692 
181 0.093 0.191 0.328 0.163 0.345 0.516 0.527 0.443 0.436 0.547 0.457 0.247 0.158 0.030 0.236 0.004 0.026 0.000 0.000 0.000 0.000 0.696 
182 0.089 0.182 0.353 0.183 0.341 0.521 0.552 0.433 0.454 0.542 0.462 0.248 0.166 0.034 0.232 0.004 0.031 0.000 0.000 0.000 0.000 0.696 
183 0.090 0.174 0.356 0.191 0.337 0.513 0.553 0.420 0.457 0.537 0.459 0.250 0.163 0.034 0.235 0.003 0.030 0.000 0.000 0.000 0.000 0.703 
184 0.085 0.181 0.344 0.199 0.340 0.511 0.551 0.425 0.464 0.531 0.451 0.251 0.165 0.033 0.233 0.003 0.028 0.000 0.000 0.000 0.000 0.699 
185 0.084 0.183 0.332 0.199 0.344 0.510 0.540 0.417 0.474 0.520 0.452 0.252 0.162 0.035 0.234 0.002 0.026 0.000 0.000 0.000 0.000 0.696 
186 0.084 0.187 0.324 0.194 0.346 0.499 0.525 0.430 0.476 0.522 0.444 0.251 0.161 0.045 0.231 0.002 0.026 0.000 0.000 0.000 0.000 0.693 
187 0.088 0.189 0.334 0.198 0.345 0.486 0.510 0.428 0.479 0.521 0.443 0.250 0.163 0.043 0.227 0.002 0.023 0.000 0.000 0.000 0.000 0.704 
188 0.085 0.187 0.321 0.242 0.345 0.485 0.513 0.431 0.482 0.519 0.436 0.245 0.170 0.040 0.225 0.002 0.026 0.000 0.000 0.000 0.000 0.703 
189 0.091 0.196 0.319 0.256 0.341 0.485 0.515 0.438 0.483 0.527 0.420 0.247 0.167 0.041 0.226 0.002 0.026 0.000 0.000 0.000 0.000 0.701 
190 0.094 0.189 0.318 0.253 0.339 0.486 0.508 0.455 0.485 0.526 0.410 0.247 0.171 0.041 0.226 0.002 0.027 0.000 0.000 0.000 0.000 0.702 
191 0.099 0.185 0.328 0.287 0.334 0.485 0.493 0.451 0.484 0.532 0.408 0.251 0.172 0.044 0.235 0.002 0.027 0.000 0.000 0.000 0.000 0.698 
192 0.099 0.189 0.334 0.308 0.327 0.483 0.502 0.460 0.479 0.519 0.408 0.250 0.166 0.043 0.244 0.004 0.027 0.000 0.000 0.000 0.000 0.702 
193 0.097 0.194 0.338 0.304 0.330 0.473 0.503 0.459 0.475 0.524 0.405 0.249 0.165 0.040 0.251 0.004 0.027 0.000 0.000 0.000 0.000 0.704 
194 0.094 0.207 0.336 0.277 0.330 0.473 0.501 0.467 0.472 0.531 0.428 0.250 0.166 0.042 0.255 0.004 0.021 0.000 0.000 0.000 0.000 0.700 
195 0.090 0.208 0.345 0.285 0.335 0.470 0.522 0.466 0.475 0.539 0.433 0.254 0.172 0.045 0.259 0.004 0.016 0.005 0.000 0.000 0.000 0.696 
196 0.088 0.207 0.355 0.291 0.333 0.477 0.514 0.469 0.477 0.544 0.435 0.248 0.172 0.046 0.257 0.005 0.012 0.005 0.000 0.000 0.000 0.702 
197 0.084 0.209 0.357 0.289 0.333 0.473 0.537 0.471 0.475 0.538 0.432 0.240 0.170 0.037 0.265 0.005 0.010 0.005 0.000 0.000 0.000 0.702 
198 0.082 0.200 0.352 0.289 0.338 0.491 0.527 0.479 0.482 0.537 0.443 0.232 0.161 0.047 0.266 0.005 0.010 0.007 0.000 0.000 0.000 0.712 
199 0.089 0.195 0.349 0.294 0.337 0.481 0.535 0.479 0.483 0.537 0.434 0.233 0.171 0.046 0.267 0.007 0.011 0.005 0.000 0.000 0.000 0.709 
200 0.094 0.193 0.347 0.307 0.340 0.480 0.535 0.475 0.477 0.534 0.442 0.234 0.163 0.048 0.270 0.005 0.011 0.005 0.000 0.000 0.000 0.705 
201 0.094 0.193 0.333 0.317 0.346 0.468 0.529 0.469 0.474 0.521 0.446 0.238 0.166 0.050 0.266 0.005 0.013 0.002 0.000 0.000 0.000 0.706 
202 0.082 0.197 0.342 0.338 0.349 0.471 0.531 0.460 0.462 0.511 0.451 0.239 0.165 0.046 0.271 0.005 0.011 0.002 0.000 0.000 0.000 0.703 
203 0.092 0.197 0.343 0.343 0.343 0.465 0.528 0.463 0.468 0.522 0.453 0.237 0.159 0.053 0.270 0.005 0.011 0.002 0.000 0.000 0.000 0.702 
204 0.095 0.191 0.345 0.335 0.344 0.458 0.523 0.458 0.458 0.521 0.458 0.240 0.159 0.053 0.271 0.006 0.009 0.002 0.000 0.000 0.000 0.700 
205 0.095 0.188 0.346 0.342 0.342 0.444 0.527 0.452 0.462 0.517 0.454 0.244 0.165 0.054 0.263 0.006 0.009 0.002 0.000 0.000 0.000 0.694 
206 0.091 0.194 0.346 0.344 0.341 0.442 0.535 0.453 0.458 0.513 0.445 0.245 0.161 0.052 0.266 0.005 0.009 0.002 0.000 0.000 0.000 0.693 
207 0.093 0.199 0.345 0.344 0.335 0.482 0.547 0.460 0.465 0.514 0.436 0.246 0.167 0.040 0.254 0.005 0.009 0.002 0.000 0.000 0.000 0.689 
208 0.098 0.202 0.339 0.345 0.330 0.483 0.534 0.458 0.474 0.516 0.439 0.245 0.164 0.043 0.255 0.005 0.012 0.002 0.000 0.000 0.000 0.689 
209 0.094 0.195 0.325 0.347 0.336 0.485 0.518 0.473 0.475 0.513 0.444 0.241 0.161 0.044 0.255 0.005 0.012 0.002 0.000 0.000 0.000 0.692 
210 0.098 0.193 0.321 0.362 0.341 0.486 0.498 0.474 0.472 0.520 0.443 0.245 0.164 0.051 0.252 0.004 0.012 0.002 0.000 0.000 0.000 0.692 
211 0.101 0.191 0.322 0.353 0.339 0.503 0.484 0.478 0.482 0.522 0.444 0.240 0.164 0.050 0.251 0.004 0.015 0.002 0.000 0.000 0.000 0.699 
212 0.098 0.189 0.322 0.354 0.344 0.487 0.476 0.492 0.474 0.526 0.443 0.244 0.162 0.054 0.245 0.005 0.015 0.002 0.000 0.000 0.000 0.701 
213 0.095 0.185 0.316 0.352 0.340 0.492 0.487 0.491 0.474 0.528 0.429 0.247 0.164 0.052 0.244 0.003 0.015 0.002 0.000 0.000 0.000 0.706 
214 0.098 0.176 0.326 0.347 0.327 0.491 0.500 0.485 0.476 0.534 0.433 0.251 0.168 0.052 0.243 0.002 0.017 0.002 0.000 0.000 0.000 0.708 
215 0.095 0.177 0.328 0.342 0.320 0.508 0.500 0.488 0.473 0.537 0.419 0.252 0.167 0.052 0.246 0.002 0.019 0.004 0.000 0.000 0.000 0.706 
216 0.093 0.176 0.328 0.345 0.320 0.515 0.487 0.488 0.477 0.540 0.411 0.249 0.158 0.054 0.248 0.002 0.018 0.004 0.000 0.000 0.000 0.704 
217 0.100 0.179 0.327 0.339 0.325 0.529 0.494 0.485 0.483 0.523 0.418 0.248 0.157 0.052 0.247 0.002 0.020 0.004 0.000 0.000 0.000 0.698 
218 0.096 0.180 0.324 0.341 0.323 0.525 0.505 0.486 0.477 0.523 0.425 0.244 0.156 0.058 0.252 0.002 0.017 0.002 0.004 0.000 0.000 0.697 
219 0.094 0.176 0.313 0.336 0.328 0.523 0.497 0.489 0.486 0.523 0.425 0.245 0.155 0.057 0.253 0.002 0.017 0.002 0.004 0.000 0.000 0.693 
220 0.093 0.170 0.319 0.336 0.338 0.521 0.490 0.486 0.497 0.520 0.429 0.252 0.154 0.056 0.252 0.002 0.017 0.002 0.004 0.000 0.000 0.690 
221 0.089 0.177 0.313 0.331 0.338 0.524 0.490 0.479 0.492 0.519 0.434 0.248 0.157 0.058 0.253 0.002 0.017 0.002 0.004 0.000 0.000 0.693 
222 0.093 0.196 0.316 0.334 0.340 0.509 0.486 0.490 0.488 0.519 0.430 0.252 0.154 0.055 0.254 0.002 0.019 0.002 0.004 0.000 0.000 0.687 
223 0.094 0.194 0.319 0.312 0.340 0.493 0.484 0.488 0.486 0.523 0.429 0.250 0.164 0.054 0.251 0.003 0.018 0.002 0.004 0.000 0.000 0.692 
224 0.094 0.192 0.319 0.301 0.336 0.486 0.480 0.488 0.480 0.519 0.429 0.251 0.172 0.053 0.259 0.003 0.021 0.002 0.004 0.000 0.000 0.694 
225 0.097 0.201 0.334 0.306 0.343 0.493 0.466 0.494 0.478 0.512 0.422 0.247 0.177 0.053 0.257 0.003 0.023 0.002 0.004 0.000 0.000 0.691 
226 0.095 0.211 0.341 0.310 0.341 0.487 0.459 0.492 0.478 0.504 0.429 0.240 0.184 0.057 0.261 0.004 0.020 0.002 0.004 0.000 0.000 0.696 
227 0.096 0.209 0.341 0.310 0.342 0.490 0.450 0.500 0.476 0.509 0.417 0.242 0.189 0.057 0.264 0.004 0.020 0.002 0.004 0.000 0.000 0.703 
228 0.098 0.200 0.337 0.307 0.348 0.508 0.459 0.494 0.475 0.502 0.423 0.239 0.192 0.042 0.259 0.005 0.020 0.002 0.004 0.000 0.000 0.709 
229 0.095 0.197 0.336 0.324 0.341 0.513 0.462 0.491 0.486 0.491 0.426 0.246 0.195 0.042 0.266 0.005 0.052 0.003 0.003 0.000 0.000 0.712 
230 0.098 0.198 0.326 0.320 0.343 0.522 0.466 0.494 0.482 0.493 0.420 0.246 0.192 0.045 0.261 0.003 0.058 0.003 0.004 0.000 0.000 0.711 
231 0.092 0.194 0.325 0.314 0.342 0.515 0.465 0.496 0.493 0.486 0.421 0.243 0.188 0.042 0.252 0.003 0.056 0.002 0.003 0.000 0.000 0.711 
232 0.094 0.187 0.328 0.321 0.344 0.503 0.473 0.494 0.494 0.495 0.412 0.245 0.186 0.045 0.245 0.004 0.059 0.005 0.000 0.000 0.000 0.712 
233 0.097 0.173 0.338 0.331 0.343 0.497 0.473 0.493 0.499 0.499 0.411 0.243 0.186 0.044 0.245 0.003 0.059 0.005 0.000 0.000 0.000 0.712 
234 0.100 0.176 0.331 0.328 0.342 0.487 0.470 0.494 0.490 0.503 0.413 0.240 0.188 0.043 0.253 0.003 0.058 0.007 0.000 0.000 0.000 0.709 
235 0.101 0.177 0.328 0.333 0.345 0.486 0.461 0.510 0.487 0.507 0.412 0.241 0.183 0.042 0.258 0.003 0.052 0.007 0.000 0.000 0.000 0.706 
236 0.097 0.169 0.330 0.334 0.343 0.479 0.462 0.507 0.489 0.514 0.419 0.245 0.188 0.046 0.260 0.003 0.056 0.004 0.000 0.000 0.000 0.707 
237 0.101 0.167 0.337 0.333 0.350 0.487 0.459 0.514 0.489 0.511 0.422 0.243 0.191 0.050 0.262 0.003 0.057 0.004 0.000 0.000 0.000 0.701 
238 0.102 0.165 0.340 0.318 0.351 0.477 0.462 0.517 0.486 0.517 0.424 0.237 0.192 0.051 0.257 0.003 0.057 0.004 0.000 0.000 0.000 0.699 
239 0.092 0.171 0.344 0.318 0.354 0.472 0.463 0.511 0.486 0.515 0.425 0.244 0.197 0.047 0.256 0.003 0.052 0.004 0.000 0.000 0.000 0.695 
240 0.092 0.178 0.346 0.323 0.354 0.486 0.466 0.512 0.479 0.513 0.423 0.240 0.196 0.061 0.256 0.003 0.049 0.004 0.000 0.000 0.000 0.694 
241 0.091 0.175 0.359 0.325 0.352 0.479 0.469 0.514 0.486 0.517 0.420 0.237 0.194 0.059 0.250 0.002 0.051 0.004 0.000 0.000 0.000 0.701 
242 0.093 0.174 0.367 0.333 0.359 0.476 0.480 0.521 0.485 0.524 0.427 0.240 0.202 0.058 0.251 0.002 0.052 0.004 0.000 0.000 0.000 0.693 
243 0.095 0.178 0.368 0.332 0.348 0.474 0.481 0.530 0.492 0.506 0.427 0.251 0.198 0.058 0.247 0.002 0.048 0.004 0.000 0.000 0.000 0.688 
244 0.101 0.175 0.367 0.335 0.345 0.466 0.486 0.539 0.502 0.509 0.424 0.250 0.200 0.057 0.249 0.002 0.049 0.005 0.000 0.000 0.000 0.696 
245 0.099 0.184 0.362 0.334 0.344 0.481 0.493 0.535 0.504 0.505 0.429 0.246 0.203 0.053 0.250 0.001 0.054 0.005 0.000 0.000 0.000 0.698 
246 0.096 0.196 0.357 0.351 0.346 0.485 0.488 0.534 0.492 0.508 0.425 0.246 0.198 0.053 0.249 0.002 0.055 0.005 0.000 0.000 0.000 0.701 
247 0.096 0.198 0.343 0.347 0.337 0.468 0.479 0.534 0.477 0.512 0.423 0.248 0.198 0.056 0.250 0.002 0.048 0.005 0.010 0.000 0.000 0.700 
248 0.089 0.188 0.334 0.345 0.339 0.460 0.485 0.539 0.486 0.509 0.417 0.242 0.202 0.058 0.250 0.002 0.051 0.005 0.006 0.000 0.000 0.699 
249 0.086 0.190 0.332 0.345 0.337 0.457 0.484 0.532 0.496 0.511 0.412 0.243 0.199 0.077 0.249 0.001 0.057 0.004 0.007 0.000 0.000 0.704 
250 0.091 0.186 0.338 0.357 0.326 0.460 0.475 0.532 0.500 0.511 0.412 0.233 0.203 0.070 0.247 0.002 0.058 0.005 0.006 0.000 0.000 0.701 
251 0.090 0.197 0.335 0.354 0.330 0.452 0.471 0.532 0.492 0.513 0.421 0.234 0.201 0.073 0.250 0.002 0.087 0.005 0.000 0.000 0.000 0.700 
252 0.086 0.203 0.326 0.357 0.329 0.447 0.474 0.524 0.500 0.515 0.415 0.235 0.201 0.073 0.246 0.002 0.086 0.005 0.000 0.000 0.000 0.705 
253 0.089 0.196 0.331 0.356 0.331 0.462 0.471 0.519 0.497 0.521 0.417 0.238 0.195 0.079 0.242 0.000 0.088 0.005 0.000 0.000 0.000 0.703 
254 0.088 0.201 0.336 0.361 0.334 0.469 0.464 0.513 0.498 0.523 0.415 0.240 0.200 0.080 0.243 0.000 0.081 0.005 0.000 0.000 0.000 0.709 
255 0.088 0.206 0.337 0.354 0.340 0.474 0.464 0.510 0.485 0.516 0.426 0.244 0.196 0.079 0.242 0.000 0.104 0.005 0.000 0.000 0.000 0.711 
256 0.077 0.204 0.339 0.342 0.336 0.460 0.457 0.500 0.493 0.524 0.429 0.244 0.192 0.076 0.247 0.000 0.100 0.005 0.000 0.000 0.000 0.708 
257 0.078 0.197 0.342 0.349 0.341 0.455 0.458 0.499 0.502 0.510 0.430 0.237 0.184 0.089 0.244 0.000 0.111 0.005 0.000 0.000 0.000 0.707 
258 0.087 0.213 0.348 0.349 0.330 0.466 0.486 0.495 0.498 0.518 0.426 0.233 0.190 0.088 0.241 0.000 0.113 0.005 0.000 0.000 0.000 0.705 
259 0.091 0.209 0.358 0.334 0.338 0.452 0.494 0.500 0.501 0.516 0.422 0.234 0.194 0.087 0.245 0.000 0.137 0.007 0.000 0.000 0.000 0.704 
260 0.090 0.203 0.362 0.315 0.349 0.448 0.506 0.504 0.497 0.511 0.423 0.239 0.196 0.088 0.260 0.000 0.161 0.007 0.000 0.000 0.000 0.700 
261 0.090 0.197 0.359 0.325 0.347 0.448 0.519 0.505 0.497 0.509 0.424 0.235 0.197 0.080 0.263 0.000 0.159 0.007 0.000 0.000 0.000 0.699 
262 0.094 0.197 0.356 0.323 0.351 0.458 0.498 0.515 0.500 0.508 0.423 0.232 0.208 0.085 0.258 0.000 0.151 0.007 0.000 0.000 0.000 0.703 
263 0.095 0.198 0.353 0.315 0.357 0.453 0.519 0.520 0.498 0.518 0.414 0.233 0.209 0.089 0.265 0.000 0.149 0.007 0.000 0.000 0.000 0.707 
264 0.106 0.197 0.359 0.315 0.358 0.439 0.524 0.526 0.493 0.515 0.415 0.236 0.206 0.072 0.268 0.000 0.152 0.007 0.000 0.000 0.000 0.710 
265 0.107 0.207 0.341 0.304 0.373 0.430 0.525 0.525 0.504 0.513 0.419 0.235 0.203 0.081 0.264 0.000 0.148 0.007 0.000 0.000 0.000 0.708 
266 0.116 0.208 0.351 0.300 0.370 0.442 0.519 0.527 0.513 0.514 0.419 0.236 0.205 0.084 0.266 0.000 0.145 0.007 0.000 0.000 0.000 0.713 
267 0.114 0.217 0.357 0.296 0.360 0.450 0.515 0.525 0.507 0.524 0.423 0.240 0.201 0.086 0.265 0.000 0.161 0.007 0.000 0.000 0.000 0.720 
268 0.116 0.216 0.358 0.313 0.369 0.442 0.528 0.535 0.498 0.527 0.434 0.241 0.194 0.086 0.264 0.000 0.170 0.007 0.000 0.000 0.000 0.717 
269 0.114 0.229 0.350 0.309 0.379 0.458 0.515 0.540 0.496 0.522 0.437 0.240 0.194 0.080 0.274 0.000 0.166 0.009 0.000 0.000 0.000 0.716 
270 0.110 0.229 0.356 0.315 0.370 0.463 0.514 0.537 0.495 0.518 0.445 0.241 0.193 0.079 0.262 0.000 0.159 0.006 0.000 0.000 0.000 0.710 
271 0.111 0.231 0.349 0.321 0.358 0.461 0.513 0.520 0.501 0.528 0.434 0.244 0.189 0.078 0.262 0.000 0.166 0.006 0.000 0.000 0.000 0.702 
272 0.105 0.233 0.350 0.325 0.357 0.460 0.497 0.523 0.486 0.534 0.429 0.239 0.185 0.097 0.258 0.000 0.168 0.007 0.004 0.000 0.000 0.700 
273 0.110 0.227 0.344 0.328 0.358 0.455 0.497 0.527 0.478 0.527 0.422 0.240 0.180 0.095 0.259 0.000 0.181 0.007 0.004 0.000 0.000 0.706 
274 0.114 0.226 0.347 0.328 0.353 0.454 0.495 0.516 0.479 0.521 0.413 0.237 0.181 0.090 0.265 0.000 0.181 0.007 0.000 0.000 0.000 0.704 
275 0.113 0.222 0.348 0.312 0.367 0.445 0.513 0.514 0.493 0.506 0.411 0.235 0.185 0.091 0.270 0.002 0.182 0.007 0.000 0.000 0.000 0.705 
276 0.113 0.225 0.351 0.307 0.366 0.448 0.512 0.519 0.492 0.501 0.414 0.229 0.189 0.086 0.270 0.000 0.186 0.007 0.000 0.000 0.000 0.702 
277 0.105 0.220 0.352 0.309 0.369 0.452 0.505 0.520 0.498 0.492 0.412 0.225 0.203 0.091 0.262 0.000 0.188 0.005 0.000 0.000 0.000 0.702 
278 0.108 0.232 0.352 0.304 0.378 0.463 0.512 0.526 0.500 0.491 0.426 0.223 0.199 0.087 0.263 0.000 0.198 0.005 0.000 0.000 0.000 0.705 
279 0.111 0.228 0.361 0.297 0.378 0.459 0.527 0.524 0.497 0.501 0.430 0.218 0.195 0.089 0.264 0.002 0.205 0.005 0.000 0.000 0.000 0.709 
280 0.113 0.227 0.361 0.298 0.378 0.455 0.542 0.543 0.497 0.504 0.435 0.224 0.193 0.097 0.263 0.002 0.202 0.005 0.000 0.000 0.000 0.699 
281 0.117 0.220 0.354 0.295 0.381 0.464 0.537 0.535 0.505 0.512 0.431 0.222 0.197 0.101 0.264 0.001 0.185 0.005 0.004 0.000 0.000 0.708 
282 0.115 0.217 0.356 0.293 0.383 0.452 0.523 0.529 0.518 0.506 0.425 0.225 0.194 0.101 0.272 0.003 0.179 0.005 0.004 0.000 0.000 0.706 
283 0.115 0.226 0.373 0.291 0.382 0.445 0.523 0.531 0.511 0.512 0.419 0.229 0.196 0.103 0.267 0.003 0.181 0.004 0.004 0.000 0.000 0.703 
284 0.115 0.226 0.369 0.296 0.390 0.433 0.512 0.524 0.508 0.506 0.416 0.227 0.193 0.110 0.269 0.003 0.178 0.007 0.003 0.000 0.000 0.700 
285 0.118 0.219 0.361 0.304 0.394 0.433 0.511 0.517 0.506 0.511 0.416 0.230 0.188 0.112 0.262 0.002 0.197 0.008 0.003 0.000 0.000 0.706 
286 0.118 0.218 0.350 0.292 0.391 0.437 0.519 0.517 0.514 0.506 0.418 0.234 0.187 0.112 0.259 0.002 0.196 0.010 0.003 0.000 0.000 0.710 
287 0.117 0.218 0.363 0.295 0.395 0.449 0.521 0.507 0.497 0.516 0.415 0.224 0.195 0.112 0.258 0.002 0.200 0.010 0.003 0.000 0.000 0.713 
288 0.119 0.210 0.360 0.296 0.401 0.459 0.527 0.494 0.509 0.507 0.414 0.224 0.198 0.109 0.253 0.002 0.209 0.010 0.003 0.000 0.000 0.713 
289 0.120 0.216 0.349 0.307 0.393 0.456 0.533 0.493 0.517 0.510 0.408 0.220 0.196 0.107 0.258 0.002 0.199 0.010 0.003 0.000 0.000 0.709 
290 0.123 0.221 0.353 0.290 0.391 0.458 0.528 0.496 0.518 0.512 0.403 0.225 0.191 0.103 0.260 0.003 0.202 0.010 0.000 0.000 0.000 0.703 
291 0.127 0.217 0.358 0.296 0.394 0.455 0.539 0.488 0.523 0.508 0.410 0.229 0.185 0.103 0.258 0.005 0.198 0.011 0.000 0.000 0.000 0.702 
292 0.133 0.214 0.356 0.288 0.386 0.458 0.533 0.492 0.518 0.509 0.410 0.237 0.184 0.104 0.261 0.005 0.196 0.011 0.000 0.000 0.000 0.702 
293 0.137 0.216 0.352 0.275 0.386 0.458 0.544 0.498 0.518 0.513 0.409 0.241 0.190 0.108 0.251 0.005 0.187 0.009 0.000 0.000 0.000 0.701 
294 0.136 0.214 0.354 0.255 0.388 0.464 0.539 0.499 0.519 0.517 0.408 0.244 0.189 0.106 0.255 0.010 0.190 0.011 0.000 0.000 0.000 0.704 
295 0.135 0.210 0.354 0.269 0.394 0.471 0.528 0.504 0.521 0.500 0.411 0.243 0.183 0.108 0.250 0.012 0.216 0.012 0.000 0.000 0.000 0.700 
296 0.136 0.208 0.354 0.272 0.388 0.476 0.530 0.507 0.520 0.480 0.415 0.236 0.177 0.108 0.249 0.019 0.231 0.014 0.000 0.000 0.000 0.703 
297 0.134 0.205 0.370 0.269 0.388 0.482 0.537 0.485 0.521 0.484 0.416 0.235 0.178 0.109 0.246 0.028 0.236 0.014 0.000 0.000 0.000 0.707 
298 0.133 0.201 0.388 0.262 0.384 0.473 0.527 0.481 0.530 0.501 0.413 0.233 0.180 0.108 0.252 0.024 0.248 0.013 0.000 0.000 0.000 0.710 
299 0.138 0.231 0.387 0.269 0.380 0.471 0.522 0.489 0.527 0.516 0.412 0.237 0.182 0.105 0.248 0.023 0.245 0.011 0.000 0.000 0.000 0.708 
300 0.135 0.241 0.385 0.286 0.372 0.471 0.546 0.497 0.519 0.524 0.412 0.239 0.181 0.106 0.247 0.023 0.242 0.010 0.000 0.000 0.000 0.707 
301 0.140 0.244 0.393 0.276 0.364 0.462 0.541 0.506 0.512 0.524 0.418 0.234 0.180 0.104 0.250 0.024 0.236 0.010 0.000 0.000 0.000 0.704 
302 0.137 0.239 0.389 0.276 0.362 0.464 0.537 0.495 0.509 0.518 0.419 0.241 0.180 0.101 0.253 0.023 0.235 0.010 0.000 0.000 0.000 0.704 
303 0.145 0.247 0.399 0.279 0.366 0.454 0.535 0.499 0.511 0.514 0.412 0.243 0.191 0.107 0.250 0.021 0.240 0.010 0.000 0.000 0.000 0.700 
304 0.146 0.241 0.397 0.279 0.367 0.450 0.538 0.493 0.509 0.509 0.402 0.246 0.192 0.094 0.252 0.034 0.243 0.010 0.000 0.000 0.000 0.696 
305 0.147 0.235 0.392 0.292 0.370 0.448 0.532 0.488 0.499 0.499 0.396 0.241 0.191 0.097 0.254 0.033 0.245 0.010 0.000 0.000 0.000 0.699 
306 0.144 0.237 0.390 0.309 0.362 0.437 0.527 0.487 0.503 0.501 0.394 0.249 0.194 0.097 0.250 0.035 0.248 0.012 0.000 0.000 0.000 0.703 
307 0.142 0.232 0.384 0.310 0.363 0.433 0.531 0.491 0.497 0.509 0.394 0.249 0.193 0.093 0.248 0.035 0.247 0.015 0.000 0.000 0.000 0.703 
308 0.140 0.241 0.376 0.303 0.366 0.447 0.533 0.490 0.504 0.509 0.385 0.254 0.189 0.093 0.248 0.041 0.248 0.015 0.000 0.000 0.000 0.698 
309 0.135 0.233 0.382 0.305 0.363 0.449 0.526 0.480 0.495 0.507 0.382 0.255 0.192 0.094 0.245 0.041 0.258 0.014 0.000 0.000 0.000 0.705 
310 0.135 0.231 0.373 0.293 0.363 0.450 0.527 0.479 0.506 0.504 0.383 0.262 0.192 0.093 0.253 0.047 0.248 0.014 0.000 0.000 0.000 0.703 
311 0.134 0.236 0.377 0.298 0.359 0.452 0.528 0.467 0.508 0.500 0.382 0.265 0.195 0.097 0.251 0.062 0.251 0.014 0.000 0.000 0.000 0.704 
312 0.139 0.235 0.387 0.298 0.353 0.448 0.524 0.472 0.521 0.489 0.385 0.266 0.196 0.093 0.254 0.070 0.252 0.014 0.000 0.000 0.000 0.703 
313 0.135 0.227 0.392 0.309 0.358 0.445 0.540 0.461 0.511 0.489 0.379 0.273 0.193 0.089 0.250 0.064 0.247 0.017 0.000 0.000 0.000 0.702 
314 0.136 0.227 0.385 0.321 0.365 0.451 0.540 0.460 0.522 0.482 0.382 0.270 0.191 0.087 0.241 0.062 0.232 0.031 0.000 0.000 0.000 0.702 
315 0.136 0.224 0.385 0.316 0.358 0.452 0.533 0.471 0.504 0.484 0.382 0.266 0.192 0.099 0.242 0.058 0.236 0.030 0.000 0.000 0.000 0.704 
316 0.129 0.233 0.381 0.325 0.356 0.469 0.538 0.465 0.519 0.495 0.390 0.256 0.190 0.109 0.247 0.055 0.238 0.030 0.000 0.000 0.000 0.696 
317 0.134 0.220 0.392 0.313 0.357 0.470 0.537 0.465 0.542 0.498 0.386 0.255 0.188 0.121 0.248 0.054 0.232 0.030 0.000 0.000 0.000 0.692 
318 0.132 0.223 0.404 0.308 0.352 0.469 0.544 0.474 0.546 0.493 0.386 0.251 0.194 0.117 0.244 0.056 0.236 0.030 0.000 0.000 0.000 0.686 
319 0.129 0.230 0.403 0.312 0.351 0.462 0.544 0.473 0.550 0.491 0.388 0.258 0.191 0.113 0.244 0.053 0.229 0.031 0.000 0.004 0.000 0.689 
320 0.127 0.229 0.414 0.308 0.355 0.458 0.543 0.476 0.541 0.497 0.382 0.255 0.192 0.115 0.244 0.051 0.224 0.031 0.000 0.005 0.000 0.686 
321 0.127 0.243 0.420 0.289 0.351 0.457 0.525 0.476 0.540 0.488 0.380 0.259 0.192 0.115 0.249 0.046 0.228 0.034 0.000 0.009 0.000 0.690 
322 0.125 0.234 0.414 0.292 0.352 0.463 0.515 0.485 0.526 0.491 0.380 0.255 0.197 0.119 0.240 0.043 0.234 0.033 0.000 0.008 0.000 0.692 
323 0.127 0.229 0.408 0.305 0.362 0.459 0.513 0.485 0.533 0.501 0.381 0.253 0.197 0.122 0.238 0.041 0.229 0.029 0.000 0.008 0.000 0.696 
324 0.122 0.228 0.397 0.306 0.363 0.457 0.509 0.482 0.538 0.499 0.384 0.257 0.198 0.122 0.236 0.044 0.236 0.028 0.000 0.006 0.000 0.699 
325 0.122 0.222 0.393 0.306 0.364 0.459 0.510 0.486 0.531 0.506 0.380 0.257 0.195 0.124 0.239 0.039 0.240 0.028 0.000 0.006 0.000 0.702 
326 0.131 0.218 0.384 0.303 0.363 0.450 0.515 0.482 0.520 0.508 0.378 0.251 0.197 0.128 0.240 0.046 0.238 0.027 0.000 0.005 0.000 0.706 
327 0.129 0.214 0.391 0.296 0.364 0.454 0.510 0.488 0.518 0.499 0.376 0.259 0.198 0.124 0.240 0.052 0.233 0.025 0.000 0.005 0.000 0.706 
328 0.134 0.211 0.393 0.292 0.365 0.453 0.508 0.486 0.519 0.501 0.370 0.260 0.202 0.130 0.235 0.066 0.230 0.024 0.000 0.005 0.000 0.706 
329 0.132 0.199 0.389 0.296 0.360 0.459 0.509 0.487 0.522 0.506 0.377 0.257 0.202 0.136 0.234 0.064 0.227 0.023 0.000 0.005 0.000 0.705 
330 0.130 0.205 0.391 0.300 0.363 0.462 0.503 0.494 0.528 0.512 0.373 0.251 0.200 0.134 0.234 0.068 0.227 0.023 0.000 0.004 0.000 0.706 
331 0.125 0.218 0.404 0.293 0.369 0.459 0.509 0.500 0.522 0.506 0.371 0.251 0.191 0.137 0.239 0.063 0.236 0.020 0.000 0.004 0.000 0.701 
332 0.130 0.220 0.402 0.303 0.369 0.452 0.514 0.515 0.533 0.521 0.368 0.251 0.189 0.141 0.238 0.055 0.231 0.022 0.026 0.003 0.000 0.695 
333 0.128 0.215 0.401 0.294 0.362 0.458 0.521 0.511 0.528 0.526 0.368 0.252 0.190 0.140 0.242 0.056 0.225 0.022 0.028 0.002 0.000 0.696 
334 0.130 0.209 0.398 0.291 0.360 0.458 0.526 0.508 0.529 0.527 0.364 0.252 0.186 0.140 0.239 0.052 0.236 0.022 0.028 0.002 0.000 0.696 
335 0.123 0.216 0.430 0.286 0.358 0.453 0.531 0.504 0.537 0.539 0.363 0.256 0.180 0.149 0.243 0.052 0.244 0.022 0.031 0.002 0.000 0.686 
336 0.131 0.212 0.427 0.282 0.357 0.450 0.530 0.493 0.536 0.529 0.359 0.250 0.179 0.152 0.241 0.055 0.244 0.020 0.028 0.003 0.000 0.691 
337 0.137 0.207 0.421 0.280 0.360 0.451 0.538 0.493 0.550 0.518 0.361 0.252 0.184 0.151 0.241 0.062 0.247 0.023 0.042 0.003 0.000 0.690 
338 0.135 0.207 0.416 0.282 0.355 0.452 0.528 0.495 0.562 0.512 0.361 0.252 0.179 0.153 0.240 0.063 0.244 0.025 0.050 0.003 0.000 0.690 
339 0.135 0.199 0.420 0.288 0.350 0.462 0.521 0.505 0.564 0.507 0.359 0.250 0.181 0.154 0.241 0.061 0.247 0.022 0.052 0.004 0.000 0.696 
340 0.136 0.196 0.420 0.290 0.348 0.472 0.524 0.504 0.549 0.497 0.355 0.247 0.184 0.159 0.242 0.059 0.246 0.022 0.051 0.004 0.000 0.696 
341 0.132 0.195 0.420 0.303 0.343 0.472 0.529 0.502 0.549 0.489 0.345 0.256 0.185 0.158 0.238 0.059 0.245 0.021 0.052 0.004 0.000 0.694 
342 0.125 0.202 0.420 0.306 0.336 0.466 0.534 0.504 0.532 0.492 0.341 0.254 0.187 0.154 0.231 0.050 0.247 0.019 0.055 0.001 0.000 0.699 
343 0.124 0.195 0.419 0.305 0.341 0.470 0.527 0.507 0.525 0.505 0.338 0.258 0.183 0.155 0.227 0.052 0.248 0.019 0.044 0.001 0.000 0.704 
344 0.127 0.199 0.412 0.312 0.345 0.483 0.515 0.501 0.526 0.500 0.339 0.265 0.184 0.150 0.228 0.068 0.240 0.018 0.041 0.001 0.000 0.704 
345 0.136 0.210 0.406 0.312 0.341 0.487 0.512 0.497 0.523 0.503 0.337 0.267 0.183 0.149 0.223 0.069 0.245 0.016 0.044 0.001 0.000 0.703 
346 0.139 0.213 0.404 0.312 0.340 0.468 0.517 0.494 0.515 0.499 0.342 0.271 0.180 0.154 0.223 0.073 0.243 0.016 0.042 0.001 0.000 0.706 
347 0.138 0.215 0.412 0.309 0.339 0.461 0.513 0.491 0.517 0.498 0.330 0.274 0.188 0.151 0.222 0.071 0.254 0.017 0.039 0.001 0.000 0.706 
348 0.142 0.223 0.411 0.304 0.347 0.465 0.506 0.489 0.516 0.498 0.327 0.273 0.185 0.158 0.228 0.071 0.247 0.019 0.046 0.003 0.000 0.712 
349 0.149 0.214 0.410 0.302 0.341 0.473 0.510 0.487 0.521 0.498 0.333 0.270 0.191 0.156 0.232 0.080 0.239 0.019 0.064 0.003 0.000 0.711 
350 0.150 0.216 0.407 0.300 0.343 0.472 0.512 0.486 0.519 0.508 0.334 0.275 0.188 0.160 0.232 0.076 0.239 0.021 0.064 0.003 0.000 0.708 
351 0.152 0.214 0.412 0.308 0.343 0.463 0.515 0.484 0.515 0.512 0.341 0.274 0.188 0.161 0.231 0.073 0.253 0.019 0.058 0.002 0.000 0.706 
352 0.144 0.219 0.412 0.307 0.340 0.460 0.520 0.484 0.530 0.519 0.333 0.271 0.190 0.162 0.235 0.072 0.254 0.017 0.058 0.002 0.000 0.705 
353 0.146 0.255 0.404 0.311 0.343 0.461 0.527 0.491 0.526 0.517 0.338 0.267 0.200 0.157 0.230 0.075 0.275 0.017 0.056 0.002 0.000 0.701 
354 0.144 0.261 0.404 0.325 0.344 0.452 0.528 0.499 0.538 0.513 0.342 0.259 0.189 0.165 0.233 0.078 0.284 0.013 0.048 0.002 0.000 0.704 
355 0.149 0.288 0.410 0.325 0.341 0.453 0.531 0.511 0.528 0.535 0.342 0.259 0.189 0.164 0.239 0.074 0.287 0.020 0.044 0.001 0.000 0.700 
356 0.146 0.286 0.417 0.337 0.336 0.450 0.529 0.515 0.527 0.526 0.348 0.262 0.189 0.169 0.236 0.075 0.286 0.019 0.044 0.001 0.000 0.698 
357 0.140 0.286 0.410 0.333 0.347 0.451 0.517 0.518 0.511 0.529 0.343 0.262 0.185 0.166 0.240 0.070 0.283 0.019 0.042 0.001 0.000 0.697 
358 0.136 0.286 0.408 0.331 0.355 0.447 0.510 0.518 0.499 0.527 0.341 0.268 0.180 0.167 0.234 0.071 0.283 0.019 0.039 0.001 0.000 0.695 
359 0.140 0.272 0.404 0.331 0.353 0.454 0.506 0.514 0.510 0.522 0.336 0.272 0.177 0.167 0.232 0.083 0.263 0.019 0.088 0.001 0.000 0.691 
360 0.141 0.267 0.403 0.322 0.348 0.451 0.501 0.507 0.507 0.516 0.334 0.266 0.181 0.167 0.225 0.093 0.276 0.019 0.066 0.001 0.000 0.692 
361 0.139 0.270 0.410 0.320 0.344 0.447 0.491 0.518 0.507 0.510 0.335 0.263 0.182 0.171 0.220 0.092 0.281 0.018 0.070 0.001 0.000 0.687 
362 0.134 0.278 0.411 0.313 0.344 0.450 0.489 0.516 0.508 0.506 0.338 0.256 0.189 0.170 0.224 0.089 0.278 0.017 0.065 0.001 0.000 0.685 
363 0.135 0.273 0.404 0.311 0.354 0.457 0.498 0.519 0.512 0.505 0.337 0.245 0.197 0.169 0.221 0.083 0.254 0.017 0.097 0.004 0.000 0.685 
364 0.144 0.267 0.402 0.316 0.340 0.466 0.521 0.522 0.533 0.510 0.332 0.249 0.198 0.169 0.228 0.084 0.249 0.017 0.110 0.004 0.000 0.676 
365 0.142 0.259 0.401 0.318 0.339 0.459 0.545 0.526 0.533 0.518 0.330 0.238 0.195 0.172 0.228 0.077 0.257 0.015 0.104 0.004 0.000 0.681 
366 0.135 0.261 0.407 0.312 0.340 0.466 0.544 0.514 0.541 0.512 0.328 0.236 0.199 0.169 0.230 0.077 0.252 0.015 0.104 0.003 0.000 0.687 
367 0.134 0.257 0.402 0.322 0.331 0.472 0.539 0.510 0.541 0.512 0.331 0.236 0.204 0.160 0.231 0.074 0.260 0.015 0.108 0.006 0.000 0.693 
368 0.127 0.254 0.403 0.320 0.330 0.471 0.541 0.505 0.546 0.509 0.325 0.240 0.201 0.152 0.230 0.067 0.253 0.014 0.114 0.006 0.000 0.692 
369 0.123 0.264 0.398 0.311 0.327 0.479 0.535 0.499 0.542 0.505 0.328 0.238 0.202 0.145 0.232 0.070 0.255 0.012 0.124 0.006 0.000 0.692 
370 0.124 0.256 0.395 0.296 0.330 0.479 0.527 0.498 0.539 0.505 0.324 0.240 0.198 0.149 0.232 0.070 0.273 0.010 0.105 0.006 0.000 0.690 
371 0.123 0.257 0.393 0.294 0.329 0.476 0.533 0.489 0.534 0.495 0.322 0.238 0.200 0.144 0.238 0.069 0.279 0.009 0.103 0.006 0.000 0.696 
372 0.127 0.255 0.395 0.306 0.330 0.486 0.531 0.490 0.529 0.487 0.320 0.246 0.201 0.136 0.232 0.079 0.275 0.009 0.104 0.006 0.000 0.695 
373 0.122 0.247 0.399 0.300 0.341 0.486 0.538 0.492 0.533 0.500 0.317 0.244 0.213 0.120 0.231 0.083 0.262 0.009 0.099 0.006 0.000 0.698 
374 0.125 0.244 0.397 0.313 0.334 0.481 0.542 0.497 0.533 0.498 0.324 0.239 0.215 0.121 0.230 0.085 0.264 0.007 0.102 0.005 0.000 0.698 
375 0.129 0.238 0.400 0.313 0.343 0.468 0.534 0.492 0.524 0.507 0.321 0.244 0.211 0.119 0.232 0.099 0.251 0.008 0.098 0.005 0.000 0.706 
376 0.134 0.235 0.407 0.323 0.343 0.473 0.545 0.492 0.524 0.506 0.321 0.245 0.206 0.133 0.237 0.096 0.249 0.007 0.085 0.005 0.000 0.705 
377 0.127 0.235 0.409 0.320 0.343 0.465 0.549 0.491 0.528 0.506 0.330 0.234 0.203 0.137 0.233 0.093 0.257 0.007 0.099 0.005 0.000 0.705 
378 0.129 0.232 0.406 0.325 0.336 0.463 0.546 0.497 0.523 0.516 0.338 0.228 0.202 0.144 0.233 0.099 0.254 0.007 0.099 0.004 0.000 0.705 
379 0.132 0.230 0.402 0.335 0.333 0.469 0.552 0.484 0.528 0.523 0.346 0.224 0.199 0.139 0.235 0.099 0.269 0.007 0.110 0.004 0.000 0.706 
380 0.130 0.230 0.406 0.337 0.334 0.474 0.555 0.489 0.528 0.526 0.346 0.229 0.197 0.140 0.236 0.101 0.273 0.010 0.124 0.001 0.000 0.704 
381 0.131 0.229 0.401 0.332 0.331 0.473 0.554 0.484 0.517 0.516 0.354 0.224 0.202 0.143 0.236 0.103 0.269 0.010 0.121 0.001 0.000 0.708 
382 0.130 0.231 0.398 0.332 0.339 0.472 0.559 0.486 0.523 0.511 0.355 0.222 0.203 0.142 0.238 0.098 0.269 0.010 0.119 0.001 0.000 0.703 
383 0.125 0.238 0.395 0.331 0.331 0.473 0.553 0.488 0.530 0.522 0.349 0.220 0.202 0.138 0.235 0.098 0.272 0.009 0.109 0.001 0.000 0.700 
384 0.128 0.248 0.399 0.336 0.336 0.482 0.548 0.485 0.524 0.515 0.347 0.222 0.201 0.143 0.236 0.098 0.281 0.009 0.111 0.001 0.000 0.697 
385 0.130 0.247 0.398 0.325 0.343 0.482 0.541 0.488 0.541 0.510 0.349 0.222 0.197 0.142 0.237 0.098 0.284 0.011 0.124 0.001 0.000 0.694 
386 0.142 0.246 0.385 0.319 0.334 0.478 0.535 0.492 0.537 0.502 0.349 0.220 0.198 0.138 0.236 0.093 0.286 0.011 0.118 0.002 0.000 0.698 
387 0.139 0.236 0.399 0.324 0.330 0.478 0.532 0.495 0.543 0.493 0.356 0.221 0.193 0.139 0.245 0.089 0.281 0.011 0.114 0.002 0.000 0.697 
388 0.136 0.240 0.403 0.321 0.336 0.483 0.530 0.495 0.547 0.493 0.350 0.230 0.203 0.134 0.244 0.087 0.286 0.011 0.122 0.003 0.000 0.691 
389 0.132 0.253 0.410 0.321 0.338 0.487 0.524 0.492 0.544 0.487 0.345 0.231 0.206 0.146 0.238 0.088 0.289 0.011 0.129 0.004 0.000 0.690 
390 0.130 0.253 0.418 0.324 0.336 0.478 0.523 0.496 0.546 0.477 0.347 0.230 0.206 0.142 0.239 0.094 0.280 0.011 0.123 0.004 0.000 0.694 
391 0.115 0.253 0.420 0.327 0.338 0.486 0.518 0.493 0.549 0.471 0.342 0.236 0.200 0.145 0.240 0.093 0.276 0.011 0.125 0.002 0.000 0.690 
392 0.124 0.245 0.417 0.331 0.332 0.483 0.507 0.496 0.542 0.464 0.347 0.232 0.201 0.144 0.242 0.090 0.276 0.011 0.128 0.002 0.000 0.682 
393 0.123 0.252 0.416 0.336 0.338 0.493 0.513 0.495 0.540 0.470 0.345 0.233 0.197 0.145 0.243 0.091 0.274 0.011 0.138 0.002 0.000 0.679 
394 0.115 0.246 0.410 0.338 0.339 0.489 0.524 0.486 0.551 0.470 0.349 0.231 0.190 0.161 0.234 0.095 0.271 0.011 0.145 0.002 0.000 0.678 
395 0.115 0.248 0.410 0.330 0.335 0.487 0.529 0.488 0.547 0.472 0.347 0.230 0.193 0.152 0.238 0.097 0.270 0.010 0.143 0.002 0.000 0.680 
396 0.112 0.245 0.411 0.332 0.329 0.488 0.539 0.483 0.547 0.480 0.364 0.227 0.203 0.150 0.236 0.091 0.285 0.009 0.146 0.002 0.000 0.685 
397 0.128 0.235 0.409 0.333 0.326 0.488 0.538 0.489 0.554 0.492 0.366 0.223 0.203 0.150 0.239 0.097 0.292 0.011 0.138 0.002 0.000 0.690 
398 0.132 0.232 0.399 0.326 0.339 0.478 0.543 0.490 0.534 0.497 0.364 0.221 0.200 0.147 0.237 0.095 0.292 0.009 0.131 0.003 0.000 0.692 
399 0.134 0.231 0.403 0.329 0.338 0.476 0.537 0.488 0.534 0.492 0.364 0.223 0.205 0.148 0.235 0.089 0.290 0.007 0.132 0.003 0.000 0.699 
400 0.135 0.232 0.397 0.331 0.336 0.476 0.539 0.478 0.535 0.492 0.371 0.224 0.199 0.145 0.232 0.090 0.298 0.007 0.126 0.003 0.000 0.694 
401 0.135 0.225 0.393 0.335 0.334 0.471 0.530 0.486 0.534 0.484 0.377 0.219 0.204 0.141 0.236 0.087 0.289 0.007 0.125 0.004 0.000 0.690 
402 0.133 0.232 0.389 0.328 0.335 0.474 0.528 0.484 0.536 0.490 0.373 0.220 0.207 0.143 0.227 0.093 0.284 0.007 0.130 0.004 0.000 0.690 
403 0.130 0.236 0.388 0.324 0.342 0.463 0.523 0.491 0.541 0.486 0.368 0.223 0.203 0.145 0.226 0.089 0.278 0.007 0.152 0.003 0.000 0.694 
404 0.133 0.239 0.397 0.324 0.358 0.459 0.519 0.492 0.545 0.485 0.360 0.217 0.206 0.145 0.231 0.096 0.277 0.007 0.161 0.004 0.000 0.697 
405 0.135 0.232 0.402 0.337 0.362 0.464 0.511 0.503 0.552 0.486 0.355 0.215 0.203 0.148 0.234 0.100 0.274 0.007 0.154 0.005 0.000 0.702 
406 0.138 0.240 0.398 0.341 0.366 0.467 0.523 0.495 0.553 0.489 0.352 0.209 0.203 0.152 0.241 0.104 0.274 0.009 0.148 0.007 0.000 0.702 
407 0.137 0.236 0.401 0.343 0.368 0.476 0.522 0.487 0.551 0.489 0.352 0.204 0.202 0.154 0.237 0.097 0.277 0.009 0.152 0.009 0.000 0.703 
408 0.127 0.240 0.402 0.338 0.377 0.480 0.521 0.484 0.552 0.483 0.356 0.202 0.198 0.154 0.237 0.094 0.282 0.011 0.151 0.009 0.000 0.706 
409 0.126 0.246 0.409 0.331 0.376 0.472 0.532 0.485 0.545 0.494 0.353 0.196 0.202 0.159 0.232 0.089 0.287 0.013 0.148 0.008 0.000 0.704 
410 0.114 0.240 0.403 0.323 0.385 0.476 0.540 0.487 0.535 0.492 0.356 0.195 0.196 0.160 0.234 0.094 0.278 0.013 0.155 0.009 0.000 0.706 
411 0.115 0.233 0.414 0.331 0.382 0.467 0.547 0.487 0.549 0.494 0.353 0.201 0.193 0.158 0.244 0.092 0.269 0.013 0.155 0.018 0.000 0.702 
412 0.114 0.232 0.409 0.338 0.374 0.470 0.550 0.482 0.563 0.488 0.356 0.205 0.197 0.157 0.245 0.093 0.271 0.013 0.153 0.017 0.000 0.701 
413 0.114 0.228 0.418 0.338 0.377 0.476 0.559 0.485 0.559 0.497 0.346 0.207 0.199 0.158 0.250 0.094 0.267 0.012 0.171 0.015 0.000 0.699 
414 0.111 0.230 0.407 0.336 0.367 0.480 0.561 0.488 0.559 0.492 0.343 0.209 0.193 0.163 0.249 0.097 0.260 0.012 0.181 0.013 0.000 0.695 
415 0.115 0.230 0.411 0.340 0.365 0.485 0.548 0.491 0.551 0.491 0.338 0.207 0.195 0.164 0.246 0.095 0.257 0.013 0.176 0.011 0.000 0.693 
416 0.108 0.224 0.413 0.333 0.365 0.471 0.550 0.494 0.548 0.496 0.338 0.212 0.190 0.160 0.245 0.097 0.241 0.014 0.167 0.013 0.000 0.693 
417 0.108 0.224 0.409 0.332 0.380 0.467 0.542 0.498 0.548 0.482 0.360 0.211 0.193 0.154 0.249 0.090 0.240 0.016 0.167 0.014 0.000 0.690 
418 0.110 0.231 0.408 0.345 0.373 0.470 0.535 0.496 0.558 0.481 0.365 0.207 0.190 0.161 0.249 0.086 0.253 0.016 0.156 0.013 0.000 0.691 
419 0.111 0.231 0.408 0.347 0.375 0.462 0.525 0.505 0.558 0.488 0.360 0.213 0.184 0.158 0.240 0.089 0.248 0.016 0.158 0.016 0.000 0.686 
420 0.110 0.224 0.402 0.348 0.382 0.456 0.518 0.504 0.559 0.495 0.360 0.216 0.185 0.153 0.240 0.089 0.242 0.014 0.157 0.016 0.000 0.686 
421 0.108 0.226 0.404 0.354 0.388 0.471 0.508 0.492 0.560 0.502 0.376 0.214 0.185 0.153 0.235 0.089 0.245 0.014 0.156 0.016 0.000 0.686 
422 0.111 0.232 0.395 0.350 0.393 0.477 0.506 0.487 0.560 0.488 0.379 0.212 0.185 0.160 0.236 0.085 0.249 0.013 0.163 0.016 0.000 0.688 
423 0.118 0.220 0.397 0.347 0.385 0.491 0.495 0.488 0.562 0.489 0.377 0.209 0.184 0.156 0.231 0.087 0.249 0.014 0.146 0.018 0.000 0.687 
424 0.125 0.217 0.400 0.350 0.367 0.490 0.492 0.482 0.556 0.492 0.379 0.207 0.189 0.154 0.226 0.091 0.250 0.013 0.150 0.019 0.000 0.692 
425 0.122 0.219 0.397 0.347 0.365 0.487 0.503 0.486 0.555 0.491 0.373 0.214 0.185 0.155 0.226 0.096 0.259 0.015 0.154 0.017 0.000 0.688 
426 0.121 0.223 0.393 0.353 0.363 0.484 0.510 0.479 0.555 0.506 0.374 0.212 0.179 0.152 0.223 0.100 0.271 0.013 0.162 0.017 0.000 0.686 
427 0.123 0.230 0.397 0.350 0.362 0.493 0.509 0.492 0.555 0.511 0.373 0.216 0.172 0.158 0.216 0.099 0.281 0.013 0.159 0.017 0.000 0.685 
428 0.126 0.239 0.388 0.347 0.364 0.495 0.516 0.488 0.564 0.527 0.368 0.215 0.174 0.147 0.214 0.112 0.276 0.009 0.156 0.016 0.000 0.689 
429 0.126 0.242 0.399 0.343 0.361 0.491 0.517 0.489 0.573 0.534 0.376 0.221 0.178 0.143 0.206 0.116 0.264 0.009 0.160 0.014 0.000 0.686 
430 0.124 0.245 0.396 0.331 0.366 0.487 0.518 0.490 0.566 0.527 0.374 0.216 0.183 0.139 0.209 0.112 0.271 0.009 0.152 0.013 0.000 0.693 
431 0.116 0.233 0.408 0.323 0.367 0.480 0.520 0.488 0.572 0.528 0.367 0.224 0.180 0.140 0.217 0.109 0.271 0.009 0.146 0.014 0.000 0.691 
432 0.119 0.223 0.407 0.325 0.364 0.477 0.510 0.500 0.566 0.521 0.364 0.224 0.187 0.136 0.214 0.110 0.266 0.017 0.150 0.013 0.000 0.694 
433 0.121 0.230 0.409 0.322 0.371 0.480 0.508 0.497 0.570 0.511 0.360 0.224 0.184 0.138 0.213 0.110 0.268 0.017 0.141 0.013 0.000 0.696 
434 0.117 0.229 0.413 0.324 0.374 0.482 0.503 0.502 0.568 0.508 0.360 0.223 0.180 0.139 0.212 0.111 0.274 0.019 0.147 0.013 0.000 0.694 
435 0.116 0.224 0.408 0.329 0.380 0.477 0.509 0.495 0.582 0.502 0.364 0.224 0.179 0.135 0.216 0.114 0.281 0.021 0.152 0.014 0.000 0.690 
436 0.129 0.232 0.406 0.326 0.381 0.483 0.511 0.493 0.571 0.502 0.357 0.226 0.185 0.134 0.226 0.113 0.278 0.028 0.151 0.013 0.000 0.687 
437 0.131 0.224 0.407 0.323 0.379 0.484 0.524 0.485 0.570 0.504 0.357 0.225 0.194 0.142 0.220 0.119 0.284 0.027 0.153 0.013 0.000 0.687 
438 0.130 0.220 0.406 0.316 0.380 0.489 0.521 0.492 0.561 0.500 0.360 0.214 0.196 0.143 0.222 0.121 0.293 0.027 0.146 0.012 0.000 0.685 
439 0.126 0.224 0.406 0.324 0.381 0.485 0.523 0.489 0.562 0.495 0.362 0.213 0.192 0.137 0.223 0.122 0.295 0.026 0.163 0.011 0.000 0.692 
440 0.127 0.230 0.399 0.325 0.382 0.483 0.528 0.496 0.560 0.505 0.373 0.212 0.190 0.131 0.223 0.120 0.298 0.026 0.163 0.011 0.000 0.695 
441 0.124 0.226 0.403 0.330 0.387 0.481 0.521 0.490 0.560 0.503 0.374 0.212 0.192 0.120 0.228 0.130 0.298 0.026 0.164 0.009 0.000 0.700 
442 0.123 0.223 0.409 0.330 0.387 0.481 0.519 0.489 0.556 0.493 0.378 0.221 0.188 0.130 0.233 0.123 0.303 0.026 0.166 0.008 0.000 0.695 
443 0.130 0.221 0.403 0.332 0.384 0.491 0.527 0.496 0.556 0.508 0.370 0.227 0.185 0.128 0.240 0.120 0.302 0.022 0.161 0.008 0.000 0.697 
444 0.130 0.230 0.407 0.334 0.390 0.487 0.524 0.497 0.566 0.500 0.376 0.220 0.182 0.125 0.242 0.125 0.297 0.021 0.161 0.008 0.000 0.700 
445 0.130 0.227 0.424 0.338 0.392 0.495 0.518 0.507 0.567 0.512 0.375 0.222 0.183 0.123 0.242 0.128 0.302 0.021 0.159 0.007 0.000 0.695 
446 0.126 0.225 0.426 0.345 0.396 0.495 0.519 0.503 0.581 0.506 0.366 0.230 0.182 0.128 0.238 0.133 0.298 0.022 0.163 0.007 0.000 0.697 
447 0.122 0.232 0.414 0.341 0.390 0.500 0.506 0.496 0.577 0.493 0.364 0.229 0.191 0.129 0.238 0.133 0.300 0.020 0.162 0.008 0.000 0.693 
448 0.117 0.229 0.414 0.335 0.395 0.492 0.518 0.500 0.581 0.489 0.362 0.227 0.192 0.136 0.234 0.130 0.298 0.021 0.161 0.009 0.000 0.691 
449 0.117 0.227 0.410 0.330 0.389 0.495 0.514 0.502 0.579 0.486 0.353 0.219 0.199 0.132 0.236 0.126 0.293 0.022 0.155 0.009 0.000 0.694 
450 0.119 0.238 0.402 0.335 0.382 0.495 0.518 0.502 0.571 0.501 0.358 0.213 0.206 0.134 0.232 0.134 0.298 0.022 0.142 0.005 0.000 0.690 
451 0.120 0.235 0.404 0.338 0.370 0.488 0.513 0.502 0.581 0.496 0.356 0.216 0.201 0.133 0.238 0.126 0.303 0.020 0.133 0.005 0.000 0.698 
452 0.120 0.234 0.403 0.337 0.376 0.488 0.510 0.505 0.579 0.502 0.354 0.215 0.203 0.135 0.241 0.127 0.305 0.020 0.130 0.005 0.000 0.699 
453 0.119 0.225 0.392 0.338 0.377 0.492 0.501 0.505 0.579 0.499 0.358 0.212 0.202 0.134 0.242 0.129 0.299 0.017 0.141 0.006 0.000 0.697 
454 0.123 0.224 0.395 0.339 0.380 0.481 0.510 0.500 0.579 0.505 0.353 0.219 0.200 0.135 0.242 0.130 0.298 0.019 0.144 0.006 0.001 0.695 
455 0.134 0.222 0.391 0.350 0.377 0.469 0.514 0.506 0.575 0.495 0.366 0.217 0.201 0.135 0.241 0.136 0.294 0.019 0.140 0.007 0.001 0.701 
456 0.132 0.223 0.390 0.349 0.377 0.463 0.513 0.508 0.589 0.484 0.365 0.223 0.199 0.132 0.235 0.141 0.293 0.019 0.133 0.006 0.002 0.699 
457 0.132 0.241 0.388 0.355 0.371 0.461 0.515 0.502 0.588 0.477 0.367 0.229 0.200 0.129 0.236 0.139 0.290 0.017 0.130 0.011 0.001 0.702 
458 0.133 0.251 0.381 0.360 0.375 0.471 0.514 0.496 0.574 0.482 0.371 0.227 0.197 0.128 0.230 0.145 0.283 0.035 0.128 0.010 0.001 0.701 
459 0.135 0.254 0.381 0.353 0.380 0.476 0.515 0.497 0.562 0.495 0.361 0.230 0.192 0.123 0.229 0.145 0.279 0.032 0.131 0.010 0.001 0.700 
460 0.137 0.252 0.382 0.351 0.377 0.467 0.514 0.494 0.563 0.494 0.362 0.232 0.192 0.127 0.223 0.141 0.279 0.033 0.131 0.011 0.002 0.701 
461 0.135 0.268 0.383 0.354 0.378 0.475 0.524 0.482 0.563 0.507 0.359 0.230 0.192 0.131 0.222 0.141 0.269 0.035 0.130 0.010 0.002 0.704 
462 0.128 0.264 0.388 0.350 0.380 0.485 0.528 0.486 0.567 0.511 0.363 0.232 0.184 0.134 0.220 0.142 0.278 0.035 0.141 0.008 0.003 0.702 
463 0.130 0.263 0.389 0.349 0.384 0.482 0.541 0.489 0.552 0.518 0.361 0.230 0.183 0.131 0.222 0.139 0.275 0.035 0.147 0.008 0.002 0.709 
464 0.124 0.255 0.384 0.353 0.397 0.488 0.541 0.495 0.568 0.517 0.373 0.229 0.184 0.137 0.224 0.137 0.276 0.034 0.163 0.008 0.002 0.706 
465 0.130 0.245 0.383 0.359 0.397 0.492 0.544 0.496 0.563 0.511 0.366 0.228 0.189 0.131 0.230 0.142 0.280 0.038 0.153 0.009 0.001 0.709 
466 0.127 0.238 0.382 0.365 0.392 0.496 0.542 0.496 0.559 0.509 0.364 0.230 0.186 0.130 0.235 0.140 0.279 0.039 0.147 0.009 0.001 0.713 
467 0.131 0.233 0.380 0.361 0.396 0.480 0.543 0.491 0.551 0.507 0.365 0.235 0.182 0.133 0.241 0.132 0.262 0.037 0.164 0.011 0.001 0.707 
468 0.137 0.233 0.383 0.362 0.393 0.472 0.546 0.492 0.544 0.501 0.368 0.234 0.186 0.137 0.245 0.133 0.268 0.035 0.167 0.011 0.001 0.706 
469 0.139 0.231 0.375 0.367 0.394 0.472 0.548 0.488 0.552 0.498 0.363 0.232 0.182 0.139 0.246 0.135 0.270 0.034 0.155 0.014 0.001 0.705 
470 0.144 0.246 0.367 0.376 0.394 0.479 0.548 0.493 0.554 0.488 0.371 0.229 0.179 0.146 0.241 0.127 0.251 0.071 0.142 0.016 0.001 0.704 
471 0.140 0.244 0.369 0.383 0.397 0.489 0.548 0.493 0.556 0.495 0.368 0.229 0.179 0.144 0.239 0.119 0.260 0.079 0.143 0.016 0.001 0.704 
472 0.146 0.244 0.374 0.370 0.397 0.480 0.544 0.499 0.546 0.494 0.362 0.221 0.185 0.141 0.242 0.122 0.262 0.078 0.139 0.014 0.001 0.700 
473 0.146 0.242 0.375 0.368 0.394 0.471 0.535 0.509 0.560 0.488 0.360 0.220 0.179 0.138 0.245 0.119 0.256 0.081 0.132 0.014 0.001 0.691 
474 0.147 0.246 0.381 0.366 0.397 0.480 0.545 0.509 0.553 0.491 0.372 0.225 0.184 0.131 0.240 0.121 0.256 0.081 0.129 0.018 0.001 0.699 
475 0.146 0.248 0.382 0.371 0.391 0.485 0.544 0.510 0.556 0.496 0.365 0.224 0.180 0.133 0.236 0.118 0.259 0.080 0.116 0.025 0.001 0.703 
476 0.152 0.241 0.395 0.373 0.392 0.477 0.539 0.503 0.560 0.496 0.369 0.215 0.194 0.134 0.235 0.119 0.261 0.075 0.113 0.019 0.001 0.701 
477 0.154 0.246 0.395 0.365 0.390 0.476 0.556 0.501 0.557 0.503 0.359 0.228 0.195 0.128 0.231 0.123 0.258 0.073 0.113 0.017 0.001 0.695 
478 0.153 0.248 0.406 0.360 0.390 0.479 0.550 0.496 0.559 0.508 0.350 0.221 0.199 0.128 0.236 0.117 0.259 0.071 0.114 0.017 0.001 0.696 
479 0.144 0.253 0.410 0.373 0.378 0.477 0.556 0.493 0.573 0.502 0.354 0.223 0.195 0.133 0.233 0.111 0.270 0.068 0.123 0.013 0.002 0.697 
480 0.140 0.241 0.409 0.379 0.387 0.486 0.557 0.494 0.567 0.502 0.348 0.219 0.195 0.130 0.238 0.116 0.274 0.067 0.117 0.014 0.003 0.698 
481 0.128 0.244 0.404 0.375 0.378 0.487 0.566 0.498 0.565 0.512 0.343 0.218 0.195 0.128 0.238 0.116 0.276 0.065 0.121 0.012 0.003 0.694 
482 0.114 0.250 0.397 0.373 0.391 0.483 0.561 0.499 0.570 0.505 0.345 0.224 0.192 0.131 0.241 0.111 0.279 0.066 0.114 0.028 0.003 0.696 
483 0.132 0.244 0.387 0.369 0.384 0.486 0.562 0.507 0.571 0.508 0.348 0.224 0.189 0.127 0.244 0.111 0.287 0.065 0.115 0.027 0.003 0.696 
484 0.146 0.248 0.383 0.362 0.380 0.484 0.557 0.505 0.558 0.509 0.346 0.225 0.186 0.127 0.246 0.110 0.285 0.066 0.115 0.027 0.003 0.695 
485 0.147 0.244 0.388 0.362 0.388 0.490 0.554 0.509 0.565 0.505 0.349 0.221 0.182 0.132 0.243 0.111 0.290 0.065 0.120 0.028 0.003 0.684 
486 0.144 0.257 0.379 0.362 0.384 0.499 0.537 0.513 0.554 0.504 0.344 0.223 0.183 0.127 0.244 0.114 0.292 0.062 0.125 0.023 0.002 0.686 
487 0.143 0.261 0.383 0.369 0.380 0.492 0.540 0.512 0.572 0.485 0.343 0.226 0.179 0.138 0.240 0.113 0.298 0.063 0.134 0.021 0.003 0.683 
488 0.148 0.254 0.388 0.371 0.381 0.482 0.543 0.510 0.569 0.480 0.338 0.225 0.177 0.138 0.244 0.113 0.298 0.062 0.135 0.022 0.003 0.687 
489 0.149 0.252 0.390 0.368 0.383 0.480 0.549 0.504 0.571 0.482 0.344 0.230 0.179 0.132 0.242 0.117 0.299 0.063 0.125 0.024 0.003 0.688 
490 0.152 0.244 0.393 0.376 0.378 0.490 0.551 0.509 0.560 0.490 0.342 0.229 0.179 0.134 0.239 0.117 0.297 0.064 0.122 0.023 0.003 0.690 
491 0.161 0.245 0.402 0.366 0.382 0.482 0.556 0.521 0.564 0.487 0.345 0.220 0.184 0.137 0.244 0.117 0.298 0.064 0.121 0.020 0.003 0.694 
492 0.163 0.246 0.401 0.371 0.379 0.491 0.549 0.523 0.559 0.481 0.351 0.224 0.178 0.139 0.244 0.115 0.286 0.088 0.129 0.019 0.003 0.700 
493 0.159 0.244 0.397 0.386 0.389 0.496 0.557 0.525 0.559 0.487 0.368 0.220 0.178 0.135 0.247 0.116 0.284 0.086 0.144 0.020 0.004 0.700 
494 0.156 0.245 0.388 0.381 0.377 0.509 0.570 0.527 0.559 0.495 0.371 0.221 0.175 0.137 0.246 0.120 0.269 0.089 0.145 0.020 0.004 0.702 
495 0.156 0.253 0.386 0.373 0.382 0.512 0.556 0.539 0.552 0.499 0.372 0.219 0.179 0.131 0.245 0.117 0.271 0.088 0.134 0.026 0.004 0.701 
496 0.161 0.247 0.390 0.382 0.381 0.498 0.544 0.538 0.553 0.495 0.367 0.214 0.179 0.134 0.252 0.117 0.270 0.097 0.125 0.024 0.004 0.696 
497 0.162 0.242 0.392 0.362 0.389 0.491 0.541 0.529 0.556 0.501 0.366 0.215 0.177 0.134 0.250 0.117 0.279 0.094 0.121 0.019 0.004 0.690 
498 0.159 0.239 0.392 0.363 0.391 0.495 0.533 0.521 0.550 0.491 0.369 0.216 0.175 0.152 0.245 0.123 0.286 0.093 0.121 0.018 0.003 0.697 
499 0.168 0.239 0.404 0.359 0.402 0.493 0.535 0.524 0.545 0.486 0.373 0.215 0.179 0.150 0.246 0.116 0.287 0.091 0.107 0.023 0.004 0.697 