0 243 440 44 90 167 8 34 391 149 219 366 294 554 553 34 185 213 460 86 174 2266 493 
1 244 437 45 90 169 9 34 407 134 213 364 296 569 541 31 192 214 451 88 174 2281 495 
2 251 440 45 91 171 9 34 405 125 217 362 294 595 497 31 194 212 447 87 174 2301 491 
3 252 451 46 91 169 8 36 396 126 223 347 301 600 484 32 195 213 440 89 185 2312 480 
4 247 454 43 93 170 8 36 410 117 230 354 302 613 476 31 201 222 409 109 222 2297 492 
5 254 454 47 95 167 8 35 400 118 226 364 306 606 468 30 201 232 410 113 244 2311 502 
6 257 457 46 95 168 19 32 410 123 233 372 313 632 439 30 197 246 397 116 241 2335 497 
7 262 459 41 94 168 19 32 412 121 238 385 324 635 446 32 194 245 401 117 244 2342 501 
8 255 465 42 94 172 20 32 419 120 243 394 320 641 445 30 196 251 398 114 250 2366 495 
9 249 465 45 94 165 21 31 426 124 249 400 329 656 435 30 203 250 385 122 248 2392 504 
10 252 470 44 98 165 22 33 431 130 233 406 326 653 437 29 208 253 380 125 295 2333 516 
11 254 475 47 101 165 23 32 418 138 233 404 326 653 442 29 211 258 386 127 419 2194 520 
12 261 482 49 104 162 22 32 428 133 234 402 324 655 440 29 214 255 389 126 472 2086 517 
13 259 488 47 102 158 24 32 425 133 237 413 325 655 439 31 213 254 386 129 505 2064 521 
14 261 479 49 100 166 26 40 424 130 242 426 322 646 446 63 211 254 394 130 516 2056 526 
15 259 467 48 100 163 26 40 422 145 230 427 324 663 428 66 214 258 391 125 545 2054 525 
16 258 472 50 101 161 27 43 428 141 228 428 326 661 423 65 230 236 389 125 591 2057 533 
17 264 459 55 99 162 27 44 431 137 232 423 332 647 415 79 243 240 394 130 580 2063 533 
18 261 461 58 98 168 27 42 436 140 232 424 333 649 415 80 250 242 403 128 591 2067 538 
19 261 461 61 100 168 28 45 445 135 237 431 339 656 414 80 258 243 412 133 572 2114 538 
20 258 464 61 100 171 27 43 457 117 261 416 341 663 410 84 257 245 410 137 585 2117 539 
21 252 464 62 98 164 26 43 469 129 247 422 343 661 412 85 246 244 420 145 638 2117 547 
22 272 447 64 96 165 24 45 471 157 229 429 340 666 418 87 242 234 420 143 652 2137 560 
23 269 440 95 96 166 23 56 472 168 225 419 346 686 425 93 238 232 421 143 649 2166 510 
24 271 436 102 95 169 23 61 476 170 231 423 347 688 426 112 221 241 418 153 671 2176 518 
25 270 439 106 85 190 21 61 487 170 252 412 360 683 429 115 221 242 420 154 673 2185 518 
26 271 444 127 87 172 20 62 491 173 248 415 357 696 430 111 222 238 427 153 686 2215 514 
27 269 455 127 84 171 19 61 490 171 248 424 365 690 434 111 231 242 427 151 690 2241 510 
28 272 456 131 85 169 19 61 498 167 252 432 380 692 435 112 251 239 435 153 708 2223 499 
29 255 494 133 81 169 19 59 507 163 265 441 394 698 432 111 259 244 436 154 710 2245 484 
30 258 500 141 78 170 19 59 502 157 269 440 399 699 426 116 264 248 436 157 713 2255 459 
31 259 516 142 76 166 19 57 507 157 266 427 398 709 419 114 264 246 438 155 705 2291 459 
32 257 525 137 76 171 27 50 516 158 280 422 425 710 424 118 264 247 417 174 697 2291 460 
33 264 539 141 79 172 29 51 529 152 280 427 415 725 423 117 270 244 419 171 690 2306 467 
34 256 554 144 78 170 29 53 537 152 286 425 414 742 423 120 273 246 422 173 692 2316 471 
35 238 577 152 84 169 26 52 524 151 291 425 407 746 426 137 270 248 434 169 722 2298 474 
36 233 557 155 82 167 25 52 518 148 292 434 415 729 422 153 269 245 440 175 726 2319 473 
37 245 537 167 82 169 23 49 487 179 292 440 412 735 421 160 274 248 434 172 746 2340 461 
38 255 521 170 78 166 25 59 449 195 293 448 424 738 430 160 275 245 427 188 754 2337 469 
39 272 498 172 78 174 25 59 454 192 294 434 424 732 443 181 279 246 424 190 785 2319 472 
40 278 488 173 75 172 23 59 459 189 294 441 426 744 457 179 278 244 438 192 834 2275 487 
41 286 502 178 77 169 23 63 457 191 296 445 439 757 453 181 282 249 451 195 828 2301 491 
42 275 510 156 100 171 31 64 464 180 306 459 442 773 466 181 270 250 437 196 837 2323 494 
43 272 510 153 100 171 34 66 467 171 324 453 446 779 456 186 274 272 404 216 843 2343 504 
44 281 510 154 97 175 33 67 477 183 281 455 445 792 453 201 283 277 411 217 884 2321 508 
45 275 524 155 95 173 34 66 487 182 293 433 456 791 452 196 324 252 435 212 870 2330 504 
46 293 517 158 95 174 36 62 493 173 302 431 461 797 456 198 347 248 429 221 824 2349 509 
47 299 519 153 95 178 37 58 493 170 298 438 455 797 461 201 357 247 444 221 822 2367 521 
48 305 525 156 91 178 38 62 468 180 303 442 469 794 463 201 376 264 442 231 786 2389 519 
49 307 515 169 93 177 27 61 480 182 303 444 462 795 466 230 383 261 455 228 800 2303 528 
50 311 522 155 114 180 29 90 462 177 304 441 463 786 467 228 391 287 435 239 790 2259 529 
51 307 526 156 112 184 28 96 460 178 308 450 460 788 471 232 397 282 411 261 797 2188 541 
52 305 525 159 114 185 26 97 443 189 323 443 459 786 476 251 421 287 400 250 784 2153 545 
53 314 529 155 126 184 26 98 447 183 321 459 456 790 479 256 421 288 401 252 823 2074 536 
54 304 555 171 126 182 27 95 443 201 299 457 463 807 472 261 425 302 409 243 802 2126 518 
55 314 537 204 123 168 42 97 450 197 297 455 440 809 475 286 420 306 435 216 776 2187 494 
56 325 546 207 123 171 43 96 451 198 304 468 434 804 488 289 419 313 430 217 787 2211 489 
57 328 549 213 129 169 42 99 460 177 304 477 448 806 498 296 419 319 435 216 832 2224 480 
58 333 553 216 127 166 41 97 471 174 305 484 455 825 480 298 414 319 417 228 852 2216 478 
59 358 554 213 132 165 41 100 484 179 315 498 457 843 485 300 416 322 404 231 863 2254 484 
60 349 555 216 133 162 40 98 475 180 320 502 458 835 467 312 421 331 392 242 866 2275 487 
61 353 576 213 135 166 43 102 470 173 323 518 461 854 438 327 416 334 377 249 889 2294 457 
62 344 598 227 132 166 46 102 468 180 339 505 470 861 437 336 417 314 393 256 854 2366 451 
63 345 614 237 129 172 50 106 471 178 345 521 479 874 415 333 432 316 394 252 850 2345 459 
64 342 622 241 118 175 51 104 465 169 341 520 463 902 402 345 440 309 389 248 814 2384 468 
65 347 625 257 106 179 48 103 484 155 351 527 437 873 400 397 435 308 391 257 868 2292 464 
66 344 624 255 104 175 51 106 496 148 330 546 442 827 404 448 432 313 398 253 853 2247 465 
67 344 620 260 102 178 52 109 505 140 332 547 449 807 403 460 432 315 398 253 860 2183 473 
68 373 598 261 101 179 51 111 517 130 330 553 456 775 420 478 430 328 410 251 905 2090 477 
69 377 604 261 102 185 49 113 519 130 330 549 446 766 435 497 435 329 413 251 883 2108 491 
70 384 615 271 98 187 48 112 527 147 315 548 459 770 452 485 434 329 414 244 851 2127 495 
71 391 625 278 94 189 49 115 510 155 317 558 473 780 444 477 433 331 417 245 880 2132 500 
72 399 626 283 92 192 49 122 482 153 315 563 482 790 452 490 424 334 426 234 860 2150 490 
73 426 615 293 95 191 49 124 465 165 318 550 484 782 467 492 417 339 436 227 890 2142 487 
74 425 613 290 95 193 49 130 467 167 315 550 473 792 467 508 419 335 449 231 870 2160 483 
75 429 602 291 98 193 46 133 467 154 329 544 481 806 474 510 434 332 446 230 832 2201 489 
76 415 601 298 96 194 46 135 481 152 331 554 492 821 476 522 439 336 429 212 840 2222 497 
77 428 598 297 95 193 45 135 478 153 339 561 484 815 478 525 447 333 429 216 830 2242 512 
78 439 604 308 97 192 47 137 486 149 353 561 475 815 490 551 460 339 419 219 823 2269 529 
79 439 616 315 98 183 46 134 497 143 355 563 480 799 504 520 484 335 406 234 813 2310 524 
80 460 612 314 100 181 47 165 498 136 356 573 485 801 493 521 497 340 402 232 784 2352 486 
81 451 620 340 101 189 52 170 510 135 356 573 470 802 489 573 472 344 406 236 757 2388 453 
82 438 649 344 102 189 52 165 519 129 354 567 484 809 480 591 464 346 402 230 795 2332 454 
83 437 654 345 101 181 52 162 525 135 364 583 482 804 482 590 464 347 407 222 812 2316 461 
84 434 660 363 90 182 52 166 516 133 363 583 496 806 476 621 468 367 416 228 864 2261 473 
85 434 659 372 91 185 50 170 502 130 364 580 506 815 471 623 471 373 404 232 897 2185 478 
86 437 667 386 93 178 50 168 488 117 368 570 503 821 450 624 471 369 413 227 887 2156 484 
87 437 660 386 92 175 47 173 486 132 345 572 493 808 420 658 470 382 423 217 894 2123 492 
88 442 669 395 91 172 47 170 457 160 364 550 503 797 419 693 459 383 427 216 877 2151 504 
89 486 630 412 80 178 46 175 480 141 386 527 523 793 420 687 457 390 410 221 871 2153 519 
90 501 608 419 78 186 46 211 482 140 401 527 527 794 434 708 464 387 418 223 915 2141 480 
91 502 595 425 82 181 46 243 481 142 394 524 518 802 437 741 470 401 421 227 864 2229 454 
92 517 584 434 84 181 43 239 478 133 398 536 527 815 438 746 471 393 428 228 830 2268 465 
93 550 519 454 83 180 42 237 485 130 396 538 532 806 443 752 470 396 432 224 814 2275 472 
94 555 526 459 85 178 45 238 482 133 414 522 542 818 447 750 454 394 435 244 818 2299 483 
95 535 555 476 83 178 49 249 498 136 429 507 551 802 457 751 461 401 431 257 779 2339 480 
96 541 549 479 87 177 52 252 507 136 432 519 547 799 457 751 476 411 444 240 798 2332 486 
97 546 555 483 74 193 66 242 513 136 437 521 546 779 469 764 476 399 440 247 810 2330 488 
98 551 570 484 73 198 69 245 524 142 436 507 553 782 482 772 469 395 460 231 823 2336 504 
99 537 593 490 75 195 71 255 489 179 443 520 560 776 479 777 469 382 448 227 830 2391 523 
100 529 603 497 73 195 68 251 482 181 440 531 594 772 485 752 479 393 426 226 865 2350 530 
101 547 587 481 72 195 87 311 475 176 425 541 602 778 488 746 468 388 402 224 931 2295 471 
102 550 582 490 72 194 88 311 475 181 403 557 611 793 484 754 479 407 398 221 940 2239 482 
103 548 592 471 72 192 90 316 478 199 358 589 617 814 491 768 492 415 414 213 924 2218 482 
104 560 583 477 74 187 99 314 475 193 381 568 625 828 490 778 500 423 408 218 971 2139 486 
105 563 573 468 78 194 105 312 473 186 385 560 633 823 503 789 483 430 415 223 972 2175 493 
106 589 571 471 75 193 109 331 445 177 394 538 616 845 471 808 489 431 420 229 980 2176 500 
107 617 540 480 80 191 108 333 456 176 419 514 626 859 465 803 514 416 442 223 983 2159 508 
108 623 535 487 78 186 114 330 464 171 413 532 631 874 459 806 518 409 443 228 954 2190 516 
109 634 522 502 76 190 113 333 468 171 398 535 648 876 452 817 526 402 443 230 959 2207 525 
110 643 523 510 73 190 118 332 464 172 381 554 670 903 442 818 545 394 447 236 931 2224 537 
111 637 519 517 76 181 128 325 458 164 370 572 682 873 452 836 551 396 461 229 921 2269 535 
112 639 514 530 78 174 126 330 438 158 343 570 710 854 457 837 553 406 474 227 923 2292 520 
113 651 519 540 78 178 139 310 443 156 340 564 738 820 465 849 555 397 471 228 900 2331 529 
114 640 522 552 78 187 142 309 458 156 341 527 743 798 473 901 581 411 438 228 864 2363 523 
115 621 545 547 67 199 139 317 442 168 341 515 734 749 497 924 565 450 419 235 872 2400 518 
116 643 562 544 62 211 178 295 452 166 346 518 740 772 483 904 596 427 426 235 875 2345 511 
117 639 576 544 62 212 179 329 455 175 350 506 749 797 466 896 608 405 405 253 864 2331 470 
118 635 579 542 61 214 190 340 458 176 377 480 754 820 450 870 634 430 385 239 893 2262 472 
119 643 578 535 62 209 190 346 462 170 380 483 764 828 449 861 633 415 405 231 919 2166 466 
120 656 593 548 59 214 201 358 468 172 380 495 764 878 428 847 639 401 410 231 966 2107 454 
121 652 620 573 59 221 202 362 465 173 379 495 788 891 436 810 654 396 415 226 998 2095 452 
122 648 605 576 64 224 211 366 463 187 385 497 795 823 462 818 658 397 415 223 988 2096 455 
123 670 585 588 62 222 214 374 467 191 386 496 803 821 455 813 677 386 418 220 930 2156 467 
124 683 560 596 60 219 225 370 469 193 381 506 833 781 463 822 642 369 439 225 938 2154 463 
125 704 537 613 62 218 232 372 478 191 400 512 848 776 479 837 616 371 442 231 938 2156 466 
126 733 516 647 64 217 229 377 479 193 395 536 856 794 462 860 597 379 450 233 912 2191 463 
127 744 522 653 62 209 240 351 507 195 387 555 873 805 468 856 568 389 448 237 965 2153 477 
128 741 525 665 62 209 232 355 515 196 379 578 872 810 466 865 578 389 437 235 935 2191 485 
129 754 514 674 67 208 228 375 516 200 382 581 885 791 472 877 594 394 426 244 955 2177 478 
130 775 515 668 65 213 229 369 529 206 385 565 894 800 476 878 590 397 412 245 957 2211 482 
131 768 528 676 64 212 224 368 532 204 379 549 891 785 491 896 582 404 405 248 949 2237 486 
132 762 516 681 67 209 227 359 545 200 384 531 916 792 504 914 588 438 380 242 914 2258 500 
133 755 524 681 68 212 231 355 547 197 391 518 925 823 471 922 593 428 386 242 893 2283 503 
134 745 545 695 66 220 231 366 554 200 381 534 932 839 458 912 595 426 383 235 889 2310 519 
135 719 556 709 61 220 239 366 568 200 383 546 908 842 454 914 597 418 388 234 866 2330 532 
136 687 570 726 61 216 260 378 564 199 388 572 874 903 435 878 604 408 390 238 855 2354 491 
137 676 618 726 58 221 262 388 557 191 400 544 859 896 429 867 639 400 377 247 808 2367 490 
138 706 583 746 60 220 292 403 573 180 420 521 849 870 455 871 660 397 383 245 811 2368 459 
139 709 573 757 61 228 293 405 568 177 432 510 841 878 451 855 628 392 393 249 802 2396 461 
140 739 556 767 63 225 288 422 568 211 368 517 837 855 448 846 612 393 396 249 818 2331 467 
141 784 504 776 59 231 296 426 570 205 361 513 848 815 447 861 568 379 409 253 852 2270 470 
142 779 493 781 59 235 307 418 579 203 354 520 825 799 447 876 554 383 411 257 945 2149 468 
143 781 484 795 60 240 318 422 609 173 347 509 820 781 460 910 539 387 419 252 1004 2007 475 
144 775 490 799 59 241 332 432 634 169 352 498 831 806 449 898 573 380 422 256 934 2034 473 
145 771 494 803 58 227 374 430 640 173 366 459 848 808 478 891 600 382 427 249 920 2066 480 
146 771 504 793 58 225 388 441 643 174 361 470 855 806 492 883 609 391 427 237 912 2051 473 
147 757 507 767 61 221 405 457 626 177 368 475 861 801 505 869 641 398 428 233 898 2079 490 
148 726 531 783 61 224 414 460 619 179 377 485 877 810 504 838 650 399 431 234 877 2104 497 
149 705 555 787 63 218 423 466 626 175 386 486 884 830 502 807 677 400 421 239 855 2128 504 
150 715 559 795 62 214 425 481 637 176 392 481 887 819 513 811 682 406 413 240 867 2141 512 
151 705 565 770 66 219 456 503 640 178 400 478 897 818 506 824 649 415 416 216 891 2175 499 
152 713 561 759 61 225 473 500 632 175 407 480 922 840 489 825 662 406 418 214 858 2192 506 
153 712 559 769 62 229 494 500 628 182 422 492 887 897 450 869 620 404 420 210 854 2218 509 
154 649 591 774 61 253 496 495 642 170 440 495 860 886 437 908 597 405 418 217 862 2232 516 
155 665 571 776 63 248 519 521 666 167 427 474 883 829 481 929 582 420 428 216 895 2217 513 
156 661 572 787 65 247 514 519 656 167 418 477 859 796 485 960 594 423 421 238 823 2267 528 
157 692 551 787 70 260 504 540 649 163 409 480 808 813 482 968 600 423 427 236 818 2245 527 
158 702 535 806 65 256 507 534 626 160 395 486 827 822 488 965 613 439 434 242 810 2262 508 
159 717 534 830 66 250 508 536 616 197 348 490 850 829 499 909 631 429 428 239 809 2268 495 
160 732 524 846 66 250 493 543 609 192 359 483 896 835 488 850 635 422 427 239 803 2274 501 
161 720 537 855 63 254 508 545 599 181 364 490 905 856 479 821 660 411 428 243 800 2281 508 
162 724 519 864 67 252 517 555 542 170 371 512 907 866 480 802 644 444 429 239 814 2279 499 
163 729 532 881 54 274 517 558 557 168 370 521 909 879 479 799 622 439 435 248 818 2291 475 
164 735 509 897 56 278 499 590 569 164 374 521 902 887 467 794 612 444 446 245 802 2305 453 
165 759 492 889 57 283 484 579 563 162 382 541 893 875 477 816 581 425 445 252 801 2342 456 
166 773 470 907 57 282 466 582 578 167 372 561 903 886 472 818 594 431 440 245 781 2374 465 
167 759 473 928 55 275 496 581 597 168 377 572 914 893 474 830 594 427 444 237 771 2382 461 
168 721 514 959 53 278 501 602 604 168 381 577 873 900 475 880 589 413 444 235 838 2266 472 
169 693 540 960 53 271 531 608 596 169 374 589 816 929 464 902 593 375 456 243 904 2191 478 
170 680 551 964 52 270 534 605 605 173 377 592 825 902 470 905 612 391 440 222 917 2139 487 
171 657 584 961 52 272 543 612 608 182 386 637 825 878 467 904 635 389 436 216 901 2137 473 
172 677 553 977 54 275 538 600 638 187 399 591 847 875 437 923 668 418 398 220 899 2155 487 
173 700 523 1023 53 263 539 581 634 192 408 599 851 877 451 919 665 423 416 225 891 2157 497 
174 712 517 1032 53 253 536 586 633 188 415 580 851 833 475 938 650 422 422 222 880 2175 497 
175 710 504 1068 57 252 532 557 617 211 421 577 853 829 483 944 644 457 381 224 901 2175 497 
176 713 504 1098 60 252 532 545 619 213 429 576 884 819 490 912 638 440 393 221 902 2199 505 
177 735 499 1118 61 248 527 553 618 227 437 571 891 809 492 886 612 443 395 231 904 2210 501 
178 749 483 1134 59 248 503 573 647 224 445 558 898 830 492 858 600 409 413 242 865 2271 509 
179 734 495 1142 59 253 489 603 656 225 418 551 899 857 488 843 579 401 411 254 853 2285 506 
180 715 502 1159 57 257 478 626 656 230 389 574 910 871 496 823 584 403 409 250 861 2255 517 
181 713 490 1211 60 253 458 605 674 235 383 576 918 875 480 805 580 379 416 241 855 2278 525 
182 701 518 1160 73 253 469 596 678 236 386 571 910 908 466 822 593 374 425 236 831 2294 518 
183 676 529 1190 77 261 482 580 688 234 391 551 915 892 473 828 600 391 427 231 839 2307 513 
184 655 547 1174 79 260 486 559 707 237 398 554 915 847 481 839 609 382 450 224 809 2328 529 
185 671 548 1177 84 264 486 550 718 244 399 554 930 837 474 841 601 419 433 218 802 2359 525 
186 673 547 1176 87 251 502 554 724 252 408 568 930 824 455 822 604 432 441 226 804 2348 515 
187 696 535 1198 81 248 501 560 740 256 409 564 889 825 449 870 630 436 453 208 802 2353 511 
188 679 549 1234 84 248 537 571 740 261 421 566 893 812 448 883 651 431 461 207 802 2346 461 
189 680 559 1256 83 244 513 587 752 264 448 559 881 787 445 874 628 432 439 234 785 2358 468 
190 692 569 1268 86 255 503 606 763 267 454 569 866 805 437 888 629 432 435 237 777 2391 479 
191 710 564 1284 90 267 507 603 786 269 464 594 823 824 448 882 629 463 396 246 835 2330 481 
192 720 574 1315 92 269 507 634 812 248 428 653 817 828 444 883 635 459 392 248 906 2225 486 
193 724 586 1246 110 278 553 596 784 262 409 652 812 812 443 886 641 454 387 249 961 2158 484 
194 727 617 1223 104 266 538 597 760 263 417 637 813 810 445 873 644 445 395 260 970 2123 486 
195 733 625 1189 106 276 569 607 734 269 409 603 834 797 448 886 637 454 389 253 967 2136 486 
196 742 646 1163 107 280 551 590 773 272 425 580 843 807 440 916 647 455 391 249 947 2154 494 
197 745 644 1131 110 301 562 569 795 285 420 559 861 820 445 891 672 447 390 243 928 2168 507 
198 755 640 1169 108 307 540 588 800 287 418 570 891 838 454 852 676 425 414 240 927 2184 516 
199 762 657 1181 111 310 556 601 808 290 420 574 921 834 461 842 683 407 405 247 913 2229 533 
200 762 675 1258 114 323 526 615 834 280 430 579 932 848 469 833 680 402 410 238 899 2255 471 
201 761 664 1305 114 335 522 609 844 300 435 595 930 866 455 806 688 402 407 220 888 2287 429 
202 772 650 1314 127 346 509 641 818 303 423 609 925 863 458 820 696 389 416 236 877 2265 435 
203 791 619 1269 125 353 502 621 777 308 429 631 914 872 450 820 660 415 419 236 841 2324 444 
204 782 675 1207 125 363 546 605 743 308 425 621 924 873 455 831 630 416 428 243 813 2370 452 
205 772 695 1187 135 369 553 579 749 328 440 610 932 871 483 853 619 402 421 250 805 2408 454 
206 764 696 1184 122 372 537 582 745 326 441 612 933 881 483 872 607 424 418 265 850 2305 464 
207 750 714 1174 119 372 542 581 753 333 441 594 913 914 497 902 548 435 424 271 862 2258 470 
208 748 729 1179 125 387 522 553 778 330 476 579 880 897 493 917 554 433 435 253 952 2147 454 
209 721 743 1184 125 381 548 531 761 333 458 564 890 920 475 914 561 441 434 250 938 2106 473 
210 714 746 1153 121 380 546 561 769 334 466 546 867 908 460 924 582 448 440 239 921 2109 483 
211 700 774 1159 103 381 533 589 760 331 464 525 898 912 463 854 597 430 441 233 924 2128 490 
212 694 778 1168 101 379 512 622 722 346 431 532 874 883 484 851 604 407 468 219 897 2161 501 
213 689 824 1121 100 386 532 603 739 353 422 547 871 870 489 834 613 387 468 220 862 2201 503 
214 683 871 1113 98 388 521 593 745 361 438 541 825 847 485 870 631 376 459 228 842 2242 513 
215 687 886 1121 103 395 499 585 779 356 440 542 873 820 483 841 639 389 434 230 831 2252 499 
216 725 850 1147 104 397 561 552 776 405 446 556 874 810 474 799 663 389 425 237 794 2300 446 
217 733 851 1145 123 391 581 539 803 389 457 576 874 788 489 787 667 389 399 275 768 2340 443 
218 740 825 1180 126 407 604 521 808 389 460 587 879 797 487 782 637 408 393 282 802 2354 442 
219 776 795 1204 129 412 612 507 828 389 464 597 892 794 494 786 617 408 388 275 818 2377 457 
220 782 777 1215 129 415 629 490 836 394 464 604 891 797 493 786 612 404 394 274 868 2323 467 
221 807 760 1169 144 425 644 515 829 403 460 608 898 778 497 768 615 402 399 286 864 2296 466 
222 805 751 1125 176 436 654 528 830 405 480 566 930 786 490 771 615 411 400 290 905 2180 475 
223 765 782 1131 179 440 640 548 827 405 463 559 947 785 477 788 620 396 400 282 919 2124 477 
224 762 782 1099 185 430 670 552 828 413 464 563 909 776 466 804 574 408 401 299 904 2128 483 
225 747 784 1058 190 447 647 592 822 417 468 555 894 805 447 802 563 420 401 283 901 2136 504 
226 722 806 1065 198 453 658 580 809 423 478 514 885 844 425 817 555 436 407 258 863 2201 499 
227 757 769 1099 199 452 622 560 773 417 481 505 884 836 448 830 564 408 454 240 845 2243 500 
228 750 760 1132 193 455 641 540 763 425 493 513 864 832 455 853 568 398 438 233 817 2271 507 
229 716 787 1130 190 460 644 522 759 435 516 498 885 829 464 849 578 402 394 256 805 2277 499 
230 684 817 1130 211 467 642 524 732 439 500 516 873 840 462 875 583 420 395 254 802 2309 505 
231 657 806 1150 222 478 663 528 717 427 496 574 833 816 496 855 582 416 405 252 818 2311 512 
232 651 810 1186 226 482 672 526 726 420 502 561 830 819 493 874 575 408 417 249 806 2355 505 
233 675 769 1221 242 469 682 522 737 397 537 539 830 845 470 870 593 411 420 233 806 2387 521 
234 677 767 1257 247 473 679 518 730 398 523 548 813 891 439 876 592 404 429 231 810 2355 526 
235 698 754 1291 250 480 696 486 713 434 524 560 831 858 473 877 604 398 434 232 799 2358 496 
236 704 770 1275 258 489 688 485 712 452 494 558 831 829 467 886 594 420 427 233 833 2282 452 
237 732 739 1272 263 506 670 511 714 437 485 531 836 828 476 892 605 424 442 214 828 2262 451 
238 739 746 1249 265 525 631 521 722 437 486 546 860 802 468 897 606 425 443 223 846 2203 463 
239 733 765 1174 305 556 609 513 745 437 476 551 882 780 468 901 613 399 443 247 870 2164 475 
240 734 766 1177 308 566 605 517 763 422 486 559 897 786 472 897 626 384 442 265 874 2129 483 
241 743 748 1205 312 578 587 515 756 411 489 582 908 827 446 888 627 398 442 260 870 2158 483 
242 737 767 1212 301 576 578 533 750 413 491 591 910 822 439 908 635 404 459 250 847 2184 493 
243 747 775 1233 306 580 571 538 755 408 477 604 903 818 441 908 645 414 447 245 865 2160 513 
244 710 789 1257 301 596 566 542 764 405 489 609 895 840 438 916 652 418 443 237 862 2158 534 
245 687 812 1292 304 603 547 567 764 392 495 612 892 850 439 907 650 445 385 255 852 2192 550 
246 658 843 1319 300 600 552 565 765 402 505 633 910 862 439 879 668 456 390 218 836 2209 541 
247 661 850 1265 322 616 574 585 765 412 502 609 935 887 438 814 670 436 391 237 783 2295 525 
248 668 845 1270 323 637 555 582 779 423 505 597 915 860 445 846 642 415 396 262 777 2287 529 
249 689 853 1251 323 654 557 587 793 422 514 575 864 831 444 871 638 399 403 272 797 2313 515 
250 693 863 1225 326 679 556 598 795 441 513 558 849 817 452 894 611 398 421 251 801 2329 512 
251 699 878 1201 326 705 535 610 797 430 518 568 816 793 479 952 555 407 420 248 821 2345 518 
252 716 904 1187 326 721 520 614 804 420 535 581 827 806 485 914 577 412 421 233 832 2361 515 
253 718 913 1167 329 737 527 605 819 422 530 585 845 819 484 888 580 433 417 217 850 2372 506 
254 712 928 1179 329 739 527 594 818 390 556 589 846 813 514 870 574 430 423 223 889 2373 514 
255 734 905 1204 332 754 521 561 843 402 555 592 854 842 497 867 573 436 433 227 882 2361 480 
256 752 891 1213 332 755 520 556 856 405 559 600 868 846 506 850 587 441 445 233 876 2406 460 
257 769 869 1202 322 775 528 563 868 419 548 621 880 859 467 827 595 427 447 249 865 2335 467 
258 775 855 1212 332 788 539 542 877 402 558 606 892 866 459 844 617 423 455 257 851 2298 475 
259 748 859 1220 335 792 539 552 883 399 565 599 912 866 458 853 632 414 451 251 847 2270 481 
260 722 847 1267 332 795 532 553 874 413 583 567 948 876 450 823 634 430 433 238 821 2234 489 
261 716 809 1296 336 818 550 521 897 412 580 560 909 907 446 822 640 408 431 248 874 2140 505 
262 705 810 1320 341 819 553 506 904 408 598 538 926 893 429 784 646 408 423 243 934 2036 504 
263 690 814 1283 349 849 552 481 926 406 608 523 873 895 433 816 654 392 434 245 890 2067 495 
264 725 752 1274 353 849 565 491 936 400 589 550 865 829 471 829 641 399 429 256 878 2101 510 
265 746 737 1248 356 877 548 489 920 410 596 577 835 782 500 846 649 443 406 246 856 2161 527 
266 764 725 1228 363 901 555 494 923 414 602 558 861 800 480 849 654 438 404 246 839 2202 530 
267 775 728 1198 374 902 574 489 928 415 610 557 870 797 467 843 664 450 397 255 831 2239 546 
268 778 745 1230 372 899 559 499 920 409 634 514 874 797 447 863 635 434 408 253 824 2237 530 
269 783 768 1184 378 900 552 500 922 408 618 504 878 833 430 880 618 424 416 244 795 2258 526 
270 792 787 1181 383 928 524 517 924 433 597 516 876 850 427 878 615 416 416 250 787 2315 517 
271 791 807 1107 402 947 525 522 933 453 568 528 884 854 444 876 600 405 412 246 794 2336 489 
272 798 820 1132 408 957 519 529 947 445 577 524 882 875 436 882 605 411 413 249 766 2377 480 
273 805 827 1148 437 947 540 513 934 435 584 538 882 885 439 890 598 424 417 248 795 2300 497 
274 821 826 1165 483 927 548 519 923 438 585 532 888 870 449 873 593 415 421 241 849 2259 498 
275 807 830 1167 490 945 544 550 916 433 588 538 882 858 448 911 607 417 420 237 872 2218 514 
276 789 833 1188 497 968 544 554 876 464 600 552 908 848 454 877 623 399 425 253 884 2174 521 
277 782 841 1166 509 992 550 553 900 440 618 548 895 823 467 911 631 395 431 254 878 2158 527 
278 724 846 1215 542 973 539 558 908 416 632 570 923 769 481 876 627 391 428 254 892 2094 537 
279 737 811 1235 549 969 512 564 924 404 647 561 925 787 491 843 620 391 440 239 875 2122 539 
280 742 805 1255 546 967 515 558 939 434 620 553 944 805 492 830 617 403 458 236 855 2114 540 
281 752 775 1320 549 967 491 569 919 462 622 599 899 806 493 842 637 409 435 234 831 2115 531 
282 757 779 1304 557 969 500 584 936 465 615 601 880 798 491 876 648 403 408 264 800 2185 534 
283 766 770 1296 583 992 501 615 918 462 610 605 882 813 474 919 635 409 405 263 773 2205 530 
284 780 754 1278 578 991 508 628 909 462 596 615 872 815 459 935 630 415 379 282 809 2198 538 
285 812 744 1281 569 1003 540 631 877 483 600 627 865 830 462 917 634 425 379 276 814 2206 526 
286 828 761 1241 582 1011 596 610 855 469 580 650 853 882 442 892 641 432 383 259 812 2201 505 
287 804 795 1243 591 1017 603 603 853 432 589 703 821 892 446 862 625 431 388 257 823 2217 494 
288 820 799 1210 607 1026 644 583 841 422 578 699 840 866 468 862 593 423 391 266 859 2201 485 
289 824 788 1174 630 1066 643 547 852 430 580 709 835 836 467 865 601 390 430 249 855 2226 480 
290 842 806 1195 629 1090 599 559 870 415 597 692 836 833 467 886 597 387 432 241 864 2242 474 
291 856 828 1190 630 1108 597 577 867 436 565 707 852 825 465 865 606 411 440 221 910 2187 473 
292 856 853 1165 659 1107 622 582 856 438 586 674 859 812 468 867 611 418 426 222 894 2214 465 
293 849 851 1178 656 1131 603 587 862 421 588 671 882 773 470 847 627 423 426 223 892 2242 464 
294 860 869 1176 666 1121 616 598 859 395 597 673 884 782 449 873 637 425 429 227 912 2233 478 
295 842 899 1207 635 1137 604 607 878 391 605 699 880 784 451 881 644 415 444 228 863 2257 455 
296 856 895 1198 651 1128 589 635 882 388 618 701 884 784 455 891 627 410 441 249 870 2250 471 
297 817 930 1168 658 1120 590 602 909 390 618 714 882 784 471 902 633 415 443 250 834 2284 479 
298 801 946 1153 673 1120 574 615 914 403 622 719 866 782 476 927 630 405 440 258 797 2337 479 
299 849 913 1136 676 1128 551 605 923 411 634 741 893 786 476 890 638 400 443 246 785 2332 497 
300 873 888 1122 687 1098 555 584 920 420 642 732 896 804 481 893 663 398 450 241 764 2347 502 
301 893 891 1136 699 1084 552 553 938 430 661 726 884 847 486 917 625 405 438 245 772 2357 500 
302 916 858 1149 715 1060 554 556 948 420 647 728 878 860 476 924 604 414 432 258 776 2379 521 
303 919 846 1126 730 1066 548 560 954 412 654 696 872 875 494 961 591 408 439 245 784 2340 525 
304 940 814 1146 767 1043 541 569 972 422 636 669 890 881 494 943 586 406 434 247 835 2232 537 
305 931 840 1162 773 1036 560 565 1015 405 621 674 925 891 496 904 583 408 419 254 894 2156 493 
306 929 862 1112 775 1028 561 583 1038 396 594 717 942 860 496 891 609 420 390 262 878 2124 485 
307 909 892 1096 783 1043 536 600 1016 395 609 739 930 863 506 863 614 419 397 253 825 2175 456 
308 906 885 1091 809 1037 511 610 981 423 569 775 908 819 539 882 620 424 398 243 820 2182 461 
309 909 832 1104 826 1078 517 588 965 417 568 767 842 832 546 916 606 431 401 247 834 2201 465 
310 907 800 1099 830 1101 552 549 965 413 555 721 823 814 531 936 624 427 403 253 855 2198 467 
311 884 772 1111 852 1103 560 528 986 399 575 752 808 817 531 895 659 422 406 248 837 2206 479 
312 849 833 1089 843 1098 572 516 987 408 566 728 881 799 530 881 675 421 415 230 787 2287 482 
313 792 862 1102 861 1094 555 546 1013 400 582 716 907 800 522 883 663 418 417 232 777 2314 476 
314 787 869 1155 815 1106 549 560 1030 400 593 720 926 825 501 918 630 424 414 227 811 2316 491 
315 793 871 1105 852 1114 554 559 1055 392 601 703 924 828 489 921 621 434 422 225 822 2334 494 
316 812 888 1117 840 1128 552 571 1073 395 625 660 946 789 499 964 596 429 424 224 843 2349 495 
317 814 924 1107 838 1083 564 554 1018 415 641 675 904 792 495 943 592 460 418 235 877 2353 503 
318 808 930 1084 838 1087 558 549 985 436 622 692 891 794 481 948 608 456 429 241 876 2355 514 
319 806 933 1047 854 1068 535 546 953 446 598 694 883 838 459 961 615 457 413 243 870 2373 521 
320 807 924 1020 855 1096 507 583 943 431 590 692 880 864 457 946 613 446 425 248 839 2408 523 
321 820 922 980 844 1129 510 571 938 442 598 696 862 865 460 955 632 434 423 268 871 2284 535 
322 835 894 1009 822 1143 518 575 939 442 613 680 857 873 467 950 651 423 430 258 967 2149 544 
323 854 873 1065 802 1164 517 587 946 450 613 660 826 869 476 995 660 389 448 251 975 2080 503 
324 884 846 1093 777 1175 507 559 992 433 651 642 851 892 448 993 658 388 459 240 955 2084 506 
325 893 844 1120 773 1159 516 552 997 421 673 655 866 851 467 995 663 401 437 256 950 2089 509 
326 891 858 1136 755 1174 515 539 1004 434 660 659 888 852 436 1007 672 407 431 270 918 2135 503 
327 874 856 1228 723 1153 522 523 1025 437 613 714 912 840 440 978 637 411 437 256 909 2190 493 
328 836 888 1204 791 1113 559 495 1069 397 620 727 927 799 465 957 638 399 427 263 905 2213 500 
329 799 898 1200 806 1086 570 506 1079 398 603 737 949 759 478 927 651 423 407 247 880 2234 482 
330 789 917 1231 835 1008 594 525 1115 391 613 761 1006 766 486 868 617 427 394 255 877 2276 466 
331 789 935 1182 824 1049 608 555 1097 395 642 739 966 783 491 876 624 429 403 234 867 2301 468 
332 796 942 1199 800 1086 622 567 1051 386 669 733 940 810 490 905 609 440 412 232 868 2313 441 
333 801 956 1171 785 1122 605 570 952 418 681 709 924 836 491 924 585 477 415 229 868 2346 438 
334 808 956 1127 783 1140 625 577 934 421 712 674 925 850 502 940 609 482 416 220 879 2363 433 
335 816 975 1094 753 1190 596 579 970 413 707 659 928 860 492 927 636 478 433 210 847 2368 441 
336 812 979 1095 781 1143 586 574 991 407 694 654 904 887 481 927 640 484 431 213 839 2386 452 
337 830 961 1075 795 1145 565 555 1003 399 691 643 857 908 445 933 645 467 428 218 824 2338 450 
338 834 955 1114 785 1118 578 541 1018 396 692 628 876 897 430 940 649 460 429 216 823 2300 431 
339 834 955 1090 779 1117 592 510 1044 394 681 607 923 830 442 929 646 473 431 216 853 2236 432 
340 846 973 1061 780 1103 607 510 1062 431 650 594 946 825 450 940 678 470 431 203 839 2219 441 
341 857 981 1068 748 1091 653 477 1075 425 623 618 953 815 447 955 655 446 443 207 866 2146 434 
342 841 999 1107 762 1055 653 473 1089 413 611 628 967 819 448 919 629 441 450 221 874 2114 447 
343 848 1006 1142 740 1020 636 481 1098 401 627 628 976 806 450 905 618 449 421 220 879 2131 450 
344 854 1022 1148 739 1044 639 492 1110 402 633 640 995 783 458 909 605 432 424 226 873 2130 466 
345 800 1067 1199 707 1046 606 491 1069 401 651 651 956 843 451 881 615 460 426 222 873 2144 468 
346 778 1057 1200 702 1080 611 488 1038 424 661 664 952 840 447 876 609 475 411 232 856 2168 474 
347 765 1081 1147 714 1082 597 494 1028 407 665 691 921 845 441 872 593 483 400 237 838 2182 477 
348 793 1075 1111 696 1108 595 503 1018 413 675 665 912 834 441 867 591 491 403 250 828 2170 485 
349 789 1074 1079 690 1127 578 502 1014 389 679 655 883 849 435 834 593 495 403 260 819 2160 501 
350 797 1050 1052 677 1144 567 519 1009 380 661 658 860 865 433 848 599 508 402 252 838 2159 505 
351 813 1031 1081 692 1143 564 525 999 372 656 669 858 871 440 853 612 516 410 235 834 2183 508 
352 819 1037 1101 682 1153 531 564 1001 383 640 669 885 868 453 860 624 527 419 232 820 2194 524 
353 845 1009 1118 663 1166 548 555 1002 366 629 678 902 874 461 881 636 514 415 227 863 2144 543 
354 867 976 1132 674 1174 548 528 1025 355 620 694 902 863 461 902 633 510 425 225 846 2167 540 
355 890 941 1170 679 1179 571 527 1035 356 602 705 898 872 462 895 643 501 428 227 780 2220 518 
356 885 930 1190 696 1174 574 538 1043 354 590 722 923 855 458 904 641 467 443 219 774 2240 505 
357 879 920 1185 703 1172 588 542 1077 337 599 725 912 874 451 897 636 467 427 218 783 2261 505 
358 864 899 1176 709 1203 593 536 1105 326 620 689 924 882 451 900 633 467 430 218 804 2260 509 
359 859 890 1170 711 1210 600 551 1100 323 607 679 958 906 428 901 634 473 432 216 817 2279 476 
360 845 912 1153 718 1211 608 549 1111 323 611 631 971 906 428 921 626 494 416 231 838 2281 476 
361 814 954 1160 711 1223 620 533 1122 327 607 635 955 895 436 886 628 511 435 237 846 2282 477 
362 804 982 1134 693 1251 640 531 1136 323 595 676 908 878 450 858 650 517 438 243 858 2316 481 
363 820 943 1129 695 1264 655 502 1109 309 614 707 880 830 467 848 656 527 447 235 887 2320 488 
364 842 945 1110 683 1230 713 466 1099 303 609 703 849 829 474 848 633 545 461 235 867 2361 493 
365 849 954 1098 680 1215 702 458 1094 322 597 699 890 808 485 810 622 551 432 247 866 2377 498 
366 877 941 1096 681 1181 690 480 1068 320 597 671 871 790 488 851 629 564 387 277 892 2288 499 
367 903 881 1157 664 1134 696 477 1027 333 582 662 872 800 496 847 621 568 387 250 964 2176 501 
368 926 857 1143 688 1105 698 455 1119 327 576 662 915 814 456 841 644 513 395 259 1003 2141 509 
369 956 863 1118 706 1079 695 446 1165 308 595 622 927 820 459 849 655 505 405 255 993 2085 510 
370 913 927 1096 715 1092 696 452 1182 309 600 639 933 835 446 857 655 489 407 259 961 2129 501 
371 895 935 1102 694 1114 704 476 1159 313 596 637 954 852 446 862 653 481 411 251 942 2158 509 
372 876 960 1126 664 1120 674 515 1115 317 567 689 913 858 439 877 658 502 404 254 896 2212 505 
373 833 994 1129 651 1138 669 551 1073 320 538 713 895 852 433 886 668 520 415 254 902 2183 497 
374 837 1003 1161 628 1146 682 542 1072 325 518 708 864 866 451 905 661 521 409 232 894 2227 487 
375 842 1044 1131 640 1158 653 543 1043 328 512 690 833 887 460 918 635 533 407 226 879 2249 487 
376 884 1017 1139 640 1167 641 537 1049 335 493 703 837 877 463 929 617 510 400 220 887 2263 495 
377 914 971 1102 645 1222 622 539 1027 330 492 705 835 884 469 928 605 530 416 223 901 2264 505 
378 951 924 1112 669 1241 609 549 1042 331 493 695 838 898 466 953 576 490 409 258 887 2305 521 
379 955 929 1099 687 1262 610 544 1029 314 509 681 829 907 466 954 587 503 408 242 875 2319 523 
380 946 939 1082 679 1258 629 542 1011 294 525 676 839 891 487 961 598 542 404 234 864 2353 526 
381 952 952 1075 684 1271 628 528 1010 299 528 674 858 877 492 933 606 556 405 227 852 2363 520 
382 970 964 1094 683 1213 641 507 1033 301 541 644 911 849 484 903 654 564 407 240 813 2370 510 
383 954 1011 1070 705 1197 648 491 1022 300 543 649 932 813 475 862 663 584 410 243 793 2405 510 
384 954 1009 1076 710 1188 632 483 1010 315 539 645 925 820 472 855 672 570 407 240 887 2275 507 
385 969 1023 1034 709 1204 668 473 1028 313 539 640 959 773 487 889 682 541 411 227 897 2250 507 
386 965 1020 1008 714 1189 648 485 1050 314 543 660 930 770 482 922 669 552 413 217 919 2167 493 
387 969 1015 998 732 1232 646 481 1064 313 539 645 889 791 491 971 635 552 416 244 927 2105 483 
388 959 1013 1003 731 1253 619 485 1071 329 547 641 876 817 495 985 630 557 423 244 902 2130 499 
389 1000 963 1000 742 1269 617 498 1071 338 561 628 846 833 483 940 649 548 436 244 908 2143 501 
390 996 934 949 716 1354 609 505 1091 330 559 623 884 840 471 912 641 546 429 250 912 2149 506 
391 988 906 994 728 1305 598 508 1120 302 558 635 904 859 477 881 641 545 417 267 896 2189 510 
392 964 915 1038 744 1263 591 529 1114 289 564 648 917 890 450 892 639 536 421 280 873 2198 514 
393 946 920 1072 740 1222 590 567 1065 285 554 664 921 926 405 864 614 553 408 272 872 2204 518 
394 941 932 1103 777 1203 584 566 1036 281 567 692 931 886 422 856 613 560 408 278 850 2226 531 
395 915 960 1097 772 1208 586 563 998 294 575 708 938 873 420 872 590 544 403 283 823 2269 498 
396 903 957 1062 745 1209 588 561 1021 288 570 708 971 854 419 888 593 511 406 280 796 2270 504 
397 891 936 1032 781 1207 584 556 1006 295 568 713 963 846 412 883 604 506 408 279 782 2312 477 
398 905 912 1066 753 1214 598 568 1008 294 567 707 1012 810 416 891 597 513 422 277 755 2360 468 
399 884 911 1122 731 1189 601 567 1025 290 579 681 972 822 417 861 616 522 418 272 765 2386 459 
400 911 896 1157 731 1167 575 543 1059 300 564 674 952 826 416 836 638 526 402 266 794 2344 466 
401 932 884 1177 710 1177 566 538 1092 296 557 670 912 850 410 815 635 540 405 271 887 2216 471 
402 953 858 1207 694 1141 548 541 1095 305 557 653 935 845 412 828 648 549 413 270 920 2137 479 
403 972 824 1188 713 1131 571 518 1115 303 569 623 930 847 421 837 651 538 414 262 887 2178 469 
404 1010 802 1181 692 1161 588 485 1167 288 545 640 901 849 417 853 653 539 402 278 875 2201 485 
405 983 854 1168 676 1161 601 484 1165 280 548 646 873 855 431 880 645 542 410 264 849 2257 488 
406 982 878 1136 702 1180 610 494 1138 271 546 638 886 884 434 892 656 560 406 273 840 2263 492 
407 988 877 1109 705 1188 643 497 1129 272 536 634 909 865 438 915 666 578 423 262 821 2277 506 
408 992 879 1123 695 1203 626 508 1125 276 543 602 927 875 422 891 663 580 422 256 817 2301 524 
409 1006 870 1098 722 1193 621 518 1104 293 541 608 925 887 422 881 672 588 423 260 796 2336 517 
410 1012 880 1125 723 1185 622 526 1091 298 550 605 933 883 426 866 668 611 430 258 773 2367 503 
411 1015 892 1132 737 1208 648 554 1093 273 556 616 944 869 450 836 673 626 440 263 789 2406 457 
412 1008 936 1117 750 1208 624 549 1076 258 563 617 943 878 445 838 676 637 433 262 834 2352 453 
413 1023 904 1070 787 1217 637 535 1033 277 553 628 959 877 442 843 655 658 434 257 900 2279 463 
414 1047 880 1069 764 1224 638 532 1057 273 561 629 967 890 448 817 652 663 442 252 878 2241 479 
415 1031 842 1078 714 1249 641 529 1072 270 563 636 978 893 452 801 643 672 442 238 970 2149 482 
416 969 843 1104 704 1209 642 518 1106 276 569 633 988 896 461 818 634 666 443 229 955 2133 485 
417 926 868 1101 712 1208 644 519 1136 275 583 632 994 866 453 847 606 675 466 215 934 2184 494 
418 918 872 1118 683 1204 677 510 1152 283 594 630 986 857 463 877 568 662 454 220 912 2224 496 
419 906 849 1117 677 1216 681 511 1161 292 598 619 1001 839 470 904 566 679 429 232 913 2247 507 
420 898 835 1142 693 1190 636 522 1147 322 613 621 962 821 473 950 573 687 397 235 889 2273 518 
421 858 859 1145 704 1166 636 492 1194 318 617 631 956 850 445 928 594 673 398 229 903 2233 528 
422 857 831 1174 668 1151 636 477 1236 310 621 643 935 853 446 882 618 659 399 233 902 2237 534 
423 904 810 1156 672 1103 662 483 1219 283 618 646 912 864 445 868 620 655 397 244 866 2251 542 
424 926 788 1203 637 1089 652 467 1196 288 633 645 935 844 451 821 653 635 399 250 876 2209 514 
425 950 769 1168 605 1147 652 489 1180 291 596 662 959 805 453 831 672 618 416 250 845 2230 516 
426 975 748 1180 616 1170 655 512 1158 286 600 668 986 788 461 846 650 591 414 287 822 2259 493 
427 980 776 1177 614 1182 654 522 1113 290 598 677 990 790 468 883 617 593 425 270 802 2285 483 
428 992 801 1149 600 1241 620 523 1156 273 608 678 996 813 476 890 626 576 423 272 810 2287 440 
429 979 817 1158 608 1256 605 516 1162 263 622 679 993 848 470 911 591 550 415 266 797 2334 443 
430 948 844 1130 624 1267 602 505 1154 272 628 705 998 873 446 902 593 566 411 273 782 2378 454 
431 946 819 1122 634 1283 566 532 1154 276 646 702 1023 869 448 913 594 571 411 271 798 2331 459 
432 914 817 1124 646 1291 572 532 1196 281 648 710 1031 891 449 927 610 534 434 263 814 2313 466 
433 899 817 1112 648 1334 563 502 1241 267 655 704 1040 895 458 929 600 543 446 247 877 2195 469 
434 867 801 1098 654 1313 584 488 1188 281 659 712 1017 887 463 960 598 572 452 228 892 2161 482 
435 891 785 1102 655 1298 577 487 1152 285 669 720 982 840 501 972 618 554 436 229 893 2136 498 
436 908 774 1124 668 1244 568 479 1142 298 666 716 995 837 496 936 645 557 401 255 879 2171 509 
437 918 769 1118 664 1243 574 490 1123 297 668 714 971 842 493 922 652 571 401 255 887 2220 521 
438 916 760 1111 662 1235 570 500 1109 303 670 727 928 823 500 924 680 558 407 263 865 2237 512 
439 929 765 1084 635 1289 563 510 1096 323 690 732 952 807 485 936 684 562 403 259 826 2279 495 
440 942 778 1061 613 1318 583 508 1056 338 657 735 956 774 496 930 687 589 400 268 801 2325 471 
441 931 780 1052 622 1353 589 519 1072 376 619 707 1019 772 479 924 698 590 404 270 795 2335 479 
442 924 819 1029 634 1322 583 532 1085 368 593 693 1075 796 458 920 701 591 416 263 767 2379 464 
443 940 833 1006 681 1275 588 538 1104 368 595 657 1097 797 439 924 677 597 417 245 785 2333 474 
444 949 848 1001 666 1236 583 554 1085 362 591 684 1090 820 420 893 661 614 424 261 864 2234 463 
445 949 857 1009 671 1254 589 568 1074 339 613 668 1091 836 422 862 653 641 427 255 956 2113 427 
446 964 856 1008 655 1287 581 566 1111 316 641 653 1052 841 423 886 628 640 435 249 879 2187 429 
447 982 889 975 638 1318 570 569 1136 317 647 642 1052 869 410 907 660 601 447 234 881 2201 439 
448 1002 890 979 622 1366 566 573 1118 328 648 620 1044 871 408 912 664 630 443 228 852 2251 449 
449 962 939 971 635 1397 554 556 1168 325 668 617 1027 872 413 922 663 609 441 230 825 2277 453 
450 946 943 1012 636 1341 548 564 1136 324 668 608 1021 874 424 944 666 618 442 232 843 2274 453 
451 921 955 1016 638 1310 544 578 1071 373 667 586 1010 880 426 951 660 625 445 234 828 2302 458 
452 889 950 1025 611 1322 547 591 1068 341 665 592 992 877 440 957 658 619 440 235 822 2325 462 
453 903 929 1046 625 1304 534 601 1037 345 629 638 998 878 439 951 667 616 453 235 806 2371 465 
454 917 897 1040 620 1295 547 587 1029 345 622 645 1003 871 448 940 685 604 449 238 782 2377 473 
455 942 882 1036 617 1301 542 558 1073 349 625 662 1012 883 459 916 694 585 458 239 790 2336 475 
456 961 869 996 601 1319 531 546 1044 341 630 685 1018 886 456 905 698 604 464 240 824 2263 479 
457 972 845 956 601 1347 515 557 1012 334 621 697 1036 898 457 821 771 650 467 237 845 2188 490 
458 961 842 934 633 1288 518 539 1050 306 658 694 1057 876 462 816 750 678 467 242 835 2135 491 
459 970 869 922 637 1282 532 534 1072 298 682 644 1062 855 454 826 760 681 470 246 818 2134 492 
460 971 886 962 656 1212 565 525 1090 294 682 625 1057 808 479 813 739 683 458 247 830 2126 511 
461 979 897 914 669 1244 565 516 1106 298 687 619 1072 776 508 828 729 678 467 252 824 2147 508 
462 982 910 892 664 1279 556 530 1114 297 656 641 1094 791 499 836 715 671 469 269 790 2163 521 
463 1004 904 948 607 1305 565 524 1111 305 628 683 1091 828 463 835 704 661 471 275 801 2175 522 
464 1005 918 962 593 1325 574 518 1092 312 614 682 1086 845 453 839 703 678 481 276 780 2184 524 
465 1017 927 980 579 1366 586 500 1108 314 606 686 1091 886 420 849 692 666 478 280 801 2194 541 
466 1025 937 1016 579 1397 542 519 1105 318 604 701 1107 865 417 844 663 674 451 274 823 2203 513 
467 1026 963 999 577 1430 529 518 1112 338 583 717 1071 847 428 845 622 678 447 272 852 2248 487 
468 1025 969 1016 612 1377 559 523 1122 340 584 728 1032 884 430 875 616 678 424 265 893 2243 434 
469 1050 912 1008 629 1354 594 493 1161 337 592 730 1044 865 438 876 613 679 466 231 869 2260 441 
470 1035 926 1004 633 1335 595 503 1184 343 599 730 1048 831 459 881 620 675 470 234 900 2257 456 
471 1034 893 1024 629 1307 588 511 1178 370 602 732 1058 816 470 907 604 663 467 250 865 2283 461 
472 1066 840 1021 630 1316 592 520 1180 384 602 720 1058 788 480 949 609 642 465 253 859 2306 466 
473 1040 866 1014 635 1340 598 538 1190 396 603 754 1066 811 487 874 613 626 465 253 856 2343 479 
474 998 912 997 637 1363 588 547 1168 367 606 764 1073 838 494 857 644 639 454 255 809 2351 494 
475 974 950 1012 642 1409 557 519 1184 343 623 745 1080 857 463 842 656 639 448 258 787 2391 500 
476 953 951 990 646 1442 547 507 1120 342 630 727 1109 856 459 829 653 688 451 258 831 2333 500 
477 973 924 994 661 1467 554 512 1118 351 632 717 1103 863 458 856 646 667 442 261 892 2247 504 
478 1037 899 973 680 1486 568 508 1123 384 618 725 1114 878 443 864 635 632 463 264 902 2203 509 
479 1102 823 1013 700 1446 567 516 1146 360 612 710 1130 882 435 867 663 612 480 279 878 2162 514 
480 1075 852 1021 673 1467 540 548 1145 370 590 698 1089 900 450 905 675 616 457 284 900 2074 528 
481 1055 892 1021 681 1440 569 542 1139 370 595 694 1078 903 451 907 688 642 453 260 899 2062 488 
482 1022 926 1037 672 1416 576 571 1146 338 615 692 1031 933 462 940 704 632 432 247 872 2087 471 
483 994 922 1049 684 1379 588 571 1093 315 628 700 1020 918 473 920 713 617 440 250 844 2119 464 
484 1027 895 1054 655 1363 577 567 1101 311 643 686 1010 912 465 895 721 586 452 246 845 2146 464 
485 1069 868 1054 638 1380 555 572 1090 319 653 657 992 885 479 902 710 602 449 225 852 2147 457 
486 1097 826 1043 635 1392 554 576 1089 296 671 654 956 880 491 910 659 601 451 225 854 2173 443 
487 1118 848 1000 626 1383 561 566 1056 290 649 671 962 863 494 925 655 618 451 224 816 2216 439 
488 1104 838 980 620 1398 551 570 1074 294 634 696 959 833 485 917 641 631 453 224 807 2225 449 
489 1092 855 957 617 1406 535 571 1087 303 614 719 990 820 493 937 632 640 455 226 793 2245 453 
490 1080 870 969 589 1373 546 555 1099 304 610 735 1007 806 476 920 634 649 465 225 783 2278 460 
491 1038 916 959 559 1401 560 542 1115 306 593 751 1031 791 476 895 645 668 475 223 788 2279 452 
492 1004 945 955 548 1419 562 546 1141 313 591 762 1049 802 462 874 646 647 478 221 812 2302 462 
493 942 984 967 526 1451 580 520 1157 312 604 734 1056 820 446 857 655 638 487 226 788 2298 462 
494 958 990 954 524 1489 586 513 1171 323 628 713 1048 823 454 886 662 627 479 228 788 2305 478 
495 970 1014 941 532 1521 596 491 1188 323 640 707 1060 822 462 900 666 635 459 244 815 2334 477 
496 1013 981 937 561 1482 604 459 1127 334 648 688 1036 830 468 918 664 655 463 249 815 2337 486 
497 1022 962 925 570 1465 584 489 1111 342 666 674 1033 864 466 916 679 677 451 250 822 2341 494 
498 1032 955 900 577 1457 591 496 1101 343 674 664 1041 883 458 934 676 682 435 255 828 2389 517 
499 1029 963 891 627 1408 577 526 1068 344 664 642 1056 903 461 954 671 684 430 268 842 2325 513 