0 0.000 0.000 0.000 0.000 0.000 0.000 0.000 0.000 0.000 0.000 0.000 0.000 0.000 0.000 0.000 0.000 0.000 0.000 0.000 0.000 0.000 0.779 
1 0.000 0.000 0.000 0.000 0.000 0.000 0.000 0.000 0.000 0.000 0.000 0.000 0.000 0.000 0.000 0.000 0.000 0.000 0.000 0.000 0.000 0.774 
2 0.000 0.000 0.000 0.000 0.000 0.000 0.000 0.000 0.000 0.000 0.000 0.000 0.000 0.000 0.000 0.000 0.000 0.000 0.000 0.000 0.000 0.776 
3 0.000 0.000 0.000 0.000 0.000 0.000 0.000 0.000 0.000 0.000 0.000 0.000 0.000 0.000 0.000 0.000 0.000 0.000 0.000 0.000 0.000 0.765 
4 0.000 0.000 0.000 0.000 0.000 0.000 0.000 0.000 0.000 0.000 0.000 0.000 0.000 0.000 0.000 0.000 0.000 0.000 0.000 0.000 0.000 0.756 
5 0.000 0.000 0.000 0.000 0.000 0.000 0.000 0.000 0.000 0.000 0.011 0.000 0.000 0.000 0.000 0.000 0.000 0.000 0.000 0.000 0.000 0.745 
6 0.000 0.000 0.000 0.000 0.000 0.474 0.000 0.000 0.000 0.000 0.013 0.000 0.000 0.000 0.000 0.000 0.000 0.000 0.000 0.000 0.000 0.728 
7 0.000 0.000 0.000 0.000 0.000 0.474 0.000 0.000 0.000 0.000 0.016 0.000 0.000 0.000 0.000 0.000 0.000 0.000 0.000 0.000 0.000 0.725 
8 0.000 0.002 0.000 0.000 0.000 0.500 0.000 0.000 0.000 0.000 0.015 0.000 0.000 0.000 0.000 0.000 0.000 0.000 0.000 0.000 0.000 0.719 
9 0.000 0.002 0.000 0.000 0.000 0.476 0.000 0.000 0.000 0.000 0.020 0.000 0.000 0.000 0.000 0.000 0.000 0.000 0.000 0.000 0.000 0.698 
10 0.000 0.002 0.000 0.000 0.000 0.409 0.000 0.000 0.000 0.000 0.020 0.000 0.000 0.000 0.000 0.000 0.000 0.000 0.000 0.000 0.000 0.700 
11 0.000 0.002 0.000 0.000 0.000 0.391 0.000 0.000 0.000 0.000 0.020 0.000 0.000 0.000 0.000 0.000 0.000 0.000 0.000 0.000 0.000 0.712 
12 0.000 0.002 0.000 0.000 0.000 0.409 0.000 0.000 0.000 0.000 0.017 0.000 0.000 0.000 0.000 0.000 0.000 0.000 0.000 0.000 0.000 0.710 
13 0.000 0.002 0.000 0.000 0.000 0.375 0.000 0.000 0.000 0.000 0.017 0.000 0.000 0.000 0.000 0.000 0.000 0.000 0.000 0.000 0.000 0.720 
14 0.000 0.002 0.000 0.000 0.000 0.385 0.175 0.000 0.000 0.000 0.016 0.000 0.000 0.000 0.000 0.000 0.000 0.000 0.000 0.000 0.000 0.719 
15 0.000 0.002 0.000 0.000 0.000 0.385 0.175 0.000 0.000 0.000 0.016 0.000 0.000 0.000 0.000 0.000 0.000 0.000 0.000 0.000 0.000 0.733 
16 0.000 0.002 0.000 0.000 0.000 0.333 0.163 0.000 0.000 0.000 0.016 0.000 0.000 0.000 0.000 0.000 0.000 0.000 0.000 0.000 0.000 0.739 
17 0.000 0.000 0.000 0.000 0.000 0.333 0.136 0.000 0.000 0.000 0.014 0.000 0.000 0.000 0.000 0.000 0.000 0.000 0.000 0.000 0.000 0.743 
18 0.000 0.000 0.000 0.000 0.000 0.370 0.143 0.000 0.000 0.000 0.014 0.000 0.000 0.000 0.000 0.000 0.000 0.000 0.000 0.000 0.000 0.740 
19 0.000 0.000 0.000 0.000 0.000 0.357 0.133 0.000 0.000 0.000 0.014 0.000 0.000 0.000 0.000 0.000 0.000 0.000 0.000 0.000 0.000 0.742 
20 0.000 0.000 0.000 0.000 0.000 0.370 0.140 0.000 0.000 0.000 0.014 0.000 0.000 0.000 0.000 0.000 0.000 0.000 0.000 0.000 0.000 0.744 
21 0.000 0.000 0.000 0.000 0.000 0.346 0.140 0.000 0.000 0.000 0.014 0.000 0.000 0.000 0.000 0.000 0.000 0.000 0.000 0.000 0.000 0.733 
22 0.000 0.000 0.000 0.000 0.000 0.375 0.133 0.000 0.000 0.000 0.014 0.000 0.000 0.000 0.000 0.000 0.000 0.000 0.000 0.000 0.000 0.716 
23 0.000 0.007 0.242 0.000 0.000 0.435 0.179 0.000 0.000 0.000 0.012 0.000 0.000 0.000 0.000 0.000 0.000 0.000 0.000 0.000 0.000 0.700 
24 0.000 0.007 0.235 0.000 0.000 0.435 0.197 0.000 0.000 0.004 0.014 0.000 0.000 0.000 0.000 0.000 0.000 0.000 0.000 0.000 0.000 0.689 
25 0.000 0.007 0.245 0.000 0.000 0.429 0.197 0.000 0.000 0.008 0.012 0.000 0.000 0.000 0.000 0.000 0.000 0.000 0.000 0.000 0.000 0.695 
26 0.000 0.007 0.205 0.000 0.000 0.500 0.194 0.000 0.000 0.008 0.012 0.000 0.000 0.000 0.000 0.000 0.000 0.000 0.000 0.000 0.000 0.700 
27 0.000 0.007 0.213 0.000 0.000 0.526 0.180 0.000 0.000 0.008 0.012 0.000 0.000 0.000 0.000 0.000 0.000 0.000 0.000 0.000 0.000 0.694 
28 0.000 0.013 0.214 0.000 0.000 0.526 0.180 0.000 0.000 0.016 0.012 0.000 0.000 0.000 0.000 0.000 0.000 0.000 0.000 0.000 0.000 0.701 
29 0.000 0.030 0.203 0.000 0.000 0.526 0.203 0.000 0.000 0.034 0.011 0.000 0.000 0.000 0.000 0.000 0.000 0.000 0.000 0.000 0.000 0.692 
30 0.000 0.032 0.191 0.000 0.000 0.474 0.220 0.000 0.000 0.033 0.011 0.000 0.000 0.000 0.000 0.000 0.000 0.000 0.000 0.000 0.000 0.723 
31 0.000 0.029 0.197 0.000 0.000 0.421 0.246 0.000 0.000 0.038 0.012 0.000 0.000 0.000 0.000 0.000 0.000 0.000 0.000 0.000 0.000 0.728 
32 0.000 0.025 0.219 0.000 0.000 0.444 0.260 0.000 0.000 0.036 0.038 0.000 0.000 0.000 0.000 0.000 0.000 0.000 0.000 0.000 0.000 0.722 
33 0.000 0.024 0.227 0.000 0.000 0.414 0.275 0.000 0.000 0.039 0.040 0.000 0.000 0.000 0.000 0.000 0.000 0.000 0.000 0.000 0.000 0.707 
34 0.000 0.023 0.222 0.000 0.000 0.379 0.264 0.000 0.000 0.042 0.038 0.000 0.000 0.000 0.000 0.000 0.000 0.000 0.000 0.000 0.000 0.703 
35 0.000 0.021 0.217 0.000 0.000 0.346 0.231 0.000 0.000 0.045 0.038 0.000 0.000 0.000 0.000 0.000 0.000 0.000 0.000 0.000 0.000 0.707 
36 0.000 0.022 0.206 0.000 0.000 0.320 0.231 0.000 0.000 0.048 0.035 0.000 0.000 0.000 0.000 0.000 0.000 0.000 0.000 0.000 0.000 0.721 
37 0.000 0.022 0.257 0.000 0.000 0.348 0.224 0.000 0.000 0.048 0.034 0.000 0.000 0.000 0.000 0.000 0.000 0.000 0.000 0.000 0.000 0.720 
38 0.000 0.021 0.247 0.000 0.000 0.320 0.186 0.000 0.000 0.048 0.036 0.000 0.000 0.000 0.000 0.000 0.000 0.000 0.000 0.000 0.000 0.727 
39 0.000 0.016 0.244 0.000 0.000 0.320 0.186 0.000 0.000 0.048 0.037 0.000 0.000 0.000 0.000 0.000 0.000 0.000 0.000 0.000 0.000 0.737 
40 0.000 0.018 0.260 0.000 0.000 0.391 0.169 0.000 0.000 0.041 0.036 0.000 0.000 0.000 0.000 0.000 0.000 0.000 0.000 0.000 0.000 0.725 
41 0.000 0.018 0.270 0.000 0.000 0.435 0.159 0.000 0.000 0.041 0.036 0.000 0.000 0.000 0.000 0.000 0.000 0.000 0.000 0.000 0.000 0.733 
42 0.000 0.018 0.301 0.040 0.000 0.548 0.156 0.000 0.000 0.039 0.033 0.000 0.000 0.000 0.000 0.000 0.000 0.000 0.000 0.000 0.000 0.727 
43 0.000 0.018 0.320 0.040 0.000 0.500 0.136 0.000 0.000 0.031 0.031 0.000 0.000 0.000 0.000 0.000 0.000 0.000 0.000 0.000 0.000 0.710 
44 0.000 0.024 0.331 0.041 0.000 0.485 0.134 0.000 0.000 0.028 0.029 0.000 0.000 0.000 0.005 0.000 0.000 0.000 0.000 0.000 0.000 0.715 
45 0.000 0.019 0.323 0.042 0.000 0.500 0.136 0.000 0.000 0.027 0.030 0.000 0.000 0.000 0.000 0.000 0.000 0.000 0.000 0.000 0.000 0.722 
46 0.000 0.017 0.323 0.042 0.000 0.472 0.145 0.000 0.000 0.026 0.028 0.000 0.000 0.000 0.000 0.000 0.000 0.000 0.000 0.000 0.000 0.711 
47 0.000 0.017 0.314 0.042 0.000 0.459 0.155 0.000 0.000 0.027 0.027 0.000 0.000 0.000 0.000 0.000 0.000 0.000 0.000 0.000 0.000 0.710 
48 0.000 0.029 0.308 0.044 0.000 0.447 0.161 0.000 0.000 0.026 0.029 0.000 0.000 0.000 0.000 0.000 0.000 0.000 0.000 0.000 0.000 0.715 
49 0.000 0.029 0.325 0.043 0.000 0.370 0.164 0.000 0.000 0.026 0.029 0.000 0.000 0.000 0.000 0.000 0.000 0.000 0.000 0.000 0.000 0.712 
50 0.000 0.031 0.290 0.123 0.000 0.345 0.111 0.000 0.000 0.026 0.029 0.000 0.000 0.000 0.000 0.000 0.000 0.000 0.000 0.000 0.000 0.718 
51 0.000 0.029 0.295 0.116 0.000 0.393 0.094 0.000 0.000 0.026 0.029 0.000 0.000 0.000 0.000 0.000 0.000 0.000 0.000 0.000 0.000 0.717 
52 0.000 0.030 0.283 0.096 0.000 0.423 0.093 0.000 0.000 0.028 0.034 0.000 0.000 0.000 0.000 0.000 0.000 0.000 0.000 0.000 0.000 0.710 
53 0.000 0.028 0.297 0.095 0.000 0.462 0.092 0.000 0.000 0.025 0.050 0.000 0.000 0.000 0.000 0.000 0.000 0.000 0.000 0.000 0.000 0.707 
54 0.000 0.027 0.327 0.087 0.000 0.407 0.084 0.000 0.005 0.023 0.057 0.000 0.000 0.000 0.000 0.000 0.000 0.000 0.000 0.000 0.000 0.703 
55 0.000 0.024 0.348 0.081 0.000 0.286 0.062 0.000 0.005 0.024 0.055 0.000 0.000 0.000 0.000 0.000 0.000 0.000 0.000 0.000 0.000 0.698 
56 0.000 0.022 0.348 0.073 0.000 0.279 0.062 0.000 0.005 0.043 0.056 0.000 0.000 0.000 0.000 0.000 0.000 0.000 0.000 0.000 0.000 0.701 
57 0.000 0.026 0.347 0.062 0.000 0.286 0.071 0.000 0.006 0.043 0.071 0.000 0.000 0.000 0.000 0.000 0.000 0.000 0.000 0.000 0.000 0.708 
58 0.000 0.022 0.361 0.063 0.000 0.268 0.062 0.000 0.006 0.049 0.064 0.000 0.000 0.000 0.000 0.000 0.000 0.000 0.000 0.000 0.000 0.715 
59 0.000 0.025 0.366 0.061 0.000 0.268 0.070 0.000 0.006 0.051 0.060 0.000 0.000 0.000 0.000 0.000 0.000 0.000 0.000 0.000 0.000 0.711 
60 0.000 0.025 0.361 0.068 0.000 0.250 0.071 0.000 0.006 0.050 0.058 0.000 0.000 0.000 0.000 0.000 0.000 0.000 0.000 0.000 0.000 0.723 
61 0.000 0.059 0.376 0.059 0.000 0.256 0.069 0.000 0.000 0.050 0.071 0.000 0.000 0.000 0.000 0.000 0.000 0.000 0.000 0.000 0.000 0.716 
62 0.000 0.057 0.414 0.045 0.000 0.239 0.059 0.000 0.000 0.047 0.073 0.000 0.000 0.000 0.000 0.000 0.000 0.000 0.000 0.000 0.000 0.703 
63 0.000 0.057 0.418 0.039 0.000 0.180 0.057 0.000 0.000 0.046 0.071 0.000 0.000 0.000 0.000 0.000 0.000 0.000 0.000 0.000 0.000 0.719 
64 0.000 0.059 0.415 0.051 0.000 0.176 0.058 0.000 0.000 0.044 0.067 0.000 0.000 0.000 0.000 0.000 0.000 0.000 0.000 0.000 0.000 0.714 
65 0.003 0.058 0.405 0.038 0.000 0.188 0.068 0.000 0.000 0.046 0.065 0.000 0.000 0.000 0.000 0.000 0.000 0.000 0.000 0.000 0.000 0.731 
66 0.003 0.058 0.392 0.038 0.000 0.176 0.075 0.000 0.000 0.039 0.068 0.000 0.000 0.000 0.000 0.000 0.000 0.000 0.000 0.000 0.000 0.731 
67 0.003 0.058 0.396 0.029 0.000 0.212 0.073 0.000 0.000 0.042 0.068 0.000 0.000 0.000 0.000 0.000 0.000 0.000 0.000 0.000 0.000 0.719 
68 0.005 0.059 0.395 0.030 0.000 0.255 0.081 0.000 0.000 0.042 0.063 0.000 0.000 0.000 0.000 0.000 0.000 0.000 0.000 0.000 0.000 0.742 
69 0.005 0.053 0.391 0.029 0.000 0.265 0.080 0.000 0.000 0.042 0.066 0.000 0.000 0.000 0.000 0.000 0.000 0.000 0.000 0.000 0.000 0.727 
70 0.005 0.050 0.410 0.031 0.000 0.292 0.080 0.000 0.007 0.048 0.066 0.000 0.000 0.000 0.000 0.000 0.000 0.000 0.000 0.000 0.000 0.705 
71 0.005 0.053 0.414 0.032 0.000 0.286 0.078 0.000 0.006 0.047 0.066 0.000 0.000 0.000 0.000 0.000 0.000 0.000 0.000 0.000 0.000 0.718 
72 0.005 0.056 0.417 0.033 0.000 0.286 0.082 0.000 0.007 0.051 0.098 0.000 0.000 0.000 0.000 0.000 0.000 0.000 0.000 0.000 0.000 0.704 
73 0.009 0.050 0.406 0.032 0.000 0.286 0.081 0.000 0.006 0.053 0.098 0.000 0.000 0.000 0.000 0.000 0.000 0.000 0.000 0.000 0.000 0.710 
74 0.012 0.052 0.421 0.032 0.000 0.286 0.077 0.000 0.006 0.051 0.093 0.000 0.000 0.000 0.000 0.000 0.000 0.000 0.000 0.000 0.000 0.723 
75 0.012 0.051 0.426 0.031 0.000 0.283 0.075 0.000 0.006 0.049 0.096 0.000 0.000 0.000 0.000 0.000 0.000 0.000 0.000 0.000 0.000 0.720 
76 0.010 0.050 0.403 0.031 0.000 0.304 0.074 0.000 0.007 0.045 0.087 0.000 0.000 0.000 0.000 0.000 0.000 0.000 0.000 0.000 0.000 0.708 
77 0.012 0.052 0.401 0.032 0.000 0.333 0.074 0.000 0.007 0.044 0.087 0.000 0.000 0.000 0.000 0.000 0.000 0.000 0.000 0.000 0.000 0.707 
78 0.011 0.050 0.393 0.021 0.000 0.319 0.073 0.000 0.007 0.045 0.087 0.000 0.000 0.000 0.000 0.000 0.000 0.000 0.000 0.000 0.000 0.692 
79 0.011 0.054 0.368 0.020 0.000 0.326 0.082 0.000 0.007 0.048 0.091 0.000 0.000 0.000 0.000 0.000 0.000 0.000 0.000 0.000 0.000 0.700 
80 0.011 0.052 0.392 0.020 0.000 0.340 0.224 0.000 0.007 0.053 0.089 0.000 0.000 0.000 0.000 0.000 0.000 0.000 0.000 0.000 0.000 0.700 
81 0.011 0.055 0.424 0.020 0.000 0.327 0.235 0.000 0.007 0.053 0.086 0.000 0.000 0.000 0.000 0.000 0.000 0.000 0.000 0.000 0.000 0.693 
82 0.011 0.049 0.413 0.020 0.000 0.308 0.236 0.000 0.008 0.054 0.085 0.000 0.000 0.000 0.000 0.000 0.000 0.000 0.000 0.000 0.000 0.694 
83 0.011 0.049 0.412 0.020 0.000 0.327 0.222 0.000 0.007 0.049 0.082 0.000 0.000 0.000 0.000 0.000 0.000 0.000 0.000 0.000 0.000 0.688 
84 0.012 0.052 0.391 0.022 0.000 0.308 0.229 0.000 0.008 0.050 0.074 0.000 0.000 0.000 0.005 0.000 0.000 0.000 0.000 0.000 0.000 0.693 
85 0.012 0.053 0.395 0.044 0.000 0.380 0.212 0.000 0.008 0.049 0.074 0.000 0.000 0.000 0.003 0.000 0.000 0.000 0.000 0.000 0.000 0.697 
86 0.011 0.051 0.391 0.043 0.000 0.380 0.220 0.000 0.009 0.052 0.077 0.000 0.000 0.000 0.003 0.000 0.000 0.000 0.000 0.000 0.000 0.705 
87 0.011 0.052 0.391 0.043 0.000 0.383 0.225 0.000 0.008 0.061 0.080 0.000 0.000 0.000 0.003 0.000 0.000 0.000 0.000 0.000 0.000 0.709 
88 0.011 0.049 0.385 0.044 0.000 0.426 0.224 0.000 0.006 0.080 0.075 0.000 0.000 0.000 0.001 0.000 0.000 0.000 0.000 0.000 0.000 0.694 
89 0.014 0.049 0.369 0.050 0.000 0.478 0.211 0.000 0.007 0.080 0.076 0.000 0.000 0.000 0.001 0.000 0.000 0.000 0.000 0.000 0.000 0.686 
90 0.014 0.049 0.370 0.051 0.000 0.457 0.313 0.000 0.007 0.085 0.080 0.000 0.000 0.000 0.001 0.000 0.000 0.000 0.000 0.000 0.000 0.698 
91 0.018 0.042 0.362 0.049 0.000 0.435 0.366 0.000 0.007 0.086 0.078 0.000 0.000 0.000 0.001 0.000 0.000 0.000 0.000 0.000 0.000 0.698 
92 0.017 0.041 0.362 0.048 0.000 0.442 0.368 0.000 0.008 0.083 0.073 0.000 0.000 0.000 0.001 0.000 0.000 0.000 0.000 0.000 0.000 0.686 
93 0.018 0.039 0.359 0.048 0.000 0.429 0.371 0.000 0.008 0.081 0.078 0.000 0.000 0.000 0.001 0.000 0.000 0.000 0.000 0.000 0.000 0.693 
94 0.016 0.040 0.359 0.047 0.000 0.400 0.370 0.000 0.008 0.080 0.075 0.000 0.000 0.000 0.001 0.000 0.000 0.000 0.000 0.000 0.000 0.696 
95 0.015 0.040 0.366 0.048 0.000 0.367 0.353 0.000 0.007 0.084 0.077 0.000 0.000 0.000 0.001 0.000 0.000 0.000 0.000 0.000 0.000 0.708 
96 0.015 0.038 0.363 0.046 0.000 0.346 0.353 0.000 0.007 0.086 0.075 0.000 0.000 0.000 0.001 0.000 0.000 0.000 0.000 0.000 0.000 0.712 
97 0.015 0.038 0.356 0.054 0.000 0.394 0.347 0.000 0.007 0.085 0.071 0.000 0.000 0.000 0.001 0.000 0.000 0.000 0.000 0.000 0.000 0.717 
98 0.018 0.033 0.349 0.082 0.000 0.377 0.339 0.000 0.007 0.080 0.073 0.000 0.000 0.000 0.001 0.000 0.000 0.000 0.000 0.000 0.000 0.706 
99 0.019 0.032 0.355 0.080 0.000 0.352 0.337 0.000 0.006 0.079 0.063 0.000 0.000 0.000 0.001 0.000 0.000 0.000 0.000 0.000 0.000 0.700 
100 0.019 0.033 0.354 0.082 0.000 0.338 0.339 0.000 0.017 0.070 0.058 0.000 0.000 0.000 0.001 0.000 0.000 0.000 0.000 0.000 0.000 0.704 
101 0.020 0.036 0.362 0.083 0.000 0.333 0.434 0.000 0.017 0.068 0.061 0.000 0.000 0.000 0.003 0.000 0.000 0.000 0.000 0.000 0.000 0.703 
102 0.020 0.034 0.363 0.083 0.000 0.330 0.428 0.000 0.017 0.065 0.063 0.000 0.000 0.000 0.001 0.000 0.000 0.000 0.000 0.000 0.000 0.683 
103 0.018 0.037 0.378 0.083 0.000 0.311 0.421 0.000 0.015 0.075 0.059 0.000 0.000 0.000 0.001 0.000 0.000 0.000 0.000 0.000 0.000 0.680 
104 0.021 0.034 0.384 0.081 0.000 0.384 0.414 0.000 0.005 0.071 0.058 0.000 0.000 0.000 0.001 0.000 0.000 0.000 0.000 0.000 0.000 0.669 
105 0.021 0.035 0.387 0.090 0.000 0.390 0.410 0.000 0.005 0.068 0.055 0.000 0.000 0.000 0.001 0.000 0.000 0.000 0.000 0.000 0.000 0.675 
106 0.022 0.035 0.391 0.067 0.000 0.413 0.381 0.000 0.006 0.063 0.058 0.000 0.000 0.000 0.002 0.000 0.000 0.000 0.000 0.000 0.000 0.706 
107 0.023 0.031 0.390 0.062 0.000 0.417 0.384 0.000 0.006 0.053 0.056 0.000 0.000 0.000 0.002 0.000 0.000 0.000 0.000 0.000 0.000 0.720 
108 0.026 0.026 0.392 0.064 0.000 0.377 0.382 0.000 0.006 0.053 0.056 0.000 0.000 0.000 0.002 0.000 0.000 0.000 0.000 0.000 0.000 0.711 
109 0.025 0.025 0.378 0.079 0.000 0.372 0.363 0.000 0.006 0.058 0.056 0.000 0.000 0.000 0.004 0.000 0.000 0.000 0.000 0.000 0.000 0.707 
110 0.025 0.025 0.369 0.082 0.000 0.356 0.370 0.000 0.006 0.063 0.052 0.000 0.000 0.000 0.004 0.000 0.000 0.000 0.000 0.000 0.000 0.708 
111 0.020 0.025 0.356 0.079 0.000 0.344 0.366 0.000 0.006 0.065 0.052 0.000 0.000 0.000 0.004 0.000 0.000 0.000 0.000 0.000 0.000 0.721 
112 0.020 0.027 0.355 0.090 0.000 0.381 0.370 0.002 0.006 0.070 0.053 0.000 0.000 0.000 0.004 0.000 0.000 0.000 0.000 0.000 0.000 0.731 
113 0.020 0.027 0.354 0.090 0.000 0.403 0.368 0.011 0.006 0.074 0.051 0.001 0.000 0.000 0.004 0.000 0.000 0.000 0.000 0.000 0.000 0.716 
114 0.020 0.027 0.355 0.103 0.000 0.380 0.372 0.011 0.006 0.076 0.051 0.001 0.000 0.000 0.004 0.000 0.000 0.000 0.000 0.000 0.000 0.713 
115 0.021 0.035 0.351 0.090 0.010 0.388 0.360 0.011 0.071 0.076 0.052 0.001 0.000 0.000 0.004 0.000 0.000 0.000 0.000 0.000 0.000 0.701 
116 0.020 0.037 0.351 0.097 0.009 0.393 0.339 0.011 0.078 0.075 0.048 0.001 0.000 0.000 0.004 0.000 0.000 0.000 0.000 0.000 0.000 0.716 
117 0.020 0.038 0.358 0.097 0.009 0.374 0.426 0.013 0.074 0.069 0.049 0.001 0.000 0.000 0.003 0.000 0.000 0.000 0.000 0.000 0.000 0.702 
118 0.019 0.038 0.349 0.098 0.037 0.347 0.432 0.013 0.080 0.066 0.052 0.001 0.000 0.000 0.003 0.000 0.000 0.000 0.000 0.000 0.000 0.708 
119 0.019 0.038 0.348 0.097 0.038 0.353 0.422 0.013 0.088 0.063 0.050 0.001 0.000 0.000 0.003 0.000 0.000 0.000 0.000 0.000 0.000 0.715 
120 0.018 0.034 0.352 0.102 0.033 0.418 0.411 0.013 0.076 0.063 0.053 0.001 0.000 0.000 0.004 0.000 0.000 0.000 0.000 0.000 0.000 0.725 
121 0.017 0.031 0.349 0.102 0.032 0.401 0.406 0.013 0.081 0.063 0.053 0.001 0.000 0.000 0.004 0.000 0.000 0.000 0.000 0.000 0.000 0.750 
122 0.017 0.030 0.354 0.109 0.031 0.389 0.410 0.013 0.070 0.062 0.050 0.001 0.000 0.000 0.004 0.000 0.000 0.000 0.000 0.000 0.000 0.752 
123 0.019 0.029 0.362 0.113 0.032 0.411 0.412 0.013 0.073 0.067 0.052 0.001 0.000 0.000 0.004 0.000 0.000 0.000 0.000 0.000 0.000 0.737 
124 0.019 0.027 0.359 0.117 0.032 0.413 0.416 0.013 0.073 0.073 0.055 0.001 0.000 0.000 0.004 0.000 0.000 0.000 0.000 0.000 0.000 0.732 
125 0.017 0.030 0.356 0.129 0.032 0.409 0.411 0.015 0.068 0.072 0.053 0.001 0.000 0.000 0.004 0.000 0.000 0.000 0.000 0.000 0.000 0.715 
126 0.018 0.029 0.352 0.125 0.032 0.410 0.393 0.015 0.067 0.068 0.054 0.001 0.000 0.000 0.003 0.000 0.000 0.000 0.000 0.000 0.000 0.711 
127 0.019 0.029 0.343 0.129 0.024 0.392 0.390 0.028 0.072 0.070 0.054 0.001 0.000 0.000 0.004 0.000 0.000 0.000 0.000 0.000 0.000 0.700 
128 0.016 0.029 0.355 0.113 0.024 0.392 0.389 0.027 0.071 0.066 0.059 0.001 0.000 0.000 0.003 0.000 0.000 0.000 0.000 0.000 0.000 0.695 
129 0.017 0.025 0.358 0.119 0.024 0.421 0.397 0.027 0.070 0.068 0.055 0.001 0.000 0.000 0.003 0.000 0.000 0.000 0.000 0.000 0.000 0.701 
130 0.017 0.025 0.355 0.123 0.042 0.424 0.388 0.038 0.068 0.070 0.055 0.002 0.000 0.000 0.003 0.000 0.000 0.000 0.000 0.000 0.000 0.703 
131 0.017 0.025 0.357 0.125 0.052 0.451 0.389 0.038 0.069 0.077 0.056 0.002 0.000 0.000 0.003 0.000 0.000 0.000 0.000 0.000 0.000 0.706 
132 0.016 0.027 0.345 0.119 0.053 0.458 0.384 0.037 0.070 0.078 0.060 0.002 0.000 0.000 0.003 0.000 0.000 0.000 0.000 0.000 0.000 0.684 
133 0.016 0.027 0.349 0.118 0.042 0.442 0.394 0.038 0.066 0.082 0.060 0.002 0.000 0.000 0.003 0.000 0.000 0.000 0.000 0.000 0.000 0.678 
134 0.013 0.033 0.351 0.152 0.041 0.442 0.393 0.040 0.060 0.084 0.054 0.002 0.000 0.000 0.003 0.000 0.000 0.000 0.000 0.000 0.000 0.694 
135 0.015 0.031 0.355 0.164 0.041 0.431 0.407 0.040 0.060 0.084 0.057 0.002 0.000 0.000 0.003 0.000 0.000 0.000 0.000 0.000 0.000 0.701 
136 0.016 0.032 0.355 0.164 0.042 0.435 0.410 0.041 0.055 0.085 0.051 0.001 0.000 0.000 0.003 0.000 0.000 0.000 0.000 0.000 0.000 0.701 
137 0.015 0.032 0.351 0.207 0.041 0.435 0.407 0.036 0.058 0.083 0.050 0.001 0.000 0.000 0.003 0.000 0.000 0.000 0.000 0.000 0.000 0.720 
138 0.016 0.034 0.354 0.183 0.041 0.479 0.407 0.037 0.056 0.079 0.050 0.001 0.000 0.000 0.003 0.000 0.000 0.000 0.000 0.000 0.000 0.719 
139 0.016 0.033 0.346 0.197 0.039 0.474 0.405 0.035 0.045 0.072 0.047 0.001 0.000 0.000 0.004 0.000 0.000 0.000 0.000 0.000 0.000 0.722 
140 0.014 0.034 0.349 0.190 0.036 0.448 0.398 0.037 0.047 0.068 0.048 0.001 0.000 0.000 0.004 0.000 0.000 0.000 0.000 0.000 0.000 0.728 
141 0.015 0.030 0.357 0.220 0.035 0.429 0.397 0.037 0.049 0.069 0.051 0.001 0.000 0.000 0.003 0.000 0.000 0.000 0.000 0.000 0.000 0.736 
142 0.015 0.030 0.360 0.254 0.034 0.450 0.409 0.036 0.044 0.065 0.044 0.000 0.000 0.000 0.005 0.000 0.000 0.000 0.000 0.000 0.000 0.735 
143 0.014 0.031 0.361 0.233 0.033 0.440 0.398 0.033 0.052 0.063 0.045 0.000 0.000 0.000 0.005 0.000 0.000 0.000 0.000 0.000 0.000 0.722 
144 0.014 0.029 0.362 0.237 0.033 0.434 0.394 0.032 0.053 0.071 0.048 0.000 0.000 0.000 0.006 0.000 0.000 0.000 0.000 0.000 0.000 0.723 
145 0.012 0.028 0.352 0.224 0.026 0.420 0.398 0.031 0.058 0.077 0.048 0.000 0.000 0.000 0.006 0.000 0.000 0.000 0.000 0.000 0.000 0.725 
146 0.012 0.028 0.356 0.224 0.022 0.428 0.390 0.034 0.046 0.083 0.051 0.000 0.000 0.000 0.005 0.000 0.000 0.000 0.000 0.000 0.000 0.734 
147 0.012 0.028 0.353 0.213 0.023 0.425 0.387 0.030 0.051 0.079 0.053 0.000 0.000 0.000 0.003 0.000 0.000 0.000 0.000 0.000 0.000 0.714 
148 0.012 0.024 0.354 0.213 0.022 0.418 0.380 0.031 0.050 0.082 0.062 0.000 0.000 0.000 0.002 0.000 0.000 0.000 0.000 0.000 0.000 0.710 
149 0.013 0.023 0.363 0.206 0.032 0.400 0.376 0.030 0.040 0.080 0.070 0.000 0.000 0.000 0.002 0.000 0.000 0.000 0.000 0.000 0.000 0.726 
150 0.013 0.023 0.371 0.210 0.033 0.405 0.366 0.031 0.045 0.084 0.069 0.000 0.000 0.000 0.002 0.000 0.000 0.000 0.000 0.000 0.000 0.715 
151 0.013 0.023 0.369 0.182 0.032 0.401 0.374 0.033 0.045 0.087 0.067 0.000 0.000 0.000 0.002 0.000 0.000 0.000 0.000 0.000 0.000 0.703 
152 0.014 0.020 0.390 0.213 0.027 0.389 0.376 0.033 0.046 0.084 0.073 0.000 0.000 0.000 0.004 0.000 0.000 0.000 0.000 0.000 0.000 0.700 
153 0.014 0.021 0.384 0.210 0.026 0.385 0.372 0.032 0.038 0.083 0.073 0.000 0.000 0.000 0.005 0.000 0.000 0.000 0.000 0.000 0.000 0.697 
154 0.014 0.020 0.375 0.213 0.063 0.383 0.366 0.034 0.029 0.084 0.075 0.000 0.000 0.000 0.006 0.000 0.000 0.000 0.000 0.000 0.000 0.703 
155 0.014 0.023 0.371 0.206 0.060 0.380 0.370 0.033 0.036 0.084 0.074 0.001 0.000 0.000 0.005 0.000 0.000 0.000 0.000 0.000 0.000 0.698 
156 0.014 0.023 0.363 0.215 0.061 0.366 0.387 0.034 0.042 0.081 0.073 0.001 0.000 0.000 0.004 0.000 0.000 0.000 0.000 0.000 0.000 0.686 
157 0.014 0.022 0.367 0.200 0.054 0.355 0.385 0.035 0.043 0.066 0.075 0.001 0.000 0.000 0.004 0.000 0.000 0.000 0.000 0.000 0.000 0.691 
158 0.014 0.021 0.371 0.215 0.055 0.345 0.386 0.035 0.044 0.068 0.076 0.001 0.000 0.000 0.005 0.000 0.000 0.000 0.000 0.000 0.000 0.711 
159 0.014 0.021 0.382 0.197 0.052 0.356 0.392 0.034 0.051 0.066 0.065 0.001 0.000 0.000 0.006 0.000 0.000 0.000 0.000 0.000 0.000 0.723 
160 0.014 0.021 0.378 0.197 0.060 0.359 0.385 0.030 0.052 0.064 0.068 0.001 0.000 0.000 0.006 0.000 0.000 0.000 0.000 0.000 0.000 0.711 
161 0.014 0.020 0.385 0.206 0.067 0.350 0.383 0.032 0.044 0.060 0.065 0.001 0.000 0.000 0.006 0.000 0.000 0.000 0.000 0.000 0.000 0.683 
162 0.015 0.019 0.385 0.194 0.067 0.337 0.377 0.033 0.041 0.065 0.064 0.001 0.000 0.000 0.006 0.000 0.002 0.000 0.000 0.000 0.000 0.683 
163 0.015 0.017 0.371 0.222 0.113 0.358 0.367 0.034 0.042 0.073 0.061 0.001 0.000 0.000 0.006 0.000 0.002 0.000 0.000 0.000 0.000 0.674 
164 0.015 0.016 0.368 0.250 0.108 0.353 0.383 0.035 0.043 0.078 0.061 0.001 0.002 0.000 0.004 0.000 0.000 0.000 0.000 0.000 0.000 0.689 
165 0.014 0.018 0.373 0.246 0.102 0.370 0.387 0.032 0.043 0.079 0.059 0.000 0.002 0.000 0.004 0.000 0.000 0.000 0.000 0.000 0.000 0.684 
166 0.016 0.017 0.366 0.246 0.103 0.382 0.380 0.033 0.042 0.083 0.064 0.000 0.002 0.000 0.004 0.000 0.000 0.000 0.000 0.000 0.000 0.680 
167 0.016 0.019 0.361 0.236 0.098 0.369 0.386 0.035 0.048 0.088 0.059 0.000 0.003 0.000 0.004 0.000 0.000 0.000 0.000 0.000 0.000 0.694 
168 0.018 0.019 0.362 0.245 0.094 0.365 0.382 0.035 0.048 0.087 0.059 0.000 0.003 0.000 0.003 0.000 0.000 0.000 0.000 0.000 0.000 0.701 
169 0.016 0.022 0.354 0.226 0.096 0.358 0.375 0.034 0.041 0.080 0.061 0.000 0.003 0.000 0.003 0.000 0.000 0.000 0.000 0.000 0.000 0.728 
170 0.016 0.020 0.353 0.231 0.100 0.371 0.375 0.033 0.040 0.082 0.062 0.000 0.003 0.000 0.003 0.000 0.000 0.000 0.000 0.000 0.000 0.713 
171 0.017 0.017 0.362 0.231 0.096 0.357 0.363 0.033 0.082 0.085 0.060 0.000 0.003 0.000 0.003 0.000 0.000 0.000 0.000 0.000 0.000 0.732 
172 0.015 0.016 0.363 0.241 0.091 0.368 0.365 0.042 0.086 0.088 0.059 0.000 0.005 0.000 0.005 0.000 0.000 0.000 0.000 0.000 0.000 0.727 
173 0.016 0.015 0.364 0.264 0.087 0.371 0.373 0.046 0.083 0.093 0.058 0.000 0.005 0.000 0.004 0.000 0.000 0.000 0.000 0.000 0.000 0.726 
174 0.013 0.014 0.359 0.245 0.091 0.364 0.369 0.046 0.080 0.096 0.060 0.000 0.005 0.000 0.003 0.000 0.000 0.000 0.000 0.000 0.000 0.718 
175 0.013 0.016 0.360 0.228 0.103 0.365 0.363 0.044 0.114 0.095 0.062 0.000 0.004 0.000 0.003 0.000 0.000 0.000 0.000 0.000 0.000 0.712 
176 0.011 0.016 0.367 0.250 0.111 0.363 0.372 0.047 0.122 0.091 0.064 0.000 0.002 0.000 0.003 0.000 0.000 0.000 0.000 0.000 0.000 0.703 
177 0.011 0.016 0.366 0.246 0.105 0.361 0.369 0.049 0.154 0.089 0.065 0.000 0.002 0.000 0.003 0.000 0.000 0.000 0.000 0.000 0.000 0.693 
178 0.012 0.019 0.360 0.254 0.105 0.360 0.377 0.045 0.161 0.085 0.068 0.000 0.002 0.000 0.002 0.000 0.000 0.000 0.000 0.000 0.000 0.688 
179 0.010 0.020 0.363 0.271 0.107 0.364 0.373 0.041 0.147 0.084 0.071 0.000 0.002 0.000 0.002 0.000 0.000 0.000 0.000 0.000 0.000 0.698 
180 0.010 0.018 0.367 0.316 0.101 0.364 0.366 0.041 0.143 0.080 0.078 0.000 0.002 0.000 0.002 0.000 0.000 0.000 0.000 0.000 0.000 0.698 
181 0.011 0.018 0.366 0.317 0.099 0.360 0.375 0.049 0.140 0.081 0.078 0.001 0.002 0.000 0.001 0.000 0.000 0.000 0.000 0.000 0.000 0.693 
182 0.011 0.039 0.365 0.370 0.099 0.373 0.374 0.050 0.136 0.080 0.084 0.001 0.002 0.000 0.001 0.000 0.000 0.000 0.000 0.000 0.000 0.710 
183 0.012 0.036 0.362 0.351 0.107 0.369 0.371 0.054 0.141 0.084 0.087 0.001 0.002 0.000 0.001 0.000 0.005 0.000 0.000 0.000 0.000 0.719 
184 0.014 0.040 0.375 0.354 0.112 0.366 0.361 0.065 0.139 0.085 0.087 0.001 0.002 0.000 0.001 0.000 0.003 0.002 0.000 0.000 0.000 0.694 
185 0.015 0.038 0.381 0.345 0.106 0.362 0.375 0.067 0.135 0.083 0.087 0.001 0.002 0.000 0.001 0.000 0.002 0.002 0.000 0.000 0.000 0.695 
186 0.015 0.038 0.380 0.322 0.108 0.355 0.368 0.068 0.159 0.083 0.085 0.001 0.002 0.000 0.001 0.000 0.002 0.002 0.000 0.000 0.000 0.697 
187 0.020 0.037 0.377 0.333 0.105 0.337 0.361 0.068 0.152 0.088 0.087 0.001 0.002 0.000 0.001 0.000 0.000 0.002 0.000 0.000 0.000 0.693 
188 0.019 0.033 0.387 0.345 0.105 0.348 0.354 0.068 0.161 0.088 0.085 0.001 0.002 0.000 0.001 0.000 0.000 0.002 0.000 0.000 0.000 0.714 
189 0.019 0.034 0.379 0.349 0.107 0.353 0.353 0.068 0.155 0.092 0.081 0.001 0.003 0.000 0.001 0.000 0.000 0.002 0.000 0.000 0.000 0.716 
190 0.017 0.033 0.379 0.372 0.118 0.360 0.361 0.068 0.146 0.093 0.077 0.001 0.002 0.000 0.001 0.000 0.000 0.002 0.000 0.000 0.000 0.710 
191 0.017 0.035 0.379 0.356 0.116 0.353 0.362 0.071 0.145 0.093 0.074 0.001 0.002 0.000 0.001 0.000 0.000 0.003 0.000 0.000 0.000 0.713 
192 0.019 0.033 0.375 0.348 0.115 0.355 0.363 0.068 0.149 0.096 0.070 0.001 0.002 0.000 0.001 0.000 0.000 0.000 0.000 0.000 0.000 0.720 
193 0.021 0.043 0.364 0.355 0.119 0.356 0.359 0.068 0.141 0.095 0.071 0.001 0.002 0.000 0.001 0.000 0.000 0.000 0.000 0.000 0.000 0.707 
194 0.021 0.052 0.366 0.308 0.128 0.357 0.370 0.070 0.141 0.094 0.072 0.001 0.002 0.000 0.001 0.000 0.000 0.000 0.000 0.000 0.000 0.718 
195 0.019 0.050 0.368 0.321 0.127 0.357 0.382 0.072 0.149 0.098 0.076 0.002 0.003 0.000 0.001 0.000 0.000 0.000 0.000 0.000 0.000 0.720 
196 0.019 0.053 0.371 0.318 0.125 0.363 0.381 0.078 0.151 0.106 0.076 0.002 0.002 0.000 0.002 0.000 0.000 0.000 0.000 0.000 0.000 0.711 
197 0.020 0.054 0.367 0.336 0.133 0.359 0.392 0.081 0.144 0.114 0.075 0.002 0.002 0.000 0.003 0.000 0.000 0.000 0.000 0.000 0.000 0.700 
198 0.020 0.053 0.366 0.324 0.137 0.369 0.381 0.081 0.139 0.122 0.074 0.003 0.004 0.000 0.004 0.000 0.000 0.000 0.000 0.000 0.000 0.694 
199 0.018 0.052 0.372 0.315 0.129 0.367 0.388 0.078 0.131 0.114 0.075 0.004 0.004 0.000 0.002 0.000 0.000 0.000 0.000 0.000 0.000 0.698 
200 0.020 0.049 0.383 0.307 0.136 0.394 0.384 0.076 0.189 0.112 0.071 0.003 0.002 0.000 0.002 0.000 0.000 0.000 0.000 0.000 0.000 0.673 
201 0.021 0.051 0.385 0.325 0.134 0.398 0.379 0.073 0.217 0.108 0.069 0.003 0.002 0.000 0.001 0.000 0.000 0.000 0.000 0.000 0.000 0.669 
202 0.021 0.052 0.378 0.346 0.133 0.413 0.374 0.073 0.224 0.109 0.069 0.003 0.002 0.000 0.001 0.000 0.000 0.000 0.000 0.000 0.000 0.669 
203 0.019 0.055 0.374 0.336 0.133 0.408 0.364 0.072 0.218 0.114 0.065 0.003 0.002 0.000 0.001 0.000 0.002 0.000 0.000 0.000 0.000 0.673 
204 0.018 0.092 0.366 0.336 0.138 0.394 0.349 0.075 0.224 0.113 0.058 0.003 0.002 0.000 0.002 0.000 0.002 0.000 0.000 0.000 0.000 0.688 
205 0.016 0.104 0.364 0.356 0.141 0.421 0.349 0.077 0.213 0.105 0.057 0.003 0.002 0.000 0.002 0.000 0.002 0.000 0.000 0.000 0.000 0.700 
206 0.014 0.105 0.372 0.311 0.134 0.423 0.352 0.078 0.218 0.104 0.060 0.002 0.001 0.000 0.001 0.000 0.002 0.000 0.000 0.000 0.000 0.716 
207 0.013 0.101 0.364 0.328 0.137 0.421 0.358 0.077 0.222 0.102 0.057 0.001 0.001 0.000 0.002 0.000 0.002 0.000 0.000 0.000 0.000 0.719 
208 0.015 0.122 0.351 0.312 0.137 0.425 0.358 0.076 0.218 0.103 0.054 0.001 0.001 0.000 0.002 0.000 0.005 0.000 0.000 0.000 0.000 0.725 
209 0.015 0.106 0.356 0.304 0.136 0.409 0.362 0.079 0.207 0.098 0.059 0.000 0.001 0.000 0.002 0.000 0.005 0.000 0.000 0.000 0.000 0.710 
210 0.018 0.107 0.363 0.289 0.132 0.407 0.357 0.078 0.198 0.092 0.062 0.000 0.001 0.000 0.002 0.000 0.002 0.000 0.000 0.000 0.000 0.692 
211 0.017 0.110 0.362 0.320 0.136 0.415 0.351 0.082 0.208 0.095 0.063 0.001 0.001 0.000 0.001 0.000 0.000 0.000 0.000 0.000 0.000 0.698 
212 0.017 0.105 0.361 0.327 0.145 0.406 0.342 0.082 0.217 0.100 0.064 0.002 0.001 0.000 0.001 0.000 0.000 0.000 0.000 0.000 0.000 0.695 
213 0.016 0.109 0.351 0.320 0.142 0.415 0.353 0.081 0.212 0.109 0.066 0.001 0.000 0.000 0.001 0.000 0.000 0.000 0.000 0.000 0.000 0.684 
214 0.016 0.108 0.360 0.316 0.134 0.418 0.352 0.086 0.222 0.112 0.068 0.001 0.000 0.000 0.001 0.000 0.000 0.000 0.000 0.000 0.000 0.676 
215 0.016 0.105 0.360 0.311 0.139 0.409 0.352 0.091 0.239 0.125 0.072 0.001 0.000 0.000 0.001 0.000 0.000 0.000 0.000 0.000 0.000 0.691 
216 0.019 0.105 0.359 0.308 0.136 0.415 0.342 0.085 0.286 0.123 0.067 0.001 0.000 0.000 0.001 0.000 0.000 0.000 0.000 0.000 0.000 0.682 
217 0.020 0.100 0.355 0.301 0.136 0.410 0.347 0.091 0.288 0.125 0.061 0.001 0.000 0.000 0.001 0.000 0.000 0.000 0.000 0.000 0.000 0.704 
218 0.024 0.086 0.348 0.310 0.125 0.421 0.330 0.083 0.283 0.122 0.063 0.001 0.000 0.000 0.001 0.000 0.000 0.000 0.000 0.000 0.000 0.699 
219 0.024 0.094 0.338 0.302 0.121 0.400 0.355 0.087 0.285 0.125 0.067 0.001 0.000 0.000 0.001 0.000 0.000 0.000 0.000 0.000 0.000 0.696 
220 0.024 0.090 0.337 0.310 0.128 0.391 0.355 0.086 0.282 0.116 0.066 0.001 0.000 0.000 0.001 0.000 0.000 0.000 0.000 0.000 0.000 0.709 
221 0.024 0.092 0.334 0.312 0.120 0.404 0.342 0.080 0.283 0.120 0.064 0.000 0.000 0.000 0.001 0.000 0.000 0.000 0.000 0.000 0.000 0.719 
222 0.021 0.091 0.343 0.318 0.122 0.398 0.347 0.080 0.291 0.125 0.053 0.003 0.000 0.000 0.001 0.000 0.000 0.000 0.000 0.000 0.000 0.722 
223 0.017 0.092 0.350 0.307 0.118 0.392 0.347 0.079 0.299 0.136 0.057 0.003 0.000 0.000 0.001 0.000 0.000 0.000 0.000 0.000 0.000 0.734 
224 0.016 0.090 0.344 0.303 0.112 0.382 0.348 0.074 0.298 0.131 0.060 0.003 0.000 0.000 0.004 0.000 0.000 0.000 0.000 0.000 0.000 0.729 
225 0.013 0.093 0.355 0.289 0.125 0.386 0.338 0.072 0.297 0.130 0.058 0.003 0.000 0.000 0.004 0.000 0.000 0.000 0.000 0.000 0.000 0.720 
226 0.014 0.091 0.362 0.273 0.128 0.400 0.340 0.070 0.291 0.132 0.054 0.003 0.000 0.000 0.005 0.000 0.002 0.000 0.000 0.000 0.000 0.731 
227 0.017 0.086 0.369 0.271 0.131 0.407 0.338 0.066 0.288 0.135 0.051 0.002 0.000 0.000 0.005 0.000 0.002 0.000 0.000 0.000 0.000 0.740 
228 0.017 0.091 0.365 0.275 0.130 0.393 0.331 0.071 0.294 0.132 0.049 0.002 0.000 0.000 0.005 0.000 0.003 0.000 0.000 0.000 0.000 0.732 
229 0.017 0.086 0.362 0.300 0.122 0.398 0.326 0.070 0.287 0.130 0.052 0.002 0.000 0.000 0.005 0.000 0.002 0.000 0.000 0.000 0.000 0.752 
230 0.013 0.080 0.371 0.294 0.120 0.396 0.324 0.067 0.269 0.122 0.058 0.002 0.000 0.000 0.005 0.000 0.007 0.000 0.000 0.000 0.000 0.731 
231 0.014 0.083 0.372 0.279 0.121 0.391 0.301 0.067 0.279 0.121 0.056 0.000 0.000 0.000 0.005 0.000 0.007 0.000 0.000 0.000 0.000 0.719 
232 0.014 0.095 0.368 0.283 0.118 0.388 0.293 0.066 0.286 0.120 0.057 0.000 0.000 0.000 0.005 0.000 0.005 0.000 0.000 0.000 0.000 0.713 
233 0.018 0.094 0.361 0.269 0.119 0.384 0.305 0.069 0.280 0.123 0.061 0.000 0.000 0.000 0.006 0.000 0.005 0.000 0.000 0.000 0.000 0.710 
234 0.013 0.098 0.364 0.279 0.121 0.377 0.309 0.070 0.276 0.117 0.066 0.000 0.000 0.000 0.006 0.000 0.005 0.000 0.000 0.000 0.000 0.694 
235 0.013 0.102 0.366 0.296 0.121 0.379 0.302 0.072 0.258 0.132 0.062 0.000 0.000 0.000 0.006 0.000 0.005 0.000 0.000 0.000 0.000 0.694 
236 0.010 0.119 0.364 0.298 0.117 0.384 0.309 0.074 0.281 0.132 0.068 0.000 0.000 0.000 0.006 0.000 0.005 0.000 0.000 0.000 0.000 0.699 
237 0.012 0.123 0.362 0.297 0.130 0.375 0.315 0.074 0.281 0.132 0.077 0.001 0.000 0.000 0.006 0.000 0.005 0.000 0.000 0.000 0.000 0.712 
238 0.012 0.117 0.382 0.291 0.122 0.379 0.330 0.078 0.281 0.132 0.077 0.001 0.000 0.000 0.007 0.000 0.002 0.000 0.000 0.000 0.000 0.698 
239 0.012 0.119 0.382 0.325 0.137 0.371 0.347 0.077 0.275 0.139 0.069 0.001 0.000 0.000 0.007 0.000 0.003 0.000 0.000 0.000 0.000 0.716 
240 0.011 0.117 0.388 0.325 0.136 0.362 0.348 0.072 0.289 0.140 0.068 0.001 0.000 0.000 0.007 0.000 0.003 0.000 0.000 0.000 0.000 0.723 
241 0.012 0.112 0.389 0.330 0.135 0.371 0.342 0.074 0.280 0.153 0.074 0.000 0.000 0.000 0.003 0.000 0.005 0.000 0.000 0.000 0.000 0.743 
242 0.012 0.111 0.389 0.326 0.141 0.372 0.336 0.079 0.278 0.159 0.071 0.000 0.000 0.000 0.003 0.000 0.005 0.000 0.000 0.000 0.000 0.744 
243 0.012 0.110 0.386 0.310 0.136 0.371 0.342 0.078 0.287 0.159 0.073 0.000 0.000 0.000 0.003 0.000 0.005 0.000 0.000 0.000 0.000 0.729 
244 0.011 0.109 0.382 0.306 0.134 0.382 0.349 0.075 0.284 0.160 0.076 0.000 0.000 0.000 0.003 0.000 0.005 0.000 0.000 0.000 0.000 0.715 
245 0.012 0.107 0.375 0.303 0.134 0.384 0.342 0.072 0.293 0.164 0.072 0.000 0.000 0.000 0.006 0.000 0.004 0.000 0.000 0.000 0.000 0.707 
246 0.012 0.114 0.365 0.307 0.135 0.377 0.345 0.073 0.281 0.158 0.071 0.000 0.000 0.000 0.006 0.000 0.004 0.000 0.000 0.000 0.000 0.704 
247 0.012 0.107 0.374 0.317 0.141 0.395 0.333 0.076 0.262 0.159 0.069 0.000 0.000 0.000 0.005 0.001 0.005 0.000 0.000 0.000 0.000 0.701 
248 0.015 0.105 0.379 0.310 0.144 0.396 0.337 0.074 0.260 0.158 0.072 0.000 0.000 0.000 0.005 0.002 0.005 0.000 0.000 0.000 0.000 0.677 
249 0.017 0.106 0.373 0.297 0.142 0.397 0.330 0.072 0.251 0.160 0.070 0.000 0.000 0.000 0.005 0.000 0.005 0.000 0.000 0.000 0.000 0.685 
250 0.016 0.107 0.381 0.294 0.150 0.388 0.334 0.074 0.238 0.156 0.072 0.001 0.000 0.000 0.003 0.000 0.005 0.000 0.000 0.000 0.000 0.695 
251 0.014 0.106 0.381 0.298 0.156 0.393 0.331 0.073 0.244 0.156 0.069 0.001 0.000 0.000 0.003 0.000 0.005 0.000 0.000 0.000 0.000 0.707 
252 0.014 0.121 0.378 0.307 0.154 0.404 0.327 0.080 0.221 0.164 0.069 0.001 0.000 0.000 0.003 0.000 0.005 0.000 0.000 0.000 0.000 0.687 
253 0.014 0.117 0.380 0.295 0.157 0.408 0.319 0.082 0.220 0.168 0.067 0.001 0.000 0.000 0.003 0.000 0.007 0.000 0.000 0.000 0.000 0.680 
254 0.014 0.119 0.376 0.292 0.157 0.406 0.310 0.087 0.233 0.167 0.066 0.001 0.000 0.000 0.003 0.000 0.007 0.000 0.000 0.000 0.000 0.681 
255 0.014 0.112 0.376 0.292 0.160 0.415 0.301 0.088 0.279 0.169 0.064 0.001 0.000 0.000 0.002 0.000 0.005 0.000 0.000 0.000 0.000 0.708 
256 0.016 0.111 0.375 0.295 0.158 0.402 0.322 0.095 0.289 0.175 0.067 0.003 0.000 0.000 0.001 0.000 0.005 0.000 0.000 0.000 0.000 0.696 
257 0.016 0.106 0.374 0.307 0.163 0.400 0.323 0.093 0.291 0.182 0.068 0.003 0.000 0.000 0.001 0.000 0.005 0.000 0.000 0.000 0.000 0.696 
258 0.015 0.106 0.367 0.307 0.159 0.408 0.317 0.094 0.289 0.170 0.069 0.003 0.000 0.000 0.004 0.000 0.005 0.000 0.000 0.000 0.000 0.695 
259 0.015 0.102 0.370 0.301 0.158 0.391 0.312 0.095 0.288 0.168 0.067 0.003 0.000 0.000 0.004 0.000 0.005 0.000 0.000 0.000 0.000 0.705 
260 0.018 0.098 0.376 0.313 0.152 0.397 0.307 0.095 0.283 0.172 0.067 0.002 0.000 0.000 0.002 0.000 0.005 0.000 0.000 0.000 0.000 0.708 
261 0.018 0.089 0.376 0.312 0.153 0.382 0.322 0.096 0.296 0.171 0.064 0.001 0.000 0.000 0.002 0.000 0.005 0.000 0.000 0.000 0.000 0.693 
262 0.020 0.089 0.366 0.308 0.151 0.380 0.316 0.102 0.304 0.172 0.058 0.002 0.000 0.000 0.003 0.000 0.005 0.000 0.000 0.000 0.000 0.694 
263 0.020 0.085 0.362 0.327 0.154 0.393 0.328 0.105 0.296 0.169 0.055 0.002 0.000 0.000 0.001 0.000 0.005 0.000 0.000 0.000 0.000 0.721 
264 0.023 0.088 0.355 0.320 0.154 0.402 0.334 0.100 0.297 0.168 0.065 0.002 0.000 0.000 0.001 0.000 0.005 0.000 0.000 0.000 0.000 0.716 
265 0.028 0.087 0.355 0.315 0.153 0.418 0.352 0.099 0.298 0.173 0.061 0.002 0.000 0.000 0.001 0.000 0.007 0.000 0.000 0.000 0.000 0.710 
266 0.026 0.091 0.357 0.311 0.148 0.407 0.354 0.102 0.297 0.169 0.059 0.002 0.000 0.000 0.001 0.000 0.007 0.000 0.000 0.000 0.000 0.713 
267 0.025 0.089 0.361 0.297 0.147 0.399 0.356 0.105 0.318 0.170 0.056 0.002 0.000 0.000 0.001 0.000 0.007 0.000 0.000 0.000 0.000 0.692 
268 0.026 0.089 0.355 0.298 0.147 0.411 0.345 0.107 0.311 0.166 0.056 0.002 0.000 0.000 0.002 0.000 0.009 0.000 0.000 0.000 0.000 0.706 
269 0.023 0.096 0.356 0.304 0.142 0.399 0.348 0.110 0.309 0.176 0.060 0.002 0.000 0.000 0.002 0.000 0.009 0.000 0.000 0.000 0.000 0.703 
270 0.023 0.097 0.361 0.305 0.140 0.403 0.360 0.106 0.300 0.176 0.066 0.002 0.000 0.000 0.002 0.000 0.010 0.000 0.000 0.000 0.000 0.694 
271 0.024 0.097 0.360 0.326 0.144 0.417 0.368 0.105 0.287 0.180 0.062 0.003 0.000 0.000 0.002 0.000 0.007 0.000 0.000 0.000 0.000 0.710 
272 0.023 0.093 0.359 0.326 0.145 0.408 0.357 0.101 0.290 0.184 0.065 0.003 0.000 0.000 0.002 0.000 0.007 0.000 0.000 0.000 0.000 0.731 
273 0.024 0.094 0.361 0.307 0.149 0.411 0.357 0.107 0.283 0.188 0.071 0.003 0.000 0.000 0.002 0.000 0.009 0.000 0.000 0.000 0.000 0.720 
274 0.024 0.093 0.364 0.296 0.149 0.416 0.364 0.108 0.288 0.191 0.070 0.003 0.000 0.000 0.002 0.000 0.005 0.000 0.000 0.000 0.000 0.729 
275 0.020 0.096 0.370 0.296 0.153 0.403 0.347 0.110 0.282 0.189 0.069 0.005 0.000 0.000 0.002 0.000 0.007 0.000 0.000 0.000 0.000 0.706 
276 0.022 0.091 0.366 0.308 0.153 0.397 0.354 0.108 0.259 0.190 0.069 0.006 0.000 0.000 0.001 0.000 0.008 0.000 0.000 0.000 0.000 0.695 
277 0.024 0.092 0.364 0.299 0.157 0.404 0.347 0.110 0.257 0.183 0.071 0.003 0.000 0.000 0.003 0.000 0.008 0.000 0.000 0.000 0.000 0.698 
278 0.026 0.084 0.360 0.297 0.154 0.412 0.348 0.109 0.257 0.187 0.075 0.003 0.000 0.000 0.005 0.000 0.005 0.000 0.000 0.000 0.000 0.693 
279 0.026 0.086 0.366 0.293 0.155 0.404 0.369 0.106 0.257 0.178 0.078 0.003 0.000 0.000 0.005 0.000 0.005 0.000 0.000 0.000 0.000 0.677 
280 0.024 0.084 0.363 0.297 0.153 0.412 0.378 0.100 0.267 0.177 0.080 0.003 0.000 0.000 0.005 0.000 0.005 0.000 0.000 0.000 0.000 0.669 
281 0.023 0.084 0.355 0.291 0.153 0.413 0.380 0.099 0.253 0.180 0.077 0.003 0.000 0.000 0.005 0.000 0.005 0.000 0.000 0.000 0.000 0.670 
282 0.022 0.085 0.351 0.289 0.156 0.418 0.370 0.094 0.239 0.176 0.073 0.001 0.000 0.000 0.006 0.000 0.005 0.000 0.000 0.000 0.000 0.680 
283 0.025 0.084 0.350 0.283 0.152 0.419 0.358 0.095 0.255 0.175 0.076 0.001 0.000 0.000 0.005 0.000 0.007 0.000 0.000 0.000 0.000 0.672 
284 0.027 0.093 0.350 0.287 0.156 0.425 0.360 0.095 0.255 0.178 0.080 0.001 0.000 0.000 0.005 0.000 0.007 0.000 0.000 0.000 0.000 0.675 
285 0.032 0.097 0.338 0.301 0.155 0.446 0.355 0.095 0.257 0.173 0.078 0.001 0.000 0.000 0.007 0.000 0.007 0.000 0.000 0.000 0.000 0.675 
286 0.036 0.097 0.342 0.289 0.153 0.451 0.352 0.096 0.256 0.171 0.088 0.001 0.000 0.000 0.004 0.000 0.007 0.000 0.000 0.000 0.000 0.693 
287 0.036 0.098 0.339 0.291 0.155 0.459 0.360 0.101 0.248 0.173 0.085 0.001 0.000 0.000 0.003 0.000 0.007 0.000 0.000 0.000 0.000 0.692 
288 0.035 0.108 0.339 0.298 0.155 0.443 0.367 0.107 0.251 0.180 0.084 0.001 0.000 0.000 0.003 0.000 0.007 0.000 0.000 0.000 0.000 0.701 
289 0.035 0.109 0.330 0.292 0.160 0.439 0.371 0.109 0.253 0.183 0.089 0.001 0.000 0.000 0.003 0.000 0.008 0.000 0.000 0.000 0.000 0.698 
290 0.036 0.108 0.331 0.288 0.160 0.434 0.370 0.111 0.258 0.188 0.111 0.001 0.000 0.000 0.003 0.000 0.008 0.000 0.000 0.000 0.000 0.705 
291 0.035 0.111 0.334 0.294 0.159 0.434 0.376 0.110 0.257 0.182 0.110 0.001 0.000 0.000 0.003 0.000 0.007 0.000 0.000 0.000 0.000 0.698 
292 0.034 0.111 0.334 0.287 0.160 0.437 0.381 0.103 0.240 0.183 0.111 0.001 0.000 0.000 0.007 0.000 0.007 0.000 0.000 0.000 0.000 0.699 
293 0.035 0.109 0.334 0.293 0.160 0.436 0.387 0.100 0.247 0.185 0.107 0.001 0.000 0.000 0.007 0.000 0.007 0.000 0.000 0.000 0.000 0.700 
294 0.033 0.115 0.333 0.281 0.163 0.429 0.386 0.104 0.256 0.186 0.107 0.001 0.000 0.000 0.007 0.000 0.007 0.000 0.000 0.000 0.000 0.709 
295 0.032 0.116 0.344 0.274 0.167 0.435 0.387 0.104 0.261 0.183 0.103 0.001 0.000 0.000 0.007 0.000 0.007 0.000 0.000 0.000 0.000 0.712 
296 0.040 0.109 0.333 0.281 0.166 0.431 0.365 0.101 0.273 0.178 0.106 0.001 0.000 0.000 0.006 0.000 0.007 0.000 0.000 0.000 0.000 0.703 
297 0.039 0.110 0.339 0.275 0.183 0.410 0.367 0.106 0.274 0.178 0.106 0.001 0.000 0.000 0.007 0.000 0.007 0.000 0.000 0.000 0.000 0.699 
298 0.039 0.110 0.336 0.279 0.181 0.416 0.366 0.102 0.270 0.180 0.106 0.001 0.000 0.000 0.006 0.000 0.007 0.000 0.000 0.000 0.000 0.722 
299 0.039 0.107 0.340 0.278 0.185 0.397 0.374 0.106 0.268 0.185 0.104 0.001 0.000 0.000 0.007 0.000 0.007 0.000 0.000 0.000 0.000 0.710 
300 0.046 0.104 0.332 0.277 0.181 0.409 0.373 0.105 0.267 0.185 0.104 0.001 0.000 0.000 0.006 0.000 0.005 0.000 0.000 0.000 0.000 0.709 
301 0.043 0.101 0.331 0.278 0.168 0.402 0.380 0.117 0.263 0.186 0.102 0.001 0.000 0.000 0.005 0.000 0.005 0.000 0.000 0.000 0.000 0.716 
302 0.045 0.103 0.335 0.280 0.169 0.406 0.371 0.118 0.276 0.181 0.104 0.000 0.000 0.000 0.005 0.000 0.005 0.000 0.000 0.000 0.000 0.691 
303 0.045 0.099 0.337 0.284 0.169 0.416 0.380 0.122 0.272 0.187 0.108 0.000 0.000 0.000 0.007 0.000 0.005 0.000 0.000 0.000 0.000 0.710 
304 0.044 0.113 0.323 0.270 0.168 0.412 0.373 0.121 0.273 0.178 0.111 0.000 0.000 0.000 0.007 0.000 0.005 0.000 0.000 0.000 0.000 0.689 
305 0.041 0.112 0.320 0.272 0.168 0.420 0.366 0.129 0.274 0.184 0.110 0.000 0.000 0.000 0.007 0.000 0.005 0.000 0.000 0.000 0.000 0.665 
306 0.041 0.114 0.315 0.275 0.170 0.428 0.360 0.123 0.273 0.177 0.113 0.000 0.000 0.000 0.008 0.000 0.005 0.000 0.000 0.000 0.000 0.680 
307 0.043 0.108 0.325 0.278 0.170 0.418 0.362 0.122 0.261 0.181 0.112 0.000 0.000 0.000 0.008 0.000 0.005 0.000 0.000 0.000 0.000 0.693 
308 0.038 0.105 0.324 0.277 0.166 0.423 0.359 0.115 0.251 0.174 0.119 0.000 0.000 0.000 0.008 0.000 0.005 0.000 0.000 0.000 0.000 0.675 
309 0.041 0.105 0.312 0.268 0.172 0.424 0.349 0.120 0.257 0.174 0.121 0.000 0.000 0.000 0.011 0.000 0.005 0.000 0.000 0.000 0.000 0.688 
310 0.041 0.107 0.318 0.265 0.169 0.411 0.353 0.125 0.249 0.175 0.115 0.000 0.000 0.000 0.016 0.000 0.005 0.000 0.000 0.000 0.000 0.679 
311 0.048 0.104 0.309 0.264 0.169 0.416 0.341 0.141 0.246 0.174 0.105 0.000 0.000 0.000 0.016 0.002 0.005 0.000 0.000 0.000 0.000 0.674 
312 0.040 0.119 0.309 0.260 0.169 0.414 0.339 0.141 0.233 0.168 0.107 0.001 0.000 0.000 0.016 0.001 0.005 0.000 0.000 0.000 0.000 0.683 
313 0.039 0.119 0.299 0.254 0.169 0.409 0.339 0.137 0.233 0.170 0.103 0.004 0.000 0.000 0.016 0.002 0.005 0.000 0.000 0.000 0.000 0.708 
314 0.039 0.127 0.300 0.250 0.163 0.421 0.325 0.133 0.230 0.174 0.099 0.003 0.000 0.000 0.014 0.002 0.005 0.000 0.000 0.000 0.000 0.699 
315 0.040 0.119 0.304 0.251 0.161 0.410 0.333 0.130 0.242 0.170 0.095 0.003 0.000 0.000 0.014 0.002 0.005 0.000 0.000 0.000 0.000 0.723 
316 0.039 0.117 0.293 0.254 0.156 0.413 0.331 0.129 0.241 0.173 0.097 0.003 0.000 0.000 0.017 0.002 0.005 0.000 0.000 0.000 0.000 0.737 
317 0.039 0.116 0.292 0.265 0.163 0.422 0.323 0.127 0.229 0.175 0.090 0.003 0.000 0.000 0.018 0.002 0.004 0.000 0.000 0.000 0.000 0.724 
318 0.038 0.122 0.283 0.253 0.172 0.428 0.322 0.124 0.222 0.177 0.088 0.002 0.000 0.000 0.018 0.000 0.004 0.000 0.000 0.000 0.000 0.722 
319 0.040 0.123 0.292 0.246 0.179 0.417 0.330 0.127 0.220 0.184 0.094 0.002 0.000 0.000 0.018 0.000 0.004 0.000 0.000 0.000 0.000 0.714 
320 0.041 0.128 0.299 0.242 0.185 0.428 0.331 0.129 0.206 0.197 0.095 0.002 0.000 0.000 0.017 0.000 0.004 0.000 0.000 0.000 0.000 0.709 
321 0.039 0.127 0.309 0.242 0.179 0.431 0.331 0.131 0.199 0.201 0.102 0.002 0.000 0.000 0.017 0.000 0.005 0.000 0.000 0.000 0.000 0.716 
322 0.038 0.128 0.308 0.242 0.178 0.434 0.332 0.130 0.190 0.199 0.103 0.005 0.000 0.000 0.015 0.000 0.005 0.000 0.000 0.000 0.000 0.713 
323 0.039 0.127 0.325 0.251 0.175 0.443 0.334 0.127 0.189 0.188 0.105 0.005 0.000 0.000 0.016 0.000 0.005 0.000 0.000 0.000 0.000 0.702 
324 0.040 0.130 0.319 0.255 0.171 0.460 0.329 0.131 0.185 0.190 0.104 0.007 0.000 0.000 0.016 0.000 0.005 0.000 0.000 0.000 0.000 0.704 
325 0.039 0.132 0.323 0.256 0.173 0.450 0.330 0.128 0.190 0.190 0.105 0.006 0.000 0.000 0.015 0.000 0.005 0.000 0.000 0.000 0.000 0.690 
326 0.037 0.133 0.322 0.254 0.174 0.462 0.330 0.128 0.194 0.197 0.103 0.006 0.000 0.000 0.015 0.000 0.007 0.000 0.000 0.000 0.000 0.688 
327 0.037 0.131 0.323 0.246 0.173 0.462 0.321 0.132 0.190 0.202 0.109 0.007 0.000 0.000 0.011 0.000 0.007 0.000 0.000 0.000 0.000 0.675 
328 0.037 0.132 0.321 0.235 0.179 0.447 0.317 0.136 0.181 0.200 0.111 0.006 0.000 0.000 0.011 0.000 0.008 0.000 0.000 0.000 0.000 0.690 
329 0.039 0.135 0.321 0.239 0.174 0.442 0.314 0.135 0.183 0.212 0.104 0.007 0.000 0.000 0.012 0.000 0.005 0.000 0.000 0.000 0.000 0.687 
330 0.038 0.133 0.317 0.235 0.179 0.444 0.310 0.130 0.179 0.207 0.095 0.008 0.000 0.000 0.012 0.002 0.002 0.000 0.000 0.000 0.000 0.670 
331 0.037 0.134 0.321 0.229 0.173 0.423 0.317 0.130 0.175 0.210 0.089 0.007 0.000 0.000 0.011 0.000 0.002 0.000 0.000 0.000 0.000 0.671 
332 0.036 0.132 0.329 0.217 0.176 0.441 0.316 0.131 0.161 0.212 0.086 0.007 0.001 0.000 0.013 0.000 0.009 0.000 0.000 0.000 0.000 0.660 
333 0.036 0.130 0.335 0.231 0.178 0.435 0.314 0.137 0.151 0.217 0.086 0.006 0.001 0.000 0.012 0.000 0.017 0.000 0.000 0.000 0.000 0.664 
334 0.037 0.131 0.331 0.230 0.180 0.435 0.310 0.136 0.150 0.206 0.085 0.006 0.001 0.000 0.012 0.000 0.017 0.000 0.000 0.000 0.000 0.695 
335 0.036 0.134 0.332 0.231 0.170 0.465 0.307 0.136 0.138 0.205 0.094 0.006 0.001 0.000 0.011 0.000 0.017 0.000 0.000 0.000 0.000 0.696 
336 0.032 0.136 0.321 0.233 0.168 0.474 0.298 0.137 0.150 0.205 0.098 0.007 0.001 0.000 0.011 0.000 0.017 0.000 0.000 0.000 0.000 0.697 
337 0.036 0.136 0.333 0.233 0.170 0.478 0.303 0.137 0.145 0.211 0.092 0.008 0.001 0.000 0.010 0.000 0.015 0.000 0.000 0.000 0.000 0.722 
338 0.037 0.140 0.337 0.211 0.178 0.483 0.299 0.138 0.139 0.202 0.091 0.008 0.001 0.000 0.009 0.000 0.015 0.000 0.000 0.000 0.000 0.726 
339 0.037 0.146 0.333 0.208 0.182 0.476 0.304 0.140 0.145 0.209 0.094 0.008 0.001 0.000 0.009 0.000 0.019 0.000 0.000 0.000 0.000 0.745 
340 0.038 0.145 0.335 0.215 0.178 0.473 0.310 0.137 0.158 0.202 0.096 0.007 0.001 0.000 0.009 0.000 0.017 0.000 0.000 0.000 0.000 0.735 
341 0.037 0.144 0.339 0.217 0.177 0.458 0.306 0.135 0.158 0.204 0.095 0.008 0.001 0.000 0.008 0.000 0.018 0.000 0.000 0.000 0.000 0.747 
342 0.033 0.140 0.332 0.218 0.171 0.453 0.311 0.138 0.169 0.205 0.100 0.008 0.001 0.000 0.008 0.000 0.018 0.000 0.000 0.000 0.000 0.732 
343 0.034 0.142 0.330 0.208 0.172 0.453 0.306 0.139 0.180 0.196 0.100 0.009 0.001 0.000 0.008 0.000 0.018 0.000 0.000 0.000 0.000 0.744 
344 0.032 0.144 0.332 0.200 0.170 0.440 0.301 0.136 0.192 0.193 0.098 0.009 0.001 0.000 0.007 0.000 0.019 0.000 0.000 0.000 0.000 0.717 
345 0.033 0.140 0.332 0.207 0.171 0.439 0.303 0.138 0.177 0.197 0.098 0.008 0.001 0.000 0.006 0.000 0.020 0.000 0.000 0.000 0.000 0.718 
346 0.033 0.134 0.333 0.214 0.174 0.455 0.297 0.139 0.167 0.191 0.090 0.008 0.001 0.000 0.006 0.000 0.027 0.000 0.000 0.000 0.000 0.707 
347 0.031 0.141 0.330 0.213 0.174 0.447 0.302 0.144 0.162 0.205 0.090 0.008 0.001 0.000 0.006 0.000 0.025 0.000 0.000 0.000 0.000 0.717 
348 0.035 0.146 0.323 0.201 0.176 0.449 0.302 0.142 0.167 0.204 0.093 0.008 0.001 0.000 0.006 0.000 0.020 0.000 0.000 0.000 0.000 0.705 
349 0.034 0.144 0.334 0.203 0.180 0.464 0.309 0.141 0.170 0.200 0.101 0.008 0.001 0.000 0.006 0.000 0.024 0.000 0.000 0.000 0.000 0.703 
350 0.034 0.142 0.330 0.208 0.181 0.460 0.308 0.141 0.179 0.198 0.108 0.008 0.001 0.000 0.006 0.000 0.028 0.000 0.000 0.000 0.000 0.703 
351 0.033 0.141 0.324 0.214 0.179 0.465 0.320 0.146 0.194 0.197 0.103 0.007 0.001 0.000 0.005 0.000 0.027 0.000 0.000 0.000 0.000 0.736 
352 0.034 0.138 0.322 0.217 0.175 0.478 0.310 0.143 0.180 0.205 0.102 0.008 0.001 0.000 0.005 0.000 0.027 0.000 0.000 0.000 0.000 0.698 
353 0.039 0.131 0.318 0.210 0.186 0.469 0.306 0.143 0.180 0.203 0.099 0.008 0.001 0.000 0.005 0.000 0.027 0.000 0.000 0.000 0.000 0.692 
354 0.042 0.134 0.323 0.203 0.183 0.476 0.286 0.145 0.186 0.195 0.098 0.008 0.001 0.000 0.004 0.000 0.029 0.000 0.000 0.000 0.000 0.693 
355 0.042 0.132 0.330 0.203 0.186 0.459 0.294 0.147 0.197 0.186 0.099 0.008 0.001 0.000 0.004 0.000 0.028 0.000 0.000 0.000 0.000 0.697 
356 0.036 0.134 0.328 0.205 0.186 0.476 0.288 0.150 0.198 0.183 0.104 0.008 0.001 0.000 0.004 0.000 0.028 0.000 0.000 0.000 0.000 0.713 
357 0.038 0.136 0.324 0.201 0.190 0.473 0.284 0.150 0.190 0.180 0.095 0.010 0.001 0.000 0.004 0.000 0.026 0.000 0.000 0.000 0.000 0.703 
358 0.043 0.140 0.330 0.199 0.195 0.474 0.285 0.150 0.184 0.179 0.094 0.010 0.001 0.000 0.004 0.000 0.024 0.000 0.000 0.000 0.000 0.695 
359 0.045 0.136 0.324 0.198 0.190 0.498 0.279 0.148 0.186 0.171 0.093 0.008 0.001 0.000 0.004 0.000 0.021 0.000 0.000 0.000 0.000 0.716 
360 0.046 0.133 0.310 0.194 0.195 0.513 0.273 0.148 0.189 0.173 0.094 0.007 0.001 0.000 0.003 0.000 0.020 0.000 0.000 0.000 0.000 0.725 
361 0.048 0.130 0.309 0.186 0.202 0.503 0.265 0.147 0.180 0.168 0.101 0.007 0.001 0.000 0.003 0.000 0.022 0.000 0.000 0.000 0.000 0.730 
362 0.047 0.130 0.304 0.185 0.198 0.514 0.266 0.146 0.186 0.165 0.098 0.007 0.001 0.000 0.003 0.000 0.023 0.000 0.000 0.000 0.000 0.721 
363 0.046 0.130 0.300 0.181 0.193 0.505 0.253 0.152 0.168 0.168 0.091 0.008 0.001 0.000 0.004 0.000 0.030 0.000 0.000 0.000 0.000 0.719 
364 0.044 0.139 0.294 0.183 0.189 0.495 0.245 0.154 0.175 0.159 0.091 0.008 0.001 0.000 0.004 0.000 0.029 0.000 0.000 0.000 0.000 0.722 
365 0.042 0.133 0.293 0.201 0.184 0.504 0.253 0.156 0.158 0.156 0.090 0.008 0.001 0.000 0.005 0.000 0.024 0.000 0.000 0.000 0.000 0.741 
366 0.041 0.134 0.290 0.201 0.187 0.516 0.244 0.159 0.166 0.159 0.088 0.007 0.001 0.000 0.006 0.000 0.027 0.000 0.000 0.000 0.000 0.735 
367 0.043 0.132 0.292 0.197 0.183 0.499 0.262 0.156 0.165 0.151 0.098 0.007 0.001 0.000 0.007 0.000 0.025 0.000 0.000 0.000 0.000 0.729 
368 0.046 0.137 0.298 0.196 0.186 0.477 0.262 0.162 0.171 0.142 0.100 0.007 0.002 0.000 0.006 0.000 0.021 0.000 0.000 0.000 0.000 0.725 
369 0.045 0.147 0.294 0.194 0.186 0.479 0.267 0.161 0.166 0.145 0.100 0.006 0.002 0.000 0.006 0.000 0.020 0.000 0.000 0.000 0.000 0.725 
370 0.045 0.141 0.287 0.201 0.190 0.487 0.283 0.156 0.162 0.145 0.092 0.006 0.002 0.000 0.007 0.000 0.018 0.000 0.000 0.000 0.000 0.725 
371 0.048 0.142 0.286 0.206 0.189 0.493 0.282 0.150 0.169 0.143 0.096 0.005 0.002 0.000 0.007 0.000 0.019 0.000 0.000 0.000 0.000 0.707 
372 0.053 0.143 0.290 0.200 0.191 0.496 0.301 0.141 0.174 0.139 0.097 0.005 0.002 0.000 0.008 0.000 0.026 0.000 0.000 0.000 0.000 0.713 
373 0.049 0.140 0.293 0.200 0.190 0.499 0.289 0.139 0.178 0.143 0.094 0.006 0.002 0.000 0.008 0.000 0.031 0.000 0.000 0.000 0.000 0.710 
374 0.050 0.140 0.301 0.196 0.188 0.500 0.282 0.135 0.185 0.143 0.097 0.003 0.003 0.000 0.008 0.000 0.035 0.000 0.000 0.000 0.000 0.692 
375 0.049 0.139 0.309 0.198 0.187 0.513 0.285 0.140 0.183 0.139 0.101 0.002 0.002 0.000 0.009 0.000 0.032 0.000 0.000 0.000 0.000 0.706 
376 0.048 0.138 0.306 0.205 0.189 0.509 0.302 0.144 0.185 0.136 0.101 0.002 0.002 0.000 0.009 0.000 0.031 0.000 0.000 0.000 0.000 0.709 
377 0.049 0.145 0.304 0.208 0.195 0.502 0.299 0.143 0.179 0.134 0.099 0.004 0.002 0.000 0.009 0.000 0.034 0.000 0.000 0.000 0.000 0.701 
378 0.054 0.149 0.307 0.203 0.193 0.506 0.297 0.142 0.181 0.142 0.096 0.005 0.002 0.000 0.009 0.000 0.037 0.000 0.000 0.000 0.000 0.708 
379 0.052 0.152 0.308 0.199 0.196 0.505 0.298 0.140 0.185 0.136 0.088 0.005 0.002 0.000 0.009 0.000 0.040 0.000 0.000 0.000 0.000 0.698 
380 0.054 0.149 0.306 0.211 0.191 0.498 0.290 0.137 0.177 0.147 0.087 0.004 0.002 0.000 0.009 0.000 0.046 0.000 0.000 0.000 0.000 0.684 
381 0.054 0.147 0.300 0.213 0.198 0.495 0.295 0.136 0.167 0.148 0.088 0.005 0.002 0.000 0.009 0.000 0.045 0.000 0.000 0.000 0.000 0.685 
382 0.059 0.151 0.295 0.215 0.199 0.502 0.296 0.140 0.176 0.152 0.089 0.009 0.002 0.000 0.009 0.000 0.044 0.000 0.000 0.000 0.000 0.676 
383 0.057 0.145 0.300 0.213 0.201 0.497 0.305 0.142 0.180 0.158 0.085 0.006 0.001 0.000 0.008 0.000 0.043 0.000 0.000 0.000 0.000 0.690 
384 0.056 0.144 0.290 0.215 0.210 0.506 0.288 0.150 0.178 0.158 0.088 0.006 0.001 0.000 0.008 0.000 0.039 0.000 0.000 0.000 0.000 0.708 
385 0.055 0.146 0.283 0.217 0.213 0.493 0.292 0.147 0.169 0.161 0.092 0.005 0.001 0.000 0.008 0.000 0.039 0.000 0.000 0.000 0.000 0.716 
386 0.056 0.142 0.277 0.220 0.212 0.502 0.301 0.140 0.172 0.158 0.094 0.004 0.001 0.000 0.009 0.000 0.042 0.000 0.000 0.000 0.000 0.730 
387 0.058 0.140 0.275 0.224 0.210 0.503 0.301 0.144 0.176 0.163 0.096 0.006 0.001 0.000 0.010 0.000 0.045 0.000 0.000 0.000 0.000 0.733 
388 0.059 0.133 0.279 0.226 0.208 0.502 0.313 0.141 0.179 0.166 0.092 0.005 0.001 0.000 0.008 0.000 0.045 0.000 0.000 0.000 0.000 0.731 
389 0.057 0.131 0.280 0.220 0.203 0.485 0.305 0.139 0.172 0.173 0.096 0.005 0.001 0.000 0.010 0.000 0.044 0.000 0.000 0.000 0.000 0.721 
390 0.051 0.132 0.287 0.226 0.199 0.494 0.309 0.142 0.164 0.172 0.096 0.008 0.004 0.000 0.007 0.000 0.044 0.000 0.000 0.000 0.000 0.708 
391 0.051 0.137 0.294 0.231 0.196 0.478 0.319 0.139 0.159 0.172 0.099 0.008 0.003 0.000 0.007 0.000 0.044 0.000 0.000 0.000 0.000 0.710 
392 0.053 0.137 0.294 0.228 0.195 0.465 0.312 0.137 0.163 0.158 0.096 0.008 0.003 0.000 0.007 0.002 0.045 0.002 0.000 0.000 0.000 0.706 
393 0.053 0.137 0.289 0.227 0.199 0.476 0.305 0.138 0.161 0.168 0.093 0.009 0.004 0.000 0.006 0.002 0.043 0.002 0.000 0.000 0.000 0.703 
394 0.051 0.138 0.286 0.224 0.197 0.471 0.304 0.139 0.160 0.166 0.103 0.010 0.005 0.000 0.006 0.002 0.052 0.002 0.000 0.000 0.000 0.702 
395 0.045 0.132 0.294 0.222 0.195 0.461 0.297 0.138 0.167 0.165 0.097 0.010 0.003 0.000 0.006 0.002 0.050 0.002 0.000 0.000 0.000 0.699 
396 0.049 0.131 0.309 0.228 0.194 0.466 0.291 0.139 0.170 0.163 0.093 0.009 0.004 0.000 0.006 0.002 0.053 0.002 0.000 0.000 0.000 0.704 
397 0.051 0.132 0.327 0.224 0.198 0.473 0.275 0.142 0.156 0.160 0.093 0.009 0.004 0.000 0.003 0.002 0.055 0.000 0.000 0.000 0.000 0.690 
398 0.054 0.126 0.314 0.223 0.198 0.462 0.266 0.144 0.156 0.155 0.095 0.008 0.004 0.000 0.003 0.002 0.058 0.000 0.000 0.000 0.000 0.692 
399 0.057 0.121 0.307 0.223 0.198 0.458 0.273 0.146 0.155 0.152 0.103 0.006 0.004 0.000 0.003 0.002 0.057 0.000 0.000 0.000 0.000 0.680 
400 0.058 0.117 0.306 0.219 0.195 0.459 0.289 0.149 0.157 0.151 0.107 0.006 0.004 0.000 0.004 0.000 0.053 0.000 0.000 0.000 0.000 0.682 
401 0.057 0.112 0.292 0.220 0.195 0.458 0.305 0.147 0.145 0.147 0.101 0.007 0.004 0.000 0.005 0.000 0.052 0.000 0.000 0.000 0.000 0.686 
402 0.061 0.110 0.286 0.225 0.195 0.478 0.296 0.143 0.151 0.145 0.101 0.009 0.004 0.000 0.005 0.000 0.051 0.000 0.000 0.000 0.000 0.697 
403 0.061 0.110 0.277 0.222 0.196 0.476 0.295 0.146 0.149 0.148 0.093 0.009 0.004 0.000 0.005 0.000 0.054 0.000 0.000 0.000 0.000 0.706 
404 0.066 0.110 0.273 0.221 0.198 0.468 0.297 0.154 0.142 0.156 0.089 0.011 0.002 0.000 0.005 0.000 0.052 0.000 0.000 0.000 0.000 0.711 
405 0.067 0.110 0.277 0.231 0.199 0.453 0.308 0.151 0.157 0.162 0.085 0.011 0.002 0.000 0.003 0.000 0.054 0.000 0.000 0.000 0.000 0.719 
406 0.066 0.109 0.277 0.231 0.198 0.452 0.318 0.149 0.162 0.165 0.085 0.014 0.003 0.000 0.003 0.000 0.057 0.000 0.000 0.000 0.000 0.707 
407 0.066 0.113 0.275 0.226 0.198 0.439 0.320 0.153 0.151 0.170 0.087 0.013 0.002 0.000 0.003 0.000 0.064 0.000 0.000 0.000 0.000 0.700 
408 0.070 0.118 0.279 0.217 0.196 0.449 0.313 0.153 0.149 0.168 0.091 0.013 0.002 0.000 0.003 0.000 0.066 0.000 0.000 0.000 0.000 0.689 
409 0.069 0.111 0.280 0.209 0.200 0.456 0.309 0.158 0.137 0.174 0.090 0.013 0.002 0.000 0.003 0.000 0.065 0.000 0.000 0.000 0.000 0.692 
410 0.068 0.110 0.276 0.219 0.197 0.465 0.306 0.150 0.144 0.176 0.093 0.013 0.002 0.000 0.003 0.000 0.070 0.000 0.000 0.000 0.000 0.692 
411 0.071 0.110 0.273 0.233 0.190 0.477 0.310 0.150 0.139 0.182 0.097 0.013 0.002 0.000 0.004 0.000 0.072 0.000 0.000 0.000 0.000 0.687 
412 0.068 0.111 0.282 0.217 0.193 0.476 0.311 0.152 0.128 0.181 0.097 0.014 0.002 0.000 0.004 0.000 0.077 0.000 0.000 0.000 0.000 0.689 
413 0.065 0.112 0.274 0.211 0.188 0.473 0.321 0.151 0.123 0.186 0.097 0.014 0.002 0.000 0.004 0.000 0.079 0.000 0.000 0.000 0.000 0.695 
414 0.064 0.110 0.273 0.209 0.194 0.469 0.320 0.156 0.128 0.189 0.100 0.014 0.002 0.000 0.005 0.000 0.077 0.000 0.000 0.000 0.000 0.693 
415 0.069 0.103 0.271 0.207 0.191 0.454 0.314 0.155 0.152 0.187 0.097 0.014 0.002 0.000 0.006 0.000 0.076 0.000 0.000 0.000 0.000 0.701 
416 0.065 0.101 0.274 0.212 0.189 0.453 0.317 0.156 0.145 0.179 0.111 0.014 0.001 0.000 0.005 0.000 0.068 0.000 0.000 0.000 0.000 0.709 
417 0.063 0.104 0.272 0.205 0.191 0.446 0.303 0.158 0.142 0.173 0.109 0.015 0.001 0.000 0.006 0.000 0.062 0.000 0.000 0.000 0.000 0.709 
418 0.061 0.099 0.266 0.202 0.190 0.437 0.304 0.158 0.138 0.172 0.111 0.012 0.001 0.000 0.007 0.000 0.060 0.000 0.000 0.000 0.000 0.722 
419 0.057 0.102 0.266 0.196 0.189 0.439 0.299 0.162 0.140 0.177 0.116 0.011 0.001 0.000 0.007 0.000 0.053 0.000 0.000 0.000 0.000 0.712 
420 0.058 0.104 0.254 0.196 0.194 0.445 0.305 0.164 0.140 0.176 0.113 0.011 0.001 0.000 0.007 0.000 0.048 0.000 0.000 0.000 0.000 0.703 
421 0.058 0.102 0.252 0.196 0.185 0.445 0.303 0.168 0.142 0.175 0.113 0.013 0.001 0.000 0.009 0.000 0.045 0.000 0.000 0.000 0.000 0.706 
422 0.060 0.100 0.251 0.183 0.177 0.437 0.294 0.165 0.132 0.176 0.117 0.014 0.001 0.000 0.007 0.000 0.046 0.000 0.000 0.000 0.000 0.702 
423 0.058 0.089 0.249 0.179 0.181 0.435 0.292 0.171 0.141 0.183 0.119 0.015 0.001 0.000 0.007 0.000 0.041 0.000 0.000 0.000 0.000 0.688 
424 0.057 0.091 0.260 0.174 0.194 0.426 0.291 0.176 0.135 0.185 0.116 0.016 0.001 0.000 0.009 0.000 0.041 0.000 0.000 0.000 0.000 0.708 
425 0.057 0.094 0.263 0.174 0.194 0.437 0.278 0.175 0.137 0.185 0.116 0.015 0.001 0.000 0.008 0.000 0.045 0.000 0.000 0.000 0.000 0.707 
426 0.056 0.096 0.259 0.175 0.191 0.456 0.279 0.177 0.140 0.187 0.115 0.015 0.001 0.000 0.008 0.000 0.052 0.000 0.003 0.000 0.000 0.706 
427 0.057 0.095 0.267 0.176 0.193 0.445 0.287 0.173 0.148 0.192 0.111 0.017 0.001 0.000 0.008 0.003 0.051 0.000 0.004 0.000 0.000 0.708 
428 0.055 0.095 0.270 0.180 0.197 0.444 0.315 0.170 0.150 0.196 0.108 0.016 0.001 0.000 0.008 0.002 0.047 0.000 0.004 0.000 0.000 0.714 
429 0.057 0.094 0.279 0.183 0.197 0.445 0.316 0.165 0.160 0.198 0.115 0.017 0.001 0.000 0.008 0.002 0.045 0.000 0.004 0.000 0.000 0.704 
430 0.056 0.094 0.283 0.183 0.201 0.430 0.309 0.167 0.147 0.193 0.112 0.016 0.001 0.000 0.008 0.002 0.042 0.000 0.004 0.000 0.000 0.722 
431 0.061 0.098 0.282 0.177 0.205 0.445 0.308 0.167 0.156 0.203 0.114 0.016 0.001 0.000 0.008 0.002 0.040 0.000 0.004 0.000 0.000 0.728 
432 0.057 0.098 0.277 0.181 0.210 0.446 0.312 0.166 0.153 0.202 0.115 0.016 0.001 0.000 0.009 0.002 0.043 0.000 0.004 0.000 0.000 0.727 
433 0.058 0.104 0.271 0.176 0.213 0.449 0.309 0.168 0.146 0.205 0.118 0.016 0.001 0.000 0.010 0.003 0.039 0.000 0.004 0.000 0.000 0.738 
434 0.060 0.101 0.270 0.177 0.212 0.450 0.297 0.169 0.146 0.200 0.114 0.018 0.001 0.000 0.010 0.002 0.042 0.000 0.004 0.000 0.000 0.720 
435 0.061 0.096 0.279 0.180 0.217 0.440 0.296 0.172 0.147 0.200 0.110 0.018 0.001 0.000 0.010 0.003 0.045 0.000 0.004 0.000 0.000 0.711 
436 0.061 0.096 0.276 0.178 0.222 0.440 0.301 0.171 0.141 0.206 0.102 0.020 0.001 0.000 0.010 0.005 0.052 0.000 0.004 0.000 0.000 0.695 
437 0.060 0.098 0.277 0.187 0.221 0.444 0.296 0.169 0.152 0.208 0.101 0.020 0.001 0.000 0.011 0.008 0.054 0.000 0.004 0.000 0.000 0.672 
438 0.061 0.101 0.271 0.184 0.226 0.430 0.304 0.165 0.149 0.200 0.098 0.019 0.000 0.000 0.011 0.007 0.061 0.000 0.004 0.000 0.000 0.684 
439 0.062 0.101 0.277 0.186 0.223 0.428 0.316 0.161 0.167 0.197 0.094 0.021 0.000 0.000 0.010 0.007 0.062 0.000 0.004 0.000 0.000 0.669 
440 0.063 0.107 0.296 0.186 0.220 0.417 0.319 0.161 0.172 0.195 0.101 0.021 0.000 0.000 0.011 0.007 0.061 0.000 0.004 0.000 0.000 0.673 
441 0.060 0.108 0.294 0.186 0.215 0.411 0.318 0.155 0.186 0.187 0.096 0.023 0.000 0.000 0.011 0.007 0.056 0.000 0.004 0.000 0.000 0.676 
442 0.061 0.112 0.289 0.181 0.215 0.422 0.323 0.158 0.185 0.189 0.104 0.022 0.000 0.000 0.010 0.009 0.058 0.000 0.004 0.000 0.000 0.681 
443 0.060 0.112 0.291 0.169 0.220 0.408 0.320 0.158 0.190 0.185 0.097 0.023 0.000 0.000 0.010 0.010 0.057 0.000 0.004 0.000 0.000 0.665 
444 0.059 0.108 0.289 0.173 0.227 0.408 0.327 0.158 0.193 0.191 0.092 0.021 0.000 0.000 0.010 0.011 0.059 0.000 0.008 0.000 0.000 0.689 
445 0.061 0.114 0.290 0.171 0.230 0.430 0.340 0.156 0.195 0.192 0.094 0.024 0.000 0.000 0.010 0.012 0.066 0.000 0.008 0.000 0.000 0.691 
446 0.062 0.111 0.286 0.173 0.234 0.430 0.334 0.156 0.203 0.187 0.089 0.024 0.000 0.000 0.009 0.013 0.058 0.000 0.012 0.000 0.000 0.697 
447 0.058 0.112 0.279 0.168 0.236 0.423 0.337 0.156 0.192 0.182 0.084 0.026 0.000 0.000 0.009 0.015 0.063 0.000 0.013 0.000 0.000 0.677 
448 0.058 0.117 0.281 0.159 0.232 0.431 0.339 0.154 0.192 0.185 0.087 0.025 0.000 0.000 0.009 0.015 0.073 0.000 0.013 0.000 0.000 0.686 
449 0.058 0.112 0.289 0.156 0.228 0.430 0.338 0.153 0.185 0.183 0.079 0.026 0.000 0.000 0.009 0.017 0.072 0.000 0.013 0.000 0.000 0.704 
450 0.058 0.110 0.284 0.153 0.230 0.434 0.337 0.155 0.194 0.184 0.089 0.026 0.000 0.000 0.008 0.014 0.073 0.000 0.013 0.000 0.000 0.731 
451 0.062 0.106 0.278 0.154 0.231 0.441 0.339 0.150 0.198 0.186 0.087 0.028 0.000 0.000 0.008 0.015 0.070 0.000 0.017 0.000 0.000 0.734 
452 0.063 0.103 0.275 0.159 0.229 0.428 0.345 0.146 0.199 0.188 0.090 0.030 0.000 0.000 0.008 0.015 0.069 0.000 0.017 0.000 0.000 0.738 
453 0.063 0.104 0.270 0.158 0.221 0.436 0.336 0.144 0.212 0.184 0.100 0.029 0.000 0.000 0.007 0.015 0.073 0.004 0.021 0.000 0.000 0.740 
454 0.064 0.106 0.267 0.168 0.220 0.428 0.344 0.140 0.194 0.182 0.105 0.028 0.000 0.000 0.007 0.015 0.070 0.007 0.021 0.000 0.000 0.729 
455 0.067 0.108 0.267 0.164 0.228 0.428 0.333 0.142 0.192 0.192 0.107 0.029 0.000 0.000 0.008 0.014 0.077 0.007 0.021 0.000 0.000 0.722 
456 0.069 0.116 0.260 0.168 0.237 0.431 0.333 0.146 0.188 0.194 0.098 0.028 0.001 0.000 0.008 0.014 0.078 0.006 0.025 0.000 0.000 0.724 
457 0.072 0.122 0.257 0.158 0.242 0.431 0.332 0.145 0.183 0.198 0.090 0.028 0.001 0.000 0.006 0.016 0.077 0.006 0.021 0.000 0.000 0.720 
458 0.071 0.121 0.259 0.169 0.235 0.431 0.321 0.150 0.193 0.191 0.085 0.028 0.001 0.000 0.006 0.015 0.077 0.006 0.021 0.000 0.000 0.739 
459 0.068 0.119 0.265 0.166 0.236 0.415 0.316 0.148 0.188 0.185 0.084 0.028 0.000 0.000 0.007 0.016 0.073 0.009 0.016 0.000 0.000 0.738 
460 0.068 0.120 0.255 0.168 0.229 0.421 0.320 0.144 0.190 0.182 0.083 0.027 0.000 0.000 0.010 0.016 0.070 0.009 0.016 0.000 0.000 0.720 
461 0.064 0.122 0.251 0.170 0.227 0.425 0.316 0.142 0.198 0.185 0.086 0.025 0.000 0.000 0.010 0.016 0.071 0.009 0.016 0.000 0.000 0.722 
462 0.064 0.121 0.260 0.181 0.228 0.428 0.308 0.146 0.212 0.169 0.103 0.027 0.000 0.000 0.010 0.014 0.072 0.006 0.015 0.000 0.000 0.724 
463 0.064 0.122 0.248 0.176 0.231 0.430 0.311 0.146 0.213 0.169 0.102 0.025 0.000 0.000 0.010 0.014 0.073 0.006 0.015 0.000 0.000 0.715 
464 0.065 0.127 0.252 0.162 0.236 0.423 0.305 0.152 0.215 0.176 0.106 0.027 0.000 0.000 0.010 0.013 0.080 0.006 0.014 0.000 0.000 0.718 
465 0.066 0.124 0.254 0.164 0.231 0.418 0.290 0.148 0.207 0.182 0.105 0.026 0.000 0.000 0.008 0.012 0.081 0.006 0.011 0.000 0.000 0.697 
466 0.065 0.123 0.252 0.168 0.233 0.423 0.322 0.153 0.217 0.185 0.100 0.026 0.000 0.000 0.007 0.012 0.079 0.007 0.011 0.000 0.000 0.688 
467 0.062 0.126 0.256 0.172 0.236 0.401 0.330 0.161 0.219 0.190 0.102 0.029 0.000 0.000 0.007 0.011 0.074 0.007 0.011 0.001 0.000 0.715 
468 0.064 0.120 0.262 0.176 0.239 0.419 0.337 0.158 0.215 0.193 0.109 0.032 0.000 0.000 0.007 0.010 0.077 0.007 0.011 0.001 0.000 0.712 
469 0.068 0.120 0.256 0.180 0.244 0.409 0.325 0.171 0.226 0.193 0.107 0.031 0.000 0.000 0.007 0.011 0.077 0.006 0.013 0.001 0.000 0.714 
470 0.068 0.126 0.259 0.185 0.252 0.408 0.320 0.166 0.227 0.187 0.107 0.030 0.001 0.000 0.008 0.011 0.073 0.006 0.013 0.001 0.000 0.708 
471 0.071 0.129 0.253 0.192 0.259 0.417 0.313 0.163 0.238 0.188 0.102 0.028 0.001 0.000 0.008 0.010 0.069 0.006 0.012 0.001 0.000 0.709 
472 0.072 0.124 0.247 0.200 0.260 0.424 0.317 0.159 0.224 0.188 0.107 0.027 0.001 0.000 0.007 0.010 0.067 0.006 0.012 0.001 0.000 0.727 
473 0.073 0.121 0.243 0.195 0.257 0.420 0.309 0.157 0.222 0.182 0.103 0.027 0.001 0.000 0.008 0.010 0.065 0.006 0.012 0.001 0.000 0.727 
474 0.075 0.116 0.242 0.193 0.259 0.405 0.307 0.159 0.223 0.185 0.106 0.027 0.001 0.000 0.007 0.008 0.063 0.007 0.012 0.001 0.000 0.715 
475 0.071 0.119 0.242 0.187 0.260 0.406 0.328 0.159 0.227 0.178 0.103 0.027 0.001 0.000 0.005 0.008 0.064 0.004 0.012 0.001 0.000 0.694 
476 0.076 0.122 0.234 0.189 0.265 0.393 0.325 0.156 0.231 0.175 0.100 0.028 0.001 0.000 0.005 0.008 0.074 0.004 0.012 0.001 0.000 0.706 
477 0.075 0.123 0.245 0.186 0.252 0.404 0.322 0.162 0.231 0.174 0.100 0.028 0.001 0.000 0.005 0.008 0.079 0.005 0.011 0.001 0.000 0.710 
478 0.075 0.125 0.244 0.191 0.246 0.408 0.321 0.161 0.214 0.186 0.095 0.028 0.002 0.000 0.003 0.008 0.074 0.009 0.011 0.001 0.000 0.699 
479 0.077 0.120 0.241 0.190 0.246 0.414 0.310 0.164 0.214 0.190 0.094 0.027 0.002 0.000 0.003 0.008 0.074 0.008 0.011 0.001 0.000 0.693 
480 0.075 0.121 0.238 0.180 0.247 0.394 0.316 0.162 0.211 0.193 0.089 0.028 0.003 0.000 0.003 0.012 0.071 0.009 0.004 0.001 0.000 0.693 
481 0.079 0.119 0.240 0.173 0.247 0.402 0.310 0.165 0.197 0.188 0.094 0.027 0.003 0.000 0.003 0.012 0.070 0.011 0.004 0.001 0.000 0.701 
482 0.081 0.114 0.239 0.173 0.244 0.418 0.313 0.170 0.183 0.192 0.094 0.026 0.006 0.000 0.003 0.011 0.070 0.012 0.004 0.001 0.000 0.686 
483 0.084 0.120 0.251 0.174 0.244 0.412 0.306 0.160 0.190 0.196 0.087 0.025 0.005 0.000 0.003 0.010 0.073 0.014 0.004 0.001 0.000 0.688 
484 0.081 0.122 0.261 0.174 0.247 0.423 0.307 0.153 0.183 0.190 0.089 0.024 0.005 0.000 0.003 0.010 0.073 0.013 0.004 0.001 0.000 0.688 
485 0.079 0.122 0.259 0.161 0.253 0.425 0.313 0.154 0.185 0.193 0.088 0.022 0.006 0.000 0.006 0.010 0.073 0.013 0.004 0.001 0.000 0.707 
486 0.082 0.123 0.247 0.161 0.261 0.437 0.330 0.159 0.213 0.191 0.089 0.021 0.005 0.000 0.007 0.009 0.072 0.011 0.004 0.001 0.000 0.702 
487 0.080 0.123 0.250 0.163 0.258 0.433 0.323 0.165 0.238 0.196 0.083 0.023 0.005 0.000 0.006 0.009 0.071 0.011 0.004 0.001 0.000 0.722 
488 0.081 0.130 0.248 0.168 0.258 0.434 0.314 0.165 0.235 0.192 0.080 0.026 0.002 0.004 0.007 0.009 0.073 0.011 0.004 0.001 0.000 0.706 
489 0.083 0.132 0.251 0.164 0.262 0.411 0.313 0.162 0.231 0.195 0.083 0.027 0.002 0.004 0.007 0.011 0.070 0.009 0.004 0.000 0.000 0.706 
490 0.077 0.132 0.247 0.158 0.264 0.407 0.310 0.162 0.224 0.193 0.080 0.026 0.002 0.004 0.008 0.013 0.071 0.009 0.004 0.000 0.000 0.722 
491 0.076 0.132 0.254 0.141 0.262 0.400 0.299 0.161 0.216 0.201 0.084 0.022 0.003 0.004 0.008 0.012 0.069 0.008 0.004 0.000 0.000 0.741 
492 0.071 0.132 0.254 0.148 0.259 0.390 0.299 0.160 0.217 0.205 0.077 0.022 0.002 0.004 0.010 0.012 0.074 0.008 0.005 0.000 0.000 0.738 
493 0.070 0.134 0.248 0.158 0.262 0.379 0.288 0.159 0.218 0.200 0.076 0.022 0.001 0.004 0.011 0.011 0.075 0.008 0.004 0.000 0.000 0.742 
494 0.070 0.137 0.248 0.160 0.258 0.363 0.294 0.156 0.211 0.193 0.079 0.022 0.001 0.004 0.011 0.011 0.078 0.008 0.004 0.000 0.000 0.718 
495 0.071 0.139 0.251 0.154 0.256 0.364 0.291 0.156 0.201 0.200 0.078 0.022 0.001 0.004 0.010 0.011 0.083 0.009 0.004 0.000 0.000 0.734 
496 0.072 0.142 0.254 0.171 0.250 0.356 0.292 0.156 0.195 0.202 0.081 0.022 0.002 0.004 0.010 0.011 0.090 0.009 0.004 0.000 0.000 0.724 
497 0.073 0.144 0.252 0.167 0.254 0.327 0.325 0.161 0.193 0.200 0.082 0.022 0.002 0.004 0.012 0.010 0.086 0.009 0.004 0.000 0.000 0.709 
498 0.072 0.143 0.250 0.177 0.253 0.323 0.323 0.162 0.192 0.197 0.078 0.025 0.002 0.004 0.012 0.012 0.085 0.011 0.004 0.000 0.000 0.692 
499 0.073 0.150 0.249 0.183 0.259 0.334 0.323 0.167 0.206 0.208 0.076 0.027 0.002 0.004 0.013 0.015 0.083 0.012 0.007 0.000 0.000 0.700 