0 233 427 35 87 160 7 29 439 180 246 372 303 575 527 26 149 278 497 100 190 2196 5314 
1 217 453 36 93 160 8 45 474 194 247 379 312 586 511 25 151 284 482 112 189 2222 5187 
2 220 474 63 91 161 14 57 474 204 259 387 317 599 517 26 148 280 480 117 195 2250 5069 
3 218 478 72 98 155 26 62 484 206 278 423 309 605 501 24 152 275 459 126 201 2251 4971 
4 206 513 99 92 155 30 87 493 223 279 447 310 600 491 22 161 257 467 132 204 2271 4835 
5 203 531 97 94 156 32 92 493 225 284 456 320 583 487 22 160 261 464 134 203 2288 4929 
6 204 545 100 91 155 32 109 495 227 281 471 329 590 488 21 161 266 456 137 200 2290 5007 
7 209 557 101 96 157 37 112 511 230 282 497 340 604 476 26 160 268 447 135 210 2293 5038 
8 210 565 102 94 162 36 114 516 231 291 504 350 597 469 26 154 277 434 147 220 2283 5133 
9 216 570 102 97 163 34 115 517 232 298 502 341 613 461 29 147 271 428 150 231 2286 5171 
10 216 584 103 95 163 35 112 520 248 305 512 347 614 460 32 159 277 424 156 239 2274 5191 
11 202 595 104 95 165 53 116 511 256 303 524 349 631 451 31 155 313 397 157 243 2268 5252 
12 207 578 118 97 166 78 114 518 258 317 540 344 639 423 32 153 315 403 163 255 2278 5273 
13 206 589 123 98 176 115 116 527 260 344 583 340 641 431 32 160 312 408 156 264 2293 5132 
14 203 617 131 96 179 121 143 524 262 369 610 323 640 434 32 157 313 416 154 291 2293 4935 
15 205 609 154 98 178 153 156 565 260 371 628 312 635 438 31 159 310 406 153 340 2238 4792 
16 197 633 157 99 178 156 157 589 259 382 636 321 643 446 33 156 321 405 153 349 2250 4846 
17 225 620 150 99 170 167 161 599 258 389 637 324 650 456 45 161 325 403 158 359 2261 4888 
18 225 621 152 99 176 164 160 618 255 396 655 315 648 461 46 155 333 399 159 369 2266 4928 
19 228 628 156 102 183 171 155 603 254 400 665 323 630 468 60 153 346 398 164 381 2270 5002 
20 231 637 162 102 182 170 159 609 282 369 693 324 643 459 63 153 358 397 161 387 2282 5068 
21 234 643 163 107 183 166 160 632 300 348 696 315 638 466 64 142 358 401 176 389 2296 5090 
22 226 646 166 106 181 165 160 638 308 358 701 313 635 473 65 143 362 397 175 395 2307 5182 
23 225 647 192 103 183 161 161 632 306 356 711 310 645 471 67 145 378 404 177 400 2341 5274 
24 222 635 197 107 182 160 169 646 297 363 709 313 640 476 65 143 382 412 175 394 2351 5337 
25 224 666 215 146 141 177 174 642 304 360 738 311 650 477 83 142 387 408 174 421 2324 5182 
26 225 679 215 150 143 173 196 639 335 397 767 321 636 488 88 145 387 398 171 440 2327 5100 
27 225 682 225 152 144 180 202 671 356 425 813 324 633 488 87 150 384 401 173 440 2341 4953 
28 224 690 231 154 141 177 249 685 407 446 851 322 636 484 81 152 385 402 179 437 2361 4818 
29 221 705 237 152 144 186 257 700 450 452 884 328 638 495 80 159 383 401 180 444 2385 4762 
30 207 745 288 152 146 187 258 716 451 458 924 337 623 498 78 157 382 399 188 526 2292 4623 
31 214 721 324 159 151 193 260 719 451 458 919 348 610 486 77 162 391 389 187 561 2240 4697 
32 235 720 330 164 149 196 261 706 458 465 958 340 613 480 74 157 386 403 168 642 2151 4765 
33 240 737 340 168 150 195 264 688 486 463 966 339 628 461 76 175 387 413 171 679 2134 4819 
34 232 748 352 170 154 192 270 690 478 456 985 349 660 441 79 180 389 421 170 715 2115 4840 
35 230 760 343 166 153 212 274 701 492 468 981 354 659 447 80 181 401 422 165 729 2129 4919 
36 218 765 352 164 150 214 278 703 516 492 989 354 656 446 80 172 408 410 184 775 2124 4996 
37 221 781 343 164 170 212 283 716 519 495 984 373 674 459 79 172 405 405 180 795 2141 5060 
38 228 795 360 164 172 231 291 733 527 527 993 367 674 459 75 175 412 405 181 842 2159 5078 
39 235 799 360 171 175 234 287 747 538 533 1012 378 687 458 75 179 413 399 190 852 2161 5115 
40 232 814 358 166 181 236 266 773 552 526 1034 387 695 456 75 177 406 400 195 889 2161 5170 
41 233 802 373 173 170 238 276 768 549 540 1052 395 682 461 81 189 394 419 186 882 2174 5272 
42 231 812 404 171 170 244 281 764 562 561 1064 398 688 459 82 184 400 399 204 831 2218 5339 
43 230 812 418 170 170 253 300 772 578 564 1099 399 689 456 85 182 413 403 204 816 2230 5228 
44 236 817 418 176 174 253 304 809 607 568 1114 391 720 444 101 161 413 410 202 822 2267 5124 
45 237 852 452 172 171 253 319 840 582 612 1173 394 727 444 100 161 417 409 207 811 2281 4927 
46 241 857 480 171 182 255 328 860 573 655 1182 393 739 444 97 165 420 406 199 811 2303 4843 
47 246 897 475 171 188 260 335 907 584 682 1198 394 749 450 95 174 409 410 197 799 2326 4715 
48 243 895 478 178 191 257 345 920 598 704 1219 399 752 467 115 172 410 414 197 792 2333 4773 
49 242 900 513 183 194 254 355 923 608 714 1240 400 761 471 112 185 419 412 200 757 2364 4839 
50 232 914 502 191 214 262 355 942 622 711 1306 400 780 472 109 187 431 421 199 772 2426 4908 
51 231 920 514 218 192 265 359 950 637 716 1321 412 798 465 115 188 429 422 204 823 2346 5007 
52 228 966 530 219 187 272 360 963 652 701 1355 409 773 460 138 192 431 421 204 877 2267 5098 
53 212 1003 538 217 184 273 371 969 651 719 1358 401 785 455 130 192 428 427 200 936 2149 5195 
54 210 998 538 218 181 280 372 1001 625 739 1356 392 790 464 134 204 425 428 204 949 2088 5280 
55 215 1000 571 224 180 280 390 1002 618 811 1395 398 795 465 136 202 417 424 204 942 2117 5171 
56 217 1030 580 222 161 317 430 1051 650 840 1445 400 808 460 139 204 426 433 203 906 2203 4940 
57 214 1041 596 225 163 320 441 1102 645 860 1480 400 815 465 175 199 447 438 200 883 2224 4851 
58 214 1046 627 229 160 354 483 1091 629 853 1499 401 816 464 181 198 452 434 197 898 2184 4728 
59 214 1076 631 226 164 399 473 1085 616 871 1535 409 824 469 180 195 459 443 201 882 2208 4612 
60 218 1087 646 233 166 415 484 1116 609 912 1531 408 806 474 209 194 429 445 203 874 2224 4663 
61 220 1106 654 234 161 416 486 1121 612 920 1558 414 777 508 210 195 422 459 203 868 2203 4724 
62 214 1114 679 237 165 422 499 1137 598 946 1504 420 793 495 224 217 403 448 217 826 2271 4826 
63 215 1125 696 238 172 430 487 1207 593 1003 1422 432 806 481 223 216 406 431 216 810 2336 4829 
64 219 1133 692 239 172 434 505 1207 587 1064 1375 428 821 466 222 217 388 414 237 823 2327 4864 
65 214 1119 725 235 171 433 508 1242 594 1058 1406 428 851 445 230 197 399 406 239 853 2360 4871 
66 197 1160 729 253 163 455 514 1269 605 1065 1439 452 870 444 228 194 402 402 240 842 2389 4890 
67 202 1163 725 255 166 464 519 1308 593 1067 1481 458 900 429 232 197 411 401 245 847 2365 4952 
68 198 1174 724 256 160 472 527 1353 625 1009 1564 459 890 434 231 200 417 404 245 896 2262 4968 
69 198 1169 739 256 156 478 525 1378 641 979 1578 468 878 442 219 200 400 417 257 900 2257 5058 
70 197 1168 777 255 157 478 547 1386 622 983 1522 441 838 507 238 193 403 432 247 949 2174 5133 
71 205 1167 785 260 161 481 606 1342 632 966 1526 446 796 511 260 203 399 437 242 1004 2105 5182 
72 205 1193 804 264 160 520 629 1345 625 901 1542 433 795 502 280 202 405 430 263 991 2114 5199 
73 208 1199 830 268 163 519 653 1346 618 917 1485 431 817 469 320 220 417 469 228 965 2162 5283 
74 206 1209 837 279 167 522 678 1345 650 942 1441 452 823 454 351 223 454 430 213 961 2166 5398 
75 208 1218 854 283 171 532 698 1367 643 958 1474 454 830 445 343 219 468 418 214 959 2177 5360 
76 209 1233 855 287 177 541 718 1355 645 984 1491 445 846 425 337 221 497 412 215 950 2166 5318 
77 219 1237 857 307 189 523 740 1374 666 1039 1515 447 852 429 350 233 444 440 208 949 2184 5260 
78 223 1255 873 313 190 551 779 1382 653 1066 1538 443 872 436 352 235 447 437 219 915 2211 5170 
79 224 1260 893 315 191 565 826 1407 656 1072 1597 449 885 449 357 235 447 436 238 861 2269 5048 
80 232 1267 901 315 199 582 872 1403 641 1130 1626 422 921 461 358 235 437 444 243 868 2282 4982 
81 236 1287 924 328 202 594 877 1486 623 1149 1670 424 956 450 361 239 432 436 238 819 2341 4938 
82 237 1313 931 328 202 613 824 1566 624 1142 1625 430 931 460 387 243 431 414 253 802 2361 4801 
83 239 1338 951 332 207 673 820 1583 631 1131 1659 454 934 452 421 239 457 410 254 777 2395 4609 
84 238 1357 984 334 215 673 791 1647 598 1100 1655 465 889 443 472 242 427 423 253 823 2326 4693 
85 267 1345 982 332 219 697 796 1633 623 1090 1606 468 872 441 486 242 441 418 252 867 2269 4720 
86 271 1306 1032 323 227 728 768 1662 615 1069 1615 490 837 429 512 239 437 413 241 914 2196 4742 
87 293 1201 1106 328 227 742 779 1705 586 1068 1585 497 805 441 552 246 442 412 243 951 2126 4807 
88 296 1226 1142 320 229 748 753 1760 568 1073 1597 506 802 444 561 255 457 414 242 937 2134 4838 
89 304 1270 1123 316 238 786 758 1771 585 1053 1558 520 812 451 590 264 440 440 222 936 2150 4874 
90 319 1265 1151 318 236 830 736 1768 617 1032 1539 525 798 471 602 274 457 435 225 915 2183 4958 
91 325 1271 1166 318 272 807 748 1783 612 1020 1575 519 806 475 617 279 466 435 226 889 2237 5085 
92 327 1276 1186 319 285 795 740 1823 650 981 1589 525 808 476 625 286 471 436 231 906 2248 5171 
93 330 1313 1234 306 303 756 759 1849 655 983 1607 534 805 474 619 298 486 425 230 911 2252 5186 
94 347 1332 1252 308 305 828 717 1851 627 1005 1616 528 830 466 619 289 500 404 237 905 2276 5246 
95 352 1366 1267 303 317 804 745 1863 595 996 1674 520 843 469 620 290 511 403 240 884 2316 5322 
96 351 1415 1301 307 317 849 740 1921 619 985 1705 527 845 478 628 291 514 409 250 880 2346 5118 
97 343 1441 1326 293 324 830 762 1923 616 958 1722 529 848 488 625 289 514 419 249 895 2354 5092 
98 342 1440 1374 293 328 832 783 2034 610 995 1761 523 851 497 622 292 528 427 254 891 2384 4937 
99 340 1472 1386 290 340 836 797 2026 580 1005 1786 535 873 489 624 297 536 430 248 892 2362 4805 
100 348 1491 1412 288 341 824 813 1996 587 998 1785 525 880 485 634 296 570 418 219 908 2289 4825 
101 345 1522 1396 305 362 803 855 1947 624 988 1851 528 866 473 656 288 567 424 226 960 2208 4892 
102 361 1425 1494 306 368 820 826 1957 648 1030 1804 528 900 438 670 286 592 427 229 982 2174 4969 
103 365 1404 1533 321 364 813 875 1869 700 1052 1751 532 902 447 701 290 594 425 224 945 2172 5007 
104 361 1373 1560 331 378 804 870 1839 713 1083 1734 537 904 445 729 293 598 422 229 981 2088 5064 
105 368 1346 1622 342 376 811 869 1857 735 1111 1743 556 923 439 711 292 628 420 229 958 2142 5113 
106 376 1341 1577 351 392 814 874 1873 749 1098 1700 581 875 458 749 294 625 420 229 964 2167 5188 
107 428 1283 1551 360 408 793 857 1930 731 1033 1749 570 838 476 750 293 626 418 230 957 2161 5242 
108 427 1368 1520 358 418 798 842 1948 767 1034 1827 558 834 480 769 270 637 419 242 958 2175 5105 
109 417 1404 1555 367 423 807 809 1998 782 1024 1830 566 781 484 813 289 643 415 234 924 2185 5012 
110 405 1451 1529 376 438 845 801 1950 811 1032 1834 564 799 481 826 301 693 431 226 944 2178 4923 
111 409 1490 1501 378 456 872 838 1886 861 1007 1835 570 787 484 816 322 697 436 223 912 2206 4788 
112 421 1518 1457 399 480 864 847 1852 893 990 1829 580 783 507 829 324 703 439 221 904 2252 4852 
113 438 1536 1473 397 488 843 863 1797 899 1009 1828 590 804 484 838 334 762 448 226 880 2280 4889 
114 440 1572 1454 410 504 842 866 1813 891 1044 1788 611 822 456 850 326 791 451 228 831 2352 4951 
115 497 1498 1424 415 499 846 857 1860 887 1080 1743 629 834 453 866 334 822 413 249 820 2373 4990 
116 506 1481 1423 422 507 878 792 1935 844 1092 1716 628 839 446 882 324 815 418 248 813 2413 5035 
117 507 1443 1473 426 512 833 766 1966 822 1104 1695 624 838 431 903 330 781 433 255 814 2353 5127 
118 518 1443 1455 431 514 806 774 1998 803 1116 1704 628 858 443 901 330 739 446 247 848 2284 5203 
119 523 1449 1427 430 525 800 819 2048 800 1051 1730 642 868 448 918 345 723 440 231 872 2226 5218 
120 524 1421 1428 433 560 761 832 2043 802 1053 1703 668 861 453 951 332 719 433 245 861 2201 5287 
121 529 1444 1401 455 574 779 851 2077 776 1047 1714 669 868 456 968 346 719 435 235 876 2148 5360 
122 522 1508 1453 460 584 761 883 2078 782 1063 1731 676 857 454 987 364 696 441 238 847 2133 5218 
123 529 1515 1487 461 603 766 932 2089 856 1007 1728 685 880 441 1008 373 674 430 223 843 2161 5073 
124 537 1525 1518 463 609 761 938 2104 838 966 1760 683 878 434 1011 369 689 428 210 851 2197 4943 
125 528 1600 1533 471 637 729 974 2054 830 1050 1666 680 883 428 1053 375 739 405 218 850 2192 4889 
126 535 1607 1587 476 640 756 953 2055 883 1134 1641 671 886 443 1045 394 721 405 228 847 2179 4753 
127 535 1623 1612 473 645 785 919 2058 864 1139 1607 671 891 439 1060 395 726 400 228 834 2190 4858 
128 547 1663 1562 478 662 830 897 2013 876 1143 1642 671 884 445 1076 386 766 391 227 835 2205 4942 
129 554 1731 1484 496 664 854 892 2022 880 1120 1703 680 877 446 1084 391 778 393 240 805 2229 4982 
130 551 1671 1470 494 658 881 897 2023 887 1064 1773 645 922 445 1090 407 783 388 245 783 2228 5020 
131 559 1678 1415 504 662 899 897 1998 888 1011 1832 676 920 445 1101 411 807 403 250 753 2275 5076 
132 609 1644 1396 506 660 874 939 1961 910 986 1885 689 926 451 1110 405 826 405 254 773 2303 5165 
133 622 1622 1460 513 678 855 932 1943 898 981 1812 706 928 454 1173 405 841 417 245 761 2330 5181 
134 638 1597 1442 519 698 866 926 1931 873 1008 1778 714 932 468 1219 402 867 416 233 778 2340 5243 
135 645 1577 1470 533 712 849 945 1905 892 1031 1735 731 934 477 1271 405 866 413 222 835 2319 5115 
136 665 1548 1534 535 734 820 940 1889 912 1033 1731 742 941 483 1292 412 864 420 217 828 2340 5045 
137 680 1518 1583 540 748 800 949 1883 920 1048 1747 755 922 503 1321 413 836 432 215 828 2352 4988 
138 688 1476 1610 571 767 792 934 1929 939 1070 1724 756 973 437 1322 415 836 421 219 831 2385 4851 
139 693 1509 1650 573 772 796 951 1962 946 1086 1735 768 992 452 1296 426 838 425 230 896 2324 4814 
140 697 1517 1708 584 790 784 938 2070 906 1136 1767 778 978 449 1299 430 833 439 243 889 2261 4726 
141 700 1545 1662 596 805 756 946 2136 875 1118 1812 783 943 456 1325 441 785 462 248 922 2205 4796 
142 701 1587 1627 602 823 739 959 2066 888 1080 1924 745 926 475 1335 448 790 464 252 928 2134 4883 
143 691 1597 1621 607 824 758 940 2046 946 1046 1993 762 892 495 1346 464 803 474 225 923 2156 4918 
144 698 1632 1603 594 849 757 921 2014 942 1034 1961 793 908 482 1359 469 811 481 226 911 2158 4983 
145 702 1647 1637 609 853 741 905 1978 934 1030 1947 798 948 465 1410 459 845 484 262 876 2187 4998 
146 713 1672 1632 614 872 739 883 1958 920 1045 1885 809 969 452 1453 460 859 479 276 869 2168 5103 
147 773 1618 1628 614 890 742 881 1898 929 1053 1822 819 979 462 1496 452 876 493 267 845 2201 5159 
148 792 1615 1577 650 930 745 877 1871 932 1055 1765 827 990 455 1545 484 883 478 247 840 2228 5225 
149 782 1576 1604 660 982 687 893 1917 948 1074 1750 806 958 456 1576 493 892 485 243 828 2264 5280 
150 785 1572 1653 701 1000 697 933 1975 939 1048 1781 852 926 435 1591 483 903 473 238 821 2298 5089 
151 822 1553 1654 739 972 706 950 2026 930 1087 1796 889 917 444 1612 491 922 462 245 784 2341 4959 
152 849 1547 1662 767 962 741 911 2113 918 1081 1782 929 914 459 1629 496 934 455 230 782 2350 4845 
153 852 1599 1675 738 965 769 954 2093 909 1073 1761 971 903 473 1635 495 946 444 233 784 2382 4737 
154 869 1624 1636 743 995 771 977 2052 898 1046 1755 1013 894 482 1634 501 942 448 225 827 2282 4783 
155 907 1613 1612 704 1018 789 967 1985 869 1087 1764 1024 895 498 1675 513 947 432 240 813 2257 4874 
156 908 1635 1617 674 1020 825 952 1928 862 1128 1712 1045 893 488 1707 519 984 405 241 853 2171 4979 
157 913 1666 1647 685 1033 802 950 1899 860 1147 1706 1094 865 480 1724 533 982 411 246 918 2099 5045 
158 909 1685 1630 697 1043 790 965 1888 835 1163 1692 1091 872 470 1747 551 958 417 242 889 2143 5106 
159 910 1664 1646 711 1058 775 995 1850 843 1172 1639 1123 879 466 1782 558 963 402 249 889 2167 5160 
160 942 1652 1621 731 1058 759 989 1884 816 1150 1708 1136 893 446 1825 569 947 403 252 900 2192 5234 
161 977 1566 1657 735 1062 788 964 1907 829 1110 1755 1171 900 436 1840 566 928 401 252 850 2255 5268 
162 977 1551 1635 766 1088 792 963 1987 799 1104 1844 1161 918 432 1855 597 917 391 245 825 2270 5182 
163 1011 1485 1639 790 1101 804 951 2010 797 1088 1899 1172 916 433 1864 603 912 384 257 810 2297 5076 
164 1017 1531 1586 793 1117 816 953 2072 791 1081 1882 1190 907 451 1896 631 886 402 251 762 2339 4993 
165 1011 1555 1576 811 1140 826 1000 2100 786 1084 1805 1261 924 456 1931 640 889 411 252 777 2372 4913 
166 1065 1569 1570 819 1178 825 996 2156 750 1119 1785 1294 939 465 1970 640 862 409 252 795 2393 4840 
167 1066 1625 1568 777 1208 835 979 2179 753 1129 1766 1330 947 469 2024 664 852 412 250 893 2266 4726 
168 1100 1676 1583 782 1242 861 1006 2142 799 1156 1741 1302 981 453 2113 662 858 420 249 885 2255 4508 
169 1106 1699 1608 747 1252 867 1026 2084 825 1125 1808 1327 943 455 2114 664 893 419 239 914 2178 4535 
170 1120 1721 1599 728 1276 856 1076 2026 806 1132 1853 1330 936 457 2107 672 898 435 228 952 2092 4592 
171 1085 1778 1594 734 1284 834 1100 1976 814 1122 1909 1349 921 470 2142 673 948 443 234 911 2116 4677 
172 1140 1727 1591 721 1296 818 1110 1994 811 1129 1877 1399 897 476 2164 673 914 468 226 889 2141 4754 
173 1212 1660 1598 730 1312 806 1112 2055 802 1120 1878 1437 869 484 2220 669 871 499 237 823 2191 4841 
174 1236 1626 1616 731 1333 790 1118 2090 816 1101 1896 1451 884 473 2242 666 836 513 246 808 2226 4927 
175 1273 1624 1624 719 1355 789 1133 2109 788 1125 1862 1462 901 474 2266 659 831 517 261 798 2255 5001 
176 1253 1633 1592 726 1400 795 1065 2155 785 1131 1821 1498 904 478 2262 651 830 519 258 770 2294 5108 
177 1262 1590 1607 727 1388 829 1034 2188 771 1141 1784 1517 909 479 2316 649 852 531 251 794 2279 5152 
178 1267 1582 1586 719 1383 841 1012 2182 742 1158 1735 1525 942 466 2396 646 876 538 240 801 2305 5211 
179 1297 1579 1585 731 1390 829 1027 2159 743 1107 1793 1559 960 446 2420 654 919 535 235 826 2322 5220 
180 1297 1607 1548 748 1416 839 1026 2137 749 1096 1822 1597 946 427 2469 649 943 538 229 821 2377 5280 
181 1312 1604 1519 766 1428 866 1035 2111 739 1111 1899 1634 901 424 2490 631 1013 516 230 900 2282 5167 
182 1379 1577 1539 774 1411 892 1070 2090 765 1127 1955 1675 855 450 2512 649 1029 501 226 937 2200 5031 
183 1369 1623 1502 806 1430 902 1053 2122 748 1152 1991 1684 868 451 2543 664 1067 475 231 926 2179 4887 
184 1385 1652 1455 830 1450 938 1072 2138 722 1170 1960 1729 872 456 2566 673 1075 480 231 950 2140 4804 
185 1386 1691 1487 849 1489 928 1052 2106 706 1220 1900 1774 889 461 2599 674 1090 480 224 962 2100 4915 
186 1400 1716 1518 840 1499 906 1068 2064 711 1243 1885 1812 890 442 2613 672 1083 478 227 932 2170 5002 
187 1365 1792 1547 819 1484 881 1071 2031 666 1254 1855 1809 901 445 2693 690 1060 506 225 917 2203 5140 
188 1400 1745 1594 794 1495 888 1035 2093 650 1228 1838 1856 903 445 2749 690 1089 512 226 891 2228 5191 
189 1402 1756 1627 779 1519 880 1020 2145 638 1228 1834 1883 908 449 2818 692 1054 511 246 861 2228 5278 
190 1464 1724 1703 732 1558 888 1023 2243 619 1200 1896 1898 924 440 2857 694 1053 511 246 864 2238 5153 
191 1475 1753 1686 723 1584 918 1032 2207 619 1206 1914 1968 936 428 2881 691 1071 540 250 846 2257 4944 
192 1493 1754 1679 739 1605 907 1035 2148 619 1173 1925 2023 954 427 2902 689 1121 559 248 837 2289 4806 
193 1517 1743 1655 756 1623 935 1031 2124 638 1202 1895 2083 955 431 2907 711 1104 574 248 822 2334 4696 
194 1534 1724 1677 751 1615 917 1044 2124 629 1236 1928 2110 970 430 2904 735 1065 595 253 817 2361 4734 
195 1548 1720 1678 772 1633 909 1049 2092 630 1213 1928 2164 970 435 2928 741 1064 629 250 779 2414 4789 
196 1543 1684 1663 789 1666 901 1061 2006 664 1199 1927 2169 985 442 2982 755 1080 650 240 823 2359 4865 
197 1547 1664 1688 815 1687 928 1050 2078 663 1201 1910 2185 964 450 3029 767 1107 631 231 880 2283 4884 
198 1577 1672 1659 832 1675 942 1049 2129 647 1201 1898 2208 941 446 3084 808 1142 596 217 909 2226 4924 
199 1600 1654 1660 842 1692 922 1012 2166 660 1184 1903 2244 913 444 3101 815 1148 590 224 917 2179 4969 
200 1638 1636 1669 865 1732 911 990 2172 673 1192 1878 2265 877 442 3157 826 1198 569 238 903 2120 5083 
201 1648 1638 1698 847 1752 910 1003 2166 653 1180 1852 2294 904 446 3223 831 1183 585 248 879 2158 5165 
202 1670 1622 1723 818 1791 915 989 2206 657 1182 1840 2338 924 445 3139 872 1147 607 256 850 2190 5266 
203 1719 1590 1676 767 1859 958 974 2227 659 1192 1855 2386 925 458 3080 884 1120 595 264 855 2198 5174 
204 1738 1597 1705 702 1788 1100 926 2290 665 1167 1873 2481 918 461 3006 930 1090 619 256 842 2236 5075 
205 1743 1633 1705 708 1746 1119 906 2319 687 1188 1873 2525 961 457 2926 945 1072 625 257 842 2229 5018 
206 1806 1642 1693 711 1678 1206 908 2295 641 1263 1850 2550 966 457 2902 971 1046 640 249 837 2228 4945 
207 1829 1629 1655 708 1683 1235 907 2266 640 1305 1867 2585 975 456 2812 962 1054 651 266 825 2261 4868 
208 1885 1590 1625 733 1707 1238 875 2255 673 1349 1797 2630 991 451 2866 979 1056 644 214 897 2250 4774 
209 1896 1635 1622 732 1705 1249 855 2201 698 1353 1836 2667 1000 454 2898 1010 1111 645 207 844 2250 4594 
210 1905 1677 1624 742 1697 1230 837 2166 712 1373 1775 2718 1014 465 2916 1032 1151 647 210 827 2254 4596 
211 1911 1698 1648 756 1705 1236 813 2153 721 1349 1788 2777 1020 467 2963 1064 1177 642 210 780 2304 4665 
212 1937 1760 1617 771 1666 1265 840 2133 724 1357 1814 2816 1028 467 3003 1087 1196 642 211 836 2284 4682 
213 1848 1878 1669 785 1565 1303 856 2117 733 1332 1878 2706 1046 452 3087 1082 1205 656 219 852 2282 4730 
214 1824 1852 1667 789 1596 1278 895 2046 721 1305 1929 2658 1023 453 3135 1089 1260 658 219 870 2303 4805 
215 1764 1890 1665 793 1617 1271 879 2062 725 1278 1998 2668 1026 449 3042 1069 1315 653 224 909 2281 4881 
216 1780 1856 1665 804 1617 1282 897 2140 745 1288 1937 2650 994 465 2999 1093 1285 634 236 901 2278 4978 
217 1859 1756 1688 816 1636 1271 922 2178 712 1251 2009 2609 1004 456 3017 1068 1286 635 257 881 2263 5025 
218 1850 1780 1701 824 1670 1269 904 2180 699 1255 2000 2586 983 467 3027 1016 1316 621 293 840 2309 5087 
219 1882 1756 1701 833 1725 1246 893 2239 701 1240 2031 2622 966 468 2981 999 1314 624 317 819 2315 5116 
220 1927 1720 1666 820 1757 1256 845 2300 722 1218 2007 2672 961 493 2904 1031 1314 621 302 803 2348 5163 
221 2007 1668 1681 822 1781 1212 812 2372 723 1176 2049 2698 962 484 2844 1043 1291 582 301 803 2372 5221 
222 2078 1604 1662 841 1805 1195 826 2361 707 1208 1990 2779 974 473 2824 1073 1264 583 283 838 2336 5283 
223 2012 1627 1689 843 1822 1176 819 2335 684 1272 1969 2858 995 446 2784 1100 1263 599 290 854 2331 5323 
224 1990 1619 1708 855 1872 1126 860 2233 674 1299 1905 2919 1090 398 2795 1112 1249 611 293 810 2387 5350 
225 1966 1661 1701 863 1906 1118 868 2256 625 1298 1964 2906 1108 396 2743 1111 1270 620 286 856 2308 5456 
226 1920 1736 1710 879 1870 1077 896 2254 635 1266 2027 2859 1145 398 2851 1101 1261 626 293 851 2265 5316 
227 1904 1794 1734 919 1846 1089 950 2301 661 1248 2052 2822 1133 401 2899 1143 1214 641 301 852 2210 5133 
228 1832 1863 1755 918 1784 1093 963 2262 683 1249 2021 2770 1140 407 2944 1150 1239 652 298 919 2118 5044 
229 1840 1844 1739 911 1735 1121 972 2230 682 1275 2011 2781 1142 398 3016 1162 1242 656 279 935 2131 4886 
230 1780 1863 1732 901 1726 1124 978 2206 702 1284 2023 2757 1082 439 3098 1164 1238 667 281 931 2118 4781 
231 1804 1869 1742 892 1688 1167 1004 2166 704 1307 2130 2680 1113 456 3035 1225 1213 675 275 924 2124 4659 
232 1827 1840 1773 852 1739 1158 1025 2135 703 1335 2130 2613 1149 456 2990 1255 1198 640 290 898 2185 4736 
233 1853 1811 1836 841 1782 1132 979 2130 704 1332 2096 2581 1162 450 2992 1213 1220 648 280 909 2160 4746 
234 1862 1780 1806 890 1821 1106 981 2198 694 1325 2108 2601 1202 449 2937 1205 1205 639 281 902 2157 4781 
235 1927 1773 1814 908 1858 1079 976 2272 682 1327 2095 2723 1243 460 2879 1177 1179 627 310 866 2195 4808 
236 1956 1764 1819 913 1922 1046 982 2296 679 1316 2050 2779 1260 467 2808 1171 1204 589 309 863 2209 4859 
237 1931 1727 1803 916 1935 1067 964 2419 701 1288 2059 2827 1295 466 2758 1163 1216 552 314 832 2255 4934 
238 1890 1700 1762 935 1865 1104 948 2440 705 1283 2027 2876 1285 467 2804 1150 1165 566 317 824 2275 5000 
239 1852 1741 1763 925 1846 1068 952 2407 713 1287 2020 2839 1315 464 2868 1171 1160 564 322 834 2263 5070 
240 1831 1716 1772 963 1772 1086 983 2398 729 1264 2038 2762 1384 461 2908 1185 1149 583 327 822 2287 5099 
241 1863 1670 1807 945 1759 1107 979 2331 771 1216 2034 2684 1415 453 2989 1218 1136 601 336 798 2315 5135 
242 1845 1665 1858 942 1667 1085 944 2321 775 1210 2097 2581 1436 452 3039 1242 1156 601 334 755 2357 5203 
243 1859 1623 1814 930 1740 1084 962 2304 769 1232 2039 2638 1454 447 3086 1270 1153 608 327 787 2352 5266 
244 1833 1677 1833 928 1752 1100 960 2273 781 1255 2027 2685 1433 500 3107 1254 1155 611 311 830 2363 5300 
245 1771 1755 1810 909 1801 1122 989 2263 788 1303 2018 2704 1405 514 3050 1245 1189 611 305 858 2348 5152 
246 1816 1790 1797 892 1804 1108 1008 2211 803 1285 2006 2751 1361 551 3004 1251 1208 616 301 856 2362 5065 
247 1840 1835 1751 912 1826 1154 1014 2230 793 1241 1988 2771 1325 572 3067 1243 1235 619 280 864 2381 4898 
248 1880 1874 1780 930 1852 1155 1070 2219 801 1286 2022 2824 1335 600 2999 1231 1304 598 284 905 2350 4697 
249 1905 1855 1751 950 1887 1126 1080 2211 840 1260 2003 2893 1331 562 2962 1211 1314 572 291 910 2332 4750 
250 1966 1823 1757 963 1918 1151 1051 2180 884 1239 2039 2928 1329 554 2919 1200 1319 553 301 934 2278 4816 
251 2034 1788 1761 978 1930 1188 1035 2156 905 1234 2052 2844 1372 515 2943 1157 1385 503 302 961 2200 4858 
252 1972 1763 1772 998 1972 1206 1006 2207 872 1251 2085 2800 1438 488 2897 1153 1355 518 296 949 2200 4954 
253 1897 1794 1747 997 2002 1197 999 2212 853 1251 2041 2795 1461 480 2866 1134 1305 532 298 1022 2116 4984 
254 1868 1786 1707 985 2066 1200 1005 2189 869 1251 2065 2653 1513 483 2863 1146 1287 536 289 1003 2170 5011 
255 1834 1773 1721 1018 1962 1196 1005 2207 866 1236 2099 2551 1541 473 2815 1156 1294 554 297 977 2220 5070 
256 1870 1764 1698 1002 1939 1194 1011 2180 923 1230 2084 2593 1466 542 2772 1183 1275 583 296 993 2230 5097 
257 1901 1765 1676 977 1894 1247 1000 2165 911 1258 2111 2662 1450 558 2699 1178 1255 586 298 984 2225 5130 
258 1895 1757 1692 969 1873 1271 992 2209 876 1283 2098 2719 1385 590 2785 1144 1255 579 299 1012 2214 5202 
259 1934 1703 1727 946 1845 1287 979 2209 881 1274 2092 2771 1397 587 2850 1154 1263 601 304 1009 2210 5276 
260 1973 1669 1702 949 1877 1326 949 2217 898 1278 2101 2809 1418 563 2901 1151 1245 592 323 1000 2245 5167 
261 1987 1664 1687 940 1865 1387 945 2260 925 1311 2090 2882 1457 532 2913 1102 1209 549 348 995 2272 4998 
262 2045 1659 1642 933 1918 1422 933 2302 922 1329 2079 2922 1480 534 2935 1105 1175 553 347 965 2263 4856 
263 2057 1668 1626 939 1962 1404 973 2266 940 1354 2055 2894 1516 529 2985 1061 1147 549 357 965 2287 4740 
264 1955 1760 1643 913 1994 1383 950 2231 934 1350 2009 2851 1504 521 2971 1067 1134 583 347 952 2290 4664 
265 1894 1767 1642 921 2017 1395 952 2189 938 1341 1987 2899 1481 532 2886 1079 1157 584 340 941 2310 4745 
266 1841 1800 1598 919 2061 1396 929 2173 936 1348 1987 2843 1481 562 2846 1106 1159 594 351 903 2352 4820 
267 1885 1791 1586 899 2127 1354 954 2120 934 1341 1958 2797 1472 566 2886 1121 1157 611 348 905 2353 4908 
268 1924 1756 1565 925 2117 1349 964 2067 946 1324 1965 2723 1486 575 2863 1158 1155 608 327 884 2360 4997 
269 2002 1689 1558 957 2112 1373 938 2148 907 1306 1988 2684 1565 591 2793 1178 1106 606 327 884 2391 5018 
270 2036 1654 1584 988 2081 1349 945 2183 890 1337 1962 2630 1589 600 2799 1212 1120 607 328 869 2352 5082 
271 2034 1647 1603 986 2079 1336 942 2238 885 1334 1948 2647 1609 612 2761 1236 1156 613 328 886 2271 5157 
272 2035 1640 1599 988 2048 1337 926 2258 873 1339 1920 2727 1635 622 2779 1228 1201 611 334 897 2220 5256 
273 2019 1636 1621 1022 2052 1349 960 2300 875 1358 1894 2758 1647 608 2829 1238 1242 618 344 957 2128 5087 
274 2018 1644 1634 1002 2061 1345 970 2397 896 1377 1860 2797 1709 575 2867 1256 1185 639 352 928 2153 4967 
275 2051 1616 1649 1025 1962 1379 1003 2363 925 1399 1844 2886 1730 562 2916 1186 1144 650 352 909 2177 4858 
276 2086 1607 1650 1028 1946 1412 1007 2320 898 1409 1814 2908 1765 537 2937 1146 1158 672 348 913 2208 4798 
277 2088 1605 1636 1066 1891 1403 1023 2300 903 1421 1803 2892 1711 564 2984 1137 1174 667 348 892 2200 4676 
278 2004 1606 1648 1047 1890 1364 1053 2238 878 1409 1780 2858 1640 607 3034 1114 1211 623 347 857 2232 4741 
279 1995 1526 1677 1055 1849 1380 1055 2241 876 1381 1814 2853 1606 644 3054 1117 1213 615 363 828 2282 4772 
280 1912 1658 1630 1077 1833 1402 1019 2245 851 1358 1777 2868 1539 667 3131 1106 1217 595 339 870 2287 4813 
281 1873 1738 1590 1016 1916 1367 996 2231 841 1350 1747 2851 1544 675 3101 1105 1210 591 338 873 2289 4885 
282 1900 1760 1599 1015 1945 1350 999 2177 856 1335 1700 2881 1613 671 3006 1127 1233 576 331 897 2319 4945 
283 1935 1750 1571 1004 1976 1347 987 2207 865 1305 1741 2768 1668 651 3016 1140 1257 526 311 911 2344 4997 
284 1988 1693 1580 979 2024 1324 958 2258 866 1282 1759 2709 1686 666 2972 1148 1210 539 325 929 2373 5121 
285 2015 1657 1620 983 2027 1315 936 2326 879 1267 1760 2746 1738 656 2926 1163 1180 552 324 943 2361 5154 
286 2057 1656 1595 983 1987 1334 924 2379 874 1267 1768 2764 1749 642 2888 1194 1155 582 331 933 2377 5239 
287 2060 1670 1657 992 1958 1269 926 2487 915 1226 1797 2800 1801 631 2828 1197 1089 592 337 926 2345 5149 
288 2102 1621 1654 987 1957 1281 953 2475 979 1199 1817 2854 1837 594 2763 1245 1069 592 342 948 2274 5012 
289 2146 1593 1655 964 1980 1246 915 2427 995 1245 1797 2920 1815 599 2818 1280 1093 591 345 979 2207 4917 
290 2083 1693 1678 954 1979 1245 911 2358 1035 1241 1785 2950 1742 616 2949 1278 1128 606 360 1090 2094 4864 
291 2025 1748 1675 963 1949 1268 899 2349 1040 1322 1765 2979 1741 631 3031 1299 1083 631 360 1061 2125 4800 
292 2000 1801 1692 989 1917 1264 894 2402 1050 1336 1807 2844 1683 680 3142 1315 1026 653 356 1043 2148 4729 
293 1953 1786 1718 1007 1887 1245 904 2375 1072 1365 1791 2773 1665 697 3054 1359 1015 674 345 1008 2180 4724 
294 1899 1818 1690 1029 1899 1234 895 2361 1075 1381 1847 2765 1638 731 2982 1326 992 683 347 981 2217 4768 
295 1872 1816 1663 1043 1930 1193 889 2302 1094 1406 1863 2700 1699 730 2928 1270 1029 689 368 979 2229 4852 
296 1837 1811 1661 1095 1902 1210 885 2237 1100 1403 1851 2758 1738 728 2872 1259 1062 698 367 974 2222 4903 
297 1819 1809 1666 1103 1900 1201 875 2189 1092 1408 1801 2837 1792 725 2873 1187 1080 715 391 959 2256 4979 
298 1798 1792 1706 1062 1867 1220 883 2177 1085 1428 1796 2857 1804 730 2849 1194 1097 718 414 945 2265 5015 
299 1737 1798 1729 1069 1854 1207 873 2224 1056 1427 1750 2924 1828 740 2826 1204 1118 671 450 932 2287 5113 
300 1758 1743 1736 1057 1894 1235 849 2267 1075 1423 1788 3003 1870 751 2728 1256 1148 651 434 901 2291 5167 
301 1801 1714 1773 1055 1850 1239 823 2308 1109 1365 1768 3062 1898 765 2818 1262 1161 637 414 865 2337 5206 
302 1809 1707 1773 1015 1830 1219 811 2331 1093 1347 1716 3152 1911 746 2853 1286 1207 631 384 864 2365 5248 
303 1820 1697 1781 1023 1888 1252 783 2411 1089 1372 1689 3035 1978 708 2980 1309 1180 637 392 844 2382 5352 
304 1862 1687 1775 998 1918 1249 810 2491 1106 1352 1702 3001 1892 716 3080 1320 1141 638 389 835 2398 5169 
305 1890 1673 1805 958 1967 1269 851 2448 1147 1368 1714 2916 1862 701 3076 1339 1129 642 388 832 2383 5064 
306 1923 1644 1751 958 2048 1257 906 2370 1145 1362 1715 2840 1916 677 3042 1375 1134 664 370 889 2297 4945 
307 1943 1622 1752 970 2048 1273 938 2319 1146 1431 1744 2831 1934 680 2987 1413 1149 666 377 958 2194 4758 
308 1948 1585 1801 953 2044 1240 934 2314 1148 1411 1737 2914 1933 695 2949 1415 1172 685 364 987 2170 4835 
309 1982 1561 1793 995 2029 1258 917 2268 1080 1405 1757 2972 1949 690 2884 1469 1135 700 364 974 2163 4883 
310 1984 1623 1740 1038 2036 1249 945 2254 1107 1384 1733 3079 1970 695 2784 1438 1123 710 365 998 2115 4922 
311 1999 1627 1704 1066 2074 1224 949 2255 1087 1361 1784 3167 1961 693 2824 1386 1209 698 356 975 2145 4990 
312 2022 1616 1697 1061 2015 1235 965 2309 1066 1354 1771 3223 1915 695 2808 1380 1239 697 353 1008 2148 5050 
313 1966 1610 1715 1063 1997 1227 1009 2379 1069 1339 1800 3135 1925 696 2802 1337 1208 700 374 1024 2157 5131 
314 1905 1628 1690 1056 1982 1230 976 2424 1086 1324 1772 3134 1917 726 2724 1346 1153 725 416 1014 2190 5271 
315 1889 1610 1692 1062 1907 1251 966 2503 1051 1312 1800 3116 1886 770 2717 1380 1125 705 415 981 2223 5188 
316 1885 1610 1705 1050 1908 1270 938 2518 1043 1315 1780 3101 1879 790 2756 1376 1168 700 406 941 2279 5072 
317 1831 1652 1714 1051 1870 1285 911 2507 1072 1318 1783 3099 1822 792 2866 1377 1197 700 405 919 2316 4957 
318 1842 1662 1694 1027 1878 1294 886 2562 1098 1294 1770 3060 1819 795 2947 1413 1198 688 408 901 2354 4828 
319 1863 1650 1703 1007 1924 1310 929 2507 1136 1327 1764 2982 1768 814 3071 1390 1212 687 407 919 2353 4724 
320 1907 1624 1704 998 1991 1290 910 2465 1163 1303 1768 2964 1802 810 3084 1380 1254 649 413 928 2362 4819 
321 1930 1626 1708 952 2067 1278 908 2484 1167 1256 1759 2933 1869 824 2995 1372 1202 652 420 956 2378 4917 
322 1971 1591 1699 954 2046 1298 898 2415 1207 1280 1722 2888 1914 833 2965 1417 1214 646 424 980 2314 5011 
323 2000 1559 1682 937 2045 1300 910 2422 1187 1303 1745 2777 1978 827 2976 1428 1168 655 468 1070 2187 5120 
324 2070 1551 1639 949 2013 1315 915 2388 1177 1398 1768 2854 2028 831 2908 1454 1175 660 461 1075 2124 4999 
325 2065 1581 1675 934 2011 1304 932 2352 1188 1391 1767 2953 2085 821 2801 1474 1194 658 452 1042 2144 4915 
326 2084 1623 1689 979 1981 1267 904 2349 1192 1377 1748 2956 2167 805 2770 1493 1221 653 458 1003 2142 4828 
327 2102 1657 1690 1005 1969 1312 890 2309 1194 1365 1747 3029 2148 822 2699 1524 1267 654 453 946 2231 4746 
328 2054 1730 1699 1002 1948 1307 890 2347 1176 1383 1810 3069 2103 845 2769 1518 1297 674 448 940 2221 4616 
329 1904 1857 1688 1012 1966 1330 851 2421 1161 1375 1773 3121 2103 844 2830 1538 1334 674 457 943 2216 4709 
330 1852 1896 1708 1048 1936 1308 851 2496 1158 1408 1757 3158 2097 858 2884 1556 1357 674 454 980 2168 4746 
331 1814 1932 1686 1017 1932 1317 857 2552 1136 1422 1737 3226 2073 863 2960 1587 1373 681 458 962 2185 4798 
332 1828 1902 1661 1020 1958 1280 864 2545 1097 1450 1738 3245 2039 881 3026 1572 1432 648 460 975 2197 4836 
333 1860 1861 1665 1044 1921 1256 871 2486 1102 1463 1707 3301 2033 879 2991 1512 1396 691 469 1002 2186 4909 
334 1903 1825 1672 1037 1861 1237 865 2419 1102 1416 1745 3273 2008 900 2975 1475 1401 702 482 993 2181 4971 
335 1943 1811 1699 993 1880 1216 857 2391 1125 1392 1765 3214 1999 874 2953 1461 1400 718 474 999 2187 5034 
336 1977 1785 1698 979 1919 1177 850 2321 1130 1411 1748 3175 2037 831 2996 1467 1417 717 468 993 2190 5097 
337 2045 1734 1726 976 1973 1170 836 2223 1174 1406 1786 3183 2028 803 2983 1413 1406 748 464 982 2205 5140 
338 1994 1731 1700 960 2023 1177 831 2292 1163 1411 1789 3200 1996 829 2949 1447 1366 755 473 980 2212 5190 
339 1973 1680 1714 954 2041 1197 825 2315 1207 1373 1759 3142 1971 853 2974 1450 1359 711 499 971 2225 5286 
340 1919 1735 1677 948 2093 1185 824 2357 1208 1372 1710 3096 1956 851 2954 1487 1356 711 515 910 2287 5354 
341 1892 1725 1684 949 2112 1235 819 2429 1184 1385 1716 3124 1958 871 2935 1509 1300 713 531 914 2283 5178 
342 1865 1721 1683 968 2196 1223 860 2460 1183 1356 1776 3103 1930 875 2984 1526 1326 703 523 988 2274 4989 
343 1853 1700 1719 948 2234 1242 856 2570 1174 1384 1818 3085 1971 903 2947 1586 1345 686 492 987 2293 4805 
344 1836 1687 1724 919 2215 1266 855 2674 1188 1358 1821 3020 2005 914 2925 1625 1339 699 493 998 2294 4665 
345 1917 1642 1689 928 2185 1265 899 2633 1198 1348 1826 3000 2071 902 2854 1678 1361 707 489 1031 2285 4738 
346 1961 1612 1660 950 2144 1267 933 2618 1182 1346 1846 3007 2145 865 2750 1676 1383 716 496 1043 2303 4832 
347 1996 1587 1661 929 2142 1264 925 2588 1199 1338 1844 2939 2204 827 2849 1623 1409 753 471 1058 2308 4902 
348 1919 1668 1703 918 2111 1270 900 2592 1199 1320 1826 3015 2259 828 2912 1603 1415 754 459 1089 2335 4964 
349 1900 1720 1693 893 2083 1251 897 2564 1224 1327 1771 3108 2222 841 2969 1581 1432 756 452 1126 2321 5021 
350 1823 1786 1724 914 2059 1274 891 2543 1284 1316 1772 3157 2172 843 3016 1573 1439 756 467 1131 2307 5064 
351 1799 1774 1713 922 2007 1297 898 2480 1292 1358 1750 3216 2105 868 3040 1584 1526 758 486 1112 2329 5193 
352 1779 1783 1750 940 1959 1267 890 2496 1276 1388 1714 3336 2025 887 3087 1534 1524 769 517 1081 2374 5288 
353 1796 1773 1744 971 1947 1273 917 2484 1234 1453 1751 3196 1967 901 3220 1553 1525 779 507 1035 2439 5170 
354 1868 1751 1741 979 1955 1288 967 2492 1227 1534 1770 3135 2023 933 3172 1568 1528 757 505 1027 2416 4987 
355 1880 1742 1762 985 1934 1304 995 2474 1243 1539 1755 3086 2046 932 3158 1601 1511 743 530 1052 2363 4924 
356 1908 1745 1731 993 1960 1280 1016 2469 1258 1499 1770 3013 2062 895 3182 1630 1516 731 521 1062 2298 4844 
357 1965 1777 1737 1018 2017 1293 1042 2490 1202 1515 1779 3079 2103 863 3114 1676 1514 700 520 1056 2253 4626 
358 2001 1754 1723 1025 2021 1311 1052 2484 1183 1522 1802 3102 2119 861 3070 1692 1504 695 533 1059 2221 4713 
359 2014 1769 1717 1006 2083 1296 1070 2445 1188 1537 1800 3179 2135 835 3042 1690 1486 658 552 1124 2136 4750 
360 2054 1737 1682 996 2106 1289 1074 2409 1186 1525 1744 3296 2233 789 2925 1742 1451 672 533 1046 2216 4839 
361 2095 1707 1696 988 2125 1264 1089 2357 1183 1505 1747 3383 2259 789 2893 1719 1481 644 550 1063 2230 4865 
362 2087 1672 1648 998 2138 1225 1085 2396 1182 1520 1707 3479 2312 797 2849 1665 1484 675 535 1040 2246 4929 
363 2035 1709 1650 1017 2158 1211 1069 2469 1194 1474 1713 3453 2252 812 2841 1685 1496 675 521 1026 2258 4983 
364 2001 1781 1644 1039 2211 1184 1070 2504 1208 1447 1697 3390 2232 832 2844 1677 1467 690 522 984 2272 5131 
365 1964 1817 1621 1061 2178 1179 1061 2543 1211 1428 1711 3338 2229 842 2786 1750 1416 691 526 966 2275 5216 
366 1915 1855 1649 1073 2151 1149 1081 2586 1211 1403 1771 3302 2137 887 2879 1726 1421 700 520 959 2312 5257 
367 1898 1879 1686 1092 2106 1141 1081 2655 1219 1415 1787 3253 2113 903 2946 1728 1397 729 516 960 2299 5083 
368 1852 1916 1645 1094 2113 1155 1071 2738 1183 1501 1760 3277 2079 916 3027 1690 1407 723 514 937 2350 4852 
369 1789 1916 1687 1078 2075 1145 1114 2708 1153 1500 1798 3205 2106 899 3108 1652 1442 736 521 943 2388 4745 
370 1813 1917 1648 1113 2032 1175 1088 2677 1097 1494 1817 3174 2131 887 3083 1664 1471 749 508 955 2403 4781 
371 1822 1892 1649 1132 1973 1153 1078 2672 1099 1488 1812 3144 2210 875 3056 1609 1475 785 495 956 2420 4863 
372 1815 1869 1692 1102 2030 1118 1066 2612 1108 1498 1807 3226 2268 859 3028 1583 1461 783 512 960 2431 4905 
373 1842 1862 1683 1146 2044 1099 1086 2611 1120 1506 1771 3282 2319 847 3017 1609 1436 796 520 989 2445 4957 
374 1861 1852 1664 1148 2096 1085 1079 2623 1119 1468 1778 3330 2343 838 2959 1632 1439 800 524 1039 2437 4999 
375 1921 1780 1657 1111 2164 1082 1065 2632 1101 1455 1763 3408 2444 837 2903 1659 1458 772 513 1007 2483 5079 
376 1964 1752 1653 1091 2179 1063 1044 2637 1092 1447 1772 3484 2390 835 2816 1743 1458 736 489 1001 2475 5146 
377 2036 1716 1650 1100 2150 1054 1063 2596 1099 1451 1770 3571 2335 868 2786 1674 1484 675 499 964 2497 5210 
378 2062 1670 1621 1106 2102 1060 1069 2522 1106 1419 1762 3507 2305 836 2748 1702 1541 679 478 1032 2387 5287 
379 2093 1628 1617 1109 2061 1076 1132 2534 1104 1416 1775 3426 2294 864 2888 1644 1529 704 470 1119 2263 5165 
380 2035 1615 1626 1098 2048 1067 1130 2582 1082 1410 1776 3377 2369 875 2970 1609 1524 715 464 1102 2226 5067 
381 2050 1665 1650 1093 2004 1045 1140 2605 1089 1362 1828 3267 2359 900 3091 1567 1507 715 453 1104 2277 5010 
382 2015 1706 1706 1088 1962 1054 1131 2562 1104 1340 1840 3265 2336 963 3025 1619 1467 753 457 1152 2269 4884 
383 1973 1766 1698 1064 1981 1062 1136 2566 1109 1336 1882 3283 2329 980 2991 1643 1476 757 465 1119 2323 4751 
384 1924 1840 1723 1034 1983 1078 1181 2503 1141 1352 1892 3211 2374 957 2967 1654 1441 773 467 1133 2316 4603 
385 1873 1825 1744 1051 1944 1062 1183 2522 1114 1360 1917 3184 2359 931 2994 1666 1410 799 477 1132 2353 4631 
386 1924 1773 1740 1065 1879 1032 1195 2482 1107 1365 1895 3211 2316 925 2997 1704 1450 814 476 1120 2374 4691 
387 1936 1770 1761 1076 1878 978 1263 2406 1106 1390 1889 3176 2323 890 2994 1723 1466 824 490 1089 2410 4778 
388 1984 1709 1775 1061 1856 988 1256 2445 1103 1363 1937 3093 2293 915 3033 1752 1495 799 496 1071 2433 4839 
389 2004 1684 1775 1031 1905 968 1234 2489 1083 1369 1928 3198 2237 921 3023 1806 1521 795 496 1050 2456 4900 
390 2083 1652 1756 1038 1940 953 1241 2571 1033 1398 1941 3278 2226 929 2992 1851 1566 762 471 1021 2472 4981 
391 2111 1647 1739 1013 1997 957 1216 2622 1023 1416 1925 3366 2257 936 2939 1840 1582 760 474 1045 2413 5050 
392 2111 1623 1763 985 2017 946 1157 2691 1004 1470 1902 3438 2303 944 2864 1804 1593 722 495 1072 2369 5115 
393 2112 1670 1771 994 2053 950 1158 2747 978 1448 1910 3413 2347 958 2849 1758 1627 728 521 1046 2358 5177 
394 2153 1706 1777 981 2088 982 1136 2804 982 1318 1997 3351 2421 963 2786 1705 1632 752 514 1089 2276 5254 
395 2099 1792 1814 1002 2035 1000 1147 2728 979 1349 1965 3340 2460 980 2753 1698 1594 764 512 1098 2245 5305 
396 2055 1784 1880 1033 1968 1004 1171 2687 956 1410 1932 3335 2490 982 2691 1747 1610 777 504 1137 2162 5154 
397 2065 1737 1851 1058 1942 1009 1190 2694 938 1436 1936 3284 2562 991 2736 1791 1603 779 497 1101 2197 5057 
398 2037 1720 1880 1060 1949 986 1193 2688 979 1470 1940 3241 2620 998 2769 1876 1545 783 504 1041 2230 4927 
399 1970 1711 1877 1069 1943 980 1206 2688 983 1533 1940 3229 2552 992 2814 1883 1524 792 501 1037 2261 4829 
400 1989 1736 1886 1102 1918 1011 1251 2618 988 1527 2033 3148 2493 1022 2882 1812 1547 803 520 1036 2289 4683 
401 2031 1698 1935 1089 1876 1040 1238 2613 1012 1471 2040 3191 2449 1046 2926 1831 1532 808 514 1007 2297 4729 
402 2070 1690 1932 1050 1821 1032 1227 2547 1015 1459 2000 3262 2463 974 2956 1793 1560 831 519 1025 2298 4755 
403 2099 1734 1904 1018 1878 1043 1224 2630 1025 1437 2023 3323 2453 949 3001 1801 1508 818 528 1008 2331 4810 
404 2099 1788 1885 1018 1918 1055 1172 2732 1024 1445 2014 3411 2453 928 3025 1779 1471 838 524 1002 2347 4895 
405 2086 1830 1952 1012 1966 1025 1146 2822 1025 1447 1980 3477 2436 951 3100 1735 1473 850 537 981 2373 4940 
406 2103 1849 1986 1006 2002 1025 1201 2735 1053 1460 1931 3539 2385 958 3129 1763 1467 840 544 978 2346 4993 
407 2136 1856 1968 1035 2039 1076 1162 2718 1006 1448 1987 3479 2321 986 3113 1735 1483 857 560 962 2336 5056 
408 2181 1881 1943 1013 2146 1026 1168 2648 1023 1469 1931 3435 2362 980 3058 1705 1509 865 594 940 2344 5142 
409 2117 1913 2014 975 2110 1029 1175 2634 1033 1466 1970 3364 2374 996 3042 1598 1542 852 616 918 2366 5184 
410 2112 1923 1997 996 2041 1040 1163 2630 1037 1468 1946 3360 2380 1016 2987 1675 1509 857 624 918 2387 5211 
411 2039 1956 2026 987 1995 1033 1156 2580 1041 1484 1933 3325 2434 998 2925 1729 1513 866 602 932 2404 5291 
412 2041 1905 2081 1000 1954 1028 1149 2511 1097 1444 1993 3277 2425 983 2850 1771 1531 880 579 955 2396 5184 
413 1938 1922 2075 1039 1906 1055 1126 2578 1111 1465 2000 3279 2415 972 2787 1814 1499 882 598 955 2408 5086 
414 1945 1912 2059 1067 1945 1079 1103 2632 1101 1438 2058 3268 2411 932 2736 1849 1463 885 590 985 2400 5030 
415 1985 1895 1968 1087 2027 1105 1061 2781 1085 1479 2089 3227 2437 908 2752 1841 1410 901 569 1001 2419 4901 
416 2038 1852 1925 1127 2045 1127 1076 2744 1070 1549 2118 3116 2452 898 2833 1869 1414 911 570 1003 2442 4787 
417 2077 1828 1873 1106 2126 1144 1054 2693 1097 1510 2095 3226 2407 870 2939 1905 1447 928 562 989 2462 4761 
418 2153 1784 1841 1108 2141 1175 1086 2655 1092 1525 2111 3308 2355 873 2978 1902 1391 939 588 977 2469 4644 
419 2194 1745 1829 1114 2190 1170 1124 2597 1062 1492 2084 3393 2294 884 3064 1807 1441 896 590 1088 2378 4668 
420 2267 1749 1818 1135 2140 1165 1123 2593 1027 1487 2023 3555 2221 898 3057 1733 1488 888 598 1119 2320 4763 
421 2292 1707 1911 1111 2137 1110 1178 2556 1040 1492 2011 3515 2271 911 3057 1719 1533 826 592 1113 2301 4842 
422 2283 1681 1869 1109 2179 1088 1212 2527 1038 1464 2062 3452 2346 921 3061 1654 1566 849 602 1107 2275 4875 
423 2235 1727 1893 1110 2159 1092 1196 2476 1038 1469 2075 3414 2368 925 3035 1678 1574 873 585 1095 2249 4938 
424 2203 1758 1915 1093 2094 1138 1172 2527 1016 1458 2039 3336 2441 927 3006 1707 1598 893 579 1183 2130 5014 
425 2148 1797 1892 1099 2077 1133 1161 2593 1014 1457 2051 3240 2484 935 3018 1717 1640 909 568 1156 2175 5097 
426 2098 1844 1849 1100 2040 1137 1163 2601 984 1451 2040 3171 2571 934 2991 1760 1601 935 567 1101 2240 5180 
427 2088 1891 1828 1096 2007 1178 1172 2627 970 1435 2033 3115 2640 933 2943 1747 1573 969 553 1094 2260 5239 
428 2057 1954 1805 1080 1950 1256 1162 2687 956 1451 2095 3080 2665 921 2912 1800 1543 1005 540 1105 2284 5111 
429 1975 2031 1814 1091 1939 1249 1203 2722 991 1436 2110 3157 2566 955 2900 1879 1500 990 552 1092 2302 4982 
430 1981 2004 1817 1113 1940 1256 1221 2848 959 1425 2127 3228 2521 991 2891 1876 1454 1000 582 1051 2324 4828 
431 2010 1935 1837 1091 1995 1237 1219 2825 951 1420 2114 3260 2534 990 2877 1836 1463 1012 564 1019 2356 4757 
432 2062 1893 1854 1046 2056 1243 1235 2792 955 1446 2153 3338 2546 987 2833 1793 1469 1005 542 1019 2380 4729 
433 2119 1844 1891 1017 2139 1190 1225 2762 959 1422 2197 3378 2534 977 2919 1750 1443 978 562 1007 2414 4743 
434 2190 1829 1877 968 2219 1215 1234 2749 949 1424 2187 3267 2501 1020 3052 1644 1459 984 572 1031 2419 4820 
435 2229 1826 1836 958 2205 1209 1261 2679 949 1398 2215 3209 2569 963 3102 1663 1460 974 575 1004 2469 4906 
436 2283 1810 1792 1007 2177 1224 1276 2662 947 1386 2173 3154 2555 935 3186 1686 1437 969 571 994 2486 4997 
437 2256 1831 1820 1049 2126 1220 1258 2643 895 1441 2104 3160 2491 955 3191 1726 1484 924 567 1007 2474 5049 
438 2195 1843 1802 1105 2066 1216 1294 2586 875 1434 2106 3133 2465 981 3213 1780 1515 910 536 989 2481 5118 
439 2144 1867 1841 1092 2022 1216 1244 2601 869 1426 2100 3118 2435 1005 3199 1806 1549 939 523 953 2528 5188 
440 2129 1849 1886 1051 1988 1225 1225 2549 884 1413 2070 3209 2389 1015 3193 1798 1594 952 503 1054 2400 5310 
441 2123 1865 1884 998 1972 1233 1243 2473 933 1369 2094 3335 2316 1022 3113 1829 1606 974 504 1129 2283 5255 
442 2113 1885 1924 1010 1986 1265 1267 2532 929 1398 2088 3410 2393 964 3069 1873 1583 991 506 1185 2189 5121 
443 2073 1863 1905 1036 2034 1256 1250 2609 919 1354 2134 3484 2393 940 3087 1899 1562 987 513 1183 2216 5015 
444 2045 1896 1900 1056 2048 1264 1219 2720 894 1399 2094 3538 2352 950 3088 1849 1558 998 544 1188 2232 4925 
445 2089 1889 1857 1101 2091 1282 1224 2799 873 1428 2031 3452 2349 928 3188 1764 1533 1019 613 1194 2206 4807 
446 2099 1883 1873 1128 2109 1263 1190 2830 870 1457 2022 3452 2282 948 3127 1769 1544 972 631 1169 2252 4735 
447 2166 1846 1871 1114 2157 1243 1197 2791 856 1483 2016 3401 2273 964 3164 1742 1579 923 638 1139 2264 4810 
448 2227 1819 1803 1105 2213 1232 1210 2752 856 1526 1990 3373 2245 979 3186 1786 1610 908 591 1118 2291 4859 
449 2268 1780 1784 1104 2265 1228 1179 2701 855 1450 2052 3333 2196 1004 3216 1804 1594 930 562 1110 2311 4954 
450 2315 1783 1803 1056 2266 1235 1160 2696 831 1422 2063 3350 2259 999 3190 1797 1593 934 577 1089 2325 5008 
451 2297 1781 1785 1038 2265 1181 1199 2636 827 1408 2056 3375 2294 1006 3114 1857 1592 940 584 1088 2318 5103 
452 2219 1849 1778 1079 2216 1184 1225 2596 847 1411 2103 3310 2376 1006 3064 1873 1588 970 591 1064 2331 5148 
453 2216 1824 1754 1080 2178 1210 1219 2581 841 1403 2122 3290 2434 1042 3076 1923 1584 996 593 1026 2359 5191 
454 2185 1870 1760 1072 2106 1252 1209 2527 794 1466 2056 3292 2444 1058 3005 1903 1601 996 627 1011 2403 5280 
455 2137 1873 1785 1102 2052 1265 1226 2514 791 1535 2074 3290 2490 1067 2976 1864 1609 942 664 984 2424 5075 
456 2074 1898 1808 1114 2011 1287 1236 2489 782 1573 2040 3276 2522 1086 2958 1831 1665 913 649 979 2454 5012 
457 2128 1891 1855 1082 1995 1309 1265 2453 771 1583 2063 3269 2604 1033 2890 1887 1664 903 625 974 2473 4855 
458 2158 1879 1843 1052 2004 1290 1296 2528 768 1552 2130 3231 2607 1015 2900 1822 1666 923 622 992 2476 4737 
459 2198 1836 1871 1061 1970 1271 1259 2600 785 1521 2098 3210 2568 1026 2896 1831 1640 871 618 958 2530 4797 
460 2228 1853 1871 1040 1912 1286 1245 2646 769 1475 2113 3211 2473 1030 2880 1832 1628 880 614 937 2487 4834 
461 2285 1815 1846 1059 1942 1287 1250 2700 758 1460 2158 3101 2467 1013 2883 1774 1632 884 647 940 2466 4862 
462 2323 1830 1795 1079 2030 1267 1248 2744 737 1460 2159 3197 2448 989 2860 1739 1619 887 667 1089 2326 4945 
463 2364 1820 1770 1087 2078 1281 1163 2902 732 1464 2112 3287 2428 1029 2806 1773 1604 898 677 1110 2255 4970 
464 2319 1812 1764 1095 2108 1288 1144 2936 728 1445 2066 3390 2358 1049 2877 1776 1570 933 671 1176 2182 5057 
465 2272 1823 1765 1137 2136 1257 1137 2966 754 1440 2018 3461 2295 1061 2960 1768 1526 939 669 1150 2231 5142 
466 2249 1780 1752 1181 2143 1249 1136 2937 758 1422 2024 3517 2214 1082 3041 1754 1511 973 659 1160 2255 5223 
467 2235 1781 1740 1168 2100 1256 1182 2867 747 1454 1981 3486 2224 1099 3083 1745 1515 976 667 1143 2278 5283 
468 2140 1827 1757 1136 2063 1242 1172 2858 755 1410 2007 3404 2329 1087 3184 1712 1487 992 691 1137 2287 5305 
469 2106 1860 1731 1135 2011 1282 1191 2849 762 1410 2013 3318 2421 1119 3260 1671 1471 1018 694 1106 2328 5169 
470 2166 1796 1762 1147 1991 1255 1244 2813 777 1405 2005 3252 2511 1125 3266 1615 1426 1017 743 1095 2374 5099 
471 2237 1757 1802 1134 1928 1233 1291 2773 780 1480 1977 3220 2492 1106 3284 1662 1409 1028 725 1049 2430 5010 
472 2274 1721 1806 1136 1865 1298 1347 2771 741 1501 1988 3151 2416 1113 3310 1699 1392 1025 743 1010 2485 4895 
473 2292 1737 1838 1120 1884 1308 1334 2739 777 1456 2008 3258 2379 1102 3249 1732 1445 987 733 1005 2504 4773 
474 2348 1704 1813 1131 1921 1293 1341 2737 784 1436 2016 3364 2322 1103 3224 1800 1444 989 708 984 2521 4828 
475 2388 1692 1812 1112 1949 1253 1351 2728 798 1458 2064 3417 2302 1120 3126 1801 1439 973 713 970 2539 4842 
476 2332 1701 1819 1092 1980 1278 1394 2657 773 1522 2009 3471 2294 1114 3068 1820 1458 945 693 963 2557 4924 
477 2317 1683 1828 1081 2036 1273 1373 2649 757 1548 1964 3566 2273 1114 3079 1798 1429 930 704 953 2553 4969 
478 2301 1667 1803 1074 2061 1264 1327 2634 767 1577 1938 3516 2238 1107 3060 1756 1443 918 714 950 2578 5052 
479 2255 1686 1787 1079 2101 1260 1327 2559 757 1618 1928 3442 2202 1100 3033 1789 1445 908 697 988 2527 5148 
480 2239 1672 1808 1057 2147 1248 1316 2532 744 1574 1962 3407 2246 1103 2996 1804 1404 936 703 983 2480 5219 
481 2196 1652 1808 1068 2138 1211 1317 2607 735 1543 2021 3381 2323 1058 2941 1770 1381 963 669 994 2453 5252 
482 2186 1624 1836 1062 2083 1224 1345 2644 729 1552 2019 3300 2408 1018 2903 1755 1355 962 666 1040 2357 5207 
483 2228 1650 1861 1100 1992 1255 1348 2732 734 1497 2072 3301 2426 1015 2993 1727 1397 956 666 1037 2329 5083 
484 2248 1701 1847 1118 1937 1231 1365 2801 732 1518 2051 3268 2377 992 3085 1719 1438 944 661 1014 2300 5012 
485 2252 1770 1848 1155 1843 1203 1372 2763 774 1496 2057 3293 2339 979 3168 1699 1457 974 670 1046 2238 4958 
486 2273 1819 1856 1143 1859 1168 1410 2723 765 1494 2087 3228 2316 965 3245 1686 1482 959 669 998 2271 4840 
487 2294 1876 1813 1164 1906 1159 1386 2763 766 1552 2142 3151 2348 937 3297 1698 1525 938 657 979 2307 4685 
488 2329 1867 1804 1128 1926 1134 1360 2785 761 1542 2110 3247 2409 900 3226 1710 1522 876 673 953 2338 4736 
489 2388 1873 1759 1128 1988 1136 1362 2727 762 1549 2087 3291 2404 901 3188 1639 1534 891 670 921 2362 4787 
490 2419 1862 1718 1121 2006 1131 1370 2684 761 1533 2137 3355 2364 927 3133 1669 1520 916 667 936 2418 4846 
491 2457 1876 1715 1103 2008 1089 1369 2622 740 1478 2147 3390 2311 946 3136 1691 1552 941 642 941 2428 4937 
492 2453 1889 1727 1107 2032 1053 1366 2614 750 1450 2180 3463 2291 982 3095 1715 1513 947 637 945 2415 4994 
493 2423 1925 1674 1095 2116 1055 1403 2574 767 1421 2177 3517 2240 999 3093 1758 1509 961 624 948 2452 4998 
494 2403 1903 1668 1089 2176 1058 1389 2495 759 1387 2185 3616 2153 1025 3096 1794 1539 953 621 993 2417 5073 
495 2344 1884 1700 1046 2240 1062 1376 2540 743 1434 2181 3506 2201 1062 3086 1826 1522 950 619 1031 2445 5099 
496 2269 1938 1676 1076 2227 1076 1388 2609 683 1467 2244 3457 2238 1057 3003 1865 1499 959 623 1054 2495 5141 
497 2234 1909 1685 1099 2215 1052 1378 2633 730 1519 2247 3419 2296 1057 2919 1905 1487 953 623 1048 2503 5199 
498 2248 1919 1649 1116 2195 1067 1366 2709 719 1561 2197 3425 2312 1052 2923 1932 1425 972 616 1040 2488 5273 
499 2274 1928 1696 1147 2127 1093 1347 2803 732 1594 2239 3342 2359 1069 2926 1920 1373 1010 643 1087 2406 5086 