0 0.000 0.005 0.029 0.000 0.000 0.143 0.034 0.002 0.100 0.004 0.016 0.000 0.000 0.000 0.000 0.000 0.000 0.000 0.000 0.000 0.000 0.727 
1 0.000 0.022 0.028 0.000 0.000 0.250 0.333 0.046 0.129 0.004 0.029 0.000 0.000 0.000 0.000 0.000 0.000 0.000 0.000 0.000 0.000 0.725 
2 0.000 0.053 0.397 0.000 0.000 0.500 0.386 0.049 0.118 0.039 0.031 0.000 0.000 0.000 0.000 0.000 0.000 0.000 0.000 0.000 0.000 0.720 
3 0.000 0.063 0.431 0.000 0.000 0.538 0.371 0.064 0.131 0.097 0.106 0.000 0.000 0.000 0.000 0.000 0.000 0.000 0.000 0.000 0.000 0.714 
4 0.000 0.084 0.495 0.000 0.000 0.567 0.483 0.067 0.152 0.104 0.130 0.000 0.000 0.000 0.000 0.000 0.000 0.000 0.000 0.000 0.000 0.715 
5 0.000 0.079 0.505 0.000 0.000 0.562 0.435 0.069 0.156 0.099 0.129 0.000 0.000 0.000 0.000 0.000 0.000 0.000 0.000 0.000 0.000 0.707 
6 0.000 0.081 0.510 0.000 0.000 0.531 0.450 0.071 0.159 0.103 0.125 0.000 0.000 0.000 0.000 0.000 0.000 0.000 0.000 0.000 0.000 0.699 
7 0.000 0.102 0.515 0.000 0.000 0.486 0.429 0.070 0.152 0.103 0.151 0.000 0.000 0.000 0.154 0.000 0.000 0.000 0.000 0.000 0.000 0.696 
8 0.000 0.097 0.510 0.000 0.000 0.528 0.439 0.070 0.156 0.096 0.149 0.000 0.000 0.000 0.154 0.000 0.000 0.000 0.000 0.000 0.000 0.690 
9 0.000 0.096 0.480 0.000 0.000 0.529 0.435 0.072 0.155 0.087 0.143 0.000 0.000 0.000 0.138 0.000 0.000 0.000 0.000 0.000 0.000 0.692 
10 0.000 0.094 0.456 0.000 0.000 0.514 0.411 0.071 0.194 0.085 0.139 0.000 0.000 0.000 0.125 0.000 0.000 0.000 0.000 0.000 0.000 0.699 
11 0.000 0.094 0.433 0.000 0.000 0.585 0.405 0.074 0.191 0.079 0.139 0.000 0.000 0.000 0.129 0.000 0.000 0.000 0.000 0.000 0.000 0.700 
12 0.000 0.074 0.466 0.000 0.000 0.692 0.430 0.077 0.190 0.114 0.131 0.000 0.000 0.000 0.125 0.000 0.000 0.000 0.000 0.000 0.000 0.696 
13 0.005 0.071 0.439 0.000 0.000 0.713 0.431 0.091 0.188 0.140 0.158 0.000 0.000 0.000 0.125 0.000 0.000 0.000 0.000 0.000 0.000 0.708 
14 0.005 0.096 0.443 0.000 0.000 0.694 0.531 0.088 0.202 0.184 0.169 0.000 0.000 0.000 0.125 0.000 0.000 0.000 0.000 0.000 0.000 0.713 
15 0.005 0.097 0.461 0.000 0.000 0.699 0.532 0.136 0.231 0.183 0.188 0.000 0.000 0.000 0.129 0.000 0.000 0.000 0.000 0.000 0.000 0.711 
16 0.005 0.092 0.465 0.000 0.000 0.692 0.529 0.138 0.228 0.186 0.187 0.000 0.000 0.000 0.121 0.000 0.000 0.000 0.000 0.000 0.000 0.706 
17 0.004 0.094 0.487 0.000 0.000 0.653 0.522 0.134 0.213 0.177 0.199 0.000 0.000 0.000 0.067 0.000 0.000 0.000 0.000 0.000 0.000 0.702 
18 0.004 0.092 0.467 0.000 0.000 0.634 0.506 0.136 0.216 0.177 0.197 0.000 0.000 0.000 0.065 0.000 0.000 0.000 0.000 0.000 0.000 0.704 
19 0.004 0.089 0.468 0.000 0.000 0.620 0.510 0.138 0.224 0.182 0.195 0.000 0.000 0.000 0.050 0.000 0.000 0.000 0.000 0.000 0.000 0.700 
20 0.004 0.093 0.457 0.000 0.000 0.635 0.491 0.136 0.280 0.198 0.186 0.000 0.000 0.000 0.048 0.000 0.000 0.000 0.000 0.000 0.000 0.699 
21 0.004 0.093 0.442 0.000 0.000 0.663 0.481 0.149 0.297 0.178 0.172 0.000 0.000 0.000 0.047 0.000 0.000 0.000 0.000 0.000 0.000 0.705 
22 0.009 0.093 0.422 0.000 0.000 0.624 0.487 0.149 0.289 0.179 0.175 0.000 0.000 0.000 0.046 0.000 0.000 0.000 0.000 0.000 0.000 0.705 
23 0.009 0.096 0.453 0.000 0.000 0.621 0.509 0.155 0.278 0.177 0.166 0.000 0.000 0.000 0.045 0.000 0.003 0.000 0.000 0.000 0.000 0.704 
24 0.009 0.091 0.426 0.000 0.000 0.619 0.497 0.150 0.269 0.185 0.168 0.000 0.000 0.000 0.046 0.000 0.003 0.000 0.000 0.000 0.000 0.702 
25 0.009 0.125 0.451 0.000 0.000 0.633 0.489 0.157 0.263 0.189 0.199 0.000 0.000 0.000 0.036 0.000 0.003 0.000 0.000 0.000 0.000 0.701 
26 0.009 0.121 0.465 0.000 0.000 0.659 0.515 0.153 0.319 0.237 0.205 0.000 0.000 0.000 0.034 0.000 0.005 0.000 0.000 0.000 0.000 0.700 
27 0.009 0.116 0.489 0.000 0.000 0.683 0.500 0.165 0.331 0.252 0.230 0.000 0.000 0.000 0.034 0.000 0.003 0.000 0.000 0.000 0.000 0.700 
28 0.009 0.117 0.485 0.000 0.000 0.684 0.546 0.165 0.396 0.267 0.241 0.000 0.000 0.000 0.000 0.000 0.003 0.000 0.000 0.000 0.000 0.698 
29 0.009 0.116 0.489 0.000 0.000 0.683 0.541 0.169 0.436 0.274 0.232 0.000 0.000 0.000 0.000 0.000 0.003 0.000 0.000 0.000 0.000 0.696 
30 0.010 0.140 0.562 0.000 0.000 0.674 0.535 0.183 0.424 0.271 0.255 0.000 0.000 0.000 0.000 0.000 0.003 0.000 0.000 0.000 0.000 0.698 
31 0.009 0.143 0.540 0.000 0.000 0.658 0.519 0.178 0.419 0.275 0.255 0.000 0.000 0.000 0.000 0.000 0.005 0.000 0.000 0.000 0.000 0.694 
32 0.026 0.143 0.542 0.000 0.000 0.648 0.529 0.171 0.417 0.288 0.251 0.000 0.000 0.000 0.000 0.000 0.005 0.000 0.000 0.000 0.000 0.695 
33 0.021 0.145 0.535 0.000 0.000 0.656 0.519 0.166 0.426 0.307 0.254 0.000 0.000 0.000 0.000 0.000 0.013 0.000 0.000 0.000 0.000 0.695 
34 0.017 0.147 0.520 0.000 0.000 0.651 0.526 0.171 0.439 0.309 0.254 0.000 0.000 0.000 0.000 0.000 0.013 0.000 0.000 0.000 0.000 0.700 
35 0.017 0.142 0.510 0.000 0.000 0.632 0.529 0.168 0.425 0.310 0.257 0.000 0.000 0.000 0.000 0.000 0.015 0.000 0.000 0.000 0.000 0.696 
36 0.023 0.142 0.503 0.000 0.000 0.631 0.536 0.171 0.405 0.319 0.271 0.000 0.000 0.000 0.000 0.000 0.010 0.000 0.000 0.000 0.000 0.701 
37 0.023 0.141 0.501 0.000 0.047 0.646 0.530 0.168 0.395 0.323 0.264 0.029 0.000 0.000 0.013 0.000 0.007 0.000 0.000 0.000 0.000 0.701 
38 0.022 0.137 0.503 0.000 0.047 0.632 0.526 0.172 0.383 0.334 0.257 0.030 0.000 0.000 0.013 0.000 0.007 0.000 0.000 0.000 0.000 0.703 
39 0.021 0.133 0.511 0.000 0.040 0.637 0.523 0.174 0.375 0.336 0.269 0.029 0.000 0.000 0.013 0.000 0.007 0.000 0.000 0.000 0.000 0.707 
40 0.022 0.139 0.508 0.000 0.044 0.631 0.526 0.186 0.384 0.325 0.271 0.034 0.000 0.000 0.013 0.000 0.007 0.000 0.000 0.000 0.000 0.712 
41 0.030 0.137 0.499 0.006 0.047 0.647 0.507 0.181 0.390 0.322 0.263 0.030 0.000 0.000 0.012 0.000 0.008 0.000 0.000 0.000 0.000 0.708 
42 0.030 0.138 0.493 0.006 0.041 0.652 0.509 0.188 0.395 0.326 0.257 0.030 0.000 0.000 0.012 0.000 0.010 0.000 0.000 0.000 0.000 0.706 
43 0.026 0.142 0.493 0.006 0.041 0.664 0.550 0.190 0.403 0.323 0.275 0.028 0.000 0.000 0.012 0.000 0.015 0.000 0.000 0.000 0.000 0.709 
44 0.021 0.141 0.478 0.006 0.046 0.676 0.530 0.206 0.428 0.310 0.282 0.008 0.000 0.000 0.050 0.000 0.015 0.000 0.000 0.000 0.000 0.710 
45 0.021 0.169 0.485 0.006 0.047 0.676 0.520 0.223 0.435 0.324 0.305 0.010 0.000 0.000 0.050 0.000 0.014 0.000 0.000 0.000 0.000 0.709 
46 0.021 0.170 0.469 0.006 0.044 0.667 0.515 0.231 0.457 0.350 0.309 0.010 0.000 0.000 0.062 0.000 0.014 0.000 0.000 0.000 0.000 0.703 
47 0.016 0.187 0.463 0.006 0.048 0.665 0.510 0.240 0.488 0.339 0.316 0.015 0.000 0.000 0.053 0.000 0.012 0.000 0.000 0.000 0.000 0.705 
48 0.016 0.188 0.471 0.006 0.047 0.661 0.507 0.241 0.480 0.338 0.323 0.015 0.000 0.000 0.070 0.000 0.012 0.000 0.000 0.000 0.000 0.701 
49 0.012 0.189 0.466 0.005 0.046 0.685 0.527 0.231 0.480 0.324 0.318 0.015 0.000 0.000 0.062 0.000 0.012 0.000 0.000 0.000 0.000 0.696 
50 0.013 0.187 0.464 0.010 0.093 0.672 0.538 0.229 0.476 0.323 0.326 0.015 0.000 0.000 0.064 0.000 0.012 0.000 0.000 0.000 0.000 0.697 
51 0.013 0.186 0.469 0.009 0.104 0.664 0.546 0.225 0.474 0.332 0.334 0.019 0.000 0.000 0.061 0.000 0.012 0.000 0.000 0.000 0.000 0.694 
52 0.009 0.202 0.470 0.009 0.102 0.651 0.556 0.224 0.475 0.332 0.339 0.020 0.000 0.000 0.051 0.000 0.009 0.000 0.000 0.000 0.000 0.693 
53 0.005 0.196 0.463 0.009 0.103 0.667 0.561 0.221 0.462 0.321 0.340 0.020 0.000 0.000 0.054 0.000 0.009 0.000 0.000 0.000 0.000 0.690 
54 0.005 0.201 0.463 0.009 0.110 0.668 0.575 0.216 0.467 0.327 0.338 0.020 0.000 0.000 0.052 0.000 0.009 0.000 0.000 0.000 0.000 0.687 
55 0.005 0.199 0.480 0.009 0.111 0.682 0.605 0.219 0.468 0.363 0.343 0.023 0.000 0.000 0.051 0.000 0.007 0.000 0.000 0.000 0.000 0.687 
56 0.005 0.205 0.490 0.009 0.118 0.631 0.616 0.231 0.486 0.362 0.349 0.022 0.000 0.000 0.050 0.000 0.007 0.000 0.000 0.000 0.000 0.689 
57 0.005 0.207 0.498 0.009 0.110 0.644 0.608 0.254 0.464 0.385 0.364 0.025 0.000 0.000 0.114 0.000 0.007 0.000 0.000 0.000 0.000 0.690 
58 0.005 0.207 0.493 0.009 0.106 0.624 0.588 0.258 0.469 0.388 0.374 0.025 0.000 0.000 0.105 0.000 0.009 0.000 0.000 0.000 0.000 0.694 
59 0.005 0.232 0.506 0.013 0.104 0.649 0.579 0.259 0.472 0.393 0.375 0.024 0.000 0.000 0.100 0.000 0.009 0.000 0.000 0.000 0.000 0.703 
60 0.005 0.228 0.494 0.013 0.108 0.631 0.574 0.258 0.471 0.387 0.369 0.022 0.000 0.000 0.153 0.000 0.002 0.000 0.000 0.000 0.000 0.704 
61 0.005 0.229 0.492 0.013 0.112 0.635 0.566 0.255 0.469 0.386 0.365 0.024 0.000 0.000 0.152 0.000 0.002 0.000 0.000 0.000 0.000 0.704 
62 0.005 0.232 0.487 0.013 0.109 0.628 0.561 0.256 0.450 0.390 0.366 0.024 0.000 0.000 0.170 0.000 0.005 0.000 0.000 0.000 0.000 0.707 
63 0.005 0.229 0.480 0.013 0.099 0.614 0.563 0.283 0.454 0.393 0.371 0.032 0.000 0.000 0.170 0.000 0.005 0.000 0.000 0.000 0.000 0.704 
64 0.009 0.226 0.480 0.017 0.099 0.618 0.564 0.283 0.463 0.391 0.369 0.030 0.000 0.000 0.212 0.000 0.005 0.000 0.000 0.000 0.000 0.708 
65 0.009 0.230 0.479 0.017 0.088 0.626 0.567 0.283 0.463 0.389 0.379 0.026 0.000 0.000 0.209 0.000 0.005 0.000 0.000 0.000 0.000 0.707 
66 0.010 0.228 0.468 0.016 0.086 0.611 0.564 0.282 0.469 0.385 0.383 0.051 0.000 0.000 0.197 0.000 0.005 0.000 0.000 0.000 0.000 0.708 
67 0.010 0.224 0.480 0.016 0.090 0.614 0.553 0.281 0.470 0.394 0.379 0.048 0.000 0.000 0.194 0.000 0.005 0.000 0.000 0.000 0.000 0.708 
68 0.020 0.227 0.481 0.016 0.087 0.610 0.562 0.289 0.477 0.389 0.375 0.050 0.000 0.000 0.199 0.000 0.005 0.000 0.000 0.000 0.000 0.695 
69 0.025 0.228 0.488 0.016 0.103 0.605 0.568 0.286 0.474 0.383 0.370 0.056 0.000 0.000 0.205 0.000 0.003 0.000 0.000 0.000 0.000 0.697 
70 0.020 0.228 0.477 0.016 0.102 0.626 0.572 0.279 0.474 0.381 0.375 0.066 0.000 0.000 0.202 0.000 0.002 0.000 0.000 0.000 0.000 0.698 
71 0.020 0.227 0.466 0.015 0.099 0.632 0.556 0.284 0.475 0.374 0.377 0.058 0.000 0.000 0.208 0.000 0.003 0.000 0.000 0.000 0.000 0.701 
72 0.020 0.225 0.460 0.015 0.094 0.629 0.539 0.293 0.462 0.374 0.387 0.058 0.000 0.000 0.229 0.000 0.002 0.000 0.000 0.000 0.000 0.700 
73 0.029 0.221 0.463 0.015 0.080 0.663 0.551 0.288 0.464 0.376 0.387 0.056 0.000 0.000 0.234 0.000 0.012 0.000 0.000 0.000 0.000 0.701 
74 0.039 0.229 0.464 0.011 0.078 0.653 0.552 0.281 0.448 0.380 0.385 0.066 0.000 0.000 0.231 0.000 0.009 0.000 0.000 0.000 0.000 0.699 
75 0.038 0.227 0.470 0.011 0.082 0.656 0.563 0.272 0.440 0.380 0.390 0.062 0.000 0.000 0.230 0.000 0.009 0.000 0.000 0.000 0.000 0.704 
76 0.038 0.225 0.487 0.010 0.085 0.649 0.560 0.269 0.457 0.384 0.394 0.065 0.000 0.000 0.237 0.000 0.028 0.000 0.000 0.000 0.000 0.701 
77 0.037 0.224 0.484 0.042 0.138 0.644 0.551 0.274 0.449 0.394 0.392 0.060 0.000 0.000 0.243 0.000 0.032 0.000 0.000 0.000 0.000 0.701 
78 0.036 0.225 0.486 0.038 0.132 0.664 0.553 0.275 0.464 0.403 0.388 0.059 0.002 0.000 0.236 0.000 0.031 0.000 0.000 0.000 0.000 0.700 
79 0.040 0.224 0.489 0.041 0.141 0.658 0.565 0.275 0.468 0.406 0.388 0.056 0.002 0.000 0.235 0.000 0.034 0.000 0.000 0.000 0.000 0.705 
80 0.056 0.224 0.476 0.044 0.141 0.649 0.567 0.281 0.468 0.428 0.390 0.052 0.005 0.000 0.240 0.000 0.034 0.000 0.000 0.000 0.000 0.703 
81 0.051 0.223 0.489 0.043 0.139 0.648 0.569 0.300 0.467 0.419 0.395 0.068 0.006 0.000 0.235 0.000 0.035 0.000 0.000 0.000 0.000 0.695 
82 0.051 0.231 0.481 0.043 0.139 0.651 0.567 0.323 0.478 0.419 0.400 0.067 0.006 0.000 0.230 0.000 0.032 0.000 0.000 0.000 0.000 0.696 
83 0.050 0.232 0.483 0.042 0.150 0.657 0.565 0.326 0.464 0.427 0.414 0.086 0.007 0.000 0.240 0.000 0.048 0.000 0.000 0.000 0.000 0.700 
84 0.050 0.229 0.477 0.042 0.140 0.655 0.571 0.329 0.475 0.423 0.422 0.090 0.007 0.000 0.227 0.000 0.052 0.000 0.000 0.000 0.000 0.696 
85 0.056 0.238 0.483 0.045 0.142 0.646 0.569 0.325 0.459 0.415 0.421 0.090 0.007 0.000 0.228 0.000 0.054 0.000 0.000 0.000 0.000 0.697 
86 0.055 0.236 0.475 0.034 0.137 0.640 0.565 0.325 0.468 0.413 0.418 0.104 0.006 0.000 0.213 0.000 0.055 0.000 0.000 0.000 0.000 0.698 
87 0.075 0.236 0.470 0.034 0.128 0.644 0.580 0.323 0.478 0.411 0.418 0.095 0.006 0.000 0.217 0.000 0.052 0.000 0.000 0.000 0.000 0.700 
88 0.078 0.232 0.475 0.041 0.127 0.654 0.580 0.332 0.477 0.412 0.418 0.099 0.006 0.000 0.219 0.000 0.063 0.000 0.000 0.000 0.000 0.703 
89 0.069 0.231 0.477 0.038 0.126 0.644 0.566 0.337 0.470 0.410 0.418 0.094 0.006 0.000 0.224 0.000 0.064 0.000 0.000 0.000 0.000 0.707 
90 0.088 0.230 0.477 0.038 0.119 0.651 0.560 0.335 0.480 0.398 0.426 0.093 0.005 0.000 0.224 0.000 0.070 0.000 0.000 0.000 0.000 0.709 
91 0.083 0.234 0.473 0.038 0.188 0.639 0.555 0.336 0.469 0.399 0.422 0.092 0.004 0.000 0.214 0.000 0.067 0.000 0.000 0.000 0.000 0.707 
92 0.083 0.238 0.468 0.038 0.189 0.642 0.557 0.342 0.472 0.388 0.418 0.095 0.004 0.000 0.214 0.000 0.066 0.000 0.000 0.000 0.000 0.702 
93 0.085 0.249 0.468 0.023 0.195 0.649 0.561 0.344 0.470 0.383 0.416 0.092 0.004 0.000 0.220 0.000 0.076 0.000 0.000 0.000 0.000 0.705 
94 0.084 0.248 0.468 0.016 0.184 0.653 0.568 0.339 0.453 0.379 0.420 0.093 0.004 0.000 0.226 0.000 0.070 0.000 0.000 0.000 0.000 0.704 
95 0.080 0.260 0.468 0.017 0.205 0.648 0.565 0.337 0.450 0.389 0.411 0.104 0.004 0.000 0.234 0.000 0.067 0.000 0.000 0.000 0.000 0.704 
96 0.080 0.270 0.463 0.013 0.211 0.653 0.570 0.345 0.477 0.390 0.420 0.110 0.002 0.000 0.229 0.000 0.068 0.000 0.000 0.000 0.000 0.704 
97 0.076 0.267 0.479 0.014 0.213 0.647 0.551 0.345 0.497 0.395 0.429 0.110 0.002 0.000 0.227 0.000 0.064 0.000 0.000 0.000 0.000 0.703 
98 0.076 0.263 0.469 0.014 0.213 0.659 0.549 0.354 0.492 0.398 0.441 0.113 0.002 0.000 0.230 0.000 0.061 0.000 0.000 0.000 0.000 0.704 
99 0.074 0.266 0.468 0.014 0.244 0.659 0.558 0.362 0.500 0.400 0.445 0.118 0.002 0.000 0.236 0.000 0.065 0.000 0.000 0.000 0.000 0.709 
100 0.078 0.267 0.473 0.010 0.261 0.664 0.547 0.363 0.491 0.404 0.446 0.112 0.002 0.000 0.248 0.000 0.065 0.000 0.000 0.000 0.000 0.706 
101 0.081 0.262 0.478 0.046 0.273 0.665 0.545 0.355 0.481 0.409 0.443 0.106 0.002 0.000 0.247 0.000 0.060 0.000 0.000 0.000 0.000 0.705 
102 0.100 0.260 0.483 0.042 0.253 0.659 0.541 0.353 0.475 0.421 0.445 0.112 0.003 0.000 0.255 0.000 0.064 0.000 0.000 0.000 0.000 0.696 
103 0.115 0.257 0.479 0.044 0.247 0.645 0.536 0.360 0.480 0.427 0.448 0.109 0.003 0.000 0.260 0.000 0.062 0.000 0.000 0.000 0.000 0.694 
104 0.122 0.256 0.481 0.042 0.243 0.647 0.548 0.367 0.460 0.421 0.439 0.104 0.003 0.000 0.267 0.003 0.065 0.000 0.000 0.000 0.000 0.694 
105 0.122 0.260 0.480 0.041 0.242 0.634 0.540 0.360 0.459 0.408 0.438 0.104 0.004 0.000 0.267 0.003 0.067 0.000 0.000 0.000 0.000 0.692 
106 0.130 0.258 0.479 0.040 0.250 0.630 0.543 0.358 0.455 0.406 0.441 0.110 0.005 0.000 0.264 0.003 0.066 0.000 0.000 0.000 0.000 0.689 
107 0.138 0.262 0.469 0.064 0.252 0.638 0.553 0.361 0.464 0.403 0.439 0.102 0.004 0.002 0.259 0.003 0.065 0.000 0.000 0.000 0.000 0.693 
108 0.141 0.273 0.468 0.078 0.239 0.649 0.557 0.357 0.473 0.397 0.434 0.099 0.004 0.000 0.261 0.004 0.071 0.000 0.000 0.000 0.000 0.698 
109 0.137 0.268 0.485 0.087 0.234 0.652 0.566 0.352 0.463 0.395 0.439 0.102 0.004 0.000 0.245 0.003 0.070 0.000 0.000 0.000 0.000 0.703 
110 0.136 0.268 0.492 0.085 0.233 0.643 0.566 0.358 0.462 0.401 0.435 0.106 0.004 0.000 0.235 0.003 0.081 0.000 0.000 0.000 0.000 0.708 
111 0.134 0.274 0.494 0.093 0.254 0.632 0.582 0.361 0.461 0.402 0.427 0.116 0.004 0.000 0.239 0.016 0.086 0.000 0.000 0.000 0.000 0.707 
112 0.140 0.278 0.487 0.140 0.252 0.630 0.584 0.356 0.467 0.405 0.425 0.110 0.004 0.000 0.241 0.015 0.091 0.000 0.000 0.000 0.000 0.710 
113 0.137 0.283 0.488 0.139 0.252 0.642 0.575 0.354 0.457 0.408 0.428 0.110 0.004 0.000 0.234 0.015 0.110 0.000 0.000 0.000 0.000 0.708 
114 0.141 0.284 0.482 0.154 0.250 0.653 0.558 0.348 0.455 0.410 0.419 0.116 0.004 0.000 0.241 0.012 0.109 0.000 0.000 0.000 0.000 0.708 
115 0.159 0.282 0.481 0.152 0.246 0.651 0.551 0.348 0.446 0.408 0.423 0.116 0.004 0.000 0.241 0.009 0.106 0.000 0.000 0.000 0.000 0.708 
116 0.154 0.280 0.478 0.152 0.243 0.650 0.553 0.357 0.445 0.411 0.429 0.127 0.004 0.000 0.243 0.009 0.101 0.000 0.000 0.000 0.000 0.711 
117 0.148 0.281 0.476 0.153 0.242 0.659 0.568 0.360 0.451 0.411 0.439 0.123 0.005 0.000 0.241 0.009 0.100 0.002 0.000 0.000 0.000 0.711 
118 0.147 0.287 0.482 0.155 0.251 0.658 0.571 0.361 0.448 0.404 0.437 0.121 0.003 0.000 0.239 0.009 0.104 0.007 0.000 0.000 0.000 0.717 
119 0.153 0.292 0.479 0.174 0.251 0.661 0.580 0.366 0.465 0.400 0.439 0.125 0.003 0.000 0.232 0.009 0.107 0.007 0.000 0.000 0.000 0.710 
120 0.156 0.297 0.481 0.173 0.275 0.660 0.579 0.368 0.463 0.408 0.453 0.129 0.003 0.000 0.239 0.009 0.102 0.007 0.000 0.000 0.000 0.706 
121 0.157 0.301 0.484 0.185 0.277 0.665 0.584 0.364 0.454 0.408 0.447 0.135 0.005 0.000 0.238 0.012 0.099 0.007 0.000 0.000 0.000 0.703 
122 0.169 0.313 0.484 0.180 0.276 0.673 0.599 0.368 0.453 0.408 0.449 0.132 0.005 0.000 0.243 0.011 0.101 0.007 0.000 0.000 0.000 0.697 
123 0.163 0.312 0.483 0.176 0.267 0.675 0.592 0.374 0.465 0.406 0.448 0.137 0.003 0.000 0.246 0.011 0.102 0.005 0.000 0.000 0.000 0.692 
124 0.162 0.313 0.474 0.177 0.273 0.677 0.584 0.375 0.479 0.418 0.449 0.133 0.003 0.000 0.251 0.011 0.102 0.005 0.000 0.000 0.000 0.698 
125 0.157 0.320 0.472 0.178 0.275 0.680 0.585 0.375 0.494 0.403 0.449 0.140 0.003 0.000 0.250 0.011 0.104 0.005 0.000 0.000 0.000 0.703 
126 0.150 0.321 0.491 0.174 0.278 0.681 0.571 0.368 0.505 0.404 0.445 0.140 0.003 0.000 0.262 0.010 0.104 0.002 0.000 0.000 0.000 0.702 
127 0.151 0.319 0.491 0.169 0.271 0.673 0.571 0.369 0.490 0.415 0.448 0.142 0.003 0.000 0.260 0.010 0.102 0.003 0.000 0.000 0.000 0.701 
128 0.148 0.317 0.480 0.167 0.266 0.675 0.573 0.372 0.482 0.404 0.451 0.133 0.003 0.000 0.259 0.008 0.111 0.003 0.000 0.000 0.000 0.696 
129 0.152 0.321 0.480 0.175 0.274 0.666 0.571 0.375 0.484 0.398 0.454 0.131 0.003 0.000 0.259 0.005 0.112 0.003 0.000 0.000 0.000 0.695 
130 0.162 0.321 0.486 0.176 0.280 0.666 0.585 0.386 0.477 0.394 0.450 0.135 0.012 0.000 0.259 0.007 0.110 0.003 0.000 0.000 0.000 0.693 
131 0.168 0.334 0.478 0.179 0.260 0.654 0.584 0.381 0.468 0.395 0.456 0.146 0.012 0.000 0.264 0.007 0.115 0.002 0.000 0.000 0.000 0.689 
132 0.187 0.332 0.494 0.182 0.265 0.661 0.583 0.369 0.476 0.401 0.453 0.151 0.011 0.000 0.260 0.015 0.125 0.002 0.000 0.000 0.000 0.684 
133 0.188 0.324 0.492 0.181 0.261 0.649 0.576 0.373 0.477 0.410 0.461 0.146 0.011 0.000 0.268 0.012 0.127 0.002 0.000 0.000 0.000 0.692 
134 0.185 0.314 0.501 0.179 0.261 0.621 0.578 0.372 0.474 0.402 0.463 0.148 0.009 0.000 0.278 0.012 0.125 0.002 0.000 0.000 0.000 0.690 
135 0.181 0.317 0.510 0.171 0.267 0.618 0.571 0.369 0.482 0.398 0.470 0.157 0.010 0.000 0.286 0.012 0.121 0.002 0.000 0.000 0.000 0.691 
136 0.179 0.321 0.514 0.170 0.264 0.623 0.571 0.375 0.487 0.400 0.468 0.155 0.010 0.000 0.293 0.007 0.127 0.002 0.000 0.000 0.000 0.695 
137 0.187 0.318 0.509 0.163 0.265 0.615 0.575 0.384 0.496 0.403 0.467 0.154 0.012 0.000 0.294 0.007 0.123 0.007 0.000 0.000 0.000 0.691 
138 0.188 0.318 0.514 0.191 0.267 0.619 0.567 0.373 0.498 0.406 0.479 0.155 0.010 0.000 0.303 0.007 0.116 0.010 0.000 0.000 0.000 0.704 
139 0.189 0.312 0.512 0.194 0.264 0.621 0.580 0.371 0.489 0.399 0.496 0.152 0.018 0.000 0.304 0.007 0.113 0.009 0.000 0.000 0.000 0.703 
140 0.187 0.309 0.516 0.190 0.272 0.617 0.581 0.378 0.490 0.400 0.501 0.154 0.015 0.000 0.305 0.007 0.120 0.009 0.000 0.000 0.000 0.700 
141 0.183 0.307 0.515 0.205 0.272 0.631 0.571 0.379 0.479 0.403 0.496 0.155 0.016 0.000 0.297 0.007 0.130 0.011 0.000 0.000 0.000 0.697 
142 0.175 0.312 0.512 0.203 0.269 0.635 0.574 0.376 0.479 0.406 0.486 0.157 0.017 0.000 0.301 0.007 0.141 0.013 0.000 0.000 0.000 0.692 
143 0.185 0.311 0.523 0.203 0.274 0.631 0.571 0.383 0.490 0.406 0.478 0.171 0.018 0.000 0.295 0.006 0.136 0.013 0.000 0.000 0.000 0.688 
144 0.192 0.312 0.510 0.197 0.292 0.629 0.568 0.381 0.480 0.409 0.475 0.180 0.019 0.000 0.291 0.006 0.139 0.012 0.000 0.000 0.000 0.688 
145 0.195 0.313 0.519 0.192 0.306 0.625 0.566 0.384 0.480 0.409 0.466 0.174 0.018 0.000 0.287 0.007 0.148 0.012 0.000 0.000 0.000 0.686 
146 0.192 0.309 0.520 0.181 0.313 0.627 0.573 0.380 0.472 0.409 0.464 0.177 0.017 0.000 0.286 0.007 0.150 0.013 0.000 0.000 0.000 0.688 
147 0.202 0.314 0.507 0.178 0.310 0.625 0.566 0.380 0.466 0.410 0.465 0.187 0.015 0.000 0.288 0.007 0.147 0.010 0.000 0.000 0.000 0.689 
148 0.210 0.313 0.498 0.192 0.299 0.632 0.574 0.380 0.468 0.425 0.466 0.197 0.013 0.000 0.291 0.014 0.151 0.010 0.000 0.000 0.000 0.693 
149 0.215 0.312 0.502 0.188 0.311 0.636 0.580 0.370 0.458 0.425 0.460 0.206 0.011 0.000 0.289 0.014 0.150 0.010 0.000 0.000 0.000 0.696 
150 0.213 0.312 0.509 0.213 0.308 0.647 0.599 0.370 0.473 0.425 0.471 0.198 0.012 0.000 0.285 0.017 0.148 0.008 0.000 0.000 0.000 0.701 
151 0.220 0.317 0.515 0.214 0.298 0.646 0.573 0.369 0.487 0.420 0.470 0.200 0.013 0.000 0.283 0.016 0.140 0.009 0.000 0.000 0.000 0.700 
152 0.219 0.328 0.519 0.215 0.296 0.632 0.573 0.363 0.489 0.419 0.475 0.200 0.015 0.000 0.285 0.014 0.141 0.007 0.000 0.000 0.000 0.702 
153 0.221 0.325 0.529 0.214 0.298 0.636 0.583 0.369 0.482 0.417 0.478 0.201 0.014 0.000 0.291 0.014 0.153 0.007 0.000 0.000 0.000 0.706 
154 0.216 0.329 0.522 0.218 0.296 0.634 0.578 0.375 0.469 0.440 0.474 0.206 0.012 0.000 0.294 0.014 0.149 0.007 0.000 0.000 0.000 0.703 
155 0.213 0.327 0.517 0.217 0.298 0.639 0.575 0.373 0.470 0.431 0.470 0.211 0.012 0.000 0.299 0.014 0.151 0.007 0.000 0.000 0.000 0.693 
156 0.217 0.325 0.517 0.227 0.298 0.644 0.558 0.373 0.474 0.420 0.471 0.205 0.011 0.000 0.310 0.015 0.168 0.007 0.000 0.000 0.000 0.692 
157 0.220 0.313 0.512 0.232 0.311 0.638 0.564 0.375 0.474 0.421 0.465 0.204 0.012 0.000 0.313 0.019 0.175 0.010 0.000 0.000 0.000 0.693 
158 0.220 0.310 0.514 0.231 0.308 0.642 0.561 0.371 0.467 0.423 0.465 0.207 0.011 0.000 0.318 0.020 0.173 0.019 0.000 0.000 0.000 0.694 
159 0.230 0.316 0.513 0.232 0.304 0.639 0.549 0.372 0.464 0.425 0.472 0.214 0.011 0.000 0.318 0.020 0.171 0.020 0.000 0.000 0.000 0.695 
160 0.225 0.315 0.518 0.239 0.299 0.639 0.546 0.375 0.471 0.424 0.477 0.212 0.012 0.000 0.313 0.021 0.168 0.017 0.000 0.000 0.000 0.696 
161 0.225 0.309 0.518 0.242 0.296 0.637 0.554 0.375 0.458 0.423 0.471 0.219 0.013 0.000 0.316 0.021 0.161 0.017 0.000 0.000 0.000 0.697 
162 0.225 0.305 0.514 0.243 0.298 0.629 0.570 0.378 0.462 0.423 0.473 0.217 0.011 0.000 0.316 0.020 0.155 0.015 0.000 0.000 0.000 0.703 
163 0.225 0.316 0.506 0.239 0.293 0.626 0.573 0.371 0.471 0.422 0.472 0.216 0.011 0.000 0.320 0.018 0.159 0.021 0.000 0.000 0.000 0.706 
164 0.223 0.323 0.510 0.243 0.296 0.629 0.576 0.385 0.475 0.414 0.480 0.211 0.012 0.000 0.315 0.017 0.147 0.022 0.000 0.000 0.000 0.708 
165 0.222 0.320 0.510 0.248 0.307 0.638 0.574 0.385 0.481 0.416 0.480 0.220 0.012 0.000 0.308 0.017 0.161 0.019 0.000 0.000 0.000 0.699 
166 0.216 0.320 0.513 0.247 0.306 0.628 0.565 0.387 0.485 0.438 0.489 0.230 0.012 0.000 0.306 0.019 0.158 0.017 0.000 0.000 0.000 0.699 
167 0.221 0.319 0.522 0.252 0.297 0.624 0.586 0.386 0.481 0.437 0.484 0.235 0.013 0.000 0.306 0.027 0.154 0.027 0.000 0.000 0.000 0.694 
168 0.216 0.331 0.529 0.252 0.297 0.634 0.590 0.393 0.491 0.440 0.485 0.239 0.011 0.000 0.300 0.026 0.152 0.026 0.000 0.000 0.000 0.689 
169 0.215 0.334 0.530 0.245 0.304 0.639 0.576 0.398 0.487 0.441 0.480 0.240 0.012 0.000 0.301 0.024 0.157 0.029 0.000 0.000 0.000 0.691 
170 0.217 0.332 0.524 0.242 0.306 0.633 0.583 0.408 0.476 0.437 0.473 0.239 0.013 0.000 0.298 0.024 0.141 0.028 0.000 0.000 0.000 0.686 
171 0.218 0.329 0.518 0.243 0.308 0.604 0.566 0.412 0.480 0.429 0.474 0.240 0.012 0.000 0.290 0.024 0.143 0.025 0.000 0.000 0.000 0.685 
172 0.220 0.329 0.511 0.237 0.318 0.608 0.561 0.407 0.466 0.438 0.474 0.241 0.011 0.000 0.299 0.024 0.140 0.028 0.000 0.000 0.000 0.688 
173 0.221 0.329 0.504 0.240 0.329 0.598 0.559 0.399 0.469 0.446 0.473 0.231 0.012 0.000 0.304 0.024 0.142 0.026 0.000 0.000 0.000 0.687 
174 0.218 0.330 0.502 0.239 0.332 0.604 0.548 0.395 0.466 0.441 0.483 0.229 0.011 0.000 0.310 0.024 0.153 0.027 0.000 0.000 0.000 0.690 
175 0.222 0.331 0.505 0.224 0.335 0.589 0.553 0.393 0.471 0.449 0.471 0.231 0.011 0.000 0.315 0.026 0.155 0.025 0.000 0.000 0.000 0.692 
176 0.221 0.328 0.506 0.237 0.332 0.596 0.561 0.403 0.455 0.451 0.471 0.236 0.010 0.000 0.318 0.026 0.158 0.023 0.000 0.000 0.000 0.690 
177 0.216 0.333 0.501 0.238 0.330 0.592 0.550 0.399 0.466 0.457 0.476 0.240 0.010 0.000 0.321 0.026 0.155 0.021 0.000 0.000 0.000 0.690 
178 0.209 0.330 0.498 0.245 0.326 0.600 0.551 0.403 0.464 0.455 0.484 0.239 0.010 0.000 0.326 0.025 0.160 0.022 0.000 0.000 0.000 0.698 
179 0.216 0.329 0.505 0.249 0.328 0.595 0.555 0.397 0.471 0.454 0.474 0.245 0.009 0.000 0.327 0.031 0.171 0.021 0.000 0.000 0.000 0.701 
180 0.224 0.330 0.506 0.251 0.317 0.604 0.555 0.400 0.454 0.461 0.477 0.241 0.010 0.000 0.322 0.032 0.173 0.022 0.000 0.000 0.000 0.699 
181 0.217 0.334 0.503 0.245 0.322 0.603 0.577 0.398 0.449 0.455 0.480 0.242 0.009 0.000 0.324 0.033 0.178 0.023 0.000 0.001 0.000 0.701 
182 0.218 0.338 0.502 0.242 0.328 0.599 0.593 0.401 0.434 0.461 0.482 0.244 0.011 0.000 0.320 0.032 0.183 0.028 0.000 0.001 0.000 0.708 
183 0.218 0.333 0.500 0.268 0.337 0.599 0.581 0.408 0.422 0.464 0.484 0.248 0.010 0.000 0.319 0.033 0.187 0.025 0.000 0.001 0.000 0.713 
184 0.222 0.337 0.504 0.271 0.338 0.609 0.576 0.419 0.438 0.461 0.490 0.245 0.011 0.000 0.315 0.037 0.184 0.027 0.000 0.001 0.000 0.713 
185 0.222 0.338 0.504 0.259 0.341 0.627 0.573 0.415 0.443 0.463 0.477 0.245 0.015 0.000 0.318 0.036 0.198 0.029 0.000 0.001 0.000 0.704 
186 0.223 0.343 0.496 0.250 0.342 0.625 0.566 0.418 0.439 0.460 0.485 0.244 0.013 0.000 0.320 0.036 0.198 0.029 0.000 0.001 0.000 0.694 
187 0.217 0.336 0.502 0.241 0.346 0.633 0.565 0.417 0.438 0.467 0.487 0.245 0.014 0.000 0.322 0.038 0.200 0.036 0.000 0.001 0.000 0.688 
188 0.218 0.331 0.501 0.246 0.348 0.630 0.564 0.420 0.442 0.461 0.482 0.247 0.013 0.000 0.322 0.035 0.206 0.035 0.000 0.001 0.000 0.692 
189 0.215 0.333 0.507 0.239 0.342 0.634 0.564 0.412 0.458 0.469 0.474 0.242 0.014 0.000 0.320 0.035 0.211 0.035 0.000 0.001 0.000 0.685 
190 0.214 0.331 0.515 0.245 0.335 0.628 0.568 0.411 0.460 0.461 0.485 0.248 0.014 0.000 0.318 0.036 0.202 0.037 0.000 0.001 0.000 0.682 
191 0.220 0.338 0.524 0.254 0.334 0.631 0.587 0.412 0.468 0.467 0.493 0.253 0.014 0.000 0.317 0.036 0.218 0.050 0.000 0.001 0.000 0.685 
192 0.219 0.334 0.528 0.265 0.349 0.611 0.594 0.408 0.483 0.471 0.495 0.252 0.014 0.000 0.316 0.035 0.228 0.054 0.000 0.001 0.000 0.692 
193 0.216 0.344 0.531 0.263 0.349 0.613 0.596 0.408 0.484 0.485 0.489 0.261 0.013 0.000 0.313 0.044 0.233 0.049 0.000 0.001 0.000 0.698 
194 0.215 0.343 0.518 0.261 0.351 0.612 0.583 0.421 0.482 0.478 0.500 0.254 0.013 0.000 0.316 0.050 0.228 0.057 0.000 0.001 0.000 0.691 
195 0.219 0.342 0.507 0.262 0.350 0.608 0.583 0.421 0.470 0.481 0.502 0.250 0.014 0.000 0.314 0.049 0.225 0.054 0.000 0.000 0.000 0.689 
196 0.218 0.343 0.506 0.259 0.354 0.594 0.570 0.417 0.465 0.490 0.498 0.249 0.014 0.000 0.314 0.050 0.227 0.052 0.000 0.000 0.000 0.692 
197 0.217 0.341 0.497 0.260 0.349 0.605 0.572 0.422 0.460 0.485 0.491 0.249 0.012 0.000 0.316 0.053 0.228 0.052 0.000 0.000 0.000 0.693 
198 0.219 0.335 0.502 0.261 0.346 0.593 0.573 0.423 0.459 0.479 0.487 0.248 0.016 0.000 0.318 0.052 0.229 0.055 0.000 0.000 0.000 0.695 
199 0.225 0.341 0.505 0.258 0.346 0.600 0.566 0.428 0.450 0.493 0.482 0.248 0.016 0.000 0.316 0.049 0.221 0.064 0.000 0.000 0.000 0.698 
200 0.224 0.346 0.503 0.251 0.342 0.615 0.564 0.435 0.449 0.488 0.478 0.246 0.016 0.000 0.318 0.056 0.215 0.060 0.000 0.000 0.000 0.693 
201 0.224 0.339 0.492 0.247 0.340 0.593 0.574 0.431 0.449 0.486 0.481 0.244 0.020 0.000 0.312 0.053 0.222 0.058 0.000 0.000 0.000 0.694 
202 0.226 0.336 0.485 0.252 0.334 0.600 0.572 0.429 0.447 0.482 0.478 0.245 0.021 0.000 0.313 0.064 0.219 0.058 0.000 0.000 0.000 0.696 
203 0.230 0.330 0.485 0.253 0.330 0.602 0.579 0.426 0.455 0.498 0.486 0.246 0.019 0.000 0.312 0.071 0.214 0.061 0.004 0.000 0.000 0.702 
204 0.229 0.326 0.494 0.251 0.333 0.579 0.581 0.428 0.463 0.506 0.481 0.246 0.019 0.000 0.312 0.081 0.215 0.065 0.004 0.000 0.000 0.700 
205 0.229 0.328 0.485 0.247 0.333 0.570 0.596 0.421 0.470 0.513 0.483 0.250 0.022 0.000 0.315 0.085 0.215 0.064 0.004 0.000 0.000 0.702 
206 0.235 0.335 0.477 0.257 0.336 0.571 0.587 0.423 0.465 0.513 0.484 0.248 0.023 0.000 0.315 0.092 0.223 0.066 0.004 0.000 0.000 0.697 
207 0.224 0.341 0.471 0.264 0.342 0.572 0.588 0.422 0.480 0.513 0.487 0.247 0.025 0.000 0.313 0.091 0.237 0.065 0.015 0.000 0.000 0.702 
208 0.225 0.343 0.473 0.263 0.348 0.579 0.599 0.428 0.499 0.521 0.492 0.244 0.023 0.000 0.313 0.095 0.245 0.068 0.023 0.000 0.000 0.703 
209 0.229 0.349 0.488 0.257 0.349 0.569 0.593 0.429 0.493 0.528 0.495 0.249 0.022 0.000 0.316 0.090 0.258 0.065 0.014 0.000 0.000 0.698 
210 0.229 0.352 0.483 0.264 0.353 0.563 0.594 0.440 0.483 0.526 0.501 0.254 0.022 0.000 0.316 0.088 0.253 0.063 0.014 0.000 0.000 0.701 
211 0.227 0.352 0.489 0.269 0.341 0.560 0.599 0.432 0.488 0.529 0.502 0.257 0.020 0.000 0.317 0.089 0.253 0.067 0.014 0.000 0.000 0.694 
212 0.225 0.360 0.494 0.270 0.342 0.558 0.582 0.433 0.492 0.526 0.496 0.257 0.020 0.000 0.316 0.089 0.251 0.064 0.019 0.000 0.000 0.690 
213 0.231 0.348 0.495 0.269 0.329 0.547 0.581 0.434 0.483 0.526 0.493 0.263 0.021 0.000 0.312 0.084 0.252 0.059 0.014 0.000 0.000 0.694 
214 0.237 0.342 0.509 0.275 0.330 0.542 0.552 0.427 0.472 0.528 0.494 0.264 0.020 0.000 0.313 0.083 0.262 0.058 0.014 0.000 0.000 0.694 
215 0.244 0.344 0.503 0.276 0.325 0.554 0.554 0.426 0.472 0.534 0.489 0.259 0.019 0.000 0.321 0.080 0.258 0.054 0.013 0.000 0.000 0.692 
216 0.242 0.348 0.488 0.282 0.335 0.555 0.557 0.426 0.470 0.524 0.492 0.264 0.020 0.000 0.319 0.081 0.257 0.055 0.025 0.000 0.000 0.692 
217 0.246 0.342 0.487 0.286 0.340 0.561 0.566 0.425 0.469 0.513 0.486 0.262 0.018 0.000 0.316 0.081 0.257 0.054 0.023 0.000 0.000 0.696 
218 0.247 0.340 0.477 0.283 0.347 0.563 0.555 0.428 0.469 0.508 0.481 0.271 0.019 0.000 0.311 0.088 0.259 0.058 0.027 0.000 0.000 0.695 
219 0.243 0.342 0.479 0.282 0.351 0.575 0.561 0.430 0.484 0.509 0.484 0.271 0.020 0.000 0.312 0.091 0.253 0.066 0.025 0.000 0.000 0.695 
220 0.245 0.344 0.471 0.288 0.349 0.576 0.550 0.435 0.493 0.511 0.486 0.275 0.026 0.000 0.309 0.094 0.255 0.063 0.030 0.000 0.000 0.700 
221 0.249 0.336 0.465 0.285 0.357 0.586 0.565 0.433 0.490 0.514 0.477 0.270 0.028 0.000 0.301 0.094 0.249 0.062 0.033 0.000 0.000 0.702 
222 0.248 0.342 0.463 0.278 0.358 0.580 0.561 0.430 0.477 0.508 0.473 0.270 0.028 0.000 0.303 0.100 0.254 0.058 0.035 0.000 0.000 0.706 
223 0.247 0.339 0.455 0.284 0.360 0.577 0.574 0.433 0.472 0.511 0.462 0.269 0.027 0.000 0.307 0.098 0.255 0.058 0.034 0.000 0.000 0.711 
224 0.241 0.348 0.460 0.291 0.363 0.573 0.574 0.440 0.475 0.503 0.458 0.272 0.036 0.000 0.305 0.097 0.255 0.064 0.034 0.000 0.000 0.712 
225 0.239 0.355 0.459 0.295 0.359 0.576 0.576 0.435 0.478 0.491 0.463 0.274 0.035 0.000 0.304 0.101 0.261 0.065 0.035 0.000 0.000 0.712 
226 0.242 0.347 0.462 0.289 0.367 0.588 0.588 0.431 0.491 0.495 0.474 0.270 0.033 0.000 0.308 0.103 0.257 0.065 0.031 0.000 0.000 0.709 
227 0.244 0.352 0.462 0.285 0.363 0.588 0.586 0.445 0.477 0.507 0.476 0.271 0.037 0.000 0.307 0.105 0.259 0.061 0.027 0.000 0.000 0.709 
228 0.246 0.346 0.464 0.314 0.359 0.591 0.575 0.439 0.490 0.515 0.481 0.269 0.045 0.000 0.313 0.106 0.262 0.061 0.020 0.000 0.000 0.704 
229 0.243 0.342 0.470 0.319 0.357 0.585 0.578 0.440 0.491 0.531 0.478 0.274 0.044 0.003 0.312 0.106 0.259 0.058 0.018 0.000 0.000 0.709 
230 0.244 0.333 0.464 0.324 0.355 0.581 0.565 0.442 0.503 0.519 0.480 0.274 0.043 0.005 0.309 0.110 0.254 0.052 0.014 0.000 0.000 0.705 
231 0.238 0.338 0.461 0.315 0.355 0.571 0.558 0.441 0.503 0.527 0.483 0.271 0.051 0.007 0.308 0.111 0.256 0.050 0.015 0.000 0.000 0.701 
232 0.238 0.339 0.462 0.312 0.358 0.573 0.559 0.435 0.499 0.537 0.472 0.271 0.054 0.007 0.306 0.112 0.254 0.052 0.034 0.000 0.000 0.699 
233 0.239 0.336 0.460 0.298 0.360 0.557 0.550 0.448 0.491 0.526 0.470 0.268 0.052 0.011 0.311 0.115 0.256 0.046 0.036 0.000 0.000 0.703 
234 0.239 0.333 0.462 0.306 0.359 0.560 0.552 0.437 0.488 0.516 0.475 0.268 0.062 0.013 0.312 0.115 0.251 0.045 0.036 0.000 0.000 0.710 
235 0.232 0.333 0.455 0.296 0.359 0.551 0.554 0.434 0.481 0.523 0.472 0.268 0.070 0.013 0.309 0.116 0.249 0.045 0.035 0.000 0.000 0.708 
236 0.234 0.340 0.458 0.294 0.351 0.556 0.560 0.435 0.458 0.524 0.471 0.270 0.067 0.013 0.310 0.120 0.243 0.044 0.036 0.000 0.000 0.711 
237 0.234 0.346 0.451 0.291 0.358 0.562 0.555 0.428 0.466 0.516 0.467 0.265 0.068 0.013 0.311 0.119 0.234 0.040 0.035 0.000 0.000 0.712 
238 0.240 0.348 0.447 0.305 0.362 0.569 0.565 0.420 0.465 0.523 0.466 0.267 0.064 0.013 0.313 0.120 0.236 0.053 0.035 0.000 0.000 0.710 
239 0.244 0.353 0.457 0.306 0.365 0.567 0.566 0.420 0.473 0.521 0.464 0.263 0.068 0.013 0.314 0.122 0.241 0.050 0.037 0.000 0.000 0.708 
240 0.245 0.353 0.462 0.301 0.372 0.564 0.568 0.424 0.472 0.525 0.463 0.261 0.079 0.013 0.312 0.118 0.247 0.048 0.040 0.000 0.000 0.705 
241 0.243 0.351 0.463 0.304 0.371 0.555 0.574 0.435 0.463 0.523 0.464 0.264 0.081 0.013 0.313 0.116 0.248 0.052 0.036 0.000 0.000 0.698 
242 0.238 0.356 0.461 0.313 0.376 0.552 0.565 0.441 0.475 0.516 0.456 0.270 0.081 0.013 0.313 0.114 0.253 0.053 0.033 0.000 0.000 0.698 
243 0.238 0.360 0.454 0.322 0.375 0.562 0.552 0.437 0.480 0.502 0.450 0.271 0.080 0.016 0.308 0.111 0.246 0.051 0.024 0.000 0.000 0.699 
244 0.244 0.364 0.453 0.323 0.376 0.548 0.548 0.440 0.489 0.508 0.449 0.272 0.080 0.020 0.310 0.111 0.249 0.056 0.023 0.000 0.000 0.702 
245 0.239 0.354 0.456 0.331 0.371 0.550 0.540 0.440 0.486 0.520 0.450 0.268 0.081 0.019 0.310 0.113 0.248 0.051 0.030 0.000 0.000 0.702 
246 0.239 0.353 0.466 0.325 0.373 0.551 0.562 0.443 0.514 0.524 0.458 0.271 0.080 0.020 0.309 0.110 0.248 0.049 0.030 0.000 0.000 0.701 
247 0.233 0.357 0.472 0.328 0.375 0.555 0.568 0.447 0.513 0.516 0.466 0.276 0.078 0.024 0.305 0.104 0.248 0.047 0.032 0.000 0.000 0.707 
248 0.231 0.357 0.482 0.334 0.380 0.563 0.579 0.451 0.512 0.523 0.460 0.278 0.082 0.023 0.305 0.104 0.245 0.048 0.032 0.003 0.000 0.701 
249 0.232 0.351 0.484 0.328 0.378 0.565 0.563 0.457 0.518 0.514 0.460 0.276 0.080 0.020 0.312 0.107 0.237 0.047 0.031 0.008 0.000 0.702 
250 0.239 0.353 0.482 0.323 0.382 0.564 0.560 0.450 0.515 0.513 0.451 0.271 0.085 0.020 0.310 0.113 0.240 0.045 0.033 0.007 0.000 0.701 
251 0.237 0.353 0.474 0.329 0.380 0.566 0.555 0.445 0.509 0.515 0.445 0.269 0.085 0.019 0.305 0.111 0.245 0.042 0.036 0.007 0.000 0.699 
252 0.243 0.360 0.471 0.320 0.386 0.558 0.559 0.441 0.505 0.515 0.442 0.272 0.088 0.018 0.304 0.110 0.244 0.050 0.041 0.004 0.000 0.691 
253 0.244 0.362 0.463 0.312 0.389 0.552 0.554 0.440 0.506 0.515 0.440 0.274 0.087 0.013 0.305 0.108 0.247 0.053 0.040 0.007 0.000 0.694 
254 0.245 0.359 0.461 0.312 0.392 0.551 0.549 0.434 0.504 0.504 0.440 0.273 0.091 0.012 0.305 0.107 0.242 0.050 0.045 0.005 0.000 0.700 
255 0.254 0.352 0.463 0.339 0.392 0.552 0.552 0.437 0.493 0.500 0.444 0.275 0.091 0.015 0.303 0.109 0.243 0.049 0.044 0.005 0.000 0.695 
256 0.260 0.345 0.468 0.342 0.393 0.552 0.545 0.435 0.495 0.502 0.446 0.277 0.092 0.024 0.304 0.106 0.245 0.048 0.041 0.006 0.000 0.693 
257 0.258 0.350 0.464 0.335 0.393 0.543 0.545 0.440 0.473 0.515 0.449 0.277 0.094 0.023 0.301 0.109 0.233 0.046 0.044 0.006 0.000 0.694 
258 0.261 0.361 0.460 0.338 0.394 0.535 0.543 0.442 0.463 0.522 0.449 0.273 0.096 0.027 0.294 0.111 0.226 0.040 0.040 0.006 0.000 0.692 
259 0.257 0.359 0.459 0.335 0.395 0.537 0.549 0.442 0.479 0.529 0.450 0.270 0.094 0.024 0.297 0.104 0.229 0.040 0.053 0.005 0.000 0.689 
260 0.257 0.357 0.454 0.333 0.407 0.541 0.548 0.442 0.481 0.523 0.451 0.268 0.092 0.025 0.293 0.097 0.225 0.042 0.071 0.006 0.000 0.694 
261 0.255 0.359 0.461 0.332 0.401 0.542 0.545 0.442 0.495 0.531 0.450 0.273 0.088 0.032 0.288 0.105 0.222 0.044 0.069 0.006 0.000 0.689 
262 0.257 0.355 0.464 0.335 0.405 0.549 0.555 0.444 0.495 0.530 0.448 0.272 0.086 0.034 0.287 0.106 0.224 0.045 0.066 0.005 0.000 0.697 
263 0.253 0.360 0.465 0.325 0.398 0.552 0.558 0.446 0.512 0.540 0.438 0.273 0.088 0.036 0.292 0.105 0.221 0.051 0.064 0.007 0.000 0.692 
264 0.251 0.364 0.468 0.324 0.394 0.557 0.581 0.450 0.500 0.554 0.446 0.274 0.092 0.038 0.292 0.100 0.228 0.053 0.061 0.007 0.000 0.694 
265 0.250 0.353 0.471 0.321 0.397 0.558 0.583 0.441 0.498 0.541 0.449 0.280 0.093 0.038 0.295 0.103 0.233 0.057 0.056 0.007 0.000 0.693 
266 0.255 0.352 0.465 0.325 0.401 0.559 0.578 0.443 0.499 0.542 0.453 0.280 0.100 0.041 0.298 0.107 0.235 0.062 0.054 0.007 0.000 0.692 
267 0.254 0.351 0.477 0.333 0.400 0.555 0.580 0.436 0.497 0.536 0.449 0.282 0.105 0.037 0.298 0.112 0.241 0.059 0.052 0.007 0.000 0.688 
268 0.257 0.350 0.480 0.330 0.406 0.539 0.567 0.434 0.502 0.530 0.449 0.284 0.108 0.038 0.299 0.116 0.241 0.058 0.058 0.008 0.000 0.692 
269 0.254 0.345 0.474 0.334 0.407 0.536 0.561 0.424 0.506 0.531 0.459 0.281 0.113 0.037 0.301 0.119 0.242 0.061 0.058 0.008 0.000 0.692 
270 0.252 0.343 0.468 0.333 0.402 0.532 0.566 0.428 0.499 0.529 0.463 0.278 0.116 0.035 0.305 0.118 0.238 0.063 0.058 0.009 0.000 0.698 
271 0.252 0.332 0.471 0.329 0.411 0.534 0.566 0.431 0.504 0.521 0.452 0.277 0.117 0.033 0.306 0.119 0.235 0.062 0.058 0.009 0.000 0.696 
272 0.254 0.333 0.462 0.330 0.408 0.533 0.573 0.431 0.503 0.520 0.454 0.281 0.122 0.031 0.308 0.116 0.229 0.059 0.060 0.009 0.000 0.696 
273 0.253 0.334 0.458 0.329 0.406 0.538 0.572 0.440 0.488 0.527 0.450 0.278 0.124 0.033 0.306 0.111 0.229 0.057 0.061 0.008 0.000 0.699 
274 0.253 0.341 0.459 0.343 0.408 0.541 0.577 0.449 0.490 0.527 0.446 0.281 0.123 0.033 0.306 0.109 0.221 0.058 0.062 0.008 0.000 0.701 
275 0.257 0.334 0.462 0.353 0.398 0.556 0.576 0.446 0.495 0.528 0.442 0.274 0.122 0.034 0.308 0.103 0.231 0.058 0.060 0.008 0.000 0.701 
276 0.258 0.339 0.464 0.361 0.396 0.555 0.569 0.452 0.502 0.533 0.437 0.271 0.121 0.032 0.307 0.106 0.230 0.057 0.055 0.008 0.000 0.706 
277 0.261 0.337 0.465 0.360 0.400 0.557 0.583 0.458 0.493 0.536 0.444 0.274 0.120 0.041 0.309 0.105 0.227 0.061 0.055 0.009 0.000 0.704 
278 0.262 0.335 0.471 0.359 0.403 0.554 0.581 0.461 0.492 0.530 0.446 0.277 0.124 0.049 0.312 0.111 0.231 0.063 0.049 0.009 0.000 0.703 
279 0.264 0.334 0.473 0.359 0.396 0.550 0.575 0.461 0.490 0.530 0.447 0.277 0.125 0.050 0.311 0.115 0.231 0.059 0.052 0.010 0.000 0.703 
280 0.265 0.331 0.464 0.364 0.398 0.553 0.567 0.457 0.502 0.528 0.430 0.276 0.132 0.051 0.311 0.118 0.230 0.052 0.053 0.010 0.000 0.706 
281 0.263 0.337 0.458 0.360 0.393 0.554 0.571 0.460 0.507 0.529 0.433 0.281 0.129 0.047 0.311 0.118 0.227 0.052 0.050 0.010 0.000 0.707 
282 0.263 0.335 0.464 0.353 0.389 0.539 0.566 0.463 0.500 0.519 0.435 0.288 0.131 0.046 0.316 0.119 0.229 0.047 0.054 0.010 0.000 0.706 
283 0.263 0.334 0.468 0.345 0.388 0.540 0.573 0.463 0.499 0.521 0.438 0.288 0.131 0.045 0.317 0.122 0.216 0.051 0.051 0.010 0.000 0.701 
284 0.265 0.332 0.467 0.353 0.383 0.557 0.570 0.457 0.493 0.521 0.433 0.288 0.132 0.041 0.316 0.119 0.220 0.059 0.049 0.010 0.000 0.693 
285 0.261 0.326 0.477 0.356 0.376 0.567 0.558 0.455 0.487 0.529 0.431 0.288 0.132 0.044 0.309 0.120 0.214 0.062 0.046 0.010 0.000 0.690 
286 0.256 0.330 0.475 0.360 0.373 0.566 0.566 0.447 0.483 0.514 0.443 0.286 0.132 0.045 0.309 0.121 0.205 0.065 0.057 0.010 0.000 0.689 
287 0.258 0.334 0.494 0.355 0.378 0.560 0.584 0.446 0.489 0.514 0.444 0.288 0.131 0.048 0.313 0.122 0.207 0.068 0.056 0.009 0.000 0.694 
288 0.262 0.339 0.504 0.357 0.378 0.564 0.584 0.448 0.518 0.518 0.448 0.288 0.134 0.051 0.309 0.120 0.206 0.064 0.064 0.007 0.000 0.691 
289 0.257 0.344 0.501 0.358 0.379 0.568 0.588 0.451 0.515 0.528 0.449 0.287 0.135 0.052 0.301 0.122 0.222 0.064 0.067 0.007 0.000 0.694 
290 0.250 0.343 0.489 0.363 0.383 0.572 0.577 0.447 0.510 0.529 0.449 0.284 0.130 0.052 0.300 0.121 0.228 0.061 0.072 0.007 0.000 0.693 
291 0.254 0.346 0.485 0.376 0.386 0.559 0.576 0.442 0.507 0.539 0.447 0.281 0.130 0.052 0.300 0.125 0.223 0.071 0.072 0.008 0.000 0.693 
292 0.245 0.344 0.485 0.374 0.391 0.555 0.572 0.448 0.507 0.519 0.447 0.283 0.133 0.066 0.297 0.125 0.209 0.074 0.076 0.008 0.000 0.695 
293 0.249 0.335 0.475 0.373 0.393 0.559 0.564 0.455 0.501 0.530 0.436 0.288 0.130 0.070 0.302 0.124 0.207 0.074 0.078 0.008 0.000 0.700 
294 0.246 0.351 0.472 0.376 0.380 0.545 0.561 0.460 0.507 0.528 0.436 0.286 0.134 0.073 0.301 0.130 0.207 0.075 0.084 0.008 0.000 0.699 
295 0.236 0.352 0.479 0.380 0.383 0.553 0.562 0.463 0.490 0.540 0.430 0.286 0.144 0.070 0.301 0.130 0.217 0.073 0.084 0.008 0.000 0.695 
296 0.234 0.351 0.476 0.372 0.382 0.558 0.563 0.456 0.495 0.544 0.423 0.286 0.142 0.069 0.299 0.129 0.225 0.076 0.087 0.009 0.000 0.693 
297 0.231 0.348 0.475 0.364 0.385 0.556 0.554 0.456 0.512 0.547 0.432 0.282 0.143 0.066 0.305 0.130 0.230 0.076 0.084 0.008 0.000 0.693 
298 0.230 0.350 0.472 0.360 0.387 0.560 0.565 0.459 0.516 0.549 0.430 0.282 0.146 0.067 0.307 0.136 0.230 0.074 0.085 0.007 0.000 0.690 
299 0.235 0.348 0.484 0.355 0.389 0.561 0.564 0.453 0.511 0.552 0.426 0.286 0.148 0.064 0.306 0.146 0.227 0.072 0.082 0.008 0.000 0.688 
300 0.238 0.346 0.478 0.353 0.390 0.552 0.570 0.452 0.517 0.548 0.425 0.290 0.145 0.068 0.308 0.150 0.223 0.072 0.083 0.009 0.000 0.688 
301 0.237 0.342 0.468 0.353 0.386 0.554 0.576 0.450 0.527 0.542 0.425 0.294 0.148 0.064 0.304 0.152 0.224 0.075 0.080 0.009 0.000 0.690 
302 0.240 0.337 0.464 0.358 0.400 0.550 0.589 0.456 0.517 0.549 0.431 0.293 0.150 0.064 0.302 0.149 0.213 0.079 0.078 0.010 0.000 0.697 
303 0.242 0.335 0.463 0.354 0.391 0.540 0.594 0.460 0.527 0.548 0.430 0.292 0.148 0.062 0.302 0.147 0.219 0.080 0.087 0.012 0.000 0.690 
304 0.243 0.335 0.460 0.357 0.394 0.537 0.598 0.464 0.531 0.540 0.431 0.296 0.146 0.064 0.304 0.147 0.217 0.075 0.087 0.012 0.000 0.698 
305 0.246 0.328 0.461 0.344 0.393 0.543 0.603 0.467 0.527 0.555 0.422 0.302 0.145 0.068 0.299 0.150 0.221 0.078 0.082 0.012 0.000 0.703 
306 0.250 0.330 0.463 0.353 0.390 0.553 0.613 0.473 0.517 0.556 0.423 0.305 0.151 0.074 0.298 0.149 0.218 0.080 0.078 0.011 0.000 0.708 
307 0.246 0.323 0.462 0.356 0.389 0.559 0.617 0.481 0.526 0.566 0.425 0.306 0.155 0.071 0.298 0.148 0.225 0.074 0.077 0.010 0.000 0.708 
308 0.250 0.321 0.464 0.356 0.383 0.561 0.611 0.472 0.529 0.568 0.425 0.305 0.154 0.075 0.296 0.150 0.241 0.080 0.074 0.009 0.000 0.704 
309 0.252 0.313 0.464 0.351 0.386 0.556 0.591 0.470 0.524 0.572 0.431 0.306 0.155 0.074 0.298 0.148 0.244 0.083 0.069 0.008 0.000 0.705 
310 0.247 0.317 0.457 0.349 0.389 0.564 0.590 0.476 0.522 0.571 0.435 0.309 0.156 0.073 0.300 0.156 0.241 0.076 0.074 0.017 0.000 0.707 
311 0.246 0.315 0.462 0.340 0.385 0.567 0.587 0.475 0.517 0.553 0.445 0.308 0.156 0.072 0.302 0.149 0.246 0.070 0.076 0.017 0.000 0.703 
312 0.246 0.322 0.460 0.343 0.384 0.572 0.576 0.473 0.526 0.548 0.451 0.307 0.151 0.075 0.304 0.151 0.238 0.072 0.082 0.018 0.000 0.701 
313 0.250 0.324 0.455 0.335 0.388 0.566 0.566 0.470 0.528 0.553 0.441 0.302 0.147 0.080 0.301 0.159 0.235 0.069 0.094 0.017 0.000 0.700 
314 0.246 0.324 0.454 0.346 0.390 0.572 0.560 0.463 0.533 0.557 0.442 0.297 0.153 0.088 0.298 0.164 0.230 0.076 0.099 0.019 0.000 0.695 
315 0.250 0.319 0.453 0.352 0.392 0.573 0.563 0.467 0.540 0.562 0.442 0.294 0.160 0.086 0.307 0.167 0.230 0.078 0.096 0.021 0.000 0.696 
316 0.258 0.329 0.459 0.342 0.398 0.576 0.565 0.478 0.543 0.552 0.438 0.299 0.161 0.082 0.303 0.166 0.235 0.074 0.099 0.022 0.000 0.700 
317 0.261 0.327 0.454 0.344 0.403 0.583 0.559 0.493 0.542 0.553 0.428 0.300 0.161 0.087 0.306 0.164 0.238 0.066 0.099 0.022 0.000 0.697 
318 0.266 0.337 0.440 0.343 0.414 0.588 0.567 0.501 0.550 0.557 0.433 0.302 0.155 0.092 0.305 0.169 0.252 0.068 0.108 0.022 0.000 0.692 
319 0.262 0.339 0.437 0.340 0.416 0.585 0.580 0.501 0.542 0.550 0.437 0.303 0.159 0.091 0.301 0.168 0.259 0.074 0.108 0.022 0.000 0.697 
320 0.267 0.328 0.451 0.352 0.416 0.578 0.584 0.504 0.531 0.558 0.436 0.305 0.164 0.091 0.297 0.167 0.263 0.077 0.109 0.020 0.000 0.690 
321 0.272 0.321 0.446 0.347 0.401 0.568 0.590 0.496 0.536 0.554 0.437 0.306 0.173 0.092 0.297 0.166 0.266 0.074 0.107 0.022 0.000 0.684 
322 0.267 0.324 0.444 0.347 0.398 0.568 0.578 0.499 0.539 0.548 0.443 0.312 0.170 0.094 0.296 0.167 0.263 0.079 0.111 0.021 0.000 0.679 
323 0.268 0.320 0.442 0.347 0.400 0.556 0.565 0.503 0.533 0.544 0.444 0.317 0.172 0.093 0.295 0.166 0.265 0.081 0.118 0.019 0.000 0.675 
324 0.263 0.331 0.445 0.342 0.405 0.540 0.558 0.496 0.534 0.544 0.454 0.313 0.172 0.096 0.295 0.171 0.262 0.080 0.117 0.018 0.000 0.685 
325 0.261 0.332 0.457 0.350 0.408 0.546 0.542 0.499 0.524 0.538 0.453 0.313 0.175 0.097 0.297 0.172 0.268 0.078 0.115 0.015 0.000 0.688 
326 0.260 0.335 0.464 0.340 0.411 0.549 0.540 0.498 0.525 0.541 0.463 0.314 0.174 0.104 0.301 0.173 0.275 0.077 0.118 0.015 0.001 0.683 
327 0.259 0.334 0.469 0.335 0.399 0.556 0.537 0.495 0.539 0.547 0.463 0.311 0.178 0.114 0.299 0.177 0.287 0.078 0.117 0.014 0.002 0.690 
328 0.254 0.328 0.470 0.338 0.406 0.565 0.565 0.493 0.537 0.546 0.464 0.313 0.180 0.114 0.289 0.177 0.279 0.077 0.121 0.014 0.002 0.688 
329 0.249 0.332 0.474 0.335 0.407 0.568 0.557 0.500 0.544 0.543 0.466 0.316 0.179 0.117 0.288 0.171 0.277 0.079 0.118 0.014 0.002 0.687 
330 0.245 0.331 0.470 0.333 0.404 0.567 0.563 0.494 0.534 0.543 0.466 0.317 0.179 0.111 0.293 0.174 0.273 0.077 0.115 0.013 0.001 0.690 
331 0.246 0.331 0.466 0.336 0.415 0.574 0.547 0.484 0.536 0.554 0.467 0.317 0.177 0.105 0.291 0.171 0.283 0.078 0.111 0.015 0.001 0.693 
332 0.246 0.333 0.457 0.343 0.422 0.577 0.560 0.486 0.529 0.565 0.459 0.320 0.172 0.101 0.291 0.172 0.283 0.068 0.102 0.018 0.001 0.695 
333 0.242 0.335 0.453 0.352 0.414 0.580 0.566 0.488 0.528 0.569 0.454 0.321 0.175 0.104 0.295 0.173 0.287 0.078 0.104 0.023 0.001 0.696 
334 0.241 0.340 0.443 0.346 0.430 0.592 0.573 0.489 0.534 0.562 0.459 0.322 0.179 0.100 0.292 0.175 0.296 0.081 0.118 0.020 0.001 0.699 
335 0.239 0.342 0.442 0.344 0.424 0.588 0.580 0.488 0.540 0.559 0.466 0.321 0.185 0.097 0.296 0.179 0.295 0.079 0.118 0.021 0.001 0.705 
336 0.239 0.342 0.444 0.344 0.427 0.587 0.595 0.484 0.527 0.555 0.457 0.327 0.177 0.101 0.300 0.175 0.296 0.079 0.118 0.019 0.001 0.711 
337 0.243 0.340 0.446 0.350 0.433 0.580 0.585 0.494 0.530 0.556 0.452 0.321 0.181 0.103 0.308 0.174 0.304 0.080 0.121 0.019 0.001 0.712 
338 0.248 0.343 0.441 0.348 0.432 0.585 0.610 0.484 0.539 0.549 0.442 0.320 0.179 0.104 0.313 0.176 0.297 0.083 0.137 0.021 0.001 0.708 
339 0.249 0.344 0.445 0.348 0.437 0.591 0.602 0.483 0.537 0.552 0.445 0.317 0.178 0.102 0.316 0.174 0.298 0.084 0.136 0.025 0.001 0.706 
340 0.247 0.350 0.451 0.344 0.432 0.585 0.604 0.483 0.537 0.552 0.444 0.318 0.174 0.103 0.312 0.175 0.298 0.091 0.140 0.027 0.001 0.701 
341 0.251 0.355 0.451 0.338 0.433 0.596 0.596 0.485 0.530 0.558 0.442 0.319 0.177 0.106 0.311 0.173 0.302 0.093 0.137 0.025 0.001 0.704 
342 0.251 0.352 0.449 0.333 0.439 0.590 0.602 0.490 0.533 0.566 0.456 0.322 0.178 0.106 0.307 0.177 0.297 0.088 0.134 0.025 0.001 0.704 
343 0.251 0.344 0.454 0.323 0.434 0.591 0.584 0.495 0.538 0.558 0.471 0.319 0.187 0.104 0.303 0.183 0.290 0.090 0.134 0.026 0.001 0.703 
344 0.252 0.344 0.451 0.328 0.435 0.582 0.580 0.499 0.537 0.574 0.472 0.325 0.186 0.106 0.304 0.184 0.288 0.084 0.136 0.026 0.001 0.708 
345 0.248 0.345 0.451 0.331 0.439 0.579 0.592 0.500 0.530 0.568 0.469 0.323 0.189 0.111 0.306 0.192 0.297 0.086 0.137 0.026 0.001 0.701 
346 0.246 0.343 0.457 0.332 0.429 0.579 0.596 0.505 0.525 0.574 0.472 0.326 0.187 0.109 0.305 0.199 0.297 0.088 0.135 0.028 0.001 0.698 
347 0.240 0.347 0.455 0.333 0.426 0.582 0.588 0.507 0.519 0.584 0.461 0.332 0.188 0.116 0.306 0.205 0.295 0.096 0.117 0.028 0.001 0.698 
348 0.235 0.342 0.459 0.328 0.421 0.568 0.572 0.510 0.522 0.577 0.458 0.332 0.187 0.111 0.301 0.208 0.293 0.090 0.124 0.029 0.001 0.697 
349 0.235 0.345 0.468 0.337 0.425 0.576 0.572 0.509 0.522 0.578 0.451 0.327 0.185 0.112 0.302 0.206 0.296 0.093 0.128 0.027 0.001 0.696 
350 0.235 0.342 0.460 0.337 0.421 0.583 0.570 0.506 0.523 0.581 0.441 0.331 0.186 0.113 0.304 0.199 0.302 0.093 0.126 0.027 0.001 0.697 
351 0.240 0.342 0.466 0.350 0.421 0.580 0.562 0.498 0.511 0.577 0.445 0.328 0.189 0.113 0.304 0.202 0.307 0.088 0.126 0.027 0.001 0.691 
352 0.250 0.335 0.467 0.359 0.418 0.584 0.563 0.491 0.510 0.586 0.448 0.326 0.188 0.113 0.309 0.201 0.305 0.090 0.130 0.029 0.001 0.689 
353 0.252 0.327 0.463 0.351 0.425 0.574 0.561 0.492 0.512 0.583 0.453 0.326 0.189 0.110 0.312 0.198 0.310 0.089 0.134 0.028 0.002 0.692 
354 0.258 0.339 0.460 0.353 0.424 0.568 0.567 0.503 0.518 0.578 0.454 0.326 0.188 0.105 0.316 0.197 0.310 0.086 0.143 0.029 0.002 0.688 
355 0.254 0.342 0.465 0.355 0.430 0.572 0.577 0.500 0.516 0.564 0.457 0.329 0.190 0.104 0.319 0.199 0.316 0.079 0.149 0.027 0.003 0.689 
356 0.253 0.341 0.466 0.354 0.428 0.571 0.580 0.499 0.521 0.569 0.464 0.337 0.191 0.112 0.317 0.198 0.305 0.088 0.148 0.025 0.003 0.690 
357 0.253 0.362 0.477 0.347 0.423 0.579 0.563 0.505 0.530 0.570 0.468 0.340 0.190 0.116 0.317 0.199 0.300 0.087 0.142 0.024 0.003 0.692 
358 0.254 0.358 0.470 0.340 0.418 0.579 0.558 0.510 0.524 0.577 0.469 0.342 0.195 0.113 0.314 0.198 0.301 0.079 0.148 0.025 0.003 0.693 
359 0.255 0.361 0.476 0.346 0.414 0.579 0.555 0.511 0.519 0.569 0.463 0.341 0.195 0.107 0.311 0.198 0.297 0.076 0.149 0.023 0.003 0.693 
360 0.259 0.360 0.468 0.349 0.417 0.577 0.564 0.511 0.524 0.562 0.459 0.347 0.196 0.108 0.307 0.199 0.300 0.088 0.141 0.020 0.005 0.691 
361 0.254 0.358 0.475 0.354 0.418 0.570 0.553 0.511 0.529 0.564 0.472 0.344 0.197 0.109 0.307 0.198 0.302 0.089 0.136 0.020 0.005 0.698 
362 0.255 0.365 0.471 0.354 0.421 0.581 0.547 0.519 0.527 0.568 0.468 0.347 0.196 0.110 0.311 0.205 0.301 0.086 0.133 0.019 0.005 0.700 
363 0.254 0.363 0.469 0.348 0.427 0.586 0.535 0.518 0.520 0.564 0.466 0.349 0.194 0.110 0.314 0.208 0.303 0.096 0.125 0.022 0.004 0.698 
364 0.249 0.360 0.463 0.354 0.434 0.586 0.530 0.513 0.522 0.560 0.463 0.348 0.196 0.109 0.314 0.206 0.308 0.093 0.132 0.023 0.005 0.693 
365 0.249 0.358 0.466 0.361 0.437 0.590 0.523 0.512 0.524 0.553 0.469 0.343 0.194 0.107 0.317 0.209 0.306 0.094 0.124 0.023 0.005 0.695 
366 0.250 0.355 0.467 0.363 0.433 0.592 0.535 0.513 0.522 0.549 0.480 0.342 0.195 0.101 0.312 0.211 0.307 0.093 0.119 0.021 0.006 0.692 
367 0.244 0.365 0.456 0.364 0.430 0.597 0.528 0.518 0.518 0.551 0.477 0.342 0.196 0.102 0.312 0.207 0.300 0.108 0.124 0.022 0.007 0.695 
368 0.245 0.362 0.457 0.353 0.437 0.602 0.527 0.519 0.522 0.556 0.487 0.347 0.202 0.103 0.311 0.205 0.302 0.111 0.125 0.026 0.006 0.700 
369 0.254 0.364 0.454 0.353 0.438 0.601 0.541 0.522 0.525 0.563 0.487 0.351 0.201 0.110 0.309 0.200 0.305 0.106 0.132 0.030 0.005 0.699 
370 0.257 0.355 0.462 0.357 0.441 0.600 0.547 0.528 0.536 0.573 0.478 0.349 0.206 0.112 0.316 0.205 0.309 0.103 0.132 0.030 0.005 0.701 
371 0.257 0.356 0.472 0.356 0.437 0.605 0.561 0.524 0.541 0.570 0.481 0.354 0.208 0.109 0.313 0.208 0.308 0.101 0.135 0.030 0.005 0.702 
372 0.254 0.349 0.473 0.362 0.433 0.604 0.568 0.520 0.538 0.570 0.468 0.351 0.211 0.107 0.311 0.208 0.310 0.101 0.135 0.028 0.006 0.704 
373 0.251 0.351 0.456 0.360 0.425 0.596 0.568 0.516 0.546 0.570 0.475 0.349 0.210 0.109 0.309 0.208 0.309 0.099 0.137 0.026 0.006 0.698 
374 0.253 0.352 0.456 0.347 0.427 0.582 0.563 0.517 0.548 0.580 0.473 0.352 0.214 0.103 0.305 0.201 0.313 0.096 0.132 0.024 0.006 0.692 
375 0.259 0.348 0.448 0.344 0.414 0.569 0.556 0.518 0.549 0.579 0.469 0.351 0.216 0.102 0.308 0.201 0.311 0.095 0.129 0.026 0.006 0.685 
376 0.255 0.350 0.465 0.345 0.407 0.565 0.559 0.520 0.550 0.573 0.477 0.352 0.217 0.108 0.311 0.202 0.313 0.092 0.137 0.024 0.006 0.688 
377 0.254 0.343 0.459 0.349 0.408 0.561 0.554 0.517 0.546 0.564 0.483 0.356 0.219 0.118 0.308 0.207 0.313 0.090 0.130 0.025 0.005 0.691 
378 0.257 0.346 0.452 0.349 0.409 0.574 0.548 0.515 0.561 0.569 0.481 0.359 0.219 0.118 0.310 0.207 0.321 0.090 0.128 0.023 0.006 0.688 
379 0.256 0.345 0.451 0.346 0.406 0.565 0.570 0.520 0.556 0.566 0.482 0.359 0.220 0.119 0.313 0.205 0.315 0.089 0.126 0.025 0.007 0.686 
380 0.257 0.349 0.448 0.352 0.409 0.556 0.579 0.517 0.543 0.565 0.480 0.359 0.228 0.120 0.309 0.207 0.322 0.091 0.125 0.027 0.006 0.688 
381 0.256 0.346 0.452 0.356 0.404 0.556 0.585 0.515 0.549 0.559 0.484 0.359 0.226 0.120 0.306 0.205 0.322 0.088 0.128 0.025 0.006 0.698 
382 0.265 0.345 0.454 0.369 0.405 0.574 0.573 0.518 0.541 0.563 0.492 0.365 0.226 0.125 0.310 0.211 0.330 0.104 0.131 0.022 0.006 0.699 
383 0.263 0.339 0.464 0.368 0.401 0.575 0.566 0.525 0.553 0.576 0.499 0.358 0.227 0.118 0.306 0.210 0.331 0.106 0.127 0.022 0.006 0.696 
384 0.265 0.342 0.464 0.363 0.401 0.566 0.573 0.531 0.561 0.583 0.503 0.356 0.227 0.116 0.305 0.209 0.331 0.106 0.122 0.021 0.006 0.697 
385 0.265 0.341 0.463 0.368 0.397 0.548 0.593 0.533 0.550 0.595 0.489 0.351 0.223 0.118 0.306 0.209 0.340 0.110 0.130 0.017 0.006 0.696 
386 0.266 0.349 0.463 0.373 0.396 0.541 0.596 0.533 0.563 0.599 0.478 0.352 0.223 0.124 0.308 0.211 0.346 0.107 0.126 0.017 0.006 0.699 
387 0.264 0.350 0.470 0.373 0.398 0.536 0.591 0.530 0.551 0.601 0.476 0.351 0.226 0.129 0.307 0.216 0.344 0.103 0.118 0.017 0.006 0.701 
388 0.263 0.355 0.463 0.373 0.404 0.539 0.576 0.531 0.545 0.606 0.475 0.347 0.225 0.126 0.312 0.220 0.343 0.103 0.119 0.019 0.006 0.699 
389 0.265 0.360 0.459 0.368 0.408 0.543 0.581 0.533 0.541 0.606 0.466 0.350 0.226 0.134 0.307 0.221 0.339 0.102 0.131 0.019 0.006 0.701 
390 0.267 0.354 0.458 0.358 0.410 0.535 0.584 0.539 0.526 0.595 0.469 0.344 0.230 0.136 0.308 0.218 0.338 0.108 0.140 0.019 0.005 0.698 
391 0.271 0.349 0.449 0.363 0.409 0.549 0.581 0.535 0.539 0.590 0.471 0.346 0.233 0.138 0.308 0.218 0.341 0.107 0.139 0.019 0.005 0.694 
392 0.270 0.351 0.454 0.366 0.405 0.544 0.581 0.544 0.541 0.581 0.473 0.345 0.238 0.141 0.303 0.217 0.346 0.101 0.137 0.019 0.005 0.696 
393 0.270 0.349 0.452 0.364 0.401 0.547 0.580 0.536 0.544 0.590 0.471 0.350 0.234 0.143 0.302 0.222 0.342 0.100 0.144 0.020 0.004 0.696 
394 0.270 0.340 0.450 0.372 0.403 0.542 0.571 0.538 0.552 0.591 0.473 0.349 0.236 0.141 0.298 0.230 0.338 0.102 0.142 0.020 0.004 0.698 
395 0.277 0.336 0.436 0.366 0.401 0.540 0.572 0.545 0.546 0.591 0.466 0.353 0.234 0.141 0.296 0.233 0.335 0.101 0.146 0.019 0.004 0.700 
396 0.275 0.350 0.436 0.361 0.407 0.552 0.580 0.547 0.547 0.594 0.466 0.358 0.234 0.144 0.297 0.230 0.335 0.103 0.149 0.018 0.004 0.703 
397 0.280 0.349 0.441 0.360 0.408 0.568 0.576 0.546 0.550 0.599 0.470 0.357 0.242 0.143 0.301 0.227 0.337 0.108 0.155 0.019 0.005 0.709 
398 0.286 0.355 0.452 0.362 0.406 0.564 0.583 0.556 0.556 0.596 0.470 0.357 0.244 0.139 0.296 0.222 0.337 0.114 0.157 0.018 0.004 0.710 
399 0.286 0.355 0.445 0.366 0.410 0.549 0.582 0.552 0.558 0.594 0.466 0.357 0.239 0.136 0.298 0.220 0.336 0.115 0.166 0.016 0.005 0.711 
400 0.289 0.364 0.452 0.364 0.406 0.559 0.579 0.558 0.567 0.599 0.460 0.356 0.240 0.143 0.298 0.215 0.338 0.116 0.175 0.020 0.005 0.706 
401 0.282 0.370 0.451 0.358 0.399 0.563 0.586 0.551 0.568 0.593 0.468 0.354 0.240 0.140 0.302 0.216 0.340 0.116 0.189 0.023 0.004 0.705 
402 0.282 0.370 0.453 0.369 0.399 0.566 0.590 0.554 0.561 0.602 0.479 0.360 0.231 0.139 0.310 0.220 0.337 0.116 0.183 0.023 0.004 0.701 
403 0.280 0.363 0.449 0.361 0.405 0.559 0.578 0.558 0.556 0.605 0.478 0.355 0.231 0.139 0.313 0.223 0.342 0.122 0.182 0.025 0.004 0.696 
404 0.279 0.364 0.445 0.359 0.409 0.542 0.588 0.554 0.544 0.594 0.483 0.356 0.226 0.139 0.313 0.230 0.334 0.122 0.179 0.025 0.005 0.695 
405 0.275 0.363 0.446 0.351 0.414 0.532 0.591 0.550 0.534 0.599 0.488 0.352 0.227 0.137 0.313 0.227 0.331 0.120 0.171 0.024 0.005 0.696 
406 0.274 0.365 0.447 0.348 0.411 0.520 0.590 0.544 0.542 0.586 0.489 0.353 0.225 0.133 0.309 0.223 0.331 0.127 0.167 0.024 0.006 0.697 
407 0.273 0.368 0.439 0.358 0.411 0.512 0.589 0.550 0.541 0.581 0.498 0.350 0.230 0.135 0.315 0.230 0.328 0.121 0.166 0.025 0.007 0.699 
408 0.270 0.369 0.442 0.370 0.411 0.508 0.585 0.545 0.526 0.577 0.499 0.346 0.224 0.134 0.309 0.229 0.333 0.127 0.155 0.023 0.007 0.694 
409 0.273 0.368 0.441 0.367 0.407 0.506 0.575 0.544 0.524 0.574 0.498 0.342 0.223 0.135 0.310 0.225 0.329 0.135 0.162 0.024 0.006 0.694 
410 0.278 0.370 0.447 0.365 0.404 0.512 0.592 0.552 0.533 0.580 0.491 0.343 0.218 0.132 0.311 0.226 0.326 0.135 0.155 0.024 0.007 0.699 
411 0.278 0.367 0.438 0.374 0.411 0.518 0.589 0.548 0.539 0.568 0.495 0.348 0.223 0.128 0.311 0.226 0.325 0.129 0.151 0.024 0.007 0.700 
412 0.282 0.376 0.453 0.368 0.415 0.512 0.599 0.553 0.540 0.570 0.492 0.349 0.222 0.130 0.308 0.224 0.328 0.132 0.150 0.026 0.006 0.695 
413 0.283 0.387 0.457 0.379 0.419 0.505 0.596 0.554 0.536 0.579 0.494 0.350 0.224 0.138 0.307 0.227 0.326 0.127 0.152 0.027 0.006 0.693 
414 0.284 0.383 0.462 0.374 0.425 0.507 0.588 0.548 0.532 0.583 0.489 0.352 0.230 0.133 0.308 0.228 0.325 0.125 0.161 0.025 0.006 0.694 
415 0.288 0.387 0.450 0.380 0.426 0.513 0.585 0.540 0.533 0.582 0.481 0.352 0.230 0.130 0.308 0.229 0.328 0.130 0.165 0.026 0.006 0.693 
416 0.288 0.392 0.450 0.374 0.423 0.535 0.590 0.545 0.526 0.592 0.482 0.357 0.231 0.126 0.306 0.234 0.327 0.131 0.156 0.026 0.007 0.693 
417 0.286 0.391 0.451 0.374 0.429 0.524 0.595 0.543 0.529 0.589 0.482 0.348 0.225 0.130 0.299 0.236 0.341 0.136 0.146 0.028 0.005 0.696 
418 0.293 0.381 0.457 0.367 0.433 0.515 0.601 0.558 0.539 0.604 0.483 0.342 0.223 0.128 0.303 0.231 0.336 0.131 0.151 0.030 0.004 0.695 
419 0.296 0.370 0.466 0.373 0.428 0.512 0.612 0.551 0.557 0.599 0.488 0.340 0.226 0.132 0.296 0.233 0.332 0.135 0.151 0.036 0.005 0.697 
420 0.292 0.372 0.459 0.371 0.425 0.507 0.603 0.549 0.560 0.604 0.489 0.335 0.229 0.136 0.298 0.235 0.329 0.135 0.151 0.035 0.006 0.693 
421 0.289 0.371 0.457 0.365 0.422 0.507 0.603 0.547 0.564 0.591 0.487 0.339 0.224 0.131 0.299 0.225 0.329 0.133 0.145 0.035 0.006 0.698 
422 0.287 0.368 0.454 0.364 0.419 0.499 0.604 0.548 0.573 0.606 0.488 0.340 0.230 0.132 0.303 0.226 0.335 0.131 0.150 0.035 0.005 0.697 
423 0.281 0.372 0.447 0.349 0.419 0.511 0.601 0.547 0.571 0.604 0.488 0.338 0.235 0.131 0.300 0.225 0.339 0.128 0.150 0.036 0.006 0.695 
424 0.286 0.378 0.451 0.352 0.423 0.516 0.590 0.543 0.575 0.610 0.496 0.341 0.240 0.131 0.302 0.227 0.344 0.130 0.147 0.031 0.006 0.695 
425 0.293 0.377 0.456 0.357 0.420 0.518 0.594 0.539 0.570 0.604 0.500 0.340 0.243 0.128 0.296 0.227 0.340 0.135 0.153 0.031 0.006 0.693 
426 0.292 0.374 0.456 0.354 0.423 0.518 0.586 0.541 0.562 0.611 0.510 0.334 0.239 0.128 0.298 0.226 0.330 0.144 0.152 0.031 0.006 0.687 
427 0.285 0.372 0.456 0.354 0.415 0.520 0.590 0.540 0.559 0.618 0.505 0.341 0.238 0.128 0.304 0.223 0.327 0.154 0.146 0.039 0.007 0.691 
428 0.284 0.364 0.458 0.363 0.418 0.527 0.590 0.537 0.565 0.613 0.513 0.344 0.240 0.131 0.304 0.223 0.326 0.154 0.143 0.037 0.006 0.692 
429 0.284 0.371 0.453 0.357 0.423 0.531 0.592 0.533 0.570 0.603 0.511 0.342 0.240 0.133 0.308 0.220 0.329 0.160 0.145 0.037 0.007 0.698 
430 0.290 0.377 0.454 0.358 0.431 0.529 0.604 0.535 0.562 0.600 0.512 0.341 0.239 0.133 0.310 0.221 0.320 0.161 0.146 0.035 0.006 0.696 
431 0.291 0.371 0.458 0.351 0.434 0.530 0.596 0.544 0.557 0.601 0.510 0.339 0.233 0.131 0.315 0.225 0.330 0.160 0.145 0.035 0.007 0.698 
432 0.291 0.375 0.463 0.343 0.431 0.529 0.592 0.549 0.558 0.600 0.508 0.333 0.234 0.131 0.321 0.224 0.335 0.162 0.140 0.035 0.007 0.697 
433 0.288 0.369 0.456 0.347 0.430 0.530 0.587 0.546 0.559 0.597 0.515 0.334 0.234 0.132 0.319 0.225 0.340 0.161 0.139 0.034 0.007 0.702 
434 0.293 0.364 0.454 0.356 0.431 0.515 0.594 0.549 0.554 0.601 0.511 0.337 0.236 0.131 0.318 0.223 0.342 0.159 0.152 0.032 0.007 0.700 
435 0.297 0.367 0.454 0.364 0.431 0.510 0.600 0.560 0.563 0.599 0.508 0.340 0.241 0.138 0.315 0.224 0.338 0.152 0.153 0.031 0.008 0.696 
436 0.294 0.363 0.458 0.362 0.432 0.508 0.596 0.555 0.574 0.600 0.512 0.348 0.232 0.141 0.316 0.226 0.348 0.148 0.158 0.029 0.007 0.692 
437 0.294 0.364 0.457 0.367 0.426 0.506 0.603 0.554 0.582 0.609 0.500 0.348 0.229 0.136 0.320 0.233 0.341 0.152 0.153 0.031 0.006 0.692 
438 0.294 0.360 0.454 0.371 0.431 0.507 0.599 0.550 0.590 0.619 0.501 0.347 0.226 0.130 0.320 0.230 0.335 0.157 0.157 0.031 0.007 0.695 
439 0.294 0.353 0.456 0.382 0.433 0.506 0.609 0.549 0.597 0.612 0.502 0.354 0.228 0.131 0.321 0.234 0.334 0.152 0.153 0.033 0.007 0.698 
440 0.298 0.352 0.456 0.383 0.436 0.507 0.599 0.546 0.588 0.611 0.502 0.348 0.226 0.129 0.324 0.236 0.332 0.153 0.155 0.029 0.007 0.689 
441 0.304 0.355 0.457 0.386 0.434 0.515 0.594 0.538 0.599 0.603 0.507 0.348 0.229 0.130 0.323 0.231 0.332 0.155 0.161 0.027 0.007 0.688 
442 0.302 0.348 0.457 0.387 0.438 0.519 0.595 0.538 0.584 0.607 0.514 0.351 0.223 0.133 0.322 0.230 0.337 0.158 0.158 0.025 0.008 0.690 
443 0.296 0.352 0.454 0.392 0.440 0.516 0.588 0.543 0.584 0.604 0.513 0.354 0.224 0.134 0.321 0.233 0.329 0.155 0.162 0.025 0.008 0.700 
444 0.294 0.350 0.445 0.381 0.440 0.525 0.589 0.542 0.584 0.602 0.515 0.351 0.222 0.136 0.321 0.237 0.328 0.154 0.160 0.024 0.010 0.700 
445 0.295 0.346 0.444 0.381 0.440 0.526 0.593 0.536 0.582 0.604 0.512 0.350 0.224 0.145 0.318 0.238 0.327 0.149 0.176 0.025 0.010 0.700 
446 0.297 0.351 0.443 0.383 0.441 0.522 0.584 0.536 0.579 0.613 0.514 0.355 0.228 0.150 0.317 0.245 0.317 0.151 0.182 0.026 0.011 0.703 
447 0.293 0.354 0.445 0.388 0.439 0.527 0.580 0.536 0.589 0.610 0.507 0.352 0.230 0.156 0.318 0.243 0.324 0.155 0.185 0.025 0.011 0.703 
448 0.290 0.352 0.443 0.391 0.441 0.527 0.579 0.534 0.579 0.607 0.499 0.351 0.224 0.158 0.321 0.250 0.316 0.156 0.190 0.026 0.010 0.703 
449 0.294 0.356 0.442 0.390 0.439 0.537 0.573 0.528 0.593 0.614 0.497 0.349 0.226 0.156 0.317 0.250 0.319 0.158 0.187 0.026 0.010 0.696 
450 0.294 0.353 0.447 0.383 0.434 0.535 0.578 0.530 0.596 0.615 0.503 0.351 0.227 0.154 0.314 0.250 0.326 0.155 0.187 0.026 0.010 0.693 
451 0.300 0.359 0.454 0.375 0.432 0.534 0.579 0.523 0.601 0.620 0.510 0.355 0.225 0.158 0.310 0.245 0.334 0.156 0.187 0.026 0.010 0.689 
452 0.298 0.366 0.449 0.375 0.431 0.532 0.588 0.522 0.594 0.621 0.510 0.355 0.220 0.157 0.312 0.240 0.339 0.157 0.186 0.026 0.010 0.688 
453 0.305 0.367 0.450 0.376 0.431 0.545 0.586 0.528 0.598 0.609 0.508 0.353 0.226 0.152 0.310 0.231 0.330 0.154 0.194 0.028 0.008 0.690 
454 0.306 0.364 0.451 0.382 0.425 0.551 0.593 0.528 0.593 0.604 0.507 0.359 0.230 0.148 0.309 0.234 0.339 0.150 0.209 0.028 0.009 0.690 
455 0.299 0.372 0.443 0.381 0.432 0.553 0.595 0.533 0.592 0.612 0.499 0.354 0.231 0.149 0.314 0.236 0.326 0.159 0.199 0.025 0.009 0.689 
456 0.302 0.369 0.441 0.390 0.436 0.546 0.598 0.535 0.590 0.608 0.504 0.355 0.237 0.146 0.315 0.236 0.324 0.154 0.202 0.025 0.009 0.696 
457 0.302 0.370 0.456 0.394 0.431 0.542 0.594 0.550 0.590 0.606 0.514 0.359 0.233 0.146 0.311 0.232 0.319 0.154 0.197 0.029 0.007 0.697 
458 0.301 0.375 0.456 0.396 0.436 0.532 0.587 0.544 0.583 0.608 0.520 0.361 0.233 0.151 0.312 0.238 0.312 0.159 0.207 0.025 0.008 0.700 
459 0.306 0.380 0.454 0.408 0.429 0.527 0.584 0.545 0.595 0.602 0.514 0.359 0.239 0.150 0.310 0.240 0.313 0.161 0.206 0.027 0.007 0.704 
460 0.304 0.374 0.452 0.408 0.423 0.528 0.588 0.545 0.594 0.601 0.514 0.360 0.233 0.157 0.309 0.238 0.310 0.160 0.200 0.028 0.006 0.699 
461 0.305 0.383 0.446 0.405 0.423 0.521 0.586 0.544 0.604 0.597 0.510 0.360 0.231 0.154 0.307 0.238 0.303 0.160 0.215 0.028 0.006 0.702 
462 0.304 0.370 0.443 0.400 0.421 0.523 0.586 0.545 0.597 0.601 0.509 0.355 0.228 0.162 0.314 0.237 0.299 0.167 0.210 0.025 0.006 0.699 
463 0.304 0.370 0.444 0.402 0.423 0.523 0.584 0.555 0.616 0.594 0.496 0.354 0.231 0.163 0.319 0.240 0.297 0.170 0.204 0.025 0.006 0.704 
464 0.309 0.374 0.439 0.405 0.422 0.519 0.581 0.556 0.607 0.592 0.497 0.353 0.232 0.167 0.319 0.234 0.291 0.173 0.209 0.023 0.007 0.703 
465 0.312 0.369 0.437 0.399 0.419 0.517 0.592 0.553 0.622 0.600 0.500 0.354 0.232 0.163 0.316 0.229 0.286 0.169 0.220 0.022 0.007 0.699 
466 0.318 0.364 0.434 0.402 0.420 0.523 0.594 0.559 0.613 0.605 0.500 0.351 0.232 0.165 0.318 0.224 0.289 0.169 0.223 0.022 0.007 0.703 
467 0.312 0.367 0.431 0.408 0.415 0.526 0.577 0.554 0.610 0.610 0.503 0.351 0.231 0.162 0.316 0.222 0.301 0.168 0.225 0.023 0.007 0.704 
468 0.308 0.368 0.435 0.416 0.416 0.529 0.584 0.544 0.605 0.611 0.502 0.351 0.228 0.159 0.324 0.219 0.305 0.167 0.208 0.026 0.007 0.704 
469 0.312 0.363 0.430 0.430 0.414 0.549 0.589 0.539 0.604 0.606 0.524 0.351 0.228 0.155 0.325 0.221 0.309 0.161 0.210 0.024 0.009 0.706 
470 0.317 0.361 0.431 0.417 0.417 0.543 0.600 0.538 0.589 0.618 0.536 0.350 0.225 0.148 0.331 0.222 0.311 0.161 0.201 0.026 0.008 0.704 
471 0.315 0.364 0.437 0.416 0.417 0.540 0.601 0.539 0.583 0.627 0.540 0.355 0.226 0.146 0.332 0.223 0.314 0.161 0.201 0.024 0.008 0.699 
472 0.319 0.369 0.431 0.413 0.416 0.540 0.605 0.531 0.588 0.630 0.546 0.357 0.227 0.151 0.326 0.222 0.314 0.158 0.213 0.023 0.009 0.704 
473 0.316 0.364 0.441 0.412 0.412 0.528 0.591 0.533 0.609 0.644 0.549 0.355 0.219 0.149 0.330 0.229 0.316 0.159 0.216 0.022 0.009 0.708 
474 0.313 0.360 0.440 0.405 0.410 0.543 0.589 0.532 0.592 0.648 0.543 0.357 0.214 0.153 0.334 0.221 0.320 0.157 0.227 0.020 0.009 0.705 
475 0.313 0.352 0.437 0.405 0.414 0.538 0.578 0.538 0.595 0.641 0.530 0.362 0.217 0.154 0.336 0.222 0.322 0.160 0.222 0.021 0.010 0.700 
476 0.308 0.355 0.430 0.401 0.416 0.538 0.577 0.537 0.586 0.633 0.512 0.358 0.221 0.160 0.331 0.219 0.322 0.159 0.214 0.020 0.010 0.696 
477 0.310 0.354 0.431 0.405 0.419 0.539 0.580 0.541 0.589 0.636 0.508 0.358 0.225 0.153 0.326 0.215 0.318 0.161 0.213 0.018 0.011 0.700 
478 0.311 0.353 0.430 0.401 0.424 0.547 0.580 0.546 0.579 0.637 0.504 0.360 0.222 0.148 0.328 0.219 0.320 0.158 0.217 0.017 0.010 0.702 
479 0.313 0.351 0.442 0.393 0.423 0.543 0.582 0.555 0.577 0.629 0.505 0.359 0.222 0.145 0.325 0.220 0.322 0.156 0.215 0.019 0.010 0.698 
480 0.322 0.355 0.438 0.398 0.418 0.538 0.580 0.556 0.575 0.626 0.510 0.355 0.225 0.146 0.325 0.221 0.328 0.151 0.216 0.021 0.009 0.692 
481 0.320 0.353 0.434 0.407 0.420 0.543 0.589 0.552 0.589 0.622 0.516 0.360 0.215 0.147 0.327 0.221 0.324 0.147 0.223 0.025 0.008 0.691 
482 0.324 0.357 0.431 0.404 0.423 0.541 0.598 0.545 0.595 0.617 0.518 0.360 0.216 0.149 0.328 0.218 0.323 0.146 0.218 0.024 0.007 0.690 
483 0.322 0.355 0.428 0.414 0.425 0.535 0.599 0.538 0.604 0.624 0.523 0.361 0.216 0.141 0.325 0.221 0.324 0.144 0.219 0.024 0.007 0.693 
484 0.322 0.358 0.433 0.423 0.419 0.535 0.612 0.532 0.607 0.621 0.530 0.357 0.215 0.140 0.324 0.228 0.328 0.141 0.224 0.024 0.007 0.695 
485 0.321 0.359 0.427 0.428 0.425 0.538 0.613 0.532 0.609 0.613 0.521 0.357 0.217 0.138 0.322 0.224 0.325 0.146 0.227 0.025 0.007 0.696 
486 0.316 0.363 0.415 0.427 0.423 0.543 0.615 0.531 0.620 0.614 0.514 0.359 0.222 0.139 0.324 0.226 0.320 0.147 0.226 0.025 0.007 0.698 
487 0.316 0.361 0.410 0.423 0.421 0.535 0.610 0.532 0.619 0.613 0.523 0.355 0.224 0.138 0.322 0.228 0.322 0.149 0.218 0.025 0.007 0.696 
488 0.317 0.366 0.414 0.426 0.422 0.537 0.610 0.531 0.615 0.614 0.523 0.356 0.224 0.136 0.324 0.223 0.325 0.156 0.208 0.024 0.006 0.697 
489 0.322 0.359 0.410 0.418 0.427 0.533 0.625 0.532 0.621 0.613 0.519 0.357 0.225 0.139 0.327 0.223 0.334 0.160 0.206 0.024 0.007 0.699 
490 0.322 0.360 0.419 0.426 0.428 0.528 0.615 0.536 0.610 0.617 0.515 0.357 0.222 0.139 0.324 0.224 0.338 0.165 0.208 0.025 0.007 0.697 
491 0.317 0.359 0.406 0.427 0.434 0.535 0.617 0.541 0.604 0.626 0.521 0.360 0.216 0.138 0.322 0.227 0.333 0.168 0.201 0.026 0.007 0.693 
492 0.320 0.364 0.410 0.416 0.434 0.540 0.612 0.545 0.599 0.628 0.524 0.360 0.215 0.143 0.319 0.229 0.331 0.165 0.201 0.024 0.007 0.693 
493 0.320 0.379 0.407 0.414 0.434 0.531 0.609 0.550 0.596 0.621 0.520 0.359 0.217 0.141 0.321 0.232 0.334 0.169 0.200 0.023 0.007 0.696 
494 0.325 0.378 0.407 0.411 0.432 0.534 0.614 0.555 0.619 0.621 0.523 0.358 0.216 0.142 0.322 0.239 0.333 0.168 0.201 0.023 0.007 0.695 
495 0.319 0.384 0.409 0.408 0.428 0.524 0.611 0.559 0.615 0.616 0.524 0.367 0.219 0.147 0.323 0.238 0.334 0.167 0.207 0.024 0.007 0.695 
496 0.318 0.390 0.414 0.409 0.426 0.528 0.617 0.560 0.608 0.616 0.529 0.368 0.221 0.151 0.315 0.241 0.326 0.173 0.207 0.026 0.006 0.693 
497 0.322 0.384 0.421 0.416 0.418 0.528 0.612 0.565 0.603 0.618 0.526 0.370 0.226 0.153 0.315 0.239 0.330 0.162 0.212 0.027 0.006 0.691 
498 0.317 0.387 0.420 0.406 0.415 0.514 0.613 0.559 0.591 0.611 0.523 0.370 0.228 0.157 0.320 0.240 0.330 0.166 0.222 0.026 0.007 0.690 
499 0.322 0.387 0.423 0.408 0.415 0.504 0.604 0.558 0.601 0.618 0.534 0.366 0.229 0.154 0.321 0.240 0.325 0.170 0.216 0.020 0.007 0.688 