0 0 2 0 0 0 0 0 0 0 1 0 0 0 1 0 0 0 0 0 0 0 0 4
1 0 0 0 0 0 0 0 0 1 0 0 0 0 1 0 0 0 0 0 0 0 0 2
2 0 0 0 0 0 0 0 0 6 0 0 0 0 20 0 0 0 10 0 0 1 0 37
3 0 0 0 0 0 0 0 0 7 0 0 0 0 0 0 0 0 12 0 0 9 0 28
4 0 0 0 1 0 0 0 0 1 0 0 1 1 15 0 0 0 0 0 0 0 0 19
5 0 1 0 0 0 0 0 0 0 0 0 0 0 0 0 0 0 14 0 0 17 0 32
6 0 9 0 0 0 0 0 0 0 0 0 0 0 0 0 0 0 10 0 0 20 0 39
7 0 42 0 0 0 0 0 1 1 0 0 0 1 0 0 0 1 8 0 0 8 0 62
8 1 0 0 0 0 0 0 0 0 0 0 0 1 9 0 0 0 1 0 0 0 0 12
9 0 0 0 0 0 0 0 0 12 0 0 0 1 0 0 0 0 16 0 16 12 0 57
10 0 0 1 0 0 0 0 0 6 0 0 0 1 0 0 0 0 0 0 0 18 0 26
11 0 1 0 0 0 0 0 0 1 0 0 0 0 0 0 0 0 16 0 1 10 0 29
12 0 0 0 0 0 0 0 0 0 0 0 0 0 0 0 0 0 17 0 0 17 0 34
13 0 0 0 0 0 0 0 0 0 0 0 11 0 0 0 0 0 0 0 0 1 0 12
14 0 0 0 0 0 0 0 0 4 0 16 0 0 0 0 0 0 0 0 0 46 0 66
15 0 0 0 0 0 0 0 0 0 0 2 0 0 0 0 0 0 0 0 0 1 0 3
16 0 0 0 0 0 0 0 0 0 0 0 0 1 9 0 0 0 1 0 0 11 0 22
17 0 0 0 0 0 0 0 0 0 12 0 0 1 0 0 0 0 0 0 0 0 0 13
18 0 0 0 0 0 0 0 0 0 0 0 0 0 0 0 0 0 0 0 0 0 0 0
19 0 0 0 0 0 0 0 0 0 0 0 0 0 0 0 0 0 0 0 0 0 0 0
20 0 0 0 10 0 0 0 0 0 6 0 0 0 0 0 0 0 10 0 0 1 0 27
21 0 1 0 0 0 0 0 0 0 0 0 0 0 0 0 0 0 0 0 0 22 0 23
22 0 0 0 0 0 0 0 0 0 0 0 24 1 1 0 0 0 12 0 0 0 0 38
23 0 12 0 0 0 0 0 0 13 0 17 0 0 0 0 0 0 1 0 0 9 0 52
24 0 12 0 0 0 0 0 0 0 0 0 0 0 0 0 0 1 9 0 0 12 0 34
25 0 0 0 0 0 0 0 0 1 1 0 0 0 1 0 0 0 0 0 0 1 0 4
26 0 0 0 0 0 0 0 0 0 0 0 0 0 1 0 0 0 0 0 0 17 0 18
27 0 10 0 0 0 0 0 13 0 0 0 0 25 0 0 0 0 0 0 0 46 0 94
28 0 0 0 0 0 0 0 0 0 17 0 0 0 0 0 10 0 0 0 0 76 0 103
29 1 1 0 0 0 0 0 0 0 0 0 0 0 0 0 0 9 1 0 0 40 0 52
30 0 0 0 0 0 0 0 0 0 0 0 0 0 0 0 0 0 0 0 0 0 0 0
31 0 3 0 0 0 0 0 0 0 0 0 0 0 23 0 0 0 0 0 0 1 0 27
32 0 0 0 0 0 0 0 0 0 0 0 0 17 26 0 0 0 0 0 10 0 0 53
33 7 0 0 19 0 0 0 0 0 0 0 0 0 9 0 1 0 0 0 0 0 0 36
34 0 0 0 0 0 0 0 0 0 0 0 0 19 0 0 0 0 0 0 0 11 0 30
35 0 1 0 0 0 0 0 0 0 1 0 0 14 1 0 0 0 0 0 0 35 0 52
36 0 1 0 0 0 0 0 0 0 0 0 1 18 0 0 15 0 1 0 0 1 0 37
37 1 1 0 0 0 0 0 0 0 0 0 0 0 0 0 0 0 0 0 0 7 0 9
38 0 42 0 0 8 0 0 0 0 0 0 0 0 1 0 0 0 17 0 0 0 0 68
39 0 0 0 0 0 0 0 1 0 0 0 0 0 0 0 0 0 29 0 0 1 0 31
40 0 0 0 0 14 0 0 0 1 2 0 0 2 16 0 0 0 0 0 0 20 0 55
41 0 0 0 0 0 0 0 0 0 0 0 16 0 11 0 0 0 0 0 0 16 0 43
42 0 0 0 0 0 0 0 0 0 0 0 0 0 0 0 0 0 0 0 0 25 0 25
43 0 0 0 0 0 0 0 0 0 0 0 2 0 0 0 0 0 0 0 0 0 0 2
44 0 0 11 0 0 0 0 0 0 0 0 1 0 0 0 0 0 0 0 0 8 0 20
45 0 8 0 0 0 0 0 1 0 0 0 0 2 0 0 20 0 0 0 0 16 0 47
46 0 0 0 0 0 0 0 0 0 1 2 0 0 6 0 0 0 0 0 0 9 0 18
47 0 10 0 0 1 0 0 26 0 0 0 0 35 17 0 0 0 0 0 0 0 0 89
48 0 1 0 0 0 0 0 11 0 0 0 0 16 0 0 0 0 0 0 0 2 0 30
49 0 0 0 0 0 0 0 0 11 0 13 0 2 2 0 0 0 1 0 0 0 0 29
50 0 0 0 0 1 24 0 0 0 47 0 0 3 0 0 0 0 1 0 0 8 0 84
51 0 0 0 0 0 0 0 0 0 0 0 0 8 1 0 0 0 0 0 0 67 0 76
52 15 0 0 0 0 0 0 0 0 24 13 0 0 0 0 0 0 8 0 0 50 0 110
53 0 0 0 0 0 0 0 0 0 31 0 9 0 0 0 0 0 1 0 0 53 0 94
54 0 0 0 0 0 0 0 0 0 0 0 0 0 0 0 0 0 8 0 0 31 0 39
55 0 0 0 0 15 0 0 0 0 0 0 11 0 0 0 1 0 0 0 0 16 0 43
56 0 0 0 0 0 1 0 0 0 0 0 13 12 0 0 0 0 0 0 18 117 0 161
57 0 0 0 0 0 0 0 0 0 0 0 0 0 9 0 0 0 0 0 31 25 0 65
58 0 25 0 0 0 0 0 0 0 1 0 0 14 1 0 0 0 1 0 13 15 0 70
59 0 13 0 0 0 0 0 0 0 11 0 1 0 1 0 0 0 0 0 0 27 0 53
60 0 1 0 0 0 0 0 0 33 1 11 0 0 1 0 0 0 20 0 0 21 0 88
61 13 0 0 0 0 0 0 0 0 2 0 10 0 1 0 0 0 0 0 22 35 0 83
62 0 0 0 0 0 0 0 0 0 51 2 0 1 16 0 0 0 11 0 0 0 0 81
63 0 0 0 0 0 0 0 0 10 19 0 1 13 1 0 9 0 0 9 25 2 0 89
64 0 13 0 0 0 0 0 28 0 41 1 1 1 13 0 12 0 0 0 10 0 0 120
65 0 1 0 0 0 0 0 27 0 0 0 0 24 0 0 0 0 21 0 0 23 0 96
66 0 0 0 12 0 0 0 0 0 0 0 1 7 0 0 0 13 0 0 1 0 0 34
67 1 0 0 0 0 0 0 0 3 0 1 1 3 0 0 0 0 12 0 9 0 0 30
68 0 0 1 0 0 0 0 0 6 0 0 0 0 12 0 0 0 1 0 0 19 0 39
69 0 0 0 0 0 0 0 0 1 0 0 0 8 1 0 0 0 0 0 0 13 0 23
70 0 13 5 0 0 0 0 1 0 1 0 0 0 7 0 0 0 0 0 0 0 0 27
71 0 0 0 0 0 1 0 0 41 0 1 0 0 1 0 0 0 0 0 1 1 0 46
72 0 0 0 0 0 0 0 0 0 1 0 0 0 0 0 0 0 0 0 0 14 0 15
73 0 2 0 0 1 0 0 41 1 36 0 13 0 1 0 0 0 0 0 0 0 0 95
74 0 0 0 0 0 0 0 0 21 2 0 0 0 0 0 0 0 13 0 0 21 0 57
75 0 0 0 0 0 0 0 0 34 20 61 0 13 0 0 0 0 0 0 0 1 0 129
76 0 0 0 0 0 0 0 15 0 56 0 0 0 0 0 0 0 16 0 9 1 0 97
77 0 0 0 0 0 0 0 0 0 1 0 0 0 1 0 0 0 1 0 0 83 0 86
78 1 0 12 0 0 0 0 0 1 0 26 0 0 0 0 0 0 7 0 0 15 0 62
79 0 21 0 0 0 0 0 0 0 0 0 0 0 0 0 0 0 0 0 0 64 0 85
80 0 0 0 0 0 0 0 0 46 0 1 0 2 1 0 0 0 0 0 1 60 0 111
81 0 2 0 0 1 0 0 0 54 0 0 0 19 1 0 0 0 0 0 1 0 0 78
82 0 18 0 0 0 0 0 0 8 22 0 11 22 0 0 0 0 1 0 0 1 0 83
83 8 0 0 0 0 0 0 0 8 45 0 1 0 0 0 0 0 0 0 13 23 0 98
84 0 0 0 0 0 0 0 16 2 81 0 0 7 0 0 0 0 0 0 0 0 0 106
85 1 1 0 0 1 0 0 0 0 0 0 0 15 8 0 0 0 12 0 0 0 0 38
86 0 0 0 0 0 0 0 0 0 0 0 0 0 0 0 0 0 0 0 0 1 0 1
87 0 0 0 0 0 27 0 0 38 1 0 0 0 0 0 0 1 14 0 0 0 0 81
88 0 0 0 0 0 0 0 0 2 1 0 0 0 0 0 0 15 0 0 1 43 0 62
89 0 0 0 0 0 0 0 12 0 24 0 0 0 1 0 0 0 0 0 0 12 0 49
90 12 11 25 0 0 0 0 0 18 29 0 0 0 0 0 0 0 8 0 0 1 0 104
91 0 2 0 0 0 0 0 12 6 0 0 0 0 0 0 0 0 0 0 0 14 0 34
92 0 1 0 0 0 0 0 0 1 0 0 0 0 1 0 0 0 2 0 0 33 0 38
93 0 11 0 7 0 0 0 15 0 29 0 0 2 9 0 0 0 1 0 8 34 0 116
94 0 15 0 0 0 0 0 0 24 49 0 1 0 0 0 1 1 19 0 0 0 0 110
95 0 0 0 0 0 0 0 1 17 22 0 0 1 0 0 0 0 0 0 0 4 0 45
96 0 17 0 0 0 0 0 0 10 0 0 0 0 0 0 0 0 0 0 0 0 0 27
97 17 0 0 0 1 0 0 1 0 0 8 0 1 0 0 0 0 0 4 10 28 0 70
98 0 22 0 0 1 0 0 1 12 0 0 0 0 0 0 0 0 0 0 10 1 0 47
99 0 0 0 0 0 0 0 10 2 0 0 0 0 0 0 0 0 0 0 0 10 0 22
100 0 0 0 9 18 0 0 0 36 21 0 6 2 0 0 0 0 2 0 0 61 0 155
101 0 0 1 0 0 0 0 0 1 20 0 0 1 0 0 0 0 1 0 1 43 0 68
102 0 10 0 0 0 0 0 0 31 20 0 0 25 0 0 0 1 0 0 0 40 0 127
103 0 0 27 0 0 0 0 0 29 40 1 0 12 1 0 0 0 1 0 0 25 0 136
104 0 5 12 0 0 14 12 65 1 0 11 0 19 0 0 0 0 5 0 0 33 0 177
105 0 1 0 0 1 0 0 0 1 18 0 0 0 0 0 0 1 1 0 0 34 0 57
106 0 25 0 0 0 0 0 0 12 0 0 0 1 16 0 0 0 0 8 0 10 0 72
107 0 0 0 0 0 0 0 20 0 15 24 0 0 19 0 0 0 0 0 0 0 0 78
108 0 0 0 0 0 0 0 0 45 0 0 0 0 0 0 0 0 8 0 0 15 0 68
109 0 0 0 15 36 0 0 0 14 1 0 0 15 1 0 0 0 3 0 0 10 0 95
110 0 1 0 0 0 0 0 0 29 19 0 14 0 0 0 0 0 14 0 0 0 0 77
111 7 0 0 0 0 0 0 0 0 0 5 0 0 0 0 0 0 1 0 0 0 0 13
112 2 0 0 0 25 0 0 0 0 1 0 0 0 0 0 0 0 0 0 0 0 0 28
113 0 1 9 0 0 0 0 0 14 52 0 0 0 0 0 0 0 0 0 0 2 0 78
114 17 1 0 0 0 0 0 1 14 28 0 1 0 0 0 0 0 0 1 0 1 0 64
115 0 0 0 0 0 0 0 17 0 24 0 0 16 0 0 0 0 0 0 0 13 0 70
116 1 1 7 0 14 0 0 0 18 15 0 0 1 0 0 0 0 0 0 0 74 0 131
117 0 0 0 0 0 0 1 0 28 6 0 18 20 0 0 0 0 0 0 0 52 0 125
118 0 0 0 0 0 0 0 0 7 54 0 12 1 11 0 12 1 0 0 0 58 0 156
119 2 0 0 9 0 0 0 31 12 0 0 1 1 0 0 0 0 0 0 0 0 0 56
120 0 12 0 0 0 0 0 0 32 11 0 0 55 0 0 0 0 1 0 0 31 0 142
121 1 0 0 0 0 0 0 0 16 0 0 0 0 1 0 0 0 0 0 10 1 0 29
122 0 0 0 0 0 0 0 2 3 0 0 0 0 0 0 0 0 0 1 0 0 0 6
123 0 6 0 0 0 0 0 1 0 16 0 0 0 0 0 1 1 2 0 9 35 0 71
124 1 50 0 0 0 0 0 39 6 0 19 0 1 0 0 0 0 1 0 0 23 0 140
125 0 0 0 33 0 0 0 35 1 0 0 0 2 9 0 0 0 0 0 1 1 0 82
126 2 1 13 0 0 0 0 74 13 0 0 0 15 0 0 0 0 1 0 0 19 0 138
127 0 0 10 0 0 1 0 34 0 10 0 0 8 0 0 0 0 17 0 4 48 0 132
128 3 0 0 0 1 0 0 0 3 0 0 1 0 0 0 0 0 0 0 0 0 0 8
129 12 0 0 0 0 9 0 0 15 11 0 1 0 17 0 0 0 11 0 9 0 0 85
130 15 1 0 0 0 0 0 23 24 26 0 0 0 0 0 0 0 0 0 2 0 0 91
131 0 1 0 0 0 0 0 1 30 19 0 13 0 0 0 0 0 0 12 0 13 0 89
132 0 1 0 0 0 0 0 0 0 18 0 1 0 0 0 0 0 14 1 9 14 0 58
133 0 1 0 1 0 0 0 0 31 0 1 0 0 0 0 1 0 0 0 3 18 0 56
134 12 1 0 0 1 0 0 0 28 1 0 21 1 0 0 0 0 0 0 0 0 0 65
135 9 4 0 0 1 0 0 0 16 32 0 0 19 0 0 0 0 0 0 0 94 0 175
136 0 15 0 0 1 0 0 0 25 2 0 0 1 15 0 0 0 0 1 8 50 0 118
137 0 12 1 0 0 1 0 10 1 11 0 0 9 1 0 0 0 0 0 0 3 0 49
138 11 14 0 0 1 0 17 0 16 0 0 0 19 15 0 0 0 1 0 0 110 0 204
139 1 16 0 13 0 0 0 0 1 27 0 1 15 17 0 0 0 5 0 0 1 0 97
140 0 0 1 0 0 0 1 7 2 1 0 0 7 0 0 0 0 3 0 1 2 0 25
141 0 0 1 0 0 0 0 10 9 32 0 10 28 0 0 0 0 0 4 0 16 0 110
142 0 0 11 0 0 0 0 0 0 0 0 32 22 0 0 0 0 0 0 0 8 0 73
143 0 1 0 0 0 0 0 2 6 0 0 55 1 0 0 0 0 0 0 0 9 0 74
144 1 0 0 0 0 0 1 39 21 1 0 0 0 33 0 0 0 0 0 0 0 0 96
145 38 0 13 0 0 0 0 1 1 20 6 0 4 8 0 0 0 7 0 0 19 0 117
146 16 3 0 0 0 0 0 2 2 0 91 0 12 0 0 0 0 0 0 0 22 0 148
147 0 1 0 0 0 0 0 12 7 0 66 2 22 0 0 0 0 7 0 0 0 0 117
148 1 22 0 0 42 0 0 38 14 39 0 0 18 0 0 0 0 15 0 0 21 0 210
149 0 25 1 0 1 0 0 19 14 29 0 0 0 0 1 0 0 8 0 0 12 0 110
150 1 1 1 0 0 0 0 46 28 2 0 11 9 0 0 0 0 15 0 0 0 0 114
151 12 35 0 0 0 0 27 2 44 68 10 11 0 0 0 0 0 0 0 0 9 0 218
152 0 9 0 0 0 0 0 50 1 1 0 8 51 0 0 0 0 0 1 7 13 0 141
153 0 0 0 0 0 0 0 23 0 15 0 47 0 0 0 0 0 0 0 0 27 0 112
154 0 1 0 0 5 0 26 0 0 0 0 13 20 0 6 1 0 0 0 13 1 0 86
155 0 0 0 0 0 0 1 0 2 0 18 0 9 0 0 0 0 0 0 0 1 0 31
156 0 0 0 0 0 0 0 13 8 9 1 75 1 0 0 0 0 0 0 0 17 0 124
157 1 0 0 0 0 0 1 1 1 0 38 44 0 0 0 0 0 0 0 0 1 0 87
158 0 0 0 0 0 1 0 7 2 1 32 1 1 16 0 0 0 0 20 0 8 0 89
159 0 0 13 15 1 0 0 37 0 0 2 0 1 12 0 0 0 0 0 0 17 0 98
160 0 0 0 0 0 0 2 11 0 1 20 0 0 0 0 0 1 0 0 0 52 0 87
161 0 0 0 0 20 0 27 10 1 0 119 0 0 0 28 0 0 10 0 0 50 0 265
162 19 0 0 0 0 0 0 26 7 24 26 0 0 0 1 6 0 0 0 0 83 0 192
163 60 2 11 1 0 1 0 47 13 0 2 1 0 0 0 0 0 18 0 0 14 0 170
164 0 1 0 0 0 37 19 0 2 2 32 0 0 0 0 0 0 1 12 1 14 0 121
165 7 27 0 1 0 0 1 1 25 14 17 1 0 0 0 0 0 0 0 0 1 0 95
166 10 1 0 0 0 0 0 0 0 39 6 0 0 1 0 12 0 0 0 0 1 0 70
167 0 0 0 0 0 0 0 1 16 2 2 12 0 0 0 0 0 0 0 1 0 0 34
168 0 6 0 0 0 0 13 33 4 5 14 2 0 0 0 0 1 0 0 0 2 0 80
169 0 10 0 0 9 0 18 0 21 3 32 21 0 24 0 0 0 0 0 0 0 0 138
170 0 13 0 0 0 0 2 2 11 72 9 0 9 0 1 0 0 14 0 0 32 0 165
171 0 8 0 0 0 0 0 11 6 11 19 56 0 7 0 0 0 0 0 7 1 0 126
172 1 0 0 0 0 0 44 1 1 21 30 13 0 0 0 0 0 0 0 0 18 0 129
173 0 14 0 0 0 0 10 0 29 1 1 50 6 0 0 0 0 0 0 0 1 0 112
174 0 0 0 0 0 0 14 21 8 41 0 20 10 0 0 0 0 0 0 0 71 0 185
175 0 1 0 7 0 0 1 23 0 14 1 22 0 0 0 0 0 0 2 0 43 0 114
176 1 0 0 0 0 0 0 31 26 0 0 6 19 0 0 0 0 0 0 0 64 0 147
177 1 19 6 0 0 0 0 34 1 0 0 49 8 0 0 0 0 1 0 0 28 0 147
178 11 6 0 0 0 0 0 63 2 0 41 23 10 0 0 0 0 0 0 0 39 0 195
179 15 0 0 0 0 0 0 2 76 0 7 9 9 0 0 0 0 1 0 0 0 0 119
180 15 5 0 0 1 0 6 2 1 21 3 0 1 0 0 1 1 0 0 0 0 0 57
181 0 0 0 0 0 0 0 24 1 0 0 1 0 0 0 0 0 19 0 0 16 0 61
182 8 0 0 0 0 3 33 13 11 39 4 16 1 0 0 0 0 2 0 0 15 0 145
183 1 0 0 0 0 0 0 0 0 24 0 0 8 0 1 0 0 0 0 8 20 0 62
184 0 2 0 0 1 1 18 38 56 2 0 0 2 0 0 0 0 0 0 1 10 0 131
185 0 35 0 0 0 0 0 1 21 45 16 0 8 0 0 0 0 0 0 0 0 0 126
186 0 19 0 0 0 36 0 0 9 1 3 0 0 9 0 0 0 14 0 0 1 0 92
187 16 0 0 14 0 1 20 0 0 3 25 0 0 1 0 0 0 0 1 0 88 0 169
188 4 0 0 0 0 0 0 0 0 0 2 0 1 13 0 0 0 11 0 0 46 0 77
189 26 1 0 0 22 0 1 0 1 8 12 0 0 8 0 0 0 12 0 1 10 0 102
190 10 0 11 0 35 0 1 1 10 3 2 0 0 0 17 19 9 0 0 0 9 0 127
191 1 1 0 0 0 0 0 0 7 11 25 2 1 19 0 0 0 12 0 0 17 0 96
192 0 20 15 0 0 0 22 1 0 9 2 0 0 0 0 0 0 0 0 0 82 0 151
193 1 6 0 0 0 0 0 31 0 0 0 13 0 0 1 0 0 0 0 0 0 0 52
194 1 12 0 0 0 0 22 20 9 0 0 9 0 0 0 0 0 0 0 0 1 0 74
195 0 0 0 0 1 0 29 7 0 17 23 6 0 0 0 0 0 0 0 0 31 0 114
196 10 0 0 17 0 1 28 33 27 25 1 33 2 0 0 1 0 0 0 0 1 0 179
197 0 0 0 0 0 1 0 76 0 0 2 2 9 0 0 0 0 2 0 0 1 0 93
198 0 0 0 14 0 1 0 37 1 6 0 22 2 0 0 0 0 2 0 8 3 0 96
199 0 1 0 0 19 0 0 17 2 24 3 39 25 0 0 0 0 8 0 0 1 0 139
200 28 1 9 0 0 0 31 9 11 0 19 3 2 0 0 0 0 0 0 0 14 0 127
201 17 2 0 12 0 1 24 31 9 19 1 1 7 1 0 0 0 1 8 0 2 0 136
202 1 8 0 0 0 0 2 31 2 1 7 0 0 0 5 0 0 0 0 0 2 0 59
203 17 2 0 1 1 2 2 0 46 82 32 2 0 0 0 0 0 0 0 0 1 0 188
204 0 13 0 0 0 0 0 0 4 0 13 0 0 0 0 0 0 0 1 0 18 0 49
205 0 25 0 0 0 5 0 0 0 0 0 0 0 1 0 0 0 0 0 0 38 0 69
206 1 31 0 0 0 12 23 2 1 0 0 0 16 1 0 0 0 1 0 1 14 0 103
207 0 0 0 0 0 19 0 0 42 0 0 1 0 0 0 0 0 0 0 0 74 0 136
208 0 0 0 0 0 0 2 0 19 6 0 1 0 0 0 0 0 0 0 0 20 0 48
209 3 1 0 0 1 0 0 1 28 0 0 0 0 10 0 0 0 0 0 1 40 0 85
210 16 1 0 0 18 0 0 27 2 0 0 1 0 28 0 0 0 21 0 0 0 0 114
211 0 0 0 0 37 1 1 51 14 22 23 0 12 0 0 0 0 0 0 0 1 0 162
212 1 18 0 0 2 0 13 12 28 1 0 1 11 0 0 0 0 0 0 1 1 0 89
213 18 0 0 0 0 0 14 95 30 59 14 0 3 0 0 0 0 0 0 1 0 0 234
214 2 1 0 1 0 8 0 16 0 2 0 0 13 0 1 0 0 0 0 0 0 0 44
215 12 0 0 1 0 18 1 5 0 52 1 35 23 0 0 0 0 9 0 0 1 0 158
216 18 0 0 0 0 48 10 0 1 0 11 3 0 9 0 0 0 0 12 0 18 0 130
217 15 0 0 0 0 8 1 0 0 6 0 51 0 0 0 0 0 0 0 1 0 0 82
218 14 31 0 0 0 0 1 2 14 0 17 10 0 0 8 0 0 0 0 14 0 0 111
219 7 1 0 0 3 8 1 1 49 31 0 0 0 0 0 9 0 0 0 0 0 0 110
220 0 13 12 27 0 0 1 16 1 0 0 0 0 1 0 0 0 1 0 0 0 0 72
221 1 18 0 1 1 6 3 19 2 10 0 14 0 0 1 0 6 0 0 0 16 0 98
222 0 0 0 0 8 0 0 39 52 0 2 13 0 0 0 0 0 0 0 0 1 0 115
223 1 0 0 44 23 10 15 14 10 0 1 0 0 0 0 0 0 0 1 0 50 0 169
224 0 0 0 1 9 1 1 21 53 0 1 0 0 0 0 0 0 0 0 1 28 0 116
225 15 0 0 0 1 0 7 0 1 10 0 9 57 0 0 0 0 0 0 0 36 0 136
226 1 1 0 0 0 0 35 0 1 17 29 0 9 12 0 0 0 0 0 14 12 0 131
227 0 19 0 0 3 1 5 40 31 16 0 28 26 0 0 0 0 24 0 1 44 0 238
228 2 0 0 0 1 1 0 38 24 1 0 15 2 0 0 0 0 2 0 9 32 0 127
229 0 0 0 0 1 8 2 27 0 0 0 0 5 0 1 0 0 0 10 0 1 0 55
230 0 0 0 0 0 31 40 17 2 26 0 0 25 0 0 0 0 0 0 0 3 0 144
231 14 0 0 15 0 0 7 51 1 37 0 13 1 0 1 0 0 15 0 1 17 0 173
232 0 0 0 0 0 14 11 20 0 15 0 29 0 1 0 0 0 0 0 7 1 0 98
233 32 0 0 0 1 9 14 1 0 1 0 6 0 0 1 0 0 0 17 1 1 0 84
234 0 4 0 0 20 0 1 1 0 0 0 5 0 0 0 0 0 0 0 0 19 0 50
235 0 8 0 0 9 2 0 0 0 12 1 1 6 19 7 0 0 0 0 1 20 0 86
236 0 0 0 0 1 21 0 22 22 0 15 2 0 0 0 0 0 0 0 8 1 0 92
237 39 4 0 0 8 1 0 0 32 3 36 28 0 17 13 0 0 0 0 0 1 0 182
238 0 1 0 2 24 41 14 2 19 19 13 0 0 0 0 0 0 0 0 0 0 0 135
239 0 12 6 40 0 2 13 25 20 17 12 4 0 0 0 0 0 0 1 1 34 0 187
240 1 0 0 1 2 0 1 70 0 0 0 0 0 14 0 0 0 0 0 0 1 0 90
241 17 12 0 15 16 33 0 30 52 37 2 51 0 6 13 0 0 0 3 0 0 0 287
242 0 1 8 0 12 0 32 59 1 0 0 30 13 0 0 0 0 0 0 0 55 0 211
243 7 23 11 14 3 12 12 34 1 26 0 0 18 0 0 0 0 6 9 0 14 0 190
244 0 1 14 1 11 0 18 12 14 12 9 0 0 0 1 0 0 0 9 1 62 0 165
245 9 2 0 18 6 9 0 43 1 0 25 0 9 0 1 0 0 13 0 22 21 0 179
246 0 15 0 0 76 1 1 0 9 5 0 0 0 0 1 0 1 0 0 24 14 0 147
247 21 0 11 0 0 0 24 0 3 2 0 1 0 0 13 0 7 1 0 5 19 0 107
248 0 15 0 0 0 0 6 0 4 0 0 1 0 0 0 0 0 0 0 1 10 0 37
249 0 0 0 0 1 7 1 0 1 22 0 0 0 0 0 0 0 0 0 1 0 0 33
250 17 0 0 3 25 0 1 21 32 9 0 1 0 0 0 0 0 1 0 1 15 0 126
251 0 0 13 0 12 1 0 0 1 0 0 0 10 0 1 0 0 0 0 19 1 0 58
252 0 13 0 0 0 1 0 0 1 25 42 2 0 0 1 0 0 0 0 1 13 0 99
253 13 0 0 1 0 12 36 0 21 14 71 27 0 0 26 0 0 12 0 0 16 0 249
254 0 0 0 11 0 29 1 0 14 0 2 0 12 29 0 0 0 0 0 0 0 0 98
255 9 0 1 0 0 10 0 35 1 21 25 0 0 0 0 0 0 0 0 0 39 0 141
256 0 1 0 0 0 4 20 23 35 11 0 0 0 12 2 0 0 15 0 1 0 0 124
257 1 0 0 18 0 0 0 52 0 21 0 2 9 0 0 0 0 14 0 0 11 0 128
258 0 0 0 0 0 7 0 2 12 57 0 43 0 0 35 0 0 9 0 17 40 0 222
259 0 0 0 2 0 0 8 10 1 0 1 7 8 0 45 0 0 1 0 0 57 0 140
260 12 0 0 0 0 0 6 1 9 0 27 2 4 0 9 0 0 0 1 1 29 0 101
261 0 0 0 0 20 0 13 0 9 19 1 9 4 0 35 0 0 1 0 0 55 0 166
262 1 8 0 0 3 1 1 1 12 5 16 0 1 1 25 0 0 0 0 0 20 0 95
263 0 0 0 0 1 0 23 52 36 3 3 21 0 0 11 0 0 0 4 16 28 0 198
264 0 1 0 0 0 0 0 3 1 38 18 0 14 0 34 0 0 0 0 9 1 0 119
265 0 1 0 26 0 10 0 13 1 2 15 0 0 0 0 4 0 0 1 0 0 0 73
266 0 0 8 1 0 0 0 3 43 40 32 2 0 0 0 0 0 15 3 0 27 0 174
267 15 7 0 0 0 22 0 1 16 32 16 52 0 15 0 0 0 1 0 18 1 0 196
268 8 0 3 0 1 1 6 0 0 0 7 2 0 0 1 0 0 11 0 2 1 0 43
269 0 1 0 0 0 5 28 0 3 18 2 20 0 0 0 0 0 9 0 0 12 0 98
270 0 7 0 0 0 0 6 1 0 27 0 0 0 0 0 0 0 11 9 0 1 0 62
271 0 0 0 0 22 1 2 0 16 1 0 0 82 0 0 0 0 12 0 36 61 0 233
272 0 0 0 0 11 15 0 0 12 5 27 0 0 0 54 0 0 0 9 0 0 0 133
273 1 0 1 0 0 0 0 0 45 53 0 28 0 0 42 0 0 0 1 0 12 0 183
274 8 26 0 0 0 4 1 0 66 1 18 0 0 0 44 0 0 1 0 10 2 0 181
275 12 0 1 0 0 0 1 0 0 2 21 20 22 36 1 0 12 0 0 0 2 0 130
276 14 0 7 0 0 6 21 11 5 1 49 9 33 1 1 0 0 0 0 0 0 0 158
277 13 18 0 0 17 0 22 23 2 31 1 1 0 2 0 0 0 0 0 0 139 0 269
278 0 0 0 0 0 21 0 125 16 16 13 37 1 51 0 0 0 1 0 0 42 0 323
279 0 1 9 1 19 0 22 61 0 14 37 0 2 0 0 0 0 0 0 1 0 0 167
280 1 27 0 24 0 10 0 18 24 7 29 27 44 0 0 0 0 12 0 8 1 0 232
281 0 2 0 0 0 14 27 41 20 16 29 29 1 0 0 0 0 0 1 1 0 0 181
282 1 0 0 0 0 0 37 0 19 4 0 1 0 0 1 0 0 1 0 0 0 0 64
283 0 0 36 19 0 0 1 27 8 14 22 0 11 0 79 0 0 19 0 15 19 0 270
284 0 0 0 3 35 7 0 32 36 2 18 62 31 0 1 0 0 1 0 0 1 0 229
285 0 0 0 0 16 33 0 28 32 55 17 0 2 0 13 0 0 1 0 0 31 0 228
286 13 0 0 12 0 18 4 64 22 9 2 1 0 0 8 0 0 5 0 1 0 0 159
287 0 1 0 0 10 0 43 0 20 38 0 0 17 0 0 0 0 0 5 1 0 0 135
288 0 0 0 20 6 0 27 0 92 0 0 0 1 16 1 0 0 0 0 1 16 0 180
289 0 0 0 0 2 0 0 0 16 0 20 0 4 37 1 0 0 0 1 10 0 0 91
290 1 0 19 0 0 13 14 10 17 30 20 8 50 0 26 0 0 0 0 0 2 0 210
291 20 1 0 1 66 11 0 28 0 0 10 7 0 24 0 0 0 0 11 0 0 0 179
292 2 13 0 0 0 0 1 1 0 11 8 103 1 0 0 0 0 12 0 0 1 0 153
293 12 1 11 0 0 0 3 3 0 2 4 41 0 0 14 0 0 0 0 0 30 0 121
294 18 0 22 1 2 0 47 1 9 3 9 0 0 0 0 0 0 0 0 0 65 0 177
295 13 23 0 2 13 0 5 46 27 33 1 9 0 0 0 0 1 0 0 12 66 0 251
296 34 0 0 0 0 0 1 42 1 15 1 2 0 14 0 20 0 12 0 1 64 0 207
297 0 0 0 20 0 0 26 45 49 25 29 22 0 0 0 0 0 0 0 1 16 0 233
298 0 14 0 0 0 12 0 27 9 1 1 1 11 12 0 0 1 0 0 1 2 0 92
299 1 0 0 1 0 0 0 1 8 11 1 0 6 0 9 0 0 0 0 15 15 0 68
300 24 0 0 0 7 0 0 2 0 32 1 1 1 0 25 0 1 0 0 0 0 0 94
301 11 6 33 0 12 0 0 0 31 21 6 0 0 0 55 0 0 0 0 0 17 0 192
302 0 9 0 1 5 0 14 100 51 1 34 14 25 5 1 0 0 2 0 0 0 0 262
303 0 1 0 0 50 1 0 9 26 9 1 8 29 1 1 0 0 2 0 8 1 0 147
304 0 1 0 10 0 0 0 2 55 44 41 4 3 0 17 0 0 0 0 0 11 0 188
305 0 10 0 0 0 0 0 1 36 2 36 49 73 1 0 0 0 0 0 13 9 0 230
306 0 0 1 11 0 15 2 23 10 5 50 4 0 1 9 0 0 7 0 6 11 0 155
307 0 0 0 0 9 0 18 19 1 60 6 21 11 13 0 14 0 0 10 0 1 0 183
308 7 1 10 4 0 18 9 0 53 40 2 2 2 0 0 14 0 0 6 0 24 0 192
309 11 1 33 0 0 18 12 9 12 22 9 34 0 1 16 1 9 0 1 7 2 0 198
310 0 0 0 10 1 0 0 49 2 0 10 7 0 1 44 0 0 0 0 0 23 0 147
311 10 0 0 1 1 0 2 8 30 13 1 22 0 0 10 25 0 0 0 1 33 0 157
312 1 2 0 1 3 0 34 55 6 41 1 3 0 0 21 0 1 8 0 13 1 0 191
313 0 1 0 1 1 0 2 2 0 0 0 33 2 0 2 0 0 0 0 0 1 0 45
314 0 31 0 2 0 0 0 0 5 18 14 16 0 0 21 0 0 0 0 0 2 0 109
315 0 0 0 4 29 0 1 16 14 10 5 1 12 17 18 0 0 0 0 1 12 0 140
316 0 0 0 27 0 0 2 24 18 1 24 2 14 18 17 0 1 8 1 1 20 0 178
317 0 1 0 1 1 0 1 11 1 22 2 0 13 14 7 0 0 13 0 0 81 0 168
318 1 0 2 0 1 0 11 0 50 29 1 23 10 0 13 0 0 1 0 0 36 0 178
319 15 0 0 9 0 0 17 0 0 2 12 2 39 1 0 0 0 10 0 10 29 0 146
320 55 0 13 2 0 0 1 0 12 25 0 3 0 11 0 0 9 0 0 0 68 0 199
321 0 0 10 0 0 1 0 0 40 0 1 6 15 0 16 0 0 0 0 0 2 0 91
322 0 0 0 0 0 0 8 26 43 46 14 12 10 13 0 0 0 0 0 2 0 0 174
323 2 2 0 23 0 3 1 14 0 5 22 8 0 1 0 0 0 0 0 12 38 0 131
324 0 0 10 1 1 0 1 0 1 15 0 8 27 0 0 36 0 0 0 0 17 0 117
325 0 2 0 0 0 0 0 67 10 1 8 1 23 1 12 12 0 0 0 0 0 0 137
326 0 0 0 0 0 9 0 18 16 1 4 7 0 0 2 0 0 0 0 0 13 0 70
327 0 13 0 1 0 26 1 0 35 9 7 12 1 0 1 16 0 0 0 0 10 0 132
328 18 14 0 24 1 0 1 18 2 38 14 2 14 0 7 0 1 0 0 3 40 0 197
329 1 3 0 0 0 0 30 0 39 33 37 1 11 0 13 0 0 0 0 0 34 0 202
330 0 2 0 7 1 0 4 6 9 57 1 17 1 0 36 1 0 1 0 1 1 0 145
331 0 0 0 1 0 0 3 0 0 14 24 44 0 0 60 0 12 15 1 12 7 0 193
332 1 2 0 0 1 3 90 20 18 38 0 0 5 0 17 0 13 2 0 0 23 0 233
333 10 0 0 0 0 0 50 74 20 2 2 0 29 0 0 0 0 1 0 0 1 0 189
334 0 0 14 0 19 0 22 35 0 8 2 2 0 0 2 0 0 0 0 0 0 0 104
335 0 0 0 1 0 0 11 35 0 33 18 1 34 1 0 0 0 0 15 0 2 0 151
336 1 0 0 3 1 1 12 19 1 1 2 1 0 12 2 0 0 0 0 0 1 0 57
337 0 0 0 7 1 0 5 56 0 13 18 0 1 2 1 0 0 0 0 22 44 0 170
338 0 0 0 1 13 31 1 29 1 0 0 13 0 12 5 6 0 0 0 0 8 0 120
339 0 7 0 1 0 0 7 0 19 55 0 1 30 0 0 0 0 8 0 0 27 0 155
340 0 0 0 34 0 0 1 63 21 3 26 18 15 0 0 13 0 0 0 0 29 0 223
341 8 0 0 0 12 0 0 16 0 1 2 21 1 0 0 1 1 0 0 1 19 0 83
342 0 0 0 0 1 0 24 1 29 37 0 0 1 0 1 1 2 0 0 1 32 0 130
343 0 1 0 11 0 0 11 0 0 16 0 0 40 12 0 0 2 0 0 0 0 0 93
344 25 36 1 0 54 0 18 17 3 0 0 7 0 20 0 0 0 0 0 0 1 0 182
345 14 30 0 0 0 0 0 0 18 0 1 30 3 9 0 18 0 0 0 0 10 0 133
346 1 6 0 0 21 0 0 88 0 0 0 0 38 0 0 0 0 8 0 0 14 0 176
347 14 0 1 0 0 0 0 66 15 0 48 0 7 1 2 0 0 0 0 1 7 0 162
348 0 41 0 0 3 0 21 28 28 0 0 1 7 1 39 0 0 0 0 1 20 0 190
349 1 8 0 0 0 0 19 0 33 1 30 0 1 0 65 0 0 1 0 0 0 0 159
350 0 0 38 17 24 0 0 1 60 0 0 0 9 0 45 0 0 0 9 10 2 0 215
351 0 1 0 0 0 0 1 12 35 13 0 18 32 9 29 0 0 0 0 0 21 0 171
352 0 0 7 1 0 0 24 0 1 17 0 23 15 11 60 0 0 8 1 0 12 0 180
353 1 0 0 4 1 0 4 0 1 3 49 7 2 3 29 14 0 0 16 0 35 0 169
354 0 0 0 0 0 0 1 1 2 0 1 60 30 0 0 0 0 0 9 0 77 0 181
355 0 0 1 1 0 0 15 0 4 33 0 14 20 18 0 1 0 0 0 0 46 0 153
356 20 0 0 0 1 0 0 0 10 27 25 3 32 1 1 0 0 0 0 9 19 0 148
357 14 0 0 0 0 0 6 25 0 11 28 16 16 9 0 0 0 0 0 1 0 0 126
358 35 1 0 0 0 4 0 1 9 71 6 60 30 0 0 0 0 12 0 0 0 0 229
359 0 31 0 0 1 8 1 3 0 0 2 1 0 0 48 0 0 0 0 21 23 0 139
360 0 24 0 0 0 1 0 79 1 24 2 0 1 0 0 0 0 0 0 0 33 0 165
361 9 39 0 0 0 0 0 19 7 1 1 61 24 0 29 0 0 0 0 0 13 0 203
362 1 6 0 1 0 1 7 1 14 64 25 30 0 1 1 0 0 1 0 1 1 0 155
363 0 0 0 11 0 0 27 1 73 34 2 22 0 9 10 0 0 14 0 0 11 0 214
364 3 0 0 0 13 0 1 20 0 1 24 0 0 0 38 0 16 0 0 0 16 0 132
365 4 0 0 0 0 0 18 43 8 29 17 0 0 17 61 0 0 0 0 0 1 0 198
366 52 0 1 0 0 0 1 0 2 25 1 4 18 10 41 0 12 0 0 0 12 0 179
367 0 2 0 14 0 0 27 1 2 35 2 0 0 0 1 0 0 0 0 12 41 0 137
368 10 37 0 2 0 0 0 0 11 23 17 5 2 0 0 0 0 0 0 0 14 0 121
369 11 28 0 1 0 0 77 1 1 1 3 2 33 0 4 0 0 35 0 2 1 0 200
370 18 11 0 11 0 0 0 8 1 29 6 1 2 0 1 1 0 22 13 1 46 0 171
371 11 0 0 0 0 13 1 26 9 10 34 14 0 15 0 17 13 1 0 0 13 0 177
372 1 0 0 0 0 0 1 2 0 6 19 20 2 16 1 5 0 0 0 6 0 0 79
373 0 0 1 0 0 0 1 47 1 1 30 0 0 0 4 0 0 0 0 0 1 0 86
374 0 0 0 0 0 0 9 50 5 15 28 0 23 0 2 0 1 1 0 0 23 0 157
375 0 0 0 0 0 0 22 22 0 1 0 0 15 0 10 0 0 0 15 0 54 0 139
376 17 0 0 0 0 34 0 3 10 17 67 1 0 0 28 0 26 0 1 0 29 0 233
377 1 20 0 0 0 8 0 28 8 1 11 0 15 13 81 0 0 0 3 7 16 0 212
378 0 25 0 0 1 0 0 44 0 2 22 0 47 1 0 0 0 2 0 9 27 0 180
379 22 1 0 8 0 43 4 16 33 22 14 14 5 24 0 0 0 1 1 0 1 0 209
380 11 1 0 0 0 0 1 18 2 1 2 35 9 1 37 0 0 17 0 0 1 0 136
381 0 0 0 1 0 1 2 0 53 20 20 18 1 14 13 0 0 19 1 0 8 0 171
382 0 0 0 0 0 1 11 0 46 11 1 2 2 14 1 0 0 0 0 1 1 0 91
383 0 0 0 0 9 0 24 33 1 18 15 0 9 1 0 1 11 0 0 0 0 0 122
384 20 0 0 1 0 1 14 38 28 2 0 39 9 1 0 0 0 0 1 0 18 0 172
385 0 38 0 0 0 0 45 14 20 5 18 25 11 11 0 0 2 6 0 0 2 0 197
386 0 26 0 0 0 1 0 7 40 17 16 2 8 0 0 0 0 0 0 0 14 0 131
387 8 4 0 0 0 0 15 21 17 39 48 37 1 0 21 0 0 0 0 0 1 0 212
388 0 0 0 0 0 1 0 12 16 0 0 0 1 0 6 0 0 0 0 1 0 0 37
389 11 0 2 0 0 1 0 35 0 10 2 0 27 0 20 0 0 0 4 0 12 0 124
390 0 0 1 0 12 0 1 31 3 28 17 0 0 0 32 0 7 13 1 1 74 0 221
391 1 0 0 0 0 0 7 30 1 14 1 0 0 0 78 12 0 1 0 0 25 0 170
392 1 0 0 0 0 21 1 1 7 19 29 1 0 9 0 0 0 0 4 0 47 0 140
393 0 0 0 0 0 1 2 1 41 13 28 17 0 0 22 9 0 0 1 1 2 0 138
394 0 0 0 0 0 0 0 8 12 1 23 0 0 0 1 1 14 0 10 1 16 0 87
395 0 0 0 0 0 0 6 4 3 15 2 0 14 2 11 0 13 0 2 0 13 0 85
396 0 0 12 0 1 1 3 26 26 1 37 0 9 6 14 1 0 1 0 13 9 0 160
397 0 0 0 0 0 1 22 18 1 0 12 1 0 13 18 12 0 19 1 0 14 0 132
398 0 0 0 0 0 30 6 24 2 8 10 1 0 0 1 0 1 23 10 2 36 0 154
399 14 0 0 28 0 0 7 11 4 12 1 43 24 32 21 0 0 0 0 1 0 0 198
400 1 12 0 0 0 28 19 0 2 1 31 32 1 1 55 0 0 10 2 0 0 0 195
401 1 0 0 0 0 0 0 2 26 37 0 2 18 2 0 0 0 10 0 0 16 0 114
402 15 0 1 0 0 0 0 3 1 2 35 1 25 0 0 0 0 0 0 10 15 0 108
403 28 0 0 1 0 5 0 29 12 41 0 6 0 0 0 12 0 4 0 0 0 0 138
404 0 2 1 0 0 0 5 60 0 19 21 26 0 0 7 0 0 8 0 1 0 0 150
405 0 0 0 20 0 9 0 29 33 5 35 0 0 2 0 0 13 0 0 12 4 0 162
406 0 27 8 0 0 0 0 1 0 13 1 0 0 0 24 0 0 0 0 0 9 0 83
407 0 13 0 0 0 4 1 0 27 1 6 0 1 8 2 0 0 0 0 0 0 0 63
408 0 0 4 0 1 1 13 20 0 2 0 0 0 18 0 0 0 1 0 10 35 0 105
409 0 9 0 0 0 2 16 1 1 39 0 0 0 1 3 0 0 0 0 0 71 0 143
410 6 7 0 0 0 0 2 13 0 7 30 1 0 0 16 0 1 0 0 1 32 0 116
411 1 17 0 0 0 0 22 20 9 5 0 10 34 0 3 0 11 17 0 0 42 0 191
412 0 0 0 0 70 1 5 3 11 0 7 18 0 0 18 0 3 0 1 0 21 0 158
413 14 2 2 1 0 0 28 2 0 19 7 25 0 1 13 0 1 1 1 0 42 0 159
414 7 18 9 1 24 1 0 7 0 22 0 9 1 0 18 0 0 6 0 5 26 0 154
415 0 17 0 0 0 0 7 79 0 0 13 53 0 1 40 0 0 0 0 23 0 0 233
416 16 9 0 1 0 22 1 8 10 0 13 58 24 0 0 0 0 29 0 0 1 0 192
417 0 12 0 35 0 15 0 8 0 1 2 1 7 0 0 0 0 9 0 2 1 0 93
418 1 0 15 24 12 0 12 0 5 0 0 31 24 20 26 1 0 0 1 0 0 0 172
419 0 0 21 0 0 0 0 0 2 0 3 2 14 22 0 0 0 0 0 0 0 0 64
420 0 1 0 29 7 0 0 0 5 0 0 1 50 17 0 0 1 1 0 0 1 0 113
421 0 5 10 68 0 1 27 63 2 9 15 41 0 0 12 0 0 0 0 1 1 0 255
422 10 0 9 0 0 0 0 0 3 19 32 0 0 0 71 0 0 0 9 0 1 0 154
423 11 0 0 0 0 6 2 0 1 0 4 1 0 1 11 0 4 0 0 0 56 0 97
424 22 0 0 0 0 0 1 0 1 59 6 0 0 0 6 0 1 0 1 0 49 0 146
425 0 12 0 0 1 0 0 0 0 29 16 0 0 0 6 0 0 0 0 2 53 0 119
426 0 0 0 0 0 10 20 18 1 10 8 0 2 0 0 0 1 0 29 1 25 0 125
427 0 6 0 0 0 1 0 0 0 0 0 43 1 0 42 0 0 0 0 0 0 0 93
428 0 34 2 0 1 0 18 2 2 1 69 93 4 1 14 0 0 1 0 0 0 0 242
429 0 11 1 0 0 0 46 2 35 0 15 25 0 0 6 0 0 0 0 0 1 0 142
430 0 0 0 0 0 2 17 0 9 0 7 0 12 0 10 14 0 0 0 0 17 0 88
431 0 23 0 0 0 11 1 1 16 6 2 1 1 13 19 0 22 11 0 0 25 0 152
432 6 1 0 0 0 13 0 0 1 0 17 0 33 11 83 0 0 14 0 0 2 0 181
433 0 3 0 0 0 0 3 3 8 46 9 0 1 15 55 0 0 0 0 0 25 0 168
434 30 1 0 0 0 2 0 21 5 11 32 0 17 17 22 0 0 0 0 0 10 0 168
435 0 0 0 0 0 0 27 94 0 1 0 0 1 0 12 0 0 19 0 1 0 0 155
436 0 11 0 0 0 1 1 37 53 18 0 0 14 3 16 22 0 0 0 1 23 0 200
437 0 0 0 0 0 14 1 1 20 25 0 0 0 0 0 0 1 0 0 0 1 0 63
438 0 0 0 0 0 0 0 1 2 29 3 0 0 0 0 0 1 0 0 0 2 0 38
439 1 3 5 0 0 0 13 0 27 47 2 42 0 12 0 0 0 0 8 12 20 0 192
440 0 1 0 0 0 0 17 1 43 0 13 42 12 1 0 0 1 0 0 0 13 0 144
441 1 10 0 0 0 23 0 49 28 0 7 6 0 1 15 0 0 0 0 0 57 0 197
442 2 1 0 14 11 0 0 3 6 4 1 30 13 16 0 0 0 0 0 0 42 0 143
443 46 6 1 0 13 0 11 1 7 19 20 1 1 0 26 0 5 0 0 1 34 0 192
444 1 2 0 0 1 1 8 46 19 0 0 0 20 0 41 0 0 1 1 1 38 0 180
445 6 0 0 0 0 12 14 14 20 0 39 0 7 15 9 0 0 19 1 0 25 0 181
446 14 1 0 28 0 0 18 36 20 0 19 0 12 0 11 0 8 28 19 18 20 0 252
447 9 1 15 0 14 0 1 21 0 53 33 1 1 0 23 0 0 0 0 0 8 0 180
448 0 0 22 13 0 0 0 17 7 3 1 10 22 0 3 1 0 0 0 0 13 0 112
449 5 10 0 0 0 0 1 14 13 22 1 0 21 1 20 0 25 0 0 0 22 0 155
450 0 27 1 1 1 19 15 0 11 26 25 0 0 1 9 0 0 1 0 0 0 0 137
451 0 2 0 1 0 11 8 0 19 11 0 2 0 0 1 1 0 0 0 0 1 0 57
452 10 3 2 1 10 0 10 0 1 30 0 72 1 0 8 0 0 0 0 6 10 0 164
453 0 21 0 12 0 0 13 1 1 31 0 22 1 0 14 0 0 0 0 0 11 0 127
454 0 7 8 0 0 1 0 11 32 18 0 8 0 26 32 0 0 0 0 14 14 0 171
455 0 1 0 1 20 2 9 5 1 1 0 2 1 0 2 1 0 0 0 0 2 0 48
456 0 0 0 0 20 1 1 13 17 0 1 58 2 0 9 1 0 0 0 0 71 0 194
457 0 4 0 19 5 0 0 33 1 30 0 35 1 0 18 0 0 0 0 5 50 0 201
458 17 0 0 5 0 0 0 40 39 51 0 0 42 23 7 0 0 0 0 27 27 0 278
459 1 0 0 0 24 0 0 31 12 0 0 18 11 0 15 0 0 15 0 12 26 0 165
460 0 0 1 1 0 6 0 60 1 7 38 0 1 7 0 0 0 1 2 0 35 0 160
461 0 1 0 30 18 0 0 0 22 0 47 0 16 0 0 0 20 0 0 0 36 0 190
462 0 0 0 1 1 0 6 1 28 0 0 23 1 11 0 0 1 0 0 1 14 0 88
463 0 0 1 11 0 1 14 0 41 18 0 1 16 0 0 0 0 18 0 0 21 0 142
464 1 0 0 29 0 20 12 0 0 0 7 1 18 0 1 0 44 0 0 7 0 0 140
465 0 0 0 3 0 0 6 0 0 31 1 14 0 18 1 0 0 0 0 1 10 0 85
466 0 0 0 0 0 0 2 2 0 33 24 34 2 0 0 0 6 0 0 0 0 0 103
467 0 0 0 0 0 7 0 0 0 0 12 8 19 0 13 0 19 27 0 9 1 0 115
468 0 0 0 0 1 0 0 14 36 7 1 0 32 0 46 0 0 19 9 0 1 0 166
469 17 0 1 0 2 11 2 70 70 0 19 0 65 4 1 0 0 1 0 0 9 0 272
470 38 16 1 0 24 0 0 39 29 1 0 0 0 0 12 0 0 2 0 0 8 0 170
471 0 0 2 0 16 1 41 0 13 12 0 9 2 18 1 0 0 0 0 13 1 0 129
472 0 14 0 1 0 12 22 108 6 0 0 13 0 1 29 0 0 0 0 8 14 0 228
473 0 2 1 0 0 12 4 22 1 1 8 4 0 0 3 0 0 31 0 0 1 0 90
474 0 0 0 7 0 0 16 32 22 40 0 29 0 0 29 0 0 1 22 0 13 0 211
475 0 1 1 11 0 8 5 3 2 2 41 29 0 10 9 0 0 0 0 0 0 0 122
476 0 13 13 16 0 0 30 0 36 19 0 2 0 26 1 0 0 0 1 0 0 0 157
477 47 0 12 1 58 0 1 15 14 32 1 26 0 0 22 9 9 8 0 0 0 0 255
478 1 10 0 0 20 0 1 45 12 10 8 0 23 5 30 0 0 0 0 0 18 0 183
479 25 15 1 22 0 0 54 2 15 16 50 18 26 0 13 1 0 1 0 0 0 0 259
480 0 16 2 30 1 6 1 2 25 0 19 0 40 0 42 0 0 0 0 0 1 0 185
481 20 9 0 29 0 8 12 33 19 16 10 14 29 5 1 0 6 0 0 0 4 0 215
482 0 19 1 0 0 0 6 10 9 8 0 0 0 0 13 0 13 13 10 0 39 0 141
483 0 19 0 36 0 0 0 4 3 46 1 0 1 1 9 0 0 0 10 1 38 0 169
484 0 0 0 0 0 7 17 2 16 2 25 7 0 24 18 0 1 4 0 0 44 0 167
485 0 2 0 0 1 0 22 0 56 2 1 0 16 1 26 0 1 1 0 0 89 0 218
486 13 5 1 0 0 10 0 12 10 1 1 51 0 7 8 0 9 2 0 20 11 0 161
487 0 8 0 0 0 1 51 15 25 0 0 41 0 0 0 0 0 23 2 0 25 0 191
488 0 24 7 0 2 0 1 0 8 14 0 9 0 10 0 0 0 0 0 1 0 0 76
489 0 0 0 0 30 0 2 0 4 41 0 24 10 0 0 1 0 9 0 10 13 0 144
490 1 0 0 0 1 1 0 0 22 72 38 2 20 0 0 0 0 0 0 0 0 0 157
491 0 0 0 0 0 2 0 0 25 2 0 37 10 0 1 0 0 2 0 6 1 0 86
492 0 0 1 18 1 0 31 0 11 0 17 0 1 1 0 0 1 0 0 2 0 0 84
493 0 0 0 1 0 0 0 2 10 1 1 2 0 10 31 0 0 1 0 11 1 0 71
494 16 0 0 9 0 0 1 17 2 1 16 0 15 1 0 0 0 2 0 0 1 0 81
495 0 1 8 21 0 7 0 37 1 9 20 0 0 23 3 0 0 5 0 1 14 0 150
496 0 0 1 0 0 17 0 41 10 15 0 1 57 20 59 0 0 0 0 0 10 0 231
497 32 0 0 0 1 0 1 4 5 32 0 16 0 1 1 0 60 41 0 5 13 0 212
498 0 1 0 13 8 0 0 18 0 29 0 1 0 1 52 0 0 2 0 0 31 0 156
499 0 0 0 0 1 0 10 22 4 1 0 10 0 0 10 0 1 0 0 0 38 0 