0 249 440 33 85 145 2 22 395 174 286 362 284 571 560 20 169 241 556 61 176 2198 438 
1 247 444 32 83 142 2 24 395 174 298 353 277 572 534 28 166 240 544 62 167 2209 441 
2 245 454 31 84 142 2 25 390 168 307 355 275 598 499 25 166 246 536 61 173 2241 450 
3 244 464 29 83 141 2 24 406 149 312 355 280 597 497 27 164 261 519 60 185 2249 450 
4 237 476 31 85 145 2 23 414 150 315 354 287 612 470 27 161 264 510 61 188 2252 461 
5 243 474 32 87 145 2 23 422 147 323 362 289 621 457 27 164 281 494 65 205 2253 465 
6 253 457 33 88 144 13 23 418 147 329 376 296 621 449 28 166 295 481 76 226 2235 465 
7 255 417 75 87 149 13 22 423 150 342 374 304 632 444 29 163 301 461 79 231 2240 458 
8 258 423 78 87 144 13 23 429 145 353 374 314 638 427 31 167 302 454 84 237 2257 451 
9 262 428 77 87 140 14 25 435 133 368 375 321 646 434 32 166 309 435 111 229 2262 449 
10 267 429 81 89 142 13 26 433 128 386 367 323 645 441 33 172 314 428 115 252 2242 430 
11 272 430 83 91 144 14 25 421 124 392 370 327 655 443 31 172 332 415 127 264 2256 432 
12 275 438 86 88 150 14 23 425 118 397 371 317 664 441 32 170 352 399 131 292 2265 444 
13 272 431 88 90 152 15 24 419 118 400 376 292 683 447 30 169 353 398 133 300 2270 445 
14 271 430 89 88 156 15 22 423 114 421 356 311 697 456 28 166 354 398 136 341 2231 459 
15 279 434 91 87 153 15 21 426 115 426 351 320 696 455 27 171 359 395 139 325 2250 467 
16 288 435 93 88 154 16 22 416 115 423 346 318 701 444 26 168 365 398 142 335 2276 470 
17 290 441 92 91 154 15 22 424 130 407 328 320 700 454 27 175 361 398 144 335 2302 473 
18 292 447 95 91 149 15 23 432 131 417 332 312 692 461 25 171 355 398 144 334 2327 489 
19 293 450 98 91 149 15 23 442 131 421 330 306 706 467 24 172 358 400 142 333 2342 488 
20 292 448 105 82 151 13 21 445 137 417 328 310 724 468 24 176 376 397 139 324 2344 495 
21 283 439 107 81 157 13 18 446 136 422 327 313 720 474 24 182 387 393 135 353 2336 499 
22 281 441 108 81 159 13 15 453 135 435 351 290 721 479 25 182 393 387 148 360 2364 508 
23 277 438 119 82 149 25 15 466 128 472 335 300 721 478 28 183 390 382 146 355 2369 483 
24 288 429 115 77 150 25 14 471 135 482 329 304 725 492 31 184 397 378 156 381 2376 486 
25 286 429 119 79 151 25 12 476 133 485 334 299 730 488 29 185 401 385 165 378 2414 489 
26 290 436 123 76 154 26 13 482 132 492 341 302 739 487 31 183 382 384 186 395 2374 499 
27 297 422 121 77 151 25 13 467 145 494 348 331 714 486 30 181 381 395 183 430 2281 510 
28 295 438 119 76 153 26 13 468 155 481 343 332 717 500 33 175 393 405 176 508 2171 517 
29 303 442 121 77 152 26 13 477 156 486 344 336 732 492 36 175 382 402 184 544 2082 520 
30 308 445 120 77 159 26 12 464 155 496 348 334 749 482 33 174 383 400 184 564 2101 535 
31 312 450 122 76 162 28 13 456 148 499 354 338 779 457 34 176 382 396 187 575 2140 545 
32 310 454 123 78 165 29 13 459 148 511 351 340 792 444 35 171 376 402 198 575 2168 543 
33 303 459 145 56 162 29 13 453 151 527 358 343 807 431 35 170 378 409 201 576 2173 544 
34 299 466 146 57 166 46 13 456 156 526 349 345 808 463 33 171 386 412 200 590 2217 526 
35 304 481 150 56 173 47 12 466 156 524 353 351 811 474 35 171 393 412 198 632 2195 532 
36 303 472 149 51 175 53 12 475 158 538 358 355 800 496 35 159 410 412 202 629 2209 527 
37 300 463 153 46 174 53 12 493 157 557 355 366 807 500 36 155 415 410 199 648 2226 516 
38 321 409 184 43 167 55 13 494 166 591 354 369 813 481 36 163 423 402 218 655 2256 485 
39 325 409 186 45 170 55 14 503 171 619 358 364 823 477 34 164 421 377 251 666 2275 454 
40 334 405 187 59 158 60 14 507 174 658 369 363 831 445 34 160 423 381 245 680 2282 440 
41 333 404 191 57 155 65 15 508 174 667 367 354 854 420 34 169 426 379 246 699 2288 452 
42 333 402 190 57 161 66 15 520 173 679 365 359 867 433 34 171 399 395 248 733 2278 454 
43 333 409 194 55 162 71 15 522 166 679 367 343 882 437 47 165 366 427 245 735 2294 460 
44 335 425 185 56 162 70 15 528 171 700 367 344 897 434 49 165 355 441 237 735 2302 464 
45 342 416 187 53 159 72 17 528 169 688 362 340 898 432 48 149 382 448 238 762 2313 482 
46 353 417 190 56 161 75 17 527 173 694 358 339 869 422 68 150 375 451 238 776 2315 491 
47 365 409 195 59 160 72 18 508 201 703 352 335 847 449 67 149 378 453 236 785 2332 498 
48 356 410 193 59 159 73 18 510 218 729 349 333 814 466 65 155 378 446 226 799 2342 484 
49 354 416 193 59 164 74 19 495 207 772 346 342 801 478 66 154 392 445 225 809 2358 496 
50 368 416 201 58 188 54 19 496 253 738 339 347 788 484 60 158 399 444 228 830 2377 499 
51 356 413 205 59 194 53 19 503 254 738 344 358 795 488 58 159 392 441 233 889 2308 501 
52 343 424 207 57 199 48 20 504 250 726 363 375 807 491 58 160 412 422 237 901 2314 507 
53 348 426 201 55 203 43 22 505 286 707 369 370 805 489 62 153 412 412 233 947 2234 515 
54 341 434 200 57 210 43 23 509 283 707 372 366 831 480 64 150 415 399 236 957 2180 524 
55 343 431 196 76 188 42 23 503 282 711 372 364 838 484 64 149 408 418 228 960 2140 533 
56 338 437 198 78 187 42 21 505 316 724 376 354 857 498 70 154 406 432 239 1014 2053 508 
57 340 442 201 78 194 42 21 504 373 733 382 357 875 477 69 156 418 437 269 996 2049 426 
58 346 415 233 81 194 42 21 506 382 729 382 354 869 490 68 156 419 441 281 993 2049 423 
59 346 411 251 80 196 44 20 513 394 712 380 356 879 485 64 166 414 445 277 1011 2046 422 
60 353 417 257 83 198 46 19 512 357 754 368 354 894 479 62 166 413 425 299 1001 2067 420 
61 346 436 264 88 202 48 18 524 359 754 370 352 878 479 56 169 419 437 313 990 2070 420 
62 353 438 268 89 212 52 19 532 410 704 361 355 880 458 54 171 432 430 282 983 2115 431 
63 360 442 252 91 213 53 19 545 414 711 360 356 854 457 65 165 423 445 301 930 2159 433 
64 382 433 248 88 214 57 20 519 493 655 360 356 852 454 63 157 406 481 306 886 2185 444 
65 377 434 250 84 222 58 18 495 522 656 362 366 814 482 64 161 400 453 323 868 2187 454 
66 385 433 248 75 238 57 19 516 522 668 352 380 792 463 66 165 360 465 319 863 2210 466 
67 390 426 250 73 246 60 22 518 515 679 352 386 796 462 69 172 376 456 321 832 2268 477 
68 383 426 248 72 242 63 23 529 509 694 350 390 802 458 72 170 384 442 318 847 2257 486 
69 390 437 243 73 237 67 23 525 515 720 362 395 798 459 75 166 376 437 305 824 2290 493 
70 377 434 257 73 245 67 26 534 525 722 370 389 817 450 75 173 380 438 277 817 2334 501 
71 375 438 256 77 251 66 25 528 485 778 384 380 836 449 75 175 371 436 267 793 2354 524 
72 380 434 260 80 255 67 26 539 481 788 379 394 853 448 76 176 372 437 274 793 2347 515 
73 384 434 254 77 261 66 26 501 550 778 396 387 865 432 75 177 377 425 268 769 2365 475 
74 377 443 260 76 263 70 24 522 554 776 405 390 876 435 75 177 390 418 280 790 2367 454 
75 390 455 259 77 261 68 25 528 555 780 351 457 872 459 79 176 386 436 271 799 2376 453 
76 394 458 262 79 266 71 40 512 610 705 356 451 864 465 95 174 390 412 302 792 2387 453 
77 388 461 264 79 265 71 42 507 625 703 370 443 864 471 94 173 382 405 300 875 2281 460 
78 387 472 254 91 273 70 43 508 632 711 345 476 869 479 95 179 393 394 291 862 2233 476 
79 394 454 272 95 277 73 46 510 644 721 336 478 875 472 99 173 402 397 278 920 2164 471 
80 402 457 276 97 290 72 45 520 598 782 331 488 890 479 97 179 397 407 272 976 2089 483 
81 414 457 279 95 278 68 43 527 531 853 329 525 858 474 99 179 392 422 264 945 2109 493 
82 434 446 282 98 282 66 42 532 534 837 331 548 830 477 97 182 392 425 262 932 2127 513 
83 426 454 276 97 283 61 43 552 568 801 342 554 808 486 101 181 397 428 263 940 2139 526 
84 431 462 276 96 290 66 60 535 633 721 352 574 780 489 114 193 407 436 248 932 2168 511 
85 432 460 277 97 284 70 59 553 628 720 349 570 778 483 115 194 402 431 263 904 2188 499 
86 439 463 274 97 286 72 61 561 629 708 347 590 777 483 112 202 402 437 255 881 2238 480 
87 444 469 268 94 324 47 61 563 597 730 345 596 769 485 114 203 410 430 246 871 2269 486 
88 454 469 273 97 326 48 67 575 581 749 340 604 774 487 114 217 406 433 231 905 2254 475 
89 462 477 271 100 330 48 67 576 600 714 338 612 778 481 110 220 406 454 222 907 2258 487 
90 467 475 250 126 348 50 67 595 608 711 336 604 788 474 108 229 412 441 228 908 2267 485 
91 477 467 247 130 361 49 81 598 604 742 327 605 789 478 108 225 423 437 229 906 2266 495 
92 482 460 252 133 371 45 81 605 599 763 326 613 808 473 107 227 423 419 228 909 2295 507 
93 489 452 265 126 386 48 82 604 645 724 334 613 833 468 110 225 427 416 236 925 2258 508 
94 494 440 280 128 402 47 83 610 651 718 381 613 846 466 111 225 423 401 245 913 2278 466 
95 496 441 284 127 407 46 85 614 662 703 388 616 851 457 110 223 426 408 250 895 2290 467 
96 506 416 293 126 408 46 84 624 636 744 389 614 852 461 113 220 430 416 252 874 2332 455 
97 500 447 298 129 414 43 85 631 638 759 385 621 863 469 117 211 428 426 249 874 2324 450 
98 507 426 316 134 425 43 86 650 624 784 379 612 870 475 115 212 427 430 265 833 2342 463 
99 508 428 326 130 429 45 91 633 628 796 382 610 854 475 131 214 413 440 245 823 2378 472 
100 513 422 343 115 422 42 92 668 595 793 414 609 868 472 130 219 421 437 234 853 2308 486 
101 507 420 325 116 427 56 88 680 588 762 444 612 886 473 135 214 415 445 223 885 2248 492 
102 528 408 330 112 424 61 93 685 582 769 435 624 831 473 139 214 415 450 230 879 2215 497 
103 527 442 304 116 433 66 92 704 611 738 433 647 809 474 140 210 414 441 226 861 2202 507 
104 535 430 303 129 438 56 79 680 669 757 431 666 768 488 145 207 402 440 231 893 2152 524 
105 541 416 303 135 447 58 79 684 693 745 432 679 770 500 148 212 378 434 255 901 2103 539 
106 572 392 307 140 456 58 78 721 703 768 433 682 801 469 146 213 386 422 249 865 2146 495 
107 565 394 306 144 456 55 95 722 694 761 415 726 822 440 145 211 393 432 230 865 2173 487 
108 567 395 309 146 459 57 93 734 652 825 428 731 815 439 143 211 400 414 233 863 2191 468 
109 567 401 363 129 425 60 96 747 632 843 431 759 809 441 148 214 404 408 230 837 2213 476 
110 572 403 372 132 428 53 98 756 622 874 437 746 839 443 150 214 413 391 232 822 2254 483 
111 566 420 370 127 433 56 101 754 619 867 441 761 840 447 154 213 418 395 227 788 2287 490 
112 571 421 377 157 411 56 97 761 620 868 436 756 850 448 159 208 420 397 230 794 2312 501 
113 572 429 358 154 412 54 104 793 619 815 464 752 862 445 163 209 425 397 228 770 2355 514 
114 572 464 359 159 417 54 102 817 612 837 499 764 887 456 162 211 429 412 226 784 2393 461 
115 577 477 360 159 427 55 118 807 641 833 511 787 872 460 163 215 431 418 222 801 2349 456 
116 581 486 352 174 416 53 119 829 632 812 514 789 849 468 175 216 419 413 227 883 2266 457 
117 588 479 346 179 425 51 118 868 604 800 522 803 834 468 177 220 415 412 219 894 2202 460 
118 585 477 336 183 434 49 114 874 660 747 516 807 844 457 190 205 402 426 214 923 2118 461 
119 590 484 341 176 433 49 122 860 671 768 519 806 831 465 194 208 382 428 216 913 2130 476 
120 596 480 345 175 434 47 125 907 645 768 536 852 761 462 194 211 386 439 213 947 2134 499 
121 597 490 348 173 437 47 127 946 632 780 541 841 769 471 187 216 384 451 222 944 2135 495 
122 607 490 343 178 439 50 128 964 636 795 558 857 787 471 187 221 388 453 228 922 2177 499 
123 615 492 344 173 447 49 129 953 641 792 590 866 791 489 192 218 390 446 240 941 2160 511 
124 650 435 362 170 450 52 134 925 683 814 588 889 806 485 186 213 402 424 241 925 2199 509 
125 678 440 367 140 477 54 166 897 683 831 586 893 837 474 185 209 403 422 240 894 2223 515 
126 682 455 348 138 476 58 204 829 706 848 590 903 819 471 191 213 391 411 256 880 2242 512 
127 670 473 332 138 485 58 206 766 742 826 608 929 824 477 190 216 409 390 244 907 2236 518 
128 662 466 305 143 492 79 201 783 742 839 619 921 846 476 191 209 416 389 238 907 2265 524 
129 632 487 306 138 516 72 204 798 720 832 637 925 859 470 196 207 407 379 253 867 2309 533 
130 588 498 302 139 528 77 227 803 700 792 662 944 867 475 197 215 407 380 254 866 2338 549 
131 606 499 309 142 544 78 238 837 656 768 679 932 873 475 204 230 413 395 240 861 2330 546 
132 601 486 311 145 550 82 239 857 671 766 693 927 879 485 202 232 423 374 247 849 2328 546 
133 610 478 322 145 546 79 242 933 630 772 706 940 903 490 198 225 422 392 235 856 2342 516 
134 602 488 322 147 548 78 247 945 600 792 718 923 925 504 196 209 429 397 238 832 2393 505 
135 601 474 327 144 545 82 252 975 611 768 744 923 888 503 196 209 390 414 261 911 2258 490 
136 607 462 349 137 549 79 258 1002 579 781 762 919 900 488 200 208 385 411 269 937 2198 468 
137 624 449 337 142 565 79 277 1013 587 773 762 929 901 500 204 209 373 424 258 927 2181 460 
138 618 440 341 140 565 86 258 1059 562 790 753 960 871 484 202 207 373 429 254 1008 2077 479 
139 624 428 345 128 582 84 261 1069 549 763 785 952 866 464 201 214 386 442 244 999 2088 493 
140 632 443 345 132 576 87 263 1079 535 771 805 938 829 461 194 210 396 441 243 968 2098 500 
141 655 452 338 139 585 92 267 1094 562 737 828 907 808 472 186 211 395 443 232 950 2102 506 
142 673 458 327 142 586 92 271 1116 560 751 841 883 788 471 194 215 390 442 224 950 2128 508 
143 680 459 323 146 589 99 274 1143 548 765 855 822 858 467 198 214 393 447 225 942 2152 512 
144 668 467 323 146 593 96 317 1118 528 800 868 840 902 434 198 221 406 453 227 914 2181 517 
145 620 518 314 149 597 94 329 1099 537 795 864 864 890 433 203 213 410 438 240 928 2169 532 
146 609 528 310 152 602 96 363 1104 521 808 781 981 878 432 207 206 408 448 246 945 2169 502 
147 609 524 308 150 602 94 365 1077 557 869 714 1034 842 442 203 197 411 432 244 936 2216 483 
148 622 501 376 149 536 136 409 1053 558 824 751 1072 807 451 200 199 419 404 257 929 2230 479 
149 624 469 379 152 534 137 421 1048 564 797 783 1099 803 450 197 203 423 396 250 915 2240 472 
150 627 466 375 151 549 148 441 1019 562 795 781 1103 797 460 189 196 434 390 247 903 2288 482 
151 638 435 393 154 544 154 416 1075 542 729 832 1117 808 468 192 196 428 391 246 871 2294 494 
152 637 414 390 157 554 157 411 1017 603 730 861 1166 741 468 220 198 402 422 251 857 2304 509 
153 630 414 383 161 562 156 430 975 626 707 903 1091 777 473 231 203 390 429 248 881 2291 517 
154 645 415 386 170 566 164 407 1018 622 737 948 1093 760 474 228 202 382 437 249 859 2313 488 
155 662 418 372 163 578 160 414 1063 615 766 930 1105 757 485 237 182 377 440 256 860 2317 468 
156 676 419 371 163 584 162 409 1085 603 774 1018 1010 765 486 243 182 392 442 259 859 2330 463 
157 675 426 367 165 569 183 402 1113 605 818 1020 985 773 496 244 186 386 447 257 820 2371 396 
158 674 425 369 165 563 189 422 1106 597 843 995 1030 796 456 251 198 406 439 234 817 2383 400 
159 675 437 358 157 567 193 465 1072 599 856 997 1058 802 426 251 204 411 447 234 827 2325 401 
160 674 438 360 155 578 194 478 1052 583 862 982 1077 794 430 252 202 419 449 238 870 2226 402 
161 683 452 389 155 573 202 459 1052 593 914 897 1195 799 430 230 206 413 426 242 889 2173 420 
162 662 486 371 150 570 210 461 1032 609 920 891 1193 801 440 225 205 415 415 236 940 2071 429 
163 579 537 354 156 570 218 457 983 652 911 871 1202 809 443 220 204 418 387 258 955 2084 442 
164 577 525 360 158 613 182 436 1008 645 907 850 1244 815 451 221 199 430 399 243 921 2150 447 
165 601 498 347 158 625 176 436 1063 613 909 836 1253 811 458 224 203 421 400 244 910 2173 462 
166 602 503 334 161 650 173 433 1075 663 875 833 1271 809 459 239 196 404 407 259 883 2214 464 
167 589 501 331 161 648 172 456 1102 651 893 845 1238 800 468 250 198 398 410 264 861 2244 447 
168 605 495 335 161 655 169 479 1108 638 893 814 1225 808 465 247 201 370 432 262 864 2255 445 
169 604 481 350 170 649 171 452 1176 620 894 786 1219 841 436 257 197 373 430 270 829 2299 452 
170 629 476 343 172 669 174 443 1177 635 813 803 1232 835 449 250 197 390 417 264 827 2323 464 
171 652 463 352 170 681 179 457 1160 644 797 772 1171 902 438 251 198 401 422 260 778 2364 465 
172 653 461 356 168 677 183 409 1218 647 788 745 1172 916 438 245 198 405 422 265 806 2371 473 
173 659 452 369 171 675 183 398 1219 605 805 786 1116 934 445 246 199 409 424 263 817 2386 483 
174 669 439 370 181 668 187 383 1190 653 767 814 1108 936 451 252 207 409 435 254 892 2313 485 
175 675 424 386 175 657 218 378 1170 688 743 850 1092 958 449 250 202 416 447 232 933 2233 507 
176 686 421 378 180 649 217 389 1158 676 783 880 1090 931 455 255 204 419 459 233 977 2154 510 
177 680 418 357 192 661 227 403 1134 705 800 918 1033 938 439 257 189 424 460 238 961 2141 514 
178 665 428 342 197 660 226 446 1062 723 844 862 1020 954 443 255 189 419 447 231 974 2082 510 
179 621 444 340 197 674 228 440 1096 656 872 847 1033 947 471 262 199 433 437 229 935 2146 519 
180 589 464 341 188 679 235 432 1084 655 861 868 1039 923 477 284 205 428 426 228 918 2181 516 
181 596 465 341 188 687 231 449 1056 644 864 870 1059 919 483 294 186 438 405 232 895 2241 517 
182 585 477 344 200 697 227 402 1076 685 824 870 1033 926 488 319 184 436 399 245 909 2256 522 
183 588 494 343 194 706 230 406 1073 692 793 874 1034 909 485 323 181 421 403 244 879 2269 517 
184 605 473 350 198 714 227 422 1040 632 830 869 1044 893 492 329 183 384 439 249 877 2306 528 
185 645 435 350 201 709 217 437 1079 590 783 887 1067 880 503 337 182 385 450 239 877 2324 520 
186 681 403 362 201 733 176 449 1080 589 777 870 1081 856 479 381 178 373 436 259 828 2395 509 
187 663 420 382 185 740 182 431 1123 596 799 845 1092 863 475 388 180 374 426 255 898 2300 513 
188 659 426 380 185 751 182 425 1162 585 816 839 1105 888 453 373 170 384 418 268 922 2246 499 
189 619 462 368 210 716 192 436 1187 593 805 813 1114 912 450 374 168 400 396 262 894 2213 469 
190 613 474 366 262 683 200 443 1211 576 819 818 1123 910 446 379 158 394 404 258 837 2223 479 
191 602 478 370 272 676 207 435 1241 575 783 793 1159 931 416 383 163 400 403 263 813 2199 484 
192 619 457 363 284 683 213 410 1273 580 780 800 1169 928 422 380 165 354 407 303 882 2103 475 
193 635 446 345 285 685 225 443 1253 583 803 830 1154 924 426 378 165 362 418 297 860 2127 475 
194 660 424 345 294 692 225 447 1286 562 808 828 1114 936 430 373 167 373 429 285 827 2156 466 
195 675 428 354 292 705 226 432 1301 555 790 833 1142 953 430 379 162 379 432 286 840 2169 475 
196 668 442 371 275 690 234 415 1290 561 801 831 1101 975 434 398 162 382 451 271 818 2187 488 
197 675 441 382 280 695 232 421 1208 613 825 824 1095 958 431 414 164 389 441 259 814 2219 485 
198 680 435 385 267 702 233 453 1159 608 811 824 1056 940 449 421 160 394 432 246 787 2276 486 
199 670 442 377 283 687 237 472 1109 609 771 817 1016 902 460 450 163 404 423 249 757 2307 498 
200 657 480 358 301 664 263 457 1127 594 771 792 1024 873 469 478 167 405 421 244 781 2300 505 
201 625 489 352 296 688 258 421 1118 634 754 800 987 832 475 504 182 399 402 228 788 2337 513 
202 621 465 343 304 702 263 438 1073 645 752 788 1010 836 481 504 184 399 413 233 799 2341 508 
203 594 480 331 298 716 273 428 1083 637 706 774 1037 864 483 518 184 394 431 227 810 2392 510 
204 601 480 289 297 737 311 425 1104 637 728 756 1060 873 495 524 191 391 432 219 831 2336 514 
205 643 457 293 308 751 306 433 1127 638 752 799 1076 882 488 537 191 394 430 212 869 2306 494 
206 665 415 305 310 770 301 403 1171 640 764 819 1108 874 489 536 179 395 449 223 859 2253 494 
207 680 426 302 318 816 293 404 1201 594 805 831 1123 876 488 544 177 395 438 224 916 2170 497 
208 682 427 300 320 825 287 403 1206 586 820 850 1132 886 491 545 184 389 424 233 918 2146 498 
209 663 432 305 317 816 290 402 1243 544 847 870 1139 913 475 552 184 393 414 236 929 2096 490 
210 635 442 303 343 748 343 401 1214 558 844 883 1159 954 423 557 187 388 391 260 893 2119 491 
211 629 445 304 376 655 398 389 1141 622 829 877 1190 932 434 578 191 382 400 250 894 2129 494 
212 638 430 307 373 635 412 372 1155 599 830 889 1212 902 431 602 197 382 397 244 853 2158 508 
213 635 432 308 384 649 434 401 1080 620 806 912 1233 886 435 615 202 383 398 244 846 2175 518 
214 626 432 304 385 666 416 417 1051 633 796 893 1272 833 446 654 205 385 402 237 835 2189 525 
215 617 446 301 390 702 419 418 1007 668 743 953 1236 818 452 649 209 356 394 272 828 2220 504 
216 603 469 302 398 755 364 419 1027 666 760 937 1221 836 439 658 195 372 406 255 829 2239 487 
217 591 491 307 399 783 350 418 1058 665 775 952 1134 890 437 677 191 381 402 255 830 2253 447 
218 616 470 314 404 812 349 412 1076 662 763 926 1121 903 441 687 212 381 402 251 798 2291 450 
219 611 476 328 407 815 353 423 1134 639 758 860 1119 904 437 761 201 389 406 249 770 2298 448 
220 631 451 316 382 813 379 419 1115 649 769 830 1124 919 434 796 205 394 402 236 783 2316 450 
221 649 423 329 379 804 371 412 1094 661 780 824 1121 936 434 829 207 386 403 231 812 2349 463 
222 660 415 334 387 766 369 399 1090 646 806 833 1063 940 443 863 213 393 398 225 816 2380 468 
223 667 412 350 364 786 361 378 1100 656 807 836 1071 938 449 866 214 393 395 227 869 2319 471 
224 676 417 350 364 774 351 372 1076 633 866 838 1060 972 443 877 216 396 397 231 884 2283 478 
225 672 441 352 362 761 351 367 1090 642 834 829 1127 912 441 917 209 380 394 249 894 2224 484 
226 665 450 341 371 765 348 320 1124 655 841 768 1151 899 436 939 219 388 404 255 856 2218 486 
227 687 440 336 367 763 348 354 1095 627 858 802 1158 880 429 944 222 385 384 288 873 2152 494 
228 672 448 323 372 739 357 385 1086 630 843 812 1162 872 438 960 230 389 387 278 879 2121 499 
229 674 444 295 375 759 374 379 1073 656 843 818 1170 860 452 987 247 375 388 281 838 2160 507 
230 670 442 314 380 782 345 346 1101 676 811 843 1208 834 450 982 252 386 394 270 830 2196 497 
231 652 468 314 367 772 354 374 1043 698 771 884 1190 812 444 1005 249 402 374 271 832 2234 505 
232 637 472 312 375 775 355 360 1022 731 746 930 1162 813 449 1004 249 402 375 281 802 2269 517 
233 600 510 322 378 732 399 345 1056 725 765 957 1132 844 456 982 250 424 384 261 787 2281 501 
234 610 493 336 400 704 404 336 1078 741 765 970 1106 848 472 1004 253 428 392 254 784 2282 488 
235 623 466 330 416 688 405 334 1087 741 766 959 1100 864 457 1023 260 387 398 272 787 2285 494 
236 631 466 333 423 706 395 353 1093 718 780 919 1082 868 467 1060 267 363 400 270 759 2313 498 
237 591 508 334 439 677 408 350 1117 663 819 920 1085 914 449 1058 264 363 415 267 765 2338 507 
238 594 505 368 448 678 358 337 1112 632 833 923 1108 913 443 1056 264 366 420 269 777 2364 512 
239 609 498 359 402 731 356 322 1122 643 818 909 1145 930 452 1069 267 378 420 267 821 2348 516 
240 600 493 349 401 736 361 365 1047 659 840 863 1162 933 442 1092 262 380 424 272 837 2360 517 
241 607 487 397 394 721 329 372 992 649 866 863 1132 963 435 1107 264 386 430 260 851 2398 494 
242 622 474 394 385 700 328 384 959 655 859 895 1142 938 442 1132 258 386 432 248 916 2307 495 
243 632 469 397 367 709 318 366 918 687 825 893 1177 882 460 1171 252 405 422 242 919 2249 503 
244 633 461 374 399 689 312 346 941 687 824 888 1178 865 470 1195 246 404 429 217 985 2161 501 
245 633 458 358 392 711 306 346 918 703 848 845 1212 849 473 1232 270 431 421 218 962 2104 503 
246 656 447 416 397 623 302 343 936 693 848 871 1230 825 477 1259 298 399 431 235 934 2112 518 
247 635 463 402 416 629 295 330 962 682 846 898 1238 840 481 1240 313 381 427 233 932 2138 523 
248 656 437 397 415 626 307 326 982 695 852 917 1261 856 476 1250 306 388 428 233 900 2178 524 
249 650 433 404 421 624 292 328 1008 727 836 931 1266 866 481 1256 309 396 434 237 877 2216 534 
250 631 450 425 409 604 284 324 1046 729 823 923 1267 885 481 1245 320 401 438 240 872 2239 533 
251 619 449 401 425 605 274 333 1054 736 817 899 1282 859 490 1282 343 399 439 244 848 2274 511 
252 624 424 399 422 608 266 329 1066 759 788 870 1343 857 490 1306 347 398 437 250 824 2312 501 
253 606 442 410 412 606 262 289 1110 764 849 850 1301 874 500 1320 356 406 438 257 826 2343 475 
254 620 442 414 391 633 234 290 1123 750 862 848 1320 889 474 1338 359 402 447 246 820 2368 485 
255 606 448 386 385 637 241 291 1095 813 865 805 1328 889 472 1379 351 395 450 246 856 2349 498 
256 609 460 388 376 647 251 291 1104 778 888 816 1346 921 447 1397 349 396 441 258 831 2410 510 
257 618 467 386 353 684 253 346 1054 792 868 857 1337 881 437 1383 356 395 427 254 836 2384 528 
258 625 468 391 351 692 249 350 1028 792 817 1007 1252 898 439 1339 385 403 402 246 851 2322 515 
259 634 463 404 335 683 245 361 1010 797 814 1053 1218 887 442 1307 390 399 399 250 895 2219 494 
260 632 474 393 335 707 247 358 1005 788 809 999 1210 925 449 1275 396 403 404 251 892 2181 486 
261 627 478 421 334 670 254 345 1006 774 788 1030 1220 898 459 1254 402 412 395 237 961 2096 484 
262 631 455 421 335 678 248 340 1004 776 806 1006 1265 869 460 1220 397 422 407 234 948 2110 482 
263 642 454 428 349 643 289 352 963 769 822 1006 1269 843 468 1234 422 429 412 233 962 2080 484 
264 641 443 430 344 633 292 359 968 822 802 935 1324 808 470 1253 433 441 421 228 922 2135 484 
265 653 433 440 313 660 289 378 954 814 802 926 1363 833 471 1273 433 461 423 223 921 2123 490 
266 663 428 429 314 684 285 382 1019 791 749 910 1376 844 473 1293 440 452 410 242 914 2157 493 
267 650 439 445 316 723 279 373 1026 777 731 934 1320 907 455 1308 451 442 418 245 869 2183 491 
268 643 451 447 315 704 268 366 1063 777 728 928 1302 913 458 1316 446 410 430 269 843 2218 503 
269 646 453 460 314 692 255 340 1097 773 711 927 1267 936 470 1331 443 392 435 271 846 2234 513 
270 657 457 449 318 701 245 334 1104 773 678 899 1302 950 470 1389 453 384 428 272 839 2259 521 
271 661 465 465 332 677 240 331 1109 773 680 904 1385 839 479 1409 478 383 413 290 856 2202 529 
272 674 467 470 341 604 309 332 1138 839 712 866 1472 841 480 1334 486 390 415 280 819 2250 438 
273 683 464 453 338 628 308 338 1182 814 684 948 1417 899 484 1261 484 386 434 283 820 2280 447 
274 660 455 457 351 641 299 337 1247 755 695 979 1443 927 493 1201 484 391 442 279 810 2319 438 
275 642 476 451 357 632 299 331 1280 753 694 972 1433 970 479 1212 501 384 437 278 797 2359 441 
276 625 479 438 367 633 289 320 1278 751 714 927 1389 931 494 1235 504 370 447 280 762 2395 441 
277 598 472 457 364 617 292 306 1288 763 681 937 1380 951 482 1233 508 369 463 279 905 2217 452 
278 588 467 461 364 622 270 386 1184 811 696 923 1342 1028 416 1254 509 370 439 274 939 2139 465 
279 584 460 436 386 608 262 445 1135 830 697 879 1355 1026 410 1271 518 382 439 266 926 2170 459 
280 614 430 429 356 666 258 441 1088 824 734 869 1326 963 455 1294 527 396 433 263 897 2193 464 
281 618 422 440 351 665 244 440 1071 810 747 892 1306 952 453 1317 529 382 457 242 876 2189 468 
282 623 431 438 340 680 239 397 1116 785 762 865 1301 949 461 1304 537 387 457 238 859 2211 474 
283 635 440 390 345 713 236 422 1086 792 773 855 1381 949 464 1202 563 394 428 259 848 2228 484 
284 647 442 397 342 659 273 440 1081 764 765 893 1348 912 498 1224 566 401 416 259 819 2254 496 
285 658 449 427 342 629 228 467 1053 782 732 877 1392 902 507 1194 580 403 408 255 838 2239 500 
286 656 456 404 322 675 207 490 1000 805 726 910 1400 891 521 1235 564 412 387 255 816 2278 500 
287 662 462 423 326 660 200 447 1060 787 697 944 1444 874 526 1247 567 430 384 256 815 2310 505 
288 666 467 417 309 671 206 417 1158 698 756 960 1460 875 507 1257 577 437 380 253 822 2314 513 
289 671 468 412 306 666 203 412 1196 687 784 940 1487 901 465 1270 592 434 382 263 794 2321 532 
290 680 476 397 331 660 179 397 1219 650 801 957 1551 837 458 1270 595 431 386 248 778 2368 538 
291 652 496 430 386 600 163 413 1198 641 818 955 1536 866 437 1257 624 436 401 234 798 2375 537 
292 650 479 449 374 611 156 407 1223 655 801 984 1421 930 440 1287 628 438 388 235 817 2383 528 
293 635 474 452 389 618 163 409 1208 663 794 1020 1375 935 445 1300 618 438 381 233 868 2338 516 
294 620 489 427 417 607 164 347 1256 639 798 1014 1378 1023 462 1233 609 423 417 216 922 2252 525 
295 631 473 409 426 609 160 344 1228 686 760 1006 1327 1030 472 1294 623 424 416 225 961 2161 526 
296 588 517 409 434 615 159 369 1192 714 738 963 1317 1061 459 1354 610 454 409 236 1014 2073 525 
297 589 517 427 416 616 160 365 1189 682 741 971 1289 1072 454 1387 616 464 414 237 997 2115 526 
298 608 496 444 408 637 150 358 1184 697 760 966 1304 1080 459 1366 622 449 421 237 989 2147 521 
299 611 501 452 406 630 152 365 1183 682 747 954 1328 1079 462 1321 649 422 453 242 972 2148 517 
300 587 539 470 394 608 178 359 1163 684 742 975 1392 1092 474 1250 659 400 472 245 952 2137 487 
301 572 536 431 441 576 189 358 1155 663 755 1020 1455 1100 468 1179 658 392 469 245 957 2117 493 
302 587 525 391 436 579 217 409 1071 647 807 1000 1536 1074 473 1165 657 389 464 241 949 2153 486 
303 596 518 434 432 529 221 413 1039 634 817 1010 1541 1044 479 1168 644 397 456 247 943 2167 482 
304 617 517 434 411 531 222 423 1079 586 871 1028 1437 1004 479 1260 639 398 434 242 912 2201 442 
305 631 510 429 408 545 211 429 1079 547 931 978 1454 961 493 1281 658 401 418 250 884 2244 450 
306 638 503 440 392 562 200 413 1062 565 986 936 1432 969 492 1305 642 419 401 252 858 2267 456 
307 646 502 432 390 569 195 402 1060 602 921 938 1389 987 486 1362 635 443 403 238 829 2332 448 
308 648 508 453 386 579 180 400 1067 544 934 970 1362 988 485 1414 609 463 405 221 842 2324 462 
309 641 514 416 412 599 180 386 1071 551 908 962 1305 1021 481 1426 612 419 444 219 834 2350 476 
310 627 511 411 416 614 176 434 1021 542 895 930 1329 1034 488 1429 601 412 446 220 845 2300 488 
311 620 517 408 414 602 171 441 1005 518 895 940 1312 1062 491 1423 563 445 450 219 867 2265 503 
312 628 507 387 403 608 174 440 972 587 851 934 1298 1115 495 1390 579 441 455 227 856 2278 517 
313 628 491 387 394 592 177 437 986 598 869 961 1266 1121 500 1380 584 448 460 235 842 2305 517 
314 674 448 397 410 591 180 440 988 625 855 965 1242 1150 501 1350 589 451 458 228 823 2344 481 
315 679 454 406 432 551 183 451 995 613 855 984 1257 1138 486 1288 599 453 474 228 809 2370 472 
316 687 465 432 401 555 182 481 1003 611 845 949 1279 1150 477 1281 618 465 450 226 797 2377 448 
317 686 465 433 401 536 190 487 1000 632 822 949 1282 1147 465 1260 639 468 425 244 879 2264 447 
318 693 477 416 397 547 201 477 1023 581 859 976 1242 1196 467 1197 647 479 431 245 913 2212 452 
319 665 484 405 380 564 198 464 1056 578 858 966 1267 1192 465 1260 646 475 427 255 902 2179 456 
320 592 546 391 380 569 197 466 1086 555 847 955 1231 1182 462 1299 647 449 424 249 953 2100 461 
321 598 543 377 392 575 193 459 1103 520 894 942 1214 1167 468 1309 654 447 415 244 964 2113 464 
322 602 545 373 392 578 194 469 1101 508 888 930 1202 1182 448 1326 644 417 447 236 955 2119 474 
323 597 548 406 366 551 215 460 1109 530 883 895 1208 1175 450 1347 659 414 455 225 981 2104 473 
324 618 545 390 371 551 235 455 1138 539 867 919 1214 1106 451 1353 622 451 455 223 981 2087 485 
325 620 531 392 359 553 224 505 1044 553 880 897 1225 1061 469 1390 611 456 457 218 977 2131 486 
326 631 523 399 361 554 214 500 1024 549 878 887 1221 1080 468 1378 622 453 464 222 944 2173 499 
327 656 513 426 361 566 185 490 1032 509 879 895 1201 1117 468 1344 579 481 474 238 950 2188 519 
328 649 502 423 332 594 194 504 1026 529 827 892 1236 1105 470 1352 572 487 476 233 975 2197 535 
329 656 487 425 330 607 193 480 1085 529 871 840 1257 1100 475 1343 579 470 464 233 990 2173 525 
330 655 476 438 310 604 194 475 1103 539 855 897 1243 1138 491 1331 580 454 469 239 962 2184 526 
331 660 482 430 309 597 190 462 1138 570 846 930 1245 1186 495 1259 597 443 446 254 922 2206 467 
332 663 493 427 299 586 189 385 1240 547 811 974 1278 1203 499 1247 627 428 430 253 916 2226 453 
333 654 507 405 300 604 200 362 1242 559 828 963 1261 1184 534 1266 629 425 423 254 891 2256 460 
334 654 518 385 325 587 196 366 1224 558 810 980 1275 1226 541 1230 643 423 431 260 874 2286 471 
335 651 525 383 318 590 189 383 1197 605 781 962 1300 1224 586 1227 641 439 453 230 839 2332 478 
336 648 520 384 311 590 180 383 1178 619 772 950 1296 1247 569 1254 654 440 466 223 791 2405 488 
337 660 527 384 306 591 180 401 1116 651 775 926 1309 1270 538 1272 678 453 468 227 789 2325 498 
338 661 533 382 306 593 148 397 1081 662 773 934 1326 1274 506 1303 658 457 472 228 790 2286 509 
339 673 534 387 302 588 149 381 1093 644 714 987 1337 1219 493 1334 646 457 461 234 810 2229 519 
340 694 549 405 264 603 152 400 1051 635 742 989 1300 1206 518 1351 631 467 471 235 828 2174 537 
341 681 570 421 273 578 155 403 1006 651 729 990 1245 1190 509 1377 622 461 476 237 825 2156 529 
342 673 581 414 278 571 159 386 1074 631 701 994 1222 1177 512 1399 615 465 487 236 850 2103 508 
343 661 587 430 272 569 159 384 1092 630 710 1009 1254 1149 530 1411 619 446 485 232 831 2135 512 
344 664 571 454 311 514 157 386 1108 634 713 1050 1254 1161 508 1441 611 465 487 224 818 2181 452 
345 665 548 462 315 516 156 396 1145 606 719 1063 1239 1184 512 1456 596 440 486 270 815 2196 464 
346 659 542 484 324 496 159 431 1046 661 717 1074 1261 1119 547 1503 566 443 469 271 811 2236 476 
347 642 532 465 330 507 176 439 987 710 726 1051 1318 1115 544 1536 582 429 453 275 809 2256 460 
348 665 487 482 339 511 172 432 993 698 743 1045 1400 1098 555 1491 589 430 448 275 807 2274 468 
349 686 488 434 339 523 194 424 1022 639 811 979 1457 1112 556 1453 591 423 446 277 782 2316 478 
350 673 502 425 363 499 199 420 1029 574 871 1009 1510 1112 570 1406 593 436 448 263 740 2353 487 
351 675 516 425 362 497 218 416 1028 549 882 1045 1519 1122 586 1374 579 432 449 260 789 2369 495 
352 697 525 400 369 509 235 396 1078 550 884 1122 1495 1128 555 1307 584 424 441 262 792 2394 504 
353 697 516 382 366 509 253 382 1108 555 950 1087 1514 1104 561 1339 581 415 446 226 847 2321 515 
354 713 521 372 371 511 242 383 1119 556 988 1091 1452 1099 557 1360 603 401 446 222 915 2214 496 
355 719 525 348 370 515 260 366 1157 575 984 1095 1441 1129 554 1380 600 389 450 228 940 2162 499 
356 682 549 355 380 524 245 368 1171 588 984 1077 1436 1114 548 1381 621 396 451 234 942 2126 505 
357 652 565 358 373 533 241 381 1134 582 983 1050 1429 1106 541 1447 626 400 465 238 903 2176 514 
358 612 594 362 375 542 226 385 1120 574 934 1176 1341 1080 567 1491 625 413 455 233 876 2231 516 
359 650 554 363 368 534 212 382 1116 573 931 1180 1352 1051 571 1440 634 422 456 261 866 2212 531 
360 670 532 376 365 539 207 460 1031 574 917 1199 1350 1057 579 1435 639 423 459 267 874 2214 524 
361 709 495 376 360 559 190 487 1016 564 917 1235 1312 1073 591 1396 635 426 477 257 862 2222 522 
362 721 476 380 365 557 185 484 997 543 891 1262 1283 1115 592 1405 637 414 476 249 843 2241 526 
363 725 484 387 348 578 183 460 1062 478 913 1283 1218 1152 565 1427 631 425 459 248 807 2282 503 
364 720 491 406 346 567 183 447 1060 491 931 1274 1253 1196 557 1407 640 423 464 239 800 2327 503 
365 705 493 400 349 561 189 467 1058 517 907 1273 1320 1234 531 1348 643 426 467 234 811 2337 498 
366 654 555 393 346 557 192 462 1092 505 890 1330 1382 1232 506 1285 653 412 475 242 802 2354 472 
367 648 537 354 348 588 232 432 1116 510 844 1350 1419 1244 509 1319 665 399 490 244 799 2323 456 
368 682 505 354 349 586 227 441 1137 499 839 1335 1429 1234 514 1347 645 408 499 238 824 2318 453 
369 705 492 361 346 599 226 369 1214 496 845 1325 1455 1183 539 1414 633 460 453 239 818 2336 465 
370 700 489 381 337 594 239 370 1193 515 820 1334 1411 1153 547 1479 617 488 426 238 847 2306 482 
371 685 512 395 333 609 235 366 1185 532 818 1311 1401 1169 545 1493 592 481 433 239 872 2332 492 
372 683 525 402 329 563 295 367 1193 525 817 1301 1388 1167 532 1530 586 465 434 241 859 2370 502 
373 685 526 410 332 572 298 364 1132 560 834 1267 1444 1146 542 1491 589 462 443 249 850 2378 524 
374 682 530 413 322 576 295 398 1076 571 821 1233 1486 1168 573 1445 599 462 443 255 847 2360 512 
375 675 532 393 332 573 295 371 1062 589 816 1230 1508 1164 583 1413 586 471 466 247 878 2268 516 
376 646 559 386 328 536 325 362 1067 591 825 1160 1598 1158 585 1372 601 423 480 246 888 2228 522 
377 661 533 352 318 548 336 358 1041 617 856 1209 1618 1164 577 1270 604 380 520 255 881 2180 501 
378 675 502 348 317 524 360 403 1032 620 865 1201 1642 1113 602 1325 608 388 504 255 879 2120 421 
379 657 517 355 314 572 299 416 1050 609 883 1204 1609 1148 577 1345 616 395 505 255 850 2175 418 
380 660 538 364 321 574 300 439 1048 622 880 1255 1555 1151 584 1345 608 418 492 241 837 2172 417 
381 674 527 371 322 582 290 424 1118 563 855 1278 1523 1154 578 1372 600 447 459 249 825 2207 417 
382 684 526 373 327 593 297 406 1173 532 861 1254 1505 1148 564 1399 598 449 451 252 795 2266 424 
383 686 528 370 337 558 318 408 1147 551 857 1216 1495 1136 551 1406 598 424 449 241 768 2293 425 
384 664 547 374 345 566 314 439 1116 523 871 1233 1450 1141 536 1443 598 420 447 236 796 2307 421 
385 681 505 374 350 574 327 391 1169 495 867 1241 1449 1119 522 1481 610 417 436 248 817 2307 422 
386 689 485 404 354 585 330 396 1149 466 888 1238 1468 1096 531 1514 612 398 423 249 830 2305 423 
387 678 488 409 353 594 309 407 1131 498 892 1209 1399 1099 536 1551 607 395 416 257 829 2351 440 
388 686 498 424 348 587 304 417 1136 478 877 1209 1421 1044 540 1600 615 390 425 247 838 2373 437 
389 671 519 412 355 596 319 446 1098 469 880 1215 1456 1045 578 1552 608 390 429 242 859 2390 445 
390 688 528 416 353 591 309 449 1071 522 838 1227 1488 1110 578 1479 611 385 417 237 947 2285 452 
391 688 528 411 358 579 336 462 1032 522 832 1307 1523 1129 580 1409 576 396 430 240 969 2210 452 
392 693 523 388 366 606 313 466 1065 518 803 1298 1572 1179 578 1409 580 400 431 236 985 2129 439 
393 706 526 389 372 621 302 460 1081 488 823 1298 1580 1192 586 1361 574 408 438 238 959 2180 457 
394 709 530 375 371 614 312 465 1094 468 814 1260 1637 1193 593 1361 568 384 452 256 931 2211 452 
395 711 529 379 373 552 370 455 1120 477 805 1259 1681 1192 596 1343 551 355 469 264 925 2233 466 
396 721 548 365 379 551 365 477 1126 442 796 1219 1753 1194 576 1314 567 355 472 265 891 2237 478 
397 726 549 358 392 516 405 451 1166 459 787 1194 1670 1206 562 1387 556 386 451 261 867 2237 481 
398 734 543 399 393 525 374 472 1137 467 765 1153 1670 1190 550 1400 558 411 426 247 865 2271 493 
399 721 568 422 369 529 379 478 1132 459 764 1201 1599 1165 531 1358 576 419 432 232 849 2275 509 
400 721 565 438 364 559 343 496 1138 456 778 1217 1577 1150 534 1308 572 435 419 225 846 2292 478 
401 710 567 435 370 572 349 500 1151 456 764 1229 1559 1085 545 1381 567 458 408 226 845 2332 483 
402 689 586 421 380 594 344 487 1138 460 786 1169 1568 1052 545 1405 580 457 413 216 822 2322 503 
403 642 627 413 387 602 337 521 1120 478 752 1150 1497 1042 546 1521 572 467 415 210 784 2347 491 
404 639 620 417 398 592 320 533 1072 508 740 1196 1462 1063 538 1561 577 476 411 209 753 2362 492 
405 642 628 397 383 636 304 530 1043 507 766 1148 1533 1070 521 1586 578 466 404 219 750 2375 483 
406 648 602 389 390 648 304 537 1057 509 757 1157 1547 1071 516 1574 577 472 406 222 775 2368 478 
407 651 595 393 395 541 409 591 1093 471 743 1139 1570 1071 510 1590 582 457 407 226 762 2397 422 
408 658 596 393 405 543 421 611 1092 470 748 1136 1581 1098 481 1591 583 439 415 237 794 2339 420 
409 670 580 401 415 539 415 601 1123 478 720 1164 1610 1151 471 1526 575 422 429 236 884 2246 425 
410 651 574 412 420 528 440 589 1150 505 716 1140 1697 1175 481 1467 574 400 444 229 884 2232 426 
411 656 546 389 427 551 436 566 1147 515 696 1127 1715 1165 509 1446 586 390 425 246 896 2195 433 
412 660 542 454 429 489 428 574 1152 501 700 1140 1688 1205 513 1433 580 386 437 266 918 2187 437 
413 653 543 451 435 484 429 536 1197 506 689 1128 1664 1227 520 1481 591 374 433 254 959 2135 439 
414 665 535 465 432 481 411 533 1175 549 669 1122 1627 1238 523 1451 583 386 425 259 969 2138 455 
415 672 510 470 444 459 439 542 1089 612 654 1143 1551 1298 522 1434 585 385 423 274 935 2156 455 
416 670 508 485 440 464 428 566 1068 610 668 1141 1514 1289 538 1460 589 413 391 262 919 2188 454 
417 673 503 501 408 497 408 556 1041 607 681 1147 1486 1275 552 1496 589 428 381 273 872 2213 460 
418 669 497 516 407 496 407 530 1039 601 696 1206 1457 1269 521 1482 587 433 404 262 843 2254 459 
419 676 508 492 408 506 385 556 1051 609 721 1189 1427 1221 504 1554 590 438 407 263 805 2299 469 
420 696 515 524 379 492 373 561 1077 614 738 1192 1395 1148 537 1620 603 430 427 249 792 2353 467 
421 708 490 562 314 524 375 634 1044 615 744 1194 1303 1196 549 1673 602 431 432 244 772 2359 438 
422 694 511 570 323 523 368 642 1049 634 769 1189 1380 1206 551 1598 607 409 442 247 772 2386 448 
423 695 529 540 329 548 362 655 1077 650 754 1206 1420 1239 545 1568 611 397 438 239 835 2318 454 
424 674 553 534 332 539 370 659 1083 668 693 1199 1449 1260 546 1563 606 405 434 231 879 2214 462 
425 675 556 520 332 535 366 653 1102 684 670 1183 1484 1289 551 1552 612 402 440 230 917 2151 476 
426 690 562 537 339 542 356 658 1107 693 667 1159 1486 1282 562 1513 630 404 461 198 925 2113 477 
427 687 561 507 338 550 372 666 1079 681 673 1176 1487 1225 564 1520 627 434 468 203 900 2154 480 
428 698 531 522 340 558 378 662 1098 676 733 1120 1379 1248 565 1549 627 434 454 206 859 2189 468 
429 708 510 515 348 561 355 618 1160 626 782 1111 1347 1182 574 1567 636 442 441 207 833 2230 477 
430 709 492 504 360 581 354 586 1182 611 796 1088 1391 1177 575 1564 622 456 439 207 801 2255 485 
431 737 460 499 371 588 352 592 1226 597 782 1082 1419 1203 563 1538 637 452 419 206 813 2247 496 
432 727 478 489 383 610 338 588 1240 582 788 1096 1463 1167 559 1458 642 461 408 210 797 2280 502 
433 727 477 474 391 609 344 591 1231 562 747 1137 1503 1143 548 1422 638 468 421 201 812 2279 517 
434 713 522 473 400 600 355 597 1207 568 727 1118 1583 1146 536 1406 654 471 421 202 815 2268 528 
435 715 510 458 402 613 353 561 1160 654 721 1114 1601 1155 534 1378 662 481 401 231 810 2300 500 
436 723 491 454 416 609 348 587 1126 628 773 1090 1634 1125 536 1341 626 504 403 233 814 2327 502 
437 741 493 453 413 631 337 566 1211 631 749 1082 1649 1142 549 1365 625 461 411 250 779 2336 436 
438 743 491 459 413 635 340 568 1236 646 722 1057 1667 1140 552 1399 589 443 421 271 783 2356 436 
439 755 492 452 416 654 343 552 1291 634 664 1096 1619 1196 541 1402 600 442 418 264 793 2355 429 
440 732 493 433 423 652 351 536 1356 597 688 1063 1534 1244 543 1448 604 423 451 262 797 2400 428 
441 739 476 439 429 630 338 559 1309 606 710 1055 1508 1278 543 1503 593 422 454 265 856 2334 431 
442 722 478 444 432 613 334 553 1289 586 714 1041 1455 1356 533 1572 594 441 465 268 913 2294 428 
443 668 519 462 437 594 323 536 1296 576 733 1039 1461 1279 528 1634 606 459 483 264 944 2238 436 
444 655 504 470 447 574 319 564 1243 563 745 1004 1525 1227 516 1643 607 470 459 265 964 2204 442 
445 636 498 477 451 583 303 568 1235 532 782 937 1585 1215 490 1643 625 499 431 256 952 2160 450 
446 608 508 500 434 590 306 570 1230 525 829 916 1634 1227 493 1591 659 537 406 233 945 2123 461 
447 615 529 484 454 580 298 572 1176 589 798 871 1679 1261 493 1508 649 540 418 228 945 2150 478 
448 619 518 450 473 586 295 584 1142 597 798 852 1658 1238 515 1473 626 561 421 234 906 2189 480 
449 616 521 440 478 608 280 594 1164 598 794 837 1685 1205 525 1461 630 535 436 241 896 2218 494 
450 620 496 464 482 621 267 581 1199 635 782 804 1690 1207 527 1416 628 539 430 236 889 2229 508 
451 634 487 455 480 664 261 569 1227 618 775 811 1678 1196 524 1391 636 546 436 232 865 2258 518 
452 642 500 448 480 666 266 575 1238 632 742 906 1586 1247 527 1374 611 550 439 259 798 2322 469 
453 682 485 457 474 680 266 567 1269 642 713 920 1571 1245 529 1366 606 555 454 268 803 2332 472 
454 679 475 439 480 685 262 579 1318 620 675 998 1526 1264 504 1349 606 553 449 259 769 2370 454 
455 699 461 409 502 679 255 574 1356 606 675 1020 1502 1296 507 1340 594 558 463 244 767 2392 456 
456 702 457 400 513 671 258 559 1340 585 672 1087 1435 1280 527 1338 554 563 467 255 842 2282 459 
457 712 433 364 474 664 270 614 1300 642 639 1069 1394 1355 527 1283 563 569 473 246 884 2240 418 
458 697 442 355 462 675 266 620 1242 685 611 1042 1422 1336 526 1311 610 630 486 243 839 2187 428 
459 704 453 372 456 653 260 638 1162 667 620 1043 1432 1308 545 1292 621 691 472 262 817 2179 431 
460 706 461 389 456 620 263 632 1117 733 622 1012 1487 1287 547 1313 630 700 474 260 826 2143 439 
461 711 456 413 446 596 255 628 1176 712 674 940 1522 1265 569 1346 630 704 483 238 867 2090 441 
462 712 454 416 454 593 256 622 1199 676 725 940 1487 1284 563 1381 626 713 502 230 863 2101 444 
463 723 453 419 443 609 253 615 1240 621 725 953 1421 1277 557 1480 636 701 492 254 858 2103 449 
464 730 456 411 404 672 211 597 1309 619 752 912 1423 1249 551 1483 634 651 487 279 826 2113 462 
465 720 461 402 381 701 210 598 1334 613 725 926 1371 1285 520 1484 649 648 490 282 843 2113 477 
466 729 461 403 393 709 198 591 1356 653 714 940 1313 1285 525 1498 610 631 492 285 855 2149 480 
467 738 468 404 404 725 195 593 1381 649 707 931 1340 1265 563 1505 629 541 529 316 840 2160 492 
468 726 478 390 419 710 192 597 1396 602 690 962 1350 1213 598 1433 651 516 524 308 819 2198 488 
469 701 497 390 425 700 191 616 1362 565 760 932 1432 1120 598 1463 650 526 505 301 812 2203 505 
470 651 522 396 457 664 196 625 1330 564 781 929 1469 1109 609 1441 642 524 523 279 832 2221 521 
471 642 520 401 451 636 193 593 1356 561 777 936 1477 1095 597 1435 655 524 506 277 792 2262 507 
472 674 508 361 447 666 199 630 1268 599 790 937 1444 1091 599 1430 651 534 503 273 788 2244 501 
473 700 501 371 440 694 185 623 1231 614 800 921 1433 1094 615 1395 656 545 470 300 771 2272 500 
474 713 498 366 434 705 180 608 1248 651 773 985 1397 1112 633 1351 657 581 476 279 788 2260 501 
475 722 496 381 425 681 188 603 1225 696 796 941 1282 1161 615 1436 665 547 484 309 786 2284 443 
476 722 487 407 419 689 188 573 1265 687 791 919 1235 1222 575 1464 683 568 499 293 788 2311 460 
477 674 526 386 476 627 184 589 1252 696 783 978 1199 1263 577 1417 654 582 494 305 800 2313 465 
478 665 518 397 500 611 187 599 1190 719 774 965 1238 1237 554 1388 627 582 507 299 833 2314 476 
479 620 531 411 475 636 196 545 1247 712 786 872 1284 1243 561 1389 577 616 503 302 859 2353 495 
480 637 503 447 448 644 185 551 1239 683 813 839 1359 1195 569 1338 573 623 508 295 856 2375 502 
481 631 504 445 405 685 178 554 1227 708 825 824 1372 1176 568 1345 579 594 519 313 848 2384 498 
482 652 470 422 397 668 222 537 1220 716 834 828 1409 1124 552 1362 590 597 516 300 885 2308 505 
483 648 450 425 357 733 217 538 1210 743 786 834 1445 1070 541 1373 606 591 545 282 900 2262 517 
484 654 449 423 352 747 208 501 1224 740 785 815 1446 1124 516 1369 617 584 537 278 924 2197 524 
485 652 455 416 347 744 205 471 1215 723 834 854 1403 1173 526 1319 615 597 538 282 967 2128 511 
486 649 462 410 361 752 197 496 1179 703 852 872 1358 1243 513 1275 614 606 538 292 948 2147 522 
487 646 440 425 367 751 184 455 1297 660 858 933 1293 1252 525 1282 604 593 517 317 930 2160 464 
488 660 421 415 374 727 193 450 1318 654 834 937 1274 1283 525 1299 614 611 517 301 920 2186 459 
489 671 426 441 382 688 198 442 1339 652 787 1013 1242 1260 526 1343 610 610 499 311 919 2206 465 
490 681 427 434 388 659 222 443 1386 705 783 1000 1226 1231 557 1334 615 623 496 303 905 2244 483 
491 674 431 417 401 694 222 445 1426 681 764 1005 1161 1233 558 1385 614 646 487 313 899 2253 492 
492 691 427 418 381 713 222 410 1502 671 769 975 1180 1218 578 1416 613 627 505 312 882 2302 518 
493 716 428 412 366 727 218 415 1522 653 775 930 1239 1213 562 1402 631 614 503 301 861 2337 510 
494 716 456 422 362 731 219 469 1524 636 773 913 1252 1181 577 1419 621 605 495 289 838 2347 490 
495 735 469 404 330 762 205 486 1463 685 774 864 1250 1174 557 1456 622 588 512 287 825 2365 463 
496 724 480 409 335 782 194 533 1425 730 754 877 1378 1119 527 1371 628 574 523 287 817 2373 407 
497 682 517 406 357 743 218 546 1464 729 725 900 1355 1157 525 1333 632 531 479 311 805 2400 403 
498 662 507 402 351 722 243 586 1429 731 693 973 1360 1201 525 1254 624 540 480 311 803 2351 409 
499 670 497 404 355 706 252 617 1420 730 689 1011 1339 1206 521 1240 621 539 474 310 846 2291 422 