0 0.000 0.000 0.000 0.000 0.000 0.000 0.000 0.000 0.000 0.157 0.000 0.000 0.000 0.000 0.000 0.000 0.000 0.000 0.000 0.000 0.000 0.692 
1 0.000 0.000 0.000 0.000 0.000 0.000 0.000 0.000 0.000 0.154 0.000 0.000 0.000 0.000 0.000 0.000 0.000 0.000 0.000 0.000 0.000 0.680 
2 0.000 0.000 0.000 0.000 0.000 0.000 0.000 0.000 0.000 0.147 0.000 0.000 0.000 0.000 0.000 0.000 0.000 0.000 0.000 0.000 0.000 0.680 
3 0.000 0.000 0.000 0.000 0.000 0.000 0.000 0.000 0.000 0.138 0.000 0.000 0.000 0.000 0.000 0.000 0.000 0.000 0.000 0.000 0.000 0.696 
4 0.000 0.000 0.000 0.000 0.000 0.000 0.000 0.000 0.000 0.140 0.000 0.000 0.000 0.000 0.000 0.000 0.000 0.000 0.000 0.000 0.000 0.696 
5 0.000 0.000 0.000 0.000 0.000 0.000 0.000 0.000 0.000 0.136 0.000 0.000 0.000 0.000 0.000 0.000 0.000 0.000 0.000 0.000 0.000 0.699 
6 0.000 0.000 0.000 0.000 0.000 0.538 0.043 0.000 0.000 0.134 0.000 0.000 0.000 0.000 0.000 0.000 0.000 0.000 0.000 0.000 0.000 0.703 
7 0.000 0.000 0.000 0.000 0.000 0.538 0.045 0.000 0.000 0.129 0.000 0.000 0.000 0.000 0.000 0.000 0.000 0.000 0.000 0.000 0.000 0.714 
8 0.000 0.000 0.000 0.000 0.000 0.615 0.043 0.000 0.000 0.133 0.000 0.000 0.000 0.000 0.000 0.000 0.000 0.000 0.000 0.000 0.000 0.729 
9 0.000 0.000 0.000 0.000 0.000 0.643 0.040 0.000 0.000 0.128 0.000 0.000 0.000 0.000 0.000 0.000 0.000 0.000 0.000 0.000 0.000 0.742 
10 0.000 0.000 0.000 0.000 0.000 0.615 0.038 0.000 0.000 0.145 0.000 0.000 0.000 0.000 0.000 0.000 0.000 0.000 0.000 0.000 0.000 0.747 
11 0.000 0.000 0.000 0.000 0.000 0.571 0.040 0.000 0.000 0.143 0.000 0.000 0.000 0.000 0.000 0.000 0.000 0.000 0.000 0.000 0.000 0.755 
12 0.000 0.000 0.000 0.000 0.000 0.571 0.043 0.000 0.000 0.144 0.000 0.000 0.000 0.000 0.000 0.000 0.000 0.000 0.000 0.000 0.000 0.752 
13 0.000 0.000 0.000 0.000 0.000 0.533 0.042 0.000 0.000 0.147 0.000 0.000 0.000 0.000 0.000 0.000 0.000 0.000 0.000 0.000 0.000 0.757 
14 0.000 0.000 0.000 0.000 0.000 0.600 0.045 0.000 0.000 0.135 0.000 0.000 0.000 0.000 0.000 0.000 0.000 0.000 0.000 0.000 0.000 0.745 
15 0.000 0.000 0.000 0.000 0.000 0.600 0.048 0.000 0.000 0.127 0.000 0.000 0.000 0.000 0.000 0.000 0.000 0.000 0.000 0.000 0.000 0.732 
16 0.000 0.000 0.000 0.000 0.000 0.562 0.045 0.000 0.000 0.130 0.000 0.000 0.000 0.000 0.000 0.000 0.000 0.000 0.000 0.000 0.000 0.721 
17 0.000 0.000 0.000 0.000 0.000 0.533 0.045 0.000 0.008 0.140 0.000 0.000 0.000 0.000 0.000 0.000 0.000 0.000 0.000 0.000 0.000 0.727 
18 0.000 0.000 0.000 0.000 0.000 0.533 0.043 0.000 0.008 0.139 0.000 0.000 0.000 0.000 0.000 0.000 0.000 0.000 0.000 0.000 0.000 0.722 
19 0.000 0.000 0.000 0.000 0.000 0.533 0.043 0.000 0.008 0.140 0.000 0.000 0.000 0.000 0.000 0.000 0.000 0.000 0.000 0.000 0.000 0.742 
20 0.000 0.000 0.000 0.000 0.000 0.615 0.048 0.000 0.007 0.144 0.000 0.000 0.000 0.000 0.000 0.000 0.000 0.000 0.000 0.000 0.000 0.719 
21 0.000 0.000 0.000 0.000 0.000 0.615 0.056 0.000 0.007 0.147 0.000 0.000 0.000 0.000 0.000 0.000 0.000 0.000 0.000 0.000 0.000 0.711 
22 0.000 0.000 0.000 0.000 0.000 0.615 0.067 0.000 0.007 0.156 0.000 0.000 0.000 0.000 0.000 0.000 0.000 0.000 0.000 0.000 0.000 0.724 
23 0.000 0.000 0.000 0.000 0.000 0.320 0.067 0.000 0.008 0.208 0.000 0.000 0.000 0.000 0.000 0.000 0.000 0.000 0.000 0.000 0.000 0.710 
24 0.000 0.000 0.000 0.000 0.000 0.320 0.071 0.000 0.007 0.205 0.000 0.000 0.000 0.000 0.000 0.000 0.000 0.000 0.000 0.000 0.000 0.708 
25 0.000 0.000 0.000 0.000 0.000 0.320 0.000 0.000 0.008 0.206 0.000 0.000 0.000 0.000 0.000 0.000 0.000 0.000 0.000 0.000 0.000 0.716 
26 0.000 0.000 0.000 0.000 0.000 0.308 0.000 0.000 0.008 0.203 0.000 0.000 0.000 0.000 0.000 0.000 0.000 0.000 0.000 0.000 0.000 0.719 
27 0.000 0.000 0.000 0.000 0.000 0.320 0.000 0.000 0.007 0.200 0.000 0.000 0.000 0.000 0.000 0.000 0.000 0.000 0.000 0.000 0.000 0.720 
28 0.000 0.000 0.000 0.000 0.000 0.308 0.000 0.000 0.052 0.193 0.000 0.000 0.000 0.000 0.000 0.000 0.000 0.000 0.000 0.000 0.000 0.720 
29 0.000 0.000 0.000 0.000 0.000 0.308 0.000 0.000 0.051 0.189 0.000 0.000 0.000 0.000 0.000 0.000 0.000 0.000 0.000 0.000 0.000 0.719 
30 0.000 0.000 0.000 0.000 0.000 0.308 0.000 0.000 0.052 0.192 0.000 0.000 0.000 0.000 0.000 0.000 0.000 0.000 0.000 0.000 0.000 0.720 
31 0.000 0.000 0.000 0.000 0.000 0.286 0.000 0.000 0.061 0.192 0.000 0.000 0.000 0.000 0.000 0.000 0.000 0.000 0.000 0.000 0.000 0.701 
32 0.000 0.000 0.000 0.000 0.000 0.276 0.000 0.000 0.061 0.204 0.000 0.000 0.000 0.000 0.000 0.000 0.000 0.000 0.000 0.000 0.000 0.698 
33 0.000 0.000 0.000 0.000 0.000 0.310 0.000 0.000 0.060 0.205 0.000 0.000 0.000 0.000 0.000 0.000 0.000 0.000 0.000 0.000 0.000 0.700 
34 0.000 0.000 0.000 0.000 0.000 0.457 0.000 0.000 0.051 0.205 0.000 0.000 0.000 0.000 0.000 0.000 0.000 0.000 0.000 0.000 0.000 0.696 
35 0.000 0.000 0.000 0.000 0.000 0.447 0.000 0.000 0.051 0.202 0.000 0.000 0.000 0.000 0.000 0.000 0.000 0.000 0.000 0.000 0.000 0.695 
36 0.000 0.000 0.000 0.000 0.000 0.396 0.000 0.000 0.051 0.197 0.000 0.000 0.000 0.000 0.000 0.000 0.000 0.000 0.000 0.000 0.000 0.691 
37 0.000 0.000 0.000 0.000 0.000 0.434 0.000 0.030 0.045 0.197 0.000 0.000 0.000 0.000 0.000 0.000 0.000 0.000 0.000 0.000 0.000 0.676 
38 0.000 0.000 0.000 0.000 0.000 0.455 0.000 0.028 0.042 0.235 0.000 0.000 0.000 0.000 0.000 0.000 0.000 0.000 0.000 0.000 0.000 0.668 
39 0.000 0.000 0.000 0.000 0.000 0.455 0.000 0.030 0.041 0.262 0.000 0.000 0.000 0.000 0.000 0.000 0.000 0.000 0.000 0.000 0.000 0.663 
40 0.000 0.000 0.000 0.000 0.000 0.417 0.000 0.028 0.052 0.274 0.000 0.000 0.000 0.000 0.000 0.000 0.000 0.000 0.000 0.000 0.000 0.655 
41 0.000 0.000 0.000 0.000 0.000 0.431 0.000 0.028 0.063 0.270 0.000 0.000 0.000 0.000 0.000 0.000 0.000 0.000 0.000 0.000 0.000 0.657 
42 0.000 0.000 0.000 0.000 0.000 0.424 0.000 0.025 0.069 0.264 0.000 0.000 0.000 0.000 0.000 0.000 0.000 0.000 0.000 0.000 0.000 0.678 
43 0.000 0.000 0.000 0.000 0.000 0.408 0.000 0.025 0.066 0.271 0.000 0.000 0.000 0.000 0.000 0.000 0.000 0.000 0.000 0.000 0.000 0.689 
44 0.000 0.000 0.000 0.000 0.000 0.429 0.000 0.021 0.064 0.267 0.000 0.000 0.000 0.000 0.000 0.000 0.000 0.000 0.000 0.000 0.000 0.692 
45 0.000 0.000 0.000 0.000 0.000 0.444 0.000 0.021 0.065 0.267 0.000 0.000 0.000 0.000 0.000 0.000 0.000 0.000 0.000 0.000 0.000 0.693 
46 0.000 0.000 0.000 0.000 0.000 0.427 0.000 0.019 0.075 0.275 0.000 0.000 0.000 0.000 0.000 0.000 0.000 0.000 0.000 0.000 0.000 0.682 
47 0.000 0.000 0.000 0.000 0.000 0.431 0.000 0.018 0.065 0.269 0.000 0.000 0.000 0.000 0.000 0.000 0.000 0.000 0.000 0.000 0.000 0.689 
48 0.000 0.000 0.000 0.000 0.000 0.452 0.000 0.016 0.064 0.272 0.000 0.000 0.000 0.000 0.000 0.000 0.000 0.000 0.000 0.000 0.000 0.705 
49 0.000 0.000 0.000 0.000 0.000 0.446 0.000 0.016 0.053 0.259 0.000 0.000 0.000 0.000 0.000 0.000 0.000 0.000 0.000 0.000 0.000 0.696 
50 0.000 0.000 0.000 0.000 0.053 0.426 0.000 0.018 0.154 0.233 0.000 0.000 0.000 0.000 0.000 0.000 0.000 0.000 0.000 0.000 0.000 0.705 
51 0.000 0.000 0.000 0.000 0.046 0.434 0.000 0.016 0.146 0.234 0.000 0.000 0.000 0.000 0.000 0.000 0.000 0.000 0.000 0.000 0.000 0.705 
52 0.000 0.000 0.000 0.000 0.045 0.479 0.000 0.016 0.148 0.230 0.017 0.000 0.000 0.000 0.000 0.000 0.000 0.000 0.000 0.000 0.000 0.716 
53 0.000 0.000 0.000 0.000 0.044 0.512 0.000 0.016 0.185 0.225 0.019 0.000 0.000 0.000 0.000 0.000 0.000 0.000 0.000 0.000 0.000 0.715 
54 0.000 0.000 0.000 0.000 0.043 0.512 0.000 0.018 0.177 0.229 0.019 0.000 0.000 0.000 0.000 0.000 0.000 0.000 0.000 0.000 0.000 0.708 
55 0.000 0.000 0.000 0.013 0.043 0.548 0.000 0.012 0.177 0.219 0.019 0.000 0.000 0.000 0.000 0.000 0.000 0.000 0.000 0.000 0.000 0.704 
56 0.000 0.000 0.000 0.013 0.048 0.500 0.000 0.012 0.231 0.217 0.019 0.000 0.000 0.000 0.000 0.000 0.000 0.000 0.000 0.000 0.000 0.703 
57 0.000 0.000 0.000 0.013 0.046 0.524 0.000 0.012 0.306 0.236 0.018 0.000 0.000 0.000 0.000 0.000 0.000 0.000 0.000 0.000 0.000 0.681 
58 0.000 0.000 0.000 0.012 0.041 0.548 0.000 0.012 0.306 0.236 0.018 0.000 0.000 0.000 0.000 0.000 0.000 0.000 0.000 0.000 0.000 0.690 
59 0.000 0.000 0.000 0.013 0.041 0.523 0.000 0.012 0.307 0.235 0.021 0.000 0.000 0.000 0.000 0.000 0.000 0.000 0.000 0.000 0.000 0.704 
60 0.000 0.000 0.000 0.012 0.045 0.587 0.000 0.010 0.294 0.249 0.014 0.000 0.000 0.000 0.000 0.000 0.000 0.000 0.000 0.000 0.000 0.705 
61 0.000 0.000 0.000 0.011 0.045 0.562 0.000 0.008 0.298 0.248 0.016 0.000 0.000 0.000 0.000 0.000 0.000 0.000 0.000 0.000 0.000 0.717 
62 0.000 0.000 0.000 0.011 0.042 0.519 0.000 0.008 0.293 0.241 0.017 0.000 0.000 0.000 0.000 0.000 0.000 0.000 0.000 0.000 0.000 0.710 
63 0.000 0.000 0.000 0.011 0.033 0.509 0.000 0.007 0.309 0.242 0.017 0.000 0.000 0.000 0.000 0.000 0.000 0.000 0.000 0.000 0.000 0.718 
64 0.000 0.000 0.000 0.011 0.028 0.509 0.000 0.008 0.327 0.226 0.017 0.000 0.000 0.000 0.000 0.000 0.000 0.000 0.000 0.000 0.000 0.698 
65 0.000 0.000 0.000 0.012 0.027 0.466 0.000 0.008 0.305 0.233 0.014 0.000 0.000 0.000 0.000 0.000 0.000 0.000 0.000 0.000 0.000 0.703 
66 0.000 0.000 0.000 0.013 0.025 0.456 0.000 0.008 0.297 0.240 0.014 0.000 0.000 0.000 0.000 0.000 0.000 0.000 0.000 0.000 0.000 0.689 
67 0.000 0.000 0.000 0.014 0.024 0.433 0.000 0.008 0.293 0.231 0.014 0.000 0.000 0.000 0.000 0.000 0.000 0.000 0.000 0.000 0.000 0.681 
68 0.000 0.000 0.000 0.028 0.025 0.429 0.000 0.008 0.277 0.239 0.017 0.000 0.000 0.000 0.000 0.000 0.000 0.000 0.000 0.000 0.000 0.675 
69 0.000 0.000 0.000 0.027 0.025 0.373 0.000 0.008 0.268 0.243 0.017 0.000 0.000 0.000 0.000 0.000 0.000 0.000 0.000 0.000 0.000 0.684 
70 0.000 0.000 0.000 0.027 0.029 0.373 0.000 0.007 0.257 0.248 0.016 0.000 0.000 0.000 0.000 0.000 0.000 0.000 0.000 0.000 0.000 0.693 
71 0.000 0.000 0.000 0.026 0.032 0.364 0.000 0.008 0.229 0.261 0.016 0.000 0.000 0.000 0.000 0.000 0.000 0.000 0.000 0.000 0.000 0.681 
72 0.000 0.000 0.000 0.025 0.031 0.358 0.000 0.007 0.237 0.249 0.016 0.000 0.000 0.000 0.000 0.000 0.000 0.000 0.000 0.000 0.000 0.693 
73 0.000 0.000 0.000 0.026 0.031 0.348 0.000 0.002 0.253 0.257 0.015 0.000 0.000 0.000 0.000 0.000 0.000 0.000 0.000 0.000 0.000 0.684 
74 0.000 0.000 0.000 0.026 0.030 0.371 0.000 0.033 0.262 0.254 0.015 0.000 0.000 0.000 0.000 0.000 0.000 0.000 0.000 0.000 0.000 0.685 
75 0.000 0.000 0.000 0.026 0.031 0.412 0.000 0.030 0.252 0.262 0.011 0.004 0.000 0.000 0.000 0.000 0.000 0.000 0.000 0.000 0.000 0.698 
76 0.000 0.000 0.000 0.025 0.030 0.437 0.000 0.029 0.261 0.265 0.011 0.004 0.000 0.000 0.000 0.000 0.000 0.000 0.000 0.000 0.000 0.704 
77 0.000 0.000 0.000 0.025 0.030 0.423 0.000 0.030 0.256 0.260 0.014 0.005 0.000 0.000 0.000 0.000 0.000 0.000 0.000 0.000 0.000 0.704 
78 0.000 0.000 0.000 0.022 0.033 0.443 0.000 0.030 0.252 0.262 0.012 0.006 0.000 0.000 0.000 0.000 0.000 0.000 0.000 0.000 0.000 0.712 
79 0.000 0.000 0.000 0.021 0.032 0.411 0.000 0.027 0.252 0.270 0.009 0.004 0.000 0.000 0.000 0.000 0.000 0.000 0.000 0.000 0.000 0.715 
80 0.000 0.000 0.000 0.021 0.034 0.403 0.000 0.025 0.246 0.283 0.009 0.004 0.000 0.000 0.000 0.000 0.000 0.000 0.000 0.000 0.000 0.720 
81 0.000 0.000 0.000 0.011 0.040 0.426 0.000 0.027 0.239 0.280 0.009 0.004 0.000 0.000 0.000 0.000 0.000 0.000 0.000 0.000 0.000 0.712 
82 0.000 0.000 0.000 0.010 0.043 0.424 0.000 0.028 0.255 0.272 0.009 0.004 0.000 0.000 0.000 0.000 0.000 0.000 0.000 0.000 0.000 0.692 
83 0.000 0.000 0.000 0.010 0.039 0.492 0.000 0.033 0.261 0.262 0.009 0.004 0.000 0.000 0.000 0.000 0.000 0.000 0.000 0.000 0.000 0.683 
84 0.000 0.000 0.000 0.010 0.034 0.485 0.000 0.030 0.288 0.251 0.014 0.003 0.000 0.000 0.000 0.000 0.000 0.000 0.000 0.000 0.000 0.689 
85 0.000 0.000 0.000 0.010 0.032 0.457 0.000 0.031 0.287 0.249 0.014 0.004 0.000 0.000 0.000 0.000 0.000 0.000 0.000 0.000 0.000 0.701 
86 0.000 0.000 0.000 0.010 0.035 0.486 0.000 0.030 0.283 0.251 0.014 0.003 0.000 0.000 0.000 0.000 0.000 0.000 0.000 0.000 0.000 0.717 
87 0.000 0.000 0.000 0.011 0.074 0.447 0.000 0.034 0.261 0.264 0.014 0.005 0.000 0.000 0.000 0.000 0.000 0.000 0.000 0.000 0.000 0.718 
88 0.000 0.000 0.000 0.010 0.077 0.458 0.000 0.033 0.265 0.267 0.015 0.005 0.000 0.000 0.000 0.000 0.000 0.000 0.000 0.000 0.000 0.709 
89 0.000 0.000 0.000 0.010 0.079 0.458 0.000 0.031 0.260 0.258 0.015 0.005 0.000 0.000 0.000 0.000 0.000 0.000 0.000 0.000 0.000 0.704 
90 0.000 0.000 0.000 0.008 0.078 0.440 0.000 0.039 0.260 0.249 0.012 0.005 0.000 0.000 0.000 0.000 0.000 0.000 0.000 0.000 0.000 0.715 
91 0.000 0.000 0.000 0.008 0.075 0.469 0.000 0.037 0.257 0.240 0.012 0.005 0.000 0.000 0.000 0.000 0.000 0.000 0.000 0.000 0.000 0.693 
92 0.000 0.000 0.000 0.008 0.075 0.467 0.000 0.038 0.262 0.228 0.012 0.005 0.000 0.000 0.000 0.000 0.000 0.000 0.000 0.000 0.000 0.667 
93 0.000 0.000 0.000 0.000 0.075 0.438 0.000 0.036 0.262 0.228 0.012 0.007 0.000 0.000 0.000 0.000 0.000 0.000 0.000 0.000 0.000 0.671 
94 0.000 0.000 0.000 0.000 0.067 0.489 0.000 0.041 0.290 0.245 0.045 0.007 0.000 0.000 0.000 0.000 0.000 0.000 0.000 0.000 0.000 0.665 
95 0.000 0.000 0.000 0.000 0.066 0.478 0.000 0.042 0.279 0.252 0.044 0.006 0.000 0.000 0.000 0.000 0.000 0.000 0.000 0.000 0.000 0.679 
96 0.000 0.000 0.000 0.000 0.066 0.500 0.000 0.043 0.277 0.259 0.044 0.007 0.000 0.000 0.000 0.000 0.000 0.000 0.000 0.000 0.000 0.714 
97 0.000 0.000 0.000 0.000 0.065 0.512 0.000 0.044 0.273 0.258 0.047 0.006 0.000 0.000 0.000 0.000 0.000 0.000 0.000 0.000 0.000 0.711 
98 0.000 0.000 0.000 0.000 0.059 0.488 0.000 0.045 0.266 0.255 0.045 0.005 0.000 0.000 0.000 0.000 0.000 0.000 0.000 0.000 0.000 0.715 
99 0.000 0.000 0.000 0.000 0.058 0.467 0.022 0.038 0.266 0.253 0.042 0.007 0.000 0.000 0.000 0.000 0.000 0.000 0.000 0.000 0.000 0.727 
100 0.000 0.000 0.020 0.000 0.040 0.476 0.022 0.060 0.245 0.260 0.051 0.007 0.000 0.000 0.000 0.000 0.000 0.000 0.000 0.000 0.000 0.728 
101 0.000 0.000 0.006 0.000 0.047 0.446 0.023 0.063 0.245 0.265 0.068 0.007 0.000 0.000 0.000 0.000 0.000 0.000 0.000 0.000 0.000 0.713 
102 0.000 0.000 0.006 0.000 0.047 0.426 0.022 0.061 0.235 0.276 0.069 0.008 0.000 0.000 0.000 0.000 0.000 0.000 0.000 0.000 0.000 0.716 
103 0.000 0.000 0.007 0.000 0.048 0.379 0.022 0.074 0.224 0.271 0.069 0.008 0.000 0.000 0.000 0.000 0.000 0.000 0.000 0.000 0.000 0.722 
104 0.000 0.000 0.030 0.000 0.046 0.321 0.013 0.072 0.214 0.272 0.067 0.005 0.000 0.000 0.000 0.000 0.000 0.000 0.000 0.000 0.000 0.714 
105 0.000 0.000 0.030 0.000 0.049 0.310 0.013 0.072 0.222 0.272 0.065 0.004 0.000 0.000 0.000 0.000 0.000 0.000 0.000 0.000 0.000 0.690 
106 0.000 0.000 0.029 0.000 0.048 0.293 0.013 0.086 0.238 0.268 0.065 0.004 0.000 0.000 0.000 0.000 0.000 0.000 0.000 0.000 0.000 0.681 
107 0.000 0.000 0.029 0.000 0.046 0.309 0.032 0.080 0.236 0.264 0.063 0.007 0.000 0.000 0.000 0.000 0.000 0.000 0.000 0.000 0.000 0.684 
108 0.000 0.000 0.029 0.000 0.050 0.316 0.032 0.082 0.230 0.288 0.061 0.007 0.000 0.000 0.000 0.000 0.000 0.000 0.000 0.000 0.000 0.688 
109 0.000 0.000 0.028 0.000 0.049 0.350 0.031 0.083 0.225 0.293 0.060 0.007 0.000 0.000 0.000 0.000 0.000 0.000 0.000 0.000 0.000 0.685 
110 0.000 0.000 0.027 0.000 0.049 0.377 0.031 0.078 0.235 0.288 0.059 0.008 0.000 0.000 0.000 0.000 0.000 0.000 0.000 0.000 0.000 0.675 
111 0.000 0.000 0.027 0.000 0.048 0.339 0.030 0.078 0.233 0.287 0.061 0.008 0.000 0.000 0.000 0.000 0.000 0.000 0.000 0.000 0.000 0.678 
112 0.000 0.000 0.024 0.006 0.046 0.357 0.031 0.078 0.234 0.281 0.060 0.008 0.000 0.000 0.000 0.000 0.000 0.000 0.000 0.000 0.000 0.673 
113 0.000 0.005 0.017 0.006 0.044 0.333 0.029 0.079 0.246 0.281 0.082 0.008 0.000 0.000 0.000 0.000 0.000 0.000 0.000 0.000 0.000 0.667 
114 0.000 0.002 0.017 0.006 0.043 0.333 0.029 0.084 0.234 0.288 0.110 0.008 0.000 0.000 0.000 0.000 0.000 0.000 0.000 0.000 0.000 0.668 
115 0.000 0.002 0.017 0.006 0.042 0.327 0.042 0.086 0.254 0.273 0.108 0.008 0.000 0.000 0.000 0.000 0.000 0.000 0.000 0.000 0.000 0.682 
116 0.000 0.004 0.014 0.011 0.041 0.340 0.042 0.088 0.247 0.284 0.107 0.008 0.000 0.000 0.000 0.000 0.000 0.000 0.000 0.000 0.000 0.691 
117 0.000 0.004 0.014 0.011 0.040 0.333 0.042 0.097 0.237 0.282 0.109 0.009 0.000 0.000 0.000 0.000 0.000 0.000 0.000 0.000 0.000 0.700 
118 0.000 0.004 0.012 0.011 0.039 0.367 0.044 0.096 0.236 0.280 0.112 0.009 0.000 0.000 0.000 0.000 0.000 0.000 0.000 0.000 0.000 0.718 
119 0.000 0.004 0.012 0.011 0.042 0.327 0.049 0.093 0.230 0.289 0.106 0.009 0.000 0.000 0.000 0.000 0.000 0.000 0.000 0.000 0.000 0.737 
120 0.000 0.004 0.012 0.011 0.044 0.319 0.048 0.096 0.243 0.284 0.103 0.008 0.000 0.000 0.000 0.000 0.000 0.000 0.000 0.000 0.000 0.733 
121 0.000 0.004 0.011 0.012 0.041 0.340 0.047 0.105 0.231 0.282 0.107 0.007 0.000 0.000 0.000 0.000 0.000 0.000 0.000 0.000 0.000 0.729 
122 0.000 0.004 0.009 0.011 0.043 0.340 0.047 0.103 0.231 0.282 0.109 0.008 0.000 0.000 0.005 0.000 0.000 0.000 0.000 0.000 0.000 0.721 
123 0.000 0.004 0.009 0.012 0.043 0.347 0.047 0.104 0.240 0.270 0.125 0.008 0.000 0.000 0.005 0.000 0.000 0.000 0.000 0.000 0.000 0.695 
124 0.000 0.005 0.008 0.012 0.038 0.346 0.052 0.102 0.231 0.270 0.122 0.009 0.000 0.000 0.005 0.000 0.000 0.000 0.000 0.000 0.000 0.697 
125 0.000 0.005 0.008 0.014 0.036 0.333 0.084 0.099 0.225 0.276 0.113 0.008 0.000 0.000 0.005 0.000 0.000 0.000 0.000 0.000 0.000 0.693 
126 0.000 0.004 0.011 0.007 0.038 0.328 0.123 0.089 0.229 0.278 0.108 0.008 0.000 0.000 0.005 0.000 0.000 0.000 0.000 0.000 0.000 0.719 
127 0.000 0.008 0.009 0.007 0.037 0.328 0.117 0.086 0.229 0.285 0.113 0.008 0.000 0.000 0.005 0.000 0.000 0.000 0.000 0.000 0.000 0.724 
128 0.000 0.009 0.007 0.007 0.037 0.241 0.114 0.089 0.226 0.285 0.115 0.007 0.000 0.000 0.005 0.000 0.000 0.000 0.000 0.000 0.000 0.727 
129 0.000 0.008 0.007 0.007 0.041 0.194 0.123 0.096 0.235 0.279 0.115 0.006 0.000 0.000 0.005 0.000 0.000 0.000 0.000 0.000 0.000 0.732 
130 0.000 0.006 0.007 0.007 0.042 0.182 0.115 0.112 0.223 0.271 0.125 0.006 0.000 0.000 0.005 0.000 0.000 0.000 0.000 0.000 0.000 0.718 
131 0.000 0.006 0.006 0.007 0.042 0.192 0.113 0.117 0.216 0.264 0.131 0.005 0.000 0.000 0.005 0.000 0.000 0.000 0.000 0.000 0.000 0.711 
132 0.000 0.004 0.006 0.007 0.044 0.183 0.117 0.123 0.219 0.260 0.133 0.005 0.000 0.000 0.005 0.000 0.000 0.000 0.000 0.000 0.000 0.703 
133 0.000 0.004 0.006 0.007 0.040 0.190 0.120 0.150 0.210 0.259 0.132 0.006 0.000 0.000 0.005 0.000 0.000 0.000 0.000 0.000 0.000 0.688 
134 0.000 0.004 0.006 0.000 0.042 0.218 0.113 0.147 0.195 0.270 0.134 0.005 0.000 0.000 0.005 0.000 0.000 0.000 0.000 0.000 0.000 0.699 
135 0.000 0.004 0.006 0.000 0.042 0.232 0.111 0.145 0.236 0.270 0.133 0.005 0.000 0.000 0.005 0.000 0.000 0.000 0.000 0.000 0.000 0.673 
136 0.000 0.004 0.006 0.000 0.040 0.253 0.105 0.145 0.237 0.265 0.147 0.005 0.000 0.000 0.010 0.000 0.000 0.000 0.000 0.000 0.000 0.686 
137 0.000 0.004 0.006 0.000 0.042 0.253 0.126 0.141 0.239 0.263 0.151 0.005 0.000 0.000 0.010 0.000 0.000 0.000 0.000 0.000 0.000 0.687 
138 0.002 0.002 0.006 0.000 0.042 0.233 0.124 0.152 0.231 0.265 0.157 0.004 0.000 0.000 0.010 0.000 0.000 0.000 0.000 0.000 0.000 0.683 
139 0.002 0.002 0.006 0.000 0.043 0.214 0.134 0.152 0.237 0.263 0.163 0.005 0.000 0.000 0.010 0.000 0.000 0.000 0.000 0.000 0.000 0.682 
140 0.002 0.002 0.009 0.000 0.042 0.218 0.129 0.146 0.230 0.263 0.160 0.005 0.000 0.000 0.010 0.000 0.000 0.000 0.000 0.000 0.000 0.700 
141 0.002 0.000 0.009 0.000 0.039 0.207 0.135 0.155 0.231 0.269 0.162 0.006 0.000 0.000 0.011 0.000 0.000 0.000 0.000 0.000 0.000 0.702 
142 0.001 0.000 0.006 0.000 0.038 0.207 0.144 0.152 0.234 0.269 0.157 0.005 0.000 0.000 0.005 0.000 0.000 0.000 0.000 0.000 0.000 0.699 
143 0.000 0.000 0.006 0.000 0.037 0.192 0.142 0.148 0.224 0.273 0.152 0.005 0.000 0.000 0.005 0.000 0.000 0.000 0.000 0.000 0.000 0.699 
144 0.000 0.000 0.006 0.000 0.035 0.198 0.155 0.140 0.218 0.269 0.149 0.005 0.000 0.000 0.005 0.000 0.000 0.000 0.000 0.000 0.000 0.694 
145 0.000 0.000 0.010 0.000 0.035 0.223 0.149 0.138 0.220 0.267 0.152 0.006 0.000 0.000 0.005 0.000 0.000 0.000 0.000 0.000 0.000 0.697 
146 0.000 0.000 0.010 0.000 0.033 0.229 0.204 0.143 0.226 0.278 0.137 0.030 0.000 0.000 0.005 0.000 0.000 0.000 0.000 0.000 0.000 0.709 
147 0.000 0.000 0.010 0.000 0.038 0.234 0.203 0.143 0.239 0.277 0.132 0.036 0.000 0.000 0.005 0.000 0.000 0.000 0.000 0.000 0.000 0.700 
148 0.000 0.000 0.016 0.000 0.032 0.191 0.203 0.148 0.229 0.282 0.137 0.033 0.000 0.000 0.005 0.000 0.000 0.000 0.000 0.000 0.000 0.699 
149 0.000 0.000 0.016 0.000 0.039 0.204 0.188 0.144 0.229 0.272 0.155 0.031 0.000 0.000 0.005 0.000 0.000 0.000 0.000 0.000 0.000 0.706 
150 0.000 0.000 0.013 0.000 0.038 0.196 0.188 0.140 0.230 0.273 0.160 0.034 0.000 0.000 0.005 0.000 0.000 0.000 0.000 0.000 0.000 0.714 
151 0.000 0.000 0.013 0.000 0.039 0.175 0.190 0.154 0.232 0.257 0.172 0.038 0.000 0.000 0.005 0.000 0.000 0.000 0.000 0.000 0.000 0.700 
152 0.000 0.000 0.010 0.000 0.038 0.178 0.190 0.141 0.240 0.263 0.171 0.033 0.000 0.000 0.005 0.000 0.000 0.000 0.000 0.000 0.000 0.694 
153 0.000 0.000 0.010 0.000 0.039 0.160 0.181 0.136 0.236 0.267 0.171 0.025 0.001 0.000 0.000 0.000 0.000 0.000 0.000 0.000 0.000 0.681 
154 0.000 0.000 0.010 0.000 0.039 0.159 0.177 0.134 0.230 0.282 0.166 0.026 0.001 0.000 0.000 0.000 0.000 0.000 0.000 0.000 0.000 0.674 
155 0.000 0.000 0.011 0.000 0.042 0.156 0.198 0.131 0.228 0.282 0.159 0.027 0.001 0.000 0.000 0.000 0.000 0.000 0.000 0.000 0.000 0.675 
156 0.000 0.000 0.011 0.000 0.045 0.154 0.235 0.135 0.232 0.292 0.154 0.019 0.000 0.000 0.000 0.000 0.000 0.000 0.000 0.000 0.000 0.654 
157 0.000 0.000 0.011 0.000 0.042 0.153 0.236 0.153 0.228 0.311 0.136 0.032 0.000 0.000 0.000 0.000 0.000 0.000 0.000 0.000 0.000 0.631 
158 0.000 0.000 0.011 0.000 0.041 0.143 0.230 0.153 0.235 0.312 0.133 0.039 0.000 0.000 0.000 0.000 0.000 0.000 0.000 0.000 0.000 0.652 
159 0.000 0.000 0.011 0.000 0.046 0.150 0.237 0.145 0.232 0.311 0.134 0.038 0.000 0.000 0.000 0.000 0.000 0.000 0.000 0.000 0.000 0.668 
160 0.000 0.000 0.014 0.000 0.043 0.144 0.228 0.149 0.235 0.303 0.133 0.040 0.000 0.000 0.000 0.000 0.000 0.000 0.000 0.000 0.000 0.694 
161 0.000 0.000 0.021 0.000 0.040 0.153 0.231 0.144 0.231 0.291 0.124 0.049 0.000 0.000 0.000 0.000 0.000 0.000 0.000 0.000 0.000 0.693 
162 0.000 0.000 0.022 0.000 0.042 0.157 0.243 0.142 0.225 0.278 0.128 0.050 0.000 0.000 0.000 0.000 0.000 0.000 0.000 0.000 0.000 0.685 
163 0.000 0.002 0.023 0.000 0.044 0.156 0.223 0.142 0.216 0.281 0.130 0.047 0.000 0.000 0.000 0.000 0.000 0.000 0.000 0.000 0.000 0.676 
164 0.000 0.002 0.022 0.000 0.070 0.110 0.216 0.147 0.216 0.280 0.125 0.051 0.000 0.000 0.000 0.000 0.000 0.000 0.000 0.000 0.000 0.682 
165 0.000 0.002 0.017 0.000 0.069 0.119 0.225 0.146 0.220 0.292 0.128 0.050 0.000 0.000 0.000 0.000 0.000 0.000 0.000 0.000 0.000 0.686 
166 0.000 0.002 0.018 0.000 0.071 0.127 0.222 0.145 0.226 0.270 0.133 0.048 0.000 0.000 0.000 0.000 0.000 0.000 0.000 0.000 0.000 0.705 
167 0.000 0.002 0.021 0.000 0.069 0.134 0.259 0.146 0.206 0.275 0.130 0.048 0.000 0.000 0.000 0.000 0.000 0.000 0.000 0.000 0.000 0.696 
168 0.000 0.002 0.021 0.000 0.070 0.124 0.248 0.144 0.210 0.278 0.129 0.049 0.000 0.000 0.000 0.000 0.000 0.000 0.000 0.000 0.000 0.699 
169 0.000 0.002 0.020 0.000 0.068 0.129 0.243 0.145 0.203 0.286 0.121 0.054 0.001 0.000 0.000 0.000 0.000 0.000 0.000 0.000 0.000 0.699 
170 0.000 0.002 0.020 0.000 0.067 0.132 0.235 0.146 0.211 0.283 0.134 0.053 0.001 0.000 0.000 0.000 0.000 0.000 0.000 0.000 0.000 0.700 
171 0.000 0.002 0.020 0.000 0.062 0.123 0.230 0.142 0.214 0.281 0.137 0.049 0.008 0.000 0.000 0.000 0.000 0.000 0.000 0.000 0.000 0.708 
172 0.000 0.002 0.020 0.000 0.061 0.115 0.237 0.145 0.216 0.279 0.138 0.046 0.011 0.000 0.000 0.000 0.000 0.000 0.000 0.000 0.000 0.723 
173 0.000 0.002 0.019 0.000 0.058 0.120 0.219 0.147 0.210 0.282 0.150 0.039 0.013 0.000 0.000 0.000 0.000 0.000 0.000 0.000 0.000 0.698 
174 0.000 0.002 0.019 0.000 0.060 0.112 0.219 0.146 0.230 0.272 0.151 0.036 0.013 0.000 0.000 0.000 0.000 0.000 0.000 0.000 0.000 0.697 
175 0.000 0.002 0.018 0.000 0.058 0.096 0.230 0.141 0.222 0.276 0.153 0.035 0.010 0.000 0.000 0.000 0.000 0.000 0.000 0.000 0.000 0.694 
176 0.000 0.002 0.016 0.000 0.060 0.097 0.231 0.139 0.222 0.269 0.157 0.035 0.008 0.000 0.000 0.000 0.000 0.000 0.000 0.000 0.000 0.686 
177 0.000 0.002 0.017 0.000 0.062 0.088 0.236 0.133 0.226 0.260 0.159 0.031 0.011 0.000 0.000 0.000 0.000 0.000 0.000 0.000 0.000 0.693 
178 0.000 0.002 0.018 0.000 0.065 0.075 0.226 0.132 0.223 0.264 0.151 0.033 0.009 0.000 0.000 0.000 0.000 0.000 0.000 0.000 0.000 0.710 
179 0.000 0.002 0.021 0.000 0.061 0.070 0.225 0.135 0.209 0.276 0.145 0.033 0.010 0.000 0.000 0.000 0.000 0.000 0.000 0.000 0.000 0.705 
180 0.000 0.002 0.023 0.000 0.062 0.068 0.220 0.137 0.208 0.269 0.149 0.035 0.010 0.000 0.000 0.000 0.000 0.000 0.000 0.000 0.000 0.711 
181 0.000 0.002 0.023 0.000 0.058 0.065 0.229 0.134 0.203 0.263 0.144 0.032 0.010 0.000 0.000 0.000 0.000 0.000 0.000 0.000 0.000 0.723 
182 0.000 0.002 0.020 0.000 0.065 0.053 0.224 0.144 0.203 0.269 0.139 0.033 0.011 0.000 0.000 0.000 0.000 0.000 0.000 0.000 0.000 0.718 
183 0.000 0.002 0.017 0.000 0.067 0.061 0.217 0.148 0.202 0.276 0.148 0.033 0.011 0.000 0.000 0.000 0.000 0.000 0.000 0.000 0.000 0.698 
184 0.000 0.000 0.020 0.000 0.060 0.053 0.211 0.157 0.185 0.280 0.147 0.032 0.012 0.000 0.000 0.000 0.000 0.000 0.000 0.000 0.000 0.699 
185 0.000 0.000 0.017 0.000 0.063 0.074 0.199 0.161 0.180 0.272 0.145 0.038 0.013 0.000 0.000 0.000 0.000 0.000 0.000 0.000 0.000 0.710 
186 0.000 0.000 0.017 0.000 0.065 0.097 0.203 0.163 0.177 0.272 0.141 0.039 0.013 0.000 0.000 0.000 0.000 0.000 0.000 0.000 0.000 0.721 
187 0.000 0.000 0.016 0.000 0.066 0.104 0.179 0.170 0.178 0.278 0.136 0.038 0.013 0.000 0.000 0.000 0.000 0.000 0.000 0.000 0.000 0.712 
188 0.000 0.000 0.016 0.000 0.067 0.104 0.188 0.166 0.181 0.289 0.136 0.036 0.012 0.000 0.000 0.000 0.000 0.000 0.000 0.000 0.000 0.705 
189 0.000 0.000 0.016 0.024 0.068 0.104 0.213 0.168 0.191 0.286 0.137 0.035 0.013 0.000 0.000 0.000 0.000 0.000 0.000 0.000 0.000 0.706 
190 0.000 0.000 0.016 0.027 0.070 0.100 0.208 0.169 0.191 0.287 0.131 0.034 0.013 0.000 0.000 0.000 0.000 0.000 0.000 0.000 0.000 0.727 
191 0.000 0.000 0.019 0.026 0.071 0.101 0.214 0.169 0.195 0.298 0.127 0.034 0.013 0.000 0.000 0.000 0.000 0.000 0.000 0.000 0.000 0.729 
192 0.000 0.000 0.025 0.028 0.073 0.094 0.217 0.171 0.197 0.300 0.129 0.033 0.013 0.000 0.000 0.000 0.000 0.000 0.000 0.000 0.000 0.722 
193 0.000 0.000 0.023 0.032 0.076 0.076 0.239 0.165 0.197 0.284 0.129 0.032 0.012 0.000 0.000 0.000 0.000 0.000 0.000 0.000 0.000 0.703 
194 0.000 0.000 0.020 0.027 0.077 0.076 0.248 0.157 0.194 0.275 0.129 0.027 0.012 0.000 0.000 0.000 0.000 0.000 0.000 0.000 0.000 0.710 
195 0.000 0.000 0.020 0.027 0.077 0.075 0.218 0.168 0.198 0.276 0.128 0.032 0.012 0.000 0.000 0.000 0.000 0.000 0.000 0.000 0.000 0.726 
196 0.000 0.000 0.019 0.033 0.083 0.077 0.210 0.172 0.201 0.265 0.131 0.033 0.011 0.000 0.018 0.000 0.000 0.000 0.000 0.000 0.000 0.717 
197 0.000 0.000 0.021 0.032 0.085 0.078 0.235 0.156 0.219 0.270 0.130 0.032 0.011 0.000 0.022 0.000 0.000 0.000 0.000 0.000 0.000 0.730 
198 0.000 0.000 0.021 0.030 0.087 0.077 0.227 0.156 0.222 0.274 0.133 0.029 0.012 0.000 0.021 0.000 0.000 0.000 0.000 0.000 0.000 0.743 
199 0.000 0.000 0.021 0.039 0.084 0.076 0.220 0.157 0.228 0.263 0.144 0.027 0.012 0.000 0.020 0.000 0.000 0.000 0.000 0.000 0.000 0.741 
200 0.000 0.000 0.025 0.037 0.087 0.076 0.201 0.163 0.222 0.268 0.138 0.030 0.009 0.000 0.023 0.000 0.000 0.000 0.000 0.000 0.000 0.752 
201 0.000 0.000 0.020 0.041 0.081 0.089 0.197 0.164 0.205 0.276 0.140 0.028 0.008 0.000 0.026 0.000 0.000 0.000 0.000 0.000 0.000 0.735 
202 0.000 0.000 0.017 0.036 0.081 0.080 0.201 0.166 0.202 0.270 0.136 0.027 0.007 0.000 0.028 0.000 0.000 0.000 0.000 0.000 0.000 0.734 
203 0.000 0.000 0.012 0.040 0.080 0.081 0.194 0.165 0.210 0.258 0.137 0.034 0.007 0.000 0.033 0.000 0.000 0.000 0.000 0.000 0.000 0.737 
204 0.000 0.000 0.003 0.037 0.076 0.080 0.181 0.168 0.206 0.264 0.143 0.034 0.007 0.000 0.032 0.000 0.000 0.000 0.000 0.000 0.000 0.737 
205 0.000 0.000 0.003 0.036 0.077 0.085 0.178 0.168 0.205 0.265 0.178 0.034 0.007 0.000 0.030 0.000 0.000 0.000 0.000 0.000 0.000 0.719 
206 0.000 0.000 0.003 0.035 0.082 0.090 0.181 0.167 0.197 0.271 0.172 0.037 0.009 0.000 0.026 0.000 0.000 0.000 0.000 0.000 0.000 0.719 
207 0.000 0.000 0.003 0.041 0.085 0.068 0.181 0.166 0.184 0.271 0.164 0.037 0.009 0.000 0.026 0.000 0.000 0.000 0.000 0.000 0.000 0.710 
208 0.000 0.000 0.003 0.041 0.085 0.066 0.179 0.165 0.176 0.279 0.160 0.039 0.009 0.000 0.024 0.000 0.000 0.000 0.000 0.000 0.000 0.719 
209 0.000 0.000 0.007 0.044 0.083 0.062 0.189 0.163 0.184 0.277 0.161 0.040 0.008 0.000 0.022 0.000 0.000 0.000 0.000 0.000 0.000 0.729 
210 0.000 0.000 0.003 0.050 0.066 0.087 0.180 0.161 0.188 0.274 0.159 0.043 0.007 0.000 0.022 0.000 0.000 0.000 0.000 0.000 0.000 0.713 
211 0.000 0.000 0.003 0.056 0.060 0.095 0.177 0.158 0.204 0.273 0.154 0.046 0.008 0.000 0.026 0.000 0.000 0.000 0.000 0.000 0.000 0.709 
212 0.000 0.000 0.003 0.059 0.066 0.095 0.169 0.171 0.209 0.276 0.153 0.046 0.009 0.000 0.023 0.000 0.000 0.000 0.000 0.000 0.000 0.707 
213 0.000 0.000 0.003 0.060 0.065 0.088 0.180 0.159 0.215 0.257 0.170 0.048 0.009 0.000 0.021 0.000 0.000 0.000 0.000 0.000 0.000 0.687 
214 0.000 0.000 0.003 0.057 0.071 0.087 0.177 0.153 0.221 0.265 0.170 0.045 0.010 0.000 0.018 0.000 0.000 0.000 0.000 0.000 0.000 0.688 
215 0.000 0.000 0.003 0.062 0.074 0.079 0.179 0.145 0.237 0.248 0.173 0.043 0.009 0.000 0.017 0.000 0.000 0.000 0.000 0.000 0.000 0.683 
216 0.000 0.000 0.003 0.060 0.081 0.069 0.186 0.145 0.237 0.249 0.171 0.045 0.008 0.000 0.020 0.000 0.000 0.000 0.000 0.000 0.000 0.686 
217 0.000 0.000 0.003 0.058 0.077 0.074 0.177 0.144 0.230 0.274 0.169 0.040 0.012 0.000 0.027 0.000 0.000 0.000 0.000 0.000 0.000 0.673 
218 0.000 0.000 0.000 0.054 0.079 0.083 0.175 0.143 0.228 0.280 0.167 0.045 0.012 0.000 0.026 0.000 0.000 0.000 0.000 0.000 0.000 0.667 
219 0.000 0.000 0.009 0.054 0.079 0.079 0.168 0.144 0.225 0.282 0.163 0.046 0.012 0.000 0.039 0.000 0.000 0.000 0.000 0.000 0.000 0.685 
220 0.000 0.000 0.013 0.052 0.075 0.082 0.169 0.142 0.227 0.278 0.161 0.046 0.012 0.000 0.040 0.000 0.000 0.000 0.000 0.000 0.000 0.684 
221 0.000 0.000 0.012 0.055 0.076 0.089 0.170 0.137 0.227 0.287 0.153 0.045 0.011 0.000 0.048 0.000 0.000 0.000 0.000 0.000 0.000 0.670 
222 0.000 0.000 0.009 0.057 0.076 0.089 0.175 0.139 0.228 0.288 0.150 0.043 0.010 0.000 0.048 0.000 0.000 0.000 0.000 0.000 0.000 0.688 
223 0.000 0.000 0.011 0.063 0.073 0.091 0.169 0.143 0.223 0.292 0.151 0.044 0.010 0.000 0.045 0.000 0.000 0.000 0.000 0.000 0.000 0.694 
224 0.000 0.000 0.011 0.066 0.075 0.094 0.172 0.137 0.231 0.288 0.149 0.045 0.009 0.000 0.042 0.000 0.000 0.000 0.000 0.000 0.000 0.699 
225 0.000 0.000 0.009 0.064 0.080 0.097 0.166 0.140 0.235 0.299 0.150 0.044 0.007 0.000 0.044 0.000 0.000 0.000 0.000 0.000 0.000 0.715 
226 0.000 0.000 0.006 0.065 0.076 0.101 0.166 0.141 0.241 0.297 0.147 0.039 0.006 0.000 0.042 0.000 0.000 0.000 0.000 0.000 0.000 0.714 
227 0.000 0.000 0.006 0.068 0.072 0.098 0.167 0.140 0.230 0.295 0.161 0.037 0.006 0.000 0.041 0.000 0.000 0.000 0.000 0.000 0.000 0.717 
228 0.000 0.000 0.006 0.070 0.070 0.090 0.169 0.145 0.216 0.294 0.155 0.038 0.005 0.000 0.044 0.000 0.000 0.000 0.000 0.000 0.000 0.715 
229 0.000 0.000 0.007 0.072 0.067 0.088 0.161 0.149 0.216 0.291 0.158 0.038 0.005 0.000 0.042 0.000 0.000 0.000 0.000 0.000 0.000 0.726 
230 0.000 0.000 0.006 0.076 0.064 0.090 0.142 0.157 0.219 0.284 0.166 0.037 0.005 0.000 0.042 0.000 0.000 0.000 0.000 0.000 0.000 0.728 
231 0.000 0.000 0.003 0.074 0.060 0.085 0.147 0.152 0.241 0.274 0.175 0.035 0.005 0.000 0.042 0.000 0.000 0.000 0.000 0.000 0.000 0.725 
232 0.000 0.000 0.003 0.069 0.063 0.082 0.150 0.148 0.233 0.276 0.171 0.033 0.005 0.000 0.039 0.000 0.000 0.000 0.000 0.000 0.000 0.714 
233 0.000 0.000 0.003 0.069 0.057 0.083 0.148 0.148 0.237 0.268 0.179 0.034 0.005 0.000 0.041 0.000 0.000 0.000 0.000 0.000 0.000 0.721 
234 0.000 0.000 0.006 0.070 0.055 0.084 0.149 0.142 0.262 0.273 0.177 0.032 0.005 0.000 0.044 0.000 0.000 0.000 0.000 0.000 0.000 0.725 
235 0.000 0.000 0.006 0.075 0.052 0.084 0.147 0.139 0.259 0.279 0.177 0.032 0.005 0.000 0.044 0.000 0.000 0.000 0.000 0.000 0.000 0.717 
236 0.000 0.000 0.009 0.071 0.052 0.084 0.156 0.143 0.253 0.281 0.169 0.032 0.005 0.000 0.055 0.000 0.000 0.000 0.000 0.000 0.000 0.713 
237 0.000 0.000 0.009 0.071 0.058 0.078 0.149 0.137 0.256 0.281 0.152 0.044 0.007 0.000 0.055 0.000 0.000 0.000 0.000 0.000 0.000 0.702 
238 0.000 0.000 0.014 0.069 0.056 0.089 0.151 0.138 0.256 0.283 0.154 0.044 0.007 0.000 0.060 0.000 0.000 0.000 0.000 0.000 0.000 0.703 
239 0.000 0.000 0.011 0.065 0.059 0.096 0.140 0.141 0.257 0.280 0.145 0.046 0.006 0.000 0.055 0.000 0.000 0.000 0.000 0.000 0.000 0.711 
240 0.000 0.000 0.003 0.057 0.061 0.091 0.148 0.134 0.255 0.271 0.149 0.046 0.006 0.000 0.059 0.000 0.000 0.000 0.000 0.000 0.000 0.710 
241 0.000 0.000 0.028 0.053 0.062 0.076 0.145 0.131 0.251 0.284 0.149 0.049 0.010 0.000 0.061 0.000 0.000 0.000 0.000 0.000 0.000 0.696 
242 0.000 0.000 0.033 0.060 0.057 0.073 0.141 0.130 0.255 0.292 0.149 0.051 0.009 0.000 0.060 0.000 0.000 0.000 0.000 0.000 0.000 0.697 
243 0.000 0.000 0.033 0.057 0.056 0.085 0.139 0.130 0.252 0.285 0.161 0.049 0.007 0.000 0.062 0.000 0.000 0.000 0.000 0.000 0.000 0.706 
244 0.000 0.000 0.029 0.063 0.055 0.099 0.136 0.137 0.242 0.280 0.166 0.050 0.006 0.000 0.063 0.000 0.000 0.000 0.000 0.000 0.000 0.699 
245 0.000 0.000 0.025 0.059 0.065 0.095 0.130 0.125 0.250 0.276 0.173 0.049 0.006 0.000 0.059 0.000 0.000 0.000 0.000 0.000 0.000 0.696 
246 0.000 0.000 0.036 0.055 0.069 0.099 0.125 0.132 0.244 0.283 0.170 0.050 0.006 0.000 0.060 0.000 0.000 0.000 0.000 0.000 0.000 0.697 
247 0.000 0.000 0.040 0.048 0.067 0.092 0.109 0.139 0.239 0.290 0.168 0.050 0.006 0.000 0.059 0.000 0.000 0.000 0.000 0.000 0.000 0.694 
248 0.000 0.000 0.038 0.046 0.062 0.104 0.098 0.140 0.227 0.288 0.167 0.048 0.007 0.000 0.058 0.000 0.000 0.000 0.000 0.000 0.000 0.698 
249 0.000 0.000 0.037 0.050 0.062 0.106 0.101 0.141 0.224 0.285 0.162 0.052 0.007 0.000 0.060 0.000 0.000 0.000 0.000 0.000 0.000 0.710 
250 0.000 0.000 0.038 0.056 0.058 0.109 0.111 0.143 0.218 0.282 0.166 0.053 0.007 0.000 0.061 0.000 0.000 0.000 0.000 0.000 0.000 0.705 
251 0.000 0.000 0.035 0.064 0.056 0.102 0.108 0.139 0.221 0.282 0.169 0.056 0.006 0.000 0.062 0.000 0.000 0.000 0.000 0.000 0.000 0.712 
252 0.000 0.000 0.035 0.059 0.056 0.109 0.119 0.138 0.241 0.266 0.168 0.063 0.006 0.000 0.066 0.000 0.000 0.000 0.000 0.000 0.000 0.711 
253 0.000 0.000 0.039 0.061 0.056 0.099 0.111 0.143 0.258 0.261 0.168 0.057 0.005 0.000 0.069 0.000 0.000 0.000 0.000 0.000 0.000 0.705 
254 0.000 0.000 0.039 0.066 0.060 0.103 0.103 0.142 0.252 0.261 0.167 0.056 0.004 0.000 0.070 0.000 0.000 0.000 0.000 0.000 0.000 0.697 
255 0.000 0.000 0.054 0.062 0.060 0.087 0.120 0.132 0.261 0.261 0.166 0.057 0.004 0.000 0.070 0.000 0.000 0.000 0.000 0.000 0.000 0.681 
256 0.000 0.000 0.059 0.064 0.059 0.084 0.117 0.131 0.253 0.259 0.173 0.057 0.004 0.000 0.069 0.000 0.000 0.000 0.000 0.000 0.000 0.678 
257 0.000 0.000 0.060 0.048 0.060 0.087 0.130 0.131 0.244 0.258 0.176 0.061 0.003 0.000 0.067 0.000 0.000 0.000 0.000 0.000 0.000 0.682 
258 0.000 0.000 0.056 0.043 0.055 0.092 0.137 0.136 0.236 0.245 0.178 0.059 0.003 0.000 0.067 0.000 0.000 0.000 0.000 0.000 0.000 0.699 
259 0.000 0.000 0.054 0.042 0.054 0.078 0.139 0.139 0.255 0.244 0.177 0.058 0.005 0.000 0.066 0.000 0.000 0.000 0.000 0.000 0.000 0.713 
260 0.000 0.000 0.053 0.039 0.054 0.081 0.137 0.133 0.261 0.247 0.176 0.062 0.006 0.000 0.067 0.000 0.007 0.000 0.000 0.000 0.000 0.706 
261 0.000 0.000 0.050 0.042 0.054 0.083 0.130 0.138 0.266 0.247 0.180 0.063 0.008 0.000 0.063 0.000 0.012 0.000 0.000 0.000 0.000 0.711 
262 0.000 0.000 0.050 0.039 0.055 0.081 0.132 0.133 0.268 0.254 0.176 0.064 0.007 0.000 0.065 0.000 0.009 0.000 0.000 0.000 0.000 0.716 
263 0.000 0.000 0.047 0.037 0.054 0.083 0.136 0.135 0.264 0.259 0.173 0.058 0.006 0.000 0.064 0.000 0.012 0.000 0.000 0.000 0.000 0.723 
264 0.000 0.000 0.047 0.038 0.057 0.086 0.139 0.134 0.265 0.249 0.156 0.057 0.006 0.000 0.078 0.000 0.009 0.000 0.000 0.000 0.000 0.729 
265 0.000 0.000 0.052 0.035 0.056 0.097 0.140 0.127 0.269 0.237 0.146 0.061 0.007 0.000 0.075 0.000 0.009 0.000 0.000 0.000 0.000 0.710 
266 0.000 0.000 0.047 0.041 0.057 0.105 0.144 0.135 0.274 0.224 0.141 0.068 0.007 0.000 0.077 0.000 0.007 0.000 0.000 0.000 0.000 0.716 
267 0.000 0.000 0.043 0.038 0.055 0.100 0.142 0.134 0.272 0.216 0.155 0.073 0.009 0.000 0.076 0.000 0.007 0.000 0.000 0.000 0.000 0.715 
268 0.000 0.000 0.040 0.038 0.054 0.097 0.142 0.131 0.265 0.213 0.157 0.070 0.007 0.000 0.071 0.000 0.007 0.000 0.000 0.000 0.000 0.710 
269 0.000 0.000 0.041 0.038 0.055 0.110 0.132 0.144 0.259 0.212 0.168 0.071 0.007 0.000 0.071 0.000 0.005 0.000 0.000 0.000 0.000 0.700 
270 0.000 0.000 0.042 0.044 0.057 0.118 0.141 0.149 0.266 0.211 0.168 0.072 0.007 0.000 0.075 0.000 0.005 0.000 0.000 0.000 0.000 0.695 
271 0.000 0.000 0.047 0.042 0.059 0.117 0.145 0.151 0.261 0.215 0.169 0.067 0.007 0.000 0.072 0.000 0.005 0.000 0.000 0.000 0.000 0.694 
272 0.000 0.000 0.047 0.041 0.055 0.107 0.133 0.159 0.294 0.229 0.167 0.071 0.007 0.000 0.069 0.000 0.005 0.000 0.000 0.000 0.000 0.664 
273 0.000 0.000 0.044 0.038 0.056 0.104 0.133 0.161 0.296 0.224 0.167 0.066 0.012 0.000 0.063 0.000 0.005 0.000 0.000 0.000 0.000 0.671 
274 0.000 0.000 0.039 0.040 0.051 0.107 0.128 0.183 0.279 0.220 0.166 0.069 0.012 0.000 0.061 0.000 0.005 0.000 0.000 0.000 0.000 0.699 
275 0.000 0.000 0.042 0.039 0.051 0.104 0.130 0.181 0.275 0.222 0.163 0.074 0.011 0.002 0.064 0.000 0.005 0.000 0.000 0.000 0.000 0.730 
276 0.000 0.000 0.043 0.044 0.054 0.097 0.125 0.183 0.282 0.238 0.151 0.073 0.005 0.010 0.067 0.000 0.005 0.000 0.000 0.000 0.000 0.746 
277 0.000 0.000 0.044 0.047 0.053 0.096 0.144 0.175 0.295 0.222 0.156 0.074 0.009 0.010 0.064 0.000 0.005 0.000 0.000 0.000 0.000 0.739 
278 0.000 0.000 0.046 0.049 0.055 0.085 0.176 0.160 0.289 0.223 0.151 0.073 0.015 0.002 0.064 0.000 0.005 0.000 0.000 0.000 0.000 0.714 
279 0.000 0.000 0.048 0.049 0.051 0.088 0.160 0.162 0.288 0.231 0.154 0.072 0.014 0.002 0.062 0.000 0.005 0.000 0.000 0.000 0.000 0.752 
280 0.000 0.000 0.054 0.045 0.050 0.078 0.156 0.163 0.282 0.237 0.147 0.075 0.015 0.002 0.059 0.000 0.005 0.000 0.000 0.000 0.000 0.739 
281 0.000 0.000 0.055 0.034 0.050 0.074 0.184 0.152 0.285 0.234 0.151 0.077 0.013 0.002 0.059 0.000 0.008 0.000 0.000 0.000 0.000 0.731 
282 0.000 0.000 0.050 0.035 0.050 0.079 0.184 0.162 0.285 0.247 0.151 0.081 0.012 0.002 0.061 0.000 0.008 0.000 0.000 0.000 0.000 0.713 
283 0.000 0.000 0.038 0.043 0.052 0.076 0.175 0.158 0.279 0.237 0.150 0.081 0.012 0.000 0.058 0.000 0.008 0.000 0.000 0.000 0.000 0.696 
284 0.000 0.000 0.040 0.047 0.044 0.070 0.184 0.155 0.279 0.237 0.140 0.079 0.007 0.008 0.061 0.000 0.007 0.000 0.000 0.000 0.000 0.696 
285 0.000 0.000 0.044 0.041 0.046 0.061 0.188 0.155 0.272 0.247 0.136 0.083 0.007 0.008 0.062 0.000 0.007 0.000 0.000 0.000 0.000 0.702 
286 0.000 0.000 0.045 0.043 0.052 0.048 0.182 0.156 0.261 0.263 0.133 0.085 0.008 0.008 0.064 0.000 0.007 0.000 0.000 0.000 0.000 0.708 
287 0.000 0.000 0.047 0.040 0.052 0.045 0.172 0.164 0.258 0.260 0.147 0.080 0.008 0.006 0.063 0.000 0.007 0.000 0.000 0.000 0.000 0.705 
288 0.000 0.000 0.050 0.036 0.051 0.039 0.163 0.174 0.246 0.261 0.145 0.078 0.007 0.006 0.060 0.000 0.007 0.000 0.000 0.000 0.000 0.702 
289 0.000 0.000 0.051 0.042 0.050 0.039 0.155 0.175 0.240 0.264 0.130 0.079 0.010 0.000 0.060 0.000 0.005 0.000 0.000 0.000 0.000 0.695 
290 0.000 0.002 0.053 0.048 0.055 0.034 0.166 0.168 0.245 0.267 0.132 0.082 0.010 0.000 0.057 0.000 0.005 0.000 0.000 0.000 0.000 0.678 
291 0.000 0.002 0.051 0.054 0.055 0.043 0.162 0.166 0.248 0.268 0.132 0.078 0.012 0.000 0.060 0.000 0.005 0.000 0.000 0.000 0.000 0.680 
292 0.000 0.002 0.049 0.051 0.049 0.051 0.160 0.168 0.243 0.265 0.134 0.075 0.017 0.000 0.061 0.000 0.005 0.000 0.000 0.000 0.000 0.691 
293 0.000 0.002 0.046 0.046 0.044 0.055 0.166 0.159 0.253 0.261 0.130 0.076 0.017 0.000 0.065 0.000 0.005 0.000 0.000 0.000 0.000 0.702 
294 0.000 0.002 0.049 0.038 0.040 0.055 0.144 0.164 0.249 0.256 0.131 0.075 0.023 0.000 0.062 0.000 0.007 0.000 0.000 0.000 0.000 0.688 
295 0.000 0.017 0.051 0.042 0.034 0.050 0.148 0.168 0.254 0.246 0.130 0.071 0.023 0.000 0.069 0.000 0.009 0.000 0.000 0.000 0.000 0.669 
296 0.000 0.012 0.051 0.041 0.036 0.050 0.168 0.158 0.259 0.247 0.120 0.071 0.025 0.000 0.069 0.000 0.011 0.000 0.000 0.000 0.000 0.678 
297 0.000 0.014 0.056 0.031 0.036 0.050 0.156 0.160 0.249 0.256 0.129 0.073 0.026 0.000 0.068 0.000 0.011 0.000 0.000 0.000 0.000 0.698 
298 0.000 0.014 0.056 0.027 0.036 0.047 0.154 0.156 0.248 0.254 0.135 0.074 0.027 0.000 0.066 0.000 0.011 0.000 0.000 0.000 0.000 0.716 
299 0.000 0.016 0.058 0.022 0.038 0.046 0.153 0.156 0.249 0.257 0.139 0.072 0.032 0.000 0.061 0.000 0.009 0.002 0.000 0.000 0.000 0.718 
300 0.000 0.015 0.051 0.025 0.036 0.051 0.139 0.154 0.256 0.271 0.147 0.075 0.035 0.000 0.056 0.000 0.013 0.002 0.000 0.000 0.000 0.706 
301 0.000 0.013 0.044 0.034 0.035 0.058 0.137 0.151 0.252 0.277 0.151 0.075 0.032 0.000 0.059 0.000 0.013 0.002 0.000 0.000 0.000 0.694 
302 0.000 0.013 0.038 0.039 0.041 0.055 0.174 0.132 0.233 0.281 0.156 0.072 0.032 0.002 0.061 0.000 0.013 0.002 0.000 0.000 0.000 0.700 
303 0.000 0.012 0.039 0.039 0.042 0.059 0.165 0.136 0.224 0.299 0.155 0.075 0.030 0.002 0.060 0.000 0.010 0.002 0.000 0.000 0.000 0.697 
304 0.000 0.010 0.044 0.036 0.041 0.059 0.151 0.150 0.249 0.294 0.145 0.070 0.029 0.002 0.065 0.000 0.010 0.002 0.000 0.000 0.000 0.688 
305 0.000 0.012 0.044 0.037 0.042 0.057 0.154 0.158 0.250 0.290 0.151 0.061 0.035 0.004 0.066 0.000 0.010 0.002 0.000 0.000 0.000 0.687 
306 0.000 0.012 0.045 0.038 0.039 0.050 0.155 0.147 0.273 0.284 0.142 0.062 0.035 0.004 0.066 0.000 0.010 0.002 0.000 0.000 0.000 0.700 
307 0.000 0.012 0.049 0.031 0.039 0.051 0.152 0.141 0.272 0.267 0.148 0.063 0.036 0.004 0.067 0.000 0.009 0.002 0.000 0.000 0.000 0.723 
308 0.000 0.012 0.049 0.028 0.038 0.044 0.150 0.141 0.252 0.268 0.163 0.065 0.036 0.004 0.064 0.000 0.011 0.002 0.000 0.000 0.000 0.721 
309 0.000 0.012 0.046 0.029 0.035 0.050 0.148 0.135 0.272 0.258 0.159 0.062 0.037 0.002 0.065 0.000 0.010 0.005 0.000 0.000 0.000 0.710 
310 0.000 0.012 0.041 0.031 0.031 0.051 0.154 0.125 0.280 0.256 0.156 0.058 0.037 0.002 0.068 0.000 0.010 0.004 0.000 0.000 0.000 0.709 
311 0.000 0.010 0.042 0.031 0.028 0.058 0.168 0.129 0.278 0.255 0.162 0.056 0.033 0.002 0.069 0.000 0.009 0.004 0.000 0.000 0.000 0.692 
312 0.000 0.010 0.041 0.030 0.031 0.052 0.159 0.137 0.267 0.249 0.164 0.059 0.037 0.002 0.065 0.000 0.009 0.004 0.000 0.000 0.000 0.683 
313 0.000 0.010 0.034 0.030 0.030 0.051 0.158 0.135 0.259 0.250 0.163 0.058 0.037 0.002 0.068 0.000 0.011 0.007 0.000 0.000 0.000 0.665 
314 0.001 0.009 0.033 0.032 0.030 0.050 0.148 0.137 0.299 0.251 0.165 0.058 0.036 0.002 0.071 0.000 0.011 0.007 0.000 0.000 0.000 0.647 
315 0.001 0.009 0.034 0.035 0.029 0.055 0.149 0.141 0.292 0.255 0.163 0.058 0.040 0.002 0.068 0.000 0.013 0.006 0.000 0.000 0.000 0.667 
316 0.001 0.009 0.035 0.032 0.031 0.055 0.152 0.142 0.300 0.262 0.152 0.057 0.043 0.002 0.071 0.000 0.013 0.009 0.000 0.000 0.000 0.658 
317 0.001 0.009 0.035 0.037 0.030 0.053 0.154 0.141 0.299 0.263 0.151 0.055 0.041 0.002 0.071 0.000 0.013 0.007 0.000 0.000 0.000 0.673 
318 0.000 0.008 0.034 0.038 0.029 0.060 0.159 0.140 0.306 0.255 0.160 0.055 0.046 0.002 0.069 0.000 0.013 0.007 0.000 0.000 0.000 0.675 
319 0.000 0.008 0.035 0.029 0.030 0.061 0.144 0.144 0.304 0.261 0.156 0.056 0.043 0.002 0.071 0.000 0.013 0.007 0.000 0.000 0.000 0.678 
320 0.000 0.007 0.033 0.029 0.030 0.061 0.139 0.148 0.312 0.261 0.160 0.055 0.046 0.002 0.072 0.000 0.018 0.007 0.000 0.000 0.000 0.692 
321 0.000 0.007 0.029 0.033 0.030 0.067 0.144 0.146 0.292 0.277 0.161 0.057 0.046 0.006 0.071 0.000 0.016 0.007 0.000 0.000 0.000 0.709 
322 0.000 0.007 0.038 0.036 0.029 0.057 0.149 0.147 0.295 0.285 0.158 0.057 0.047 0.007 0.069 0.000 0.014 0.009 0.000 0.000 0.000 0.724 
323 0.000 0.007 0.042 0.030 0.027 0.051 0.146 0.150 0.308 0.279 0.159 0.055 0.049 0.007 0.068 0.000 0.014 0.009 0.000 0.000 0.000 0.736 
324 0.000 0.009 0.044 0.027 0.024 0.055 0.145 0.147 0.299 0.277 0.161 0.058 0.046 0.007 0.067 0.000 0.013 0.009 0.000 0.000 0.000 0.713 
325 0.000 0.009 0.046 0.025 0.024 0.058 0.158 0.137 0.288 0.291 0.151 0.060 0.044 0.009 0.068 0.000 0.013 0.009 0.000 0.000 0.000 0.718 
326 0.000 0.013 0.045 0.025 0.025 0.061 0.160 0.147 0.266 0.293 0.154 0.058 0.044 0.009 0.069 0.000 0.013 0.009 0.000 0.000 0.000 0.717 
327 0.002 0.012 0.049 0.022 0.027 0.049 0.161 0.157 0.250 0.281 0.165 0.057 0.047 0.009 0.068 0.000 0.012 0.008 0.000 0.000 0.000 0.724 
328 0.002 0.012 0.043 0.018 0.030 0.062 0.163 0.156 0.261 0.267 0.164 0.057 0.048 0.009 0.068 0.000 0.010 0.006 0.000 0.000 0.000 0.707 
329 0.002 0.016 0.040 0.021 0.030 0.073 0.165 0.159 0.244 0.263 0.164 0.056 0.049 0.008 0.067 0.000 0.009 0.009 0.000 0.000 0.000 0.703 
330 0.002 0.021 0.043 0.023 0.031 0.062 0.160 0.157 0.245 0.249 0.181 0.060 0.053 0.008 0.061 0.000 0.007 0.011 0.000 0.000 0.000 0.688 
331 0.002 0.023 0.042 0.023 0.034 0.068 0.160 0.151 0.281 0.245 0.199 0.065 0.054 0.008 0.062 0.000 0.007 0.009 0.004 0.000 0.000 0.662 
332 0.002 0.037 0.049 0.023 0.036 0.058 0.151 0.160 0.289 0.247 0.199 0.066 0.051 0.010 0.063 0.000 0.009 0.009 0.004 0.000 0.000 0.675 
333 0.002 0.036 0.047 0.020 0.035 0.050 0.146 0.157 0.292 0.249 0.194 0.063 0.048 0.021 0.066 0.000 0.012 0.007 0.004 0.000 0.000 0.676 
334 0.002 0.033 0.049 0.022 0.032 0.051 0.180 0.149 0.290 0.254 0.190 0.062 0.050 0.020 0.067 0.000 0.014 0.007 0.004 0.000 0.000 0.692 
335 0.002 0.030 0.050 0.019 0.034 0.058 0.180 0.151 0.296 0.251 0.189 0.062 0.054 0.019 0.068 0.000 0.014 0.009 0.000 0.000 0.000 0.684 
336 0.002 0.031 0.052 0.019 0.031 0.061 0.193 0.153 0.288 0.255 0.189 0.058 0.052 0.016 0.065 0.000 0.014 0.009 0.000 0.000 0.000 0.674 
337 0.000 0.032 0.052 0.020 0.029 0.067 0.190 0.153 0.270 0.265 0.189 0.058 0.052 0.015 0.065 0.000 0.013 0.009 0.000 0.000 0.000 0.695 
338 0.000 0.032 0.058 0.020 0.029 0.074 0.191 0.143 0.281 0.264 0.186 0.054 0.053 0.014 0.067 0.000 0.011 0.008 0.000 0.000 0.000 0.695 
339 0.001 0.028 0.057 0.020 0.031 0.081 0.197 0.145 0.278 0.256 0.194 0.057 0.052 0.014 0.068 0.000 0.011 0.009 0.000 0.000 0.000 0.694 
340 0.001 0.027 0.057 0.027 0.030 0.086 0.195 0.144 0.269 0.270 0.191 0.058 0.052 0.014 0.074 0.000 0.011 0.008 0.000 0.000 0.000 0.682 
341 0.001 0.028 0.057 0.029 0.031 0.071 0.194 0.148 0.257 0.278 0.190 0.058 0.050 0.014 0.072 0.000 0.011 0.011 0.000 0.000 0.000 0.694 
342 0.001 0.028 0.053 0.032 0.032 0.057 0.192 0.146 0.265 0.265 0.190 0.063 0.049 0.016 0.074 0.000 0.009 0.008 0.000 0.000 0.000 0.699 
343 0.003 0.026 0.056 0.037 0.030 0.057 0.174 0.148 0.265 0.265 0.191 0.064 0.051 0.011 0.077 0.000 0.009 0.008 0.000 0.000 0.000 0.695 
344 0.003 0.026 0.055 0.035 0.029 0.057 0.218 0.142 0.265 0.261 0.219 0.063 0.047 0.012 0.080 0.000 0.009 0.008 0.000 0.000 0.000 0.670 
345 0.006 0.024 0.058 0.035 0.031 0.064 0.215 0.145 0.257 0.253 0.219 0.064 0.045 0.012 0.087 0.000 0.002 0.008 0.007 0.000 0.000 0.668 
346 0.006 0.024 0.058 0.034 0.034 0.069 0.209 0.138 0.251 0.251 0.223 0.063 0.042 0.018 0.089 0.000 0.002 0.011 0.007 0.000 0.000 0.670 
347 0.006 0.026 0.049 0.039 0.037 0.080 0.198 0.136 0.237 0.248 0.236 0.074 0.042 0.018 0.086 0.000 0.002 0.013 0.007 0.000 0.000 0.661 
348 0.008 0.025 0.050 0.038 0.041 0.087 0.199 0.149 0.225 0.244 0.234 0.072 0.042 0.018 0.085 0.000 0.002 0.013 0.007 0.000 0.000 0.662 
349 0.007 0.023 0.030 0.041 0.050 0.088 0.208 0.148 0.222 0.250 0.236 0.078 0.039 0.018 0.089 0.000 0.002 0.013 0.007 0.000 0.000 0.653 
350 0.007 0.022 0.038 0.044 0.046 0.080 0.207 0.150 0.218 0.255 0.230 0.079 0.039 0.019 0.087 0.000 0.002 0.013 0.008 0.000 0.000 0.676 
351 0.007 0.021 0.035 0.047 0.044 0.073 0.204 0.155 0.226 0.249 0.229 0.075 0.039 0.022 0.086 0.000 0.002 0.013 0.008 0.000 0.000 0.675 
352 0.007 0.021 0.033 0.046 0.041 0.068 0.192 0.155 0.238 0.249 0.223 0.074 0.039 0.022 0.086 0.000 0.002 0.011 0.011 0.000 0.000 0.687 
353 0.007 0.021 0.029 0.046 0.039 0.067 0.196 0.151 0.232 0.243 0.213 0.076 0.036 0.021 0.082 0.000 0.002 0.013 0.013 0.000 0.000 0.695 
354 0.008 0.021 0.032 0.046 0.039 0.058 0.188 0.156 0.230 0.250 0.222 0.072 0.040 0.022 0.080 0.002 0.002 0.013 0.009 0.000 0.000 0.696 
355 0.007 0.021 0.034 0.051 0.045 0.054 0.183 0.157 0.231 0.242 0.232 0.071 0.040 0.027 0.077 0.002 0.003 0.011 0.009 0.000 0.000 0.701 
356 0.007 0.020 0.031 0.047 0.048 0.045 0.182 0.155 0.240 0.246 0.234 0.066 0.040 0.029 0.079 0.002 0.003 0.011 0.009 0.000 0.000 0.713 
357 0.006 0.021 0.031 0.043 0.049 0.046 0.189 0.158 0.246 0.249 0.232 0.068 0.038 0.028 0.079 0.002 0.003 0.011 0.013 0.000 0.000 0.704 
358 0.007 0.022 0.030 0.040 0.048 0.058 0.179 0.153 0.242 0.251 0.224 0.066 0.037 0.026 0.080 0.000 0.005 0.009 0.013 0.000 0.000 0.709 
359 0.008 0.022 0.030 0.043 0.049 0.057 0.183 0.152 0.237 0.243 0.220 0.070 0.036 0.026 0.081 0.000 0.005 0.011 0.011 0.000 0.000 0.704 
360 0.007 0.023 0.029 0.044 0.052 0.063 0.202 0.145 0.233 0.256 0.222 0.067 0.036 0.024 0.077 0.000 0.005 0.015 0.007 0.000 0.000 0.685 
361 0.007 0.016 0.029 0.044 0.050 0.063 0.201 0.141 0.230 0.263 0.230 0.065 0.047 0.022 0.077 0.000 0.005 0.015 0.008 0.000 0.000 0.669 
362 0.007 0.017 0.029 0.047 0.052 0.065 0.196 0.142 0.228 0.277 0.215 0.064 0.048 0.024 0.082 0.000 0.005 0.015 0.008 0.000 0.000 0.679 
363 0.006 0.017 0.028 0.049 0.048 0.082 0.185 0.151 0.215 0.283 0.218 0.063 0.051 0.027 0.087 0.000 0.007 0.013 0.004 0.000 0.000 0.684 
364 0.006 0.018 0.030 0.049 0.044 0.082 0.188 0.150 0.208 0.273 0.217 0.061 0.055 0.023 0.085 0.000 0.007 0.013 0.004 0.000 0.000 0.700 
365 0.006 0.018 0.030 0.049 0.046 0.079 0.188 0.143 0.226 0.272 0.214 0.070 0.056 0.021 0.077 0.000 0.007 0.013 0.004 0.000 0.000 0.691 
366 0.003 0.020 0.033 0.049 0.048 0.073 0.188 0.148 0.222 0.271 0.226 0.070 0.052 0.022 0.077 0.000 0.007 0.013 0.004 0.000 0.000 0.678 
367 0.003 0.020 0.034 0.046 0.048 0.073 0.183 0.151 0.224 0.274 0.227 0.071 0.049 0.022 0.078 0.000 0.010 0.012 0.004 0.000 0.000 0.691 
368 0.006 0.016 0.034 0.049 0.044 0.070 0.184 0.151 0.224 0.277 0.221 0.072 0.048 0.021 0.088 0.000 0.010 0.012 0.004 0.000 0.000 0.709 
369 0.007 0.016 0.033 0.055 0.047 0.066 0.157 0.165 0.220 0.269 0.217 0.074 0.045 0.024 0.089 0.000 0.011 0.011 0.004 0.000 0.000 0.701 
370 0.006 0.018 0.037 0.047 0.044 0.067 0.159 0.163 0.233 0.262 0.208 0.075 0.046 0.022 0.085 0.000 0.012 0.012 0.000 0.000 0.000 0.683 
371 0.006 0.018 0.038 0.045 0.044 0.060 0.158 0.161 0.231 0.259 0.208 0.086 0.048 0.018 0.084 0.000 0.010 0.012 0.000 0.000 0.000 0.681 
372 0.006 0.019 0.042 0.049 0.043 0.054 0.155 0.158 0.236 0.266 0.205 0.092 0.045 0.019 0.082 0.000 0.011 0.012 0.000 0.000 0.000 0.683 
373 0.007 0.017 0.034 0.054 0.042 0.054 0.157 0.151 0.241 0.271 0.209 0.090 0.049 0.018 0.082 0.000 0.011 0.011 0.000 0.000 0.000 0.664 
374 0.007 0.015 0.034 0.059 0.040 0.054 0.158 0.151 0.242 0.259 0.204 0.096 0.054 0.019 0.080 0.000 0.009 0.011 0.000 0.000 0.000 0.668 
375 0.006 0.015 0.038 0.057 0.040 0.051 0.159 0.151 0.238 0.262 0.201 0.088 0.052 0.017 0.080 0.000 0.006 0.015 0.000 0.000 0.000 0.665 
376 0.006 0.016 0.039 0.058 0.035 0.055 0.160 0.144 0.245 0.255 0.204 0.098 0.054 0.015 0.081 0.000 0.007 0.015 0.000 0.000 0.000 0.653 
377 0.006 0.019 0.043 0.066 0.036 0.057 0.162 0.139 0.250 0.275 0.204 0.098 0.055 0.014 0.073 0.000 0.008 0.012 0.000 0.000 0.000 0.651 
378 0.007 0.018 0.040 0.066 0.032 0.058 0.181 0.170 0.247 0.273 0.213 0.097 0.049 0.017 0.087 0.000 0.008 0.012 0.000 0.000 0.000 0.599 
379 0.009 0.015 0.039 0.067 0.040 0.047 0.178 0.171 0.246 0.274 0.208 0.101 0.051 0.016 0.083 0.000 0.008 0.012 0.000 0.000 0.000 0.615 
380 0.009 0.019 0.038 0.069 0.045 0.043 0.191 0.159 0.244 0.269 0.206 0.098 0.047 0.017 0.084 0.000 0.007 0.012 0.000 0.000 0.000 0.635 
381 0.009 0.021 0.040 0.065 0.048 0.045 0.198 0.153 0.245 0.264 0.209 0.096 0.045 0.019 0.088 0.000 0.007 0.013 0.000 0.000 0.000 0.657 
382 0.009 0.021 0.035 0.061 0.047 0.040 0.195 0.156 0.233 0.262 0.210 0.094 0.044 0.020 0.093 0.000 0.007 0.013 0.000 0.000 0.000 0.663 
383 0.010 0.021 0.030 0.062 0.048 0.041 0.201 0.157 0.236 0.263 0.211 0.093 0.043 0.022 0.096 0.000 0.007 0.013 0.000 0.000 0.000 0.696 
384 0.009 0.024 0.032 0.061 0.048 0.041 0.196 0.161 0.222 0.263 0.205 0.090 0.046 0.024 0.096 0.000 0.007 0.011 0.000 0.000 0.000 0.732 
385 0.010 0.028 0.029 0.060 0.044 0.034 0.184 0.166 0.226 0.261 0.199 0.093 0.045 0.023 0.090 0.000 0.002 0.011 0.000 0.000 0.000 0.746 
386 0.010 0.025 0.032 0.059 0.038 0.033 0.202 0.167 0.221 0.265 0.202 0.097 0.043 0.023 0.086 0.000 0.003 0.009 0.000 0.000 0.000 0.730 
387 0.010 0.023 0.034 0.059 0.039 0.029 0.199 0.165 0.241 0.253 0.196 0.096 0.045 0.022 0.087 0.000 0.000 0.007 0.000 0.000 0.000 0.720 
388 0.010 0.022 0.033 0.057 0.043 0.030 0.204 0.165 0.241 0.254 0.192 0.096 0.040 0.024 0.089 0.000 0.000 0.007 0.000 0.000 0.000 0.723 
389 0.010 0.021 0.034 0.056 0.040 0.028 0.206 0.166 0.252 0.252 0.190 0.095 0.040 0.028 0.090 0.000 0.000 0.007 0.000 0.000 0.000 0.717 
390 0.012 0.023 0.038 0.062 0.039 0.029 0.203 0.157 0.297 0.247 0.188 0.097 0.053 0.028 0.083 0.000 0.000 0.007 0.000 0.000 0.000 0.719 
391 0.010 0.025 0.036 0.061 0.036 0.027 0.206 0.156 0.285 0.248 0.190 0.098 0.050 0.031 0.077 0.000 0.000 0.005 0.000 0.000 0.000 0.735 
392 0.010 0.025 0.036 0.057 0.033 0.029 0.191 0.167 0.278 0.249 0.186 0.101 0.047 0.028 0.077 0.000 0.000 0.005 0.000 0.000 0.000 0.722 
393 0.010 0.023 0.031 0.059 0.031 0.030 0.187 0.167 0.258 0.261 0.188 0.104 0.047 0.026 0.073 0.000 0.000 0.005 0.000 0.000 0.000 0.709 
394 0.010 0.025 0.029 0.054 0.033 0.032 0.196 0.162 0.254 0.274 0.196 0.110 0.049 0.025 0.076 0.000 0.000 0.004 0.000 0.000 0.000 0.704 
395 0.010 0.025 0.029 0.056 0.025 0.038 0.196 0.163 0.252 0.266 0.193 0.110 0.048 0.025 0.074 0.000 0.000 0.004 0.000 0.000 0.000 0.691 
396 0.008 0.029 0.030 0.058 0.025 0.036 0.201 0.161 0.244 0.276 0.192 0.111 0.045 0.024 0.075 0.000 0.000 0.004 0.000 0.000 0.000 0.682 
397 0.008 0.033 0.031 0.056 0.025 0.035 0.197 0.154 0.248 0.278 0.188 0.113 0.045 0.025 0.080 0.000 0.000 0.004 0.000 0.000 0.000 0.692 
398 0.008 0.031 0.030 0.059 0.025 0.029 0.206 0.148 0.251 0.271 0.184 0.112 0.044 0.022 0.084 0.000 0.000 0.005 0.000 0.000 0.000 0.688 
399 0.008 0.033 0.033 0.060 0.026 0.026 0.201 0.149 0.248 0.266 0.184 0.112 0.043 0.023 0.080 0.000 0.000 0.005 0.000 0.000 0.000 0.678 
400 0.007 0.032 0.030 0.071 0.029 0.026 0.222 0.151 0.257 0.272 0.172 0.110 0.044 0.019 0.088 0.000 0.000 0.005 0.000 0.000 0.000 0.678 
401 0.007 0.032 0.032 0.073 0.028 0.026 0.224 0.154 0.257 0.263 0.175 0.107 0.044 0.015 0.089 0.000 0.000 0.005 0.000 0.000 0.000 0.667 
402 0.009 0.032 0.031 0.076 0.035 0.026 0.222 0.155 0.248 0.254 0.175 0.106 0.044 0.015 0.091 0.000 0.000 0.005 0.000 0.000 0.000 0.656 
403 0.008 0.030 0.031 0.088 0.040 0.027 0.219 0.154 0.255 0.242 0.177 0.100 0.042 0.013 0.095 0.000 0.000 0.007 0.000 0.000 0.000 0.662 
404 0.008 0.031 0.036 0.083 0.041 0.028 0.223 0.153 0.242 0.234 0.183 0.097 0.042 0.015 0.098 0.000 0.000 0.007 0.000 0.000 0.000 0.632 
405 0.008 0.029 0.028 0.081 0.049 0.030 0.223 0.154 0.233 0.235 0.194 0.098 0.042 0.015 0.095 0.000 0.000 0.007 0.000 0.000 0.000 0.654 
406 0.008 0.028 0.028 0.077 0.048 0.030 0.248 0.152 0.230 0.238 0.199 0.098 0.042 0.016 0.091 0.000 0.000 0.007 0.000 0.000 0.000 0.646 
407 0.008 0.027 0.031 0.084 0.046 0.044 0.286 0.154 0.236 0.245 0.202 0.103 0.044 0.010 0.091 0.000 0.000 0.007 0.000 0.000 0.000 0.647 
408 0.011 0.025 0.031 0.094 0.044 0.040 0.285 0.148 0.230 0.238 0.200 0.100 0.043 0.010 0.095 0.000 0.000 0.007 0.000 0.000 0.000 0.648 
409 0.010 0.024 0.032 0.087 0.045 0.039 0.278 0.149 0.243 0.237 0.198 0.101 0.061 0.013 0.087 0.000 0.000 0.007 0.000 0.000 0.000 0.664 
410 0.011 0.019 0.032 0.086 0.044 0.041 0.285 0.144 0.250 0.236 0.196 0.107 0.059 0.010 0.089 0.000 0.000 0.007 0.000 0.000 0.000 0.671 
411 0.009 0.018 0.028 0.084 0.042 0.039 0.279 0.153 0.252 0.240 0.197 0.108 0.059 0.014 0.094 0.000 0.000 0.007 0.000 0.000 0.000 0.721 
412 0.009 0.020 0.040 0.086 0.035 0.037 0.265 0.151 0.251 0.227 0.202 0.101 0.061 0.014 0.097 0.000 0.000 0.007 0.000 0.000 0.000 0.721 
413 0.009 0.022 0.038 0.083 0.033 0.035 0.265 0.151 0.249 0.229 0.204 0.098 0.059 0.013 0.103 0.000 0.000 0.007 0.000 0.000 0.000 0.738 
414 0.011 0.024 0.039 0.081 0.033 0.034 0.265 0.154 0.231 0.224 0.205 0.096 0.058 0.013 0.108 0.000 0.000 0.007 0.000 0.000 0.000 0.727 
415 0.010 0.020 0.038 0.077 0.031 0.034 0.264 0.158 0.230 0.232 0.215 0.096 0.056 0.013 0.101 0.000 0.000 0.007 0.000 0.000 0.000 0.721 
416 0.012 0.018 0.039 0.075 0.032 0.033 0.277 0.157 0.223 0.240 0.217 0.094 0.060 0.015 0.101 0.000 0.002 0.005 0.000 0.000 0.000 0.711 
417 0.012 0.014 0.044 0.059 0.052 0.032 0.281 0.159 0.216 0.236 0.218 0.094 0.059 0.014 0.099 0.000 0.002 0.005 0.000 0.000 0.000 0.704 
418 0.012 0.014 0.041 0.059 0.054 0.027 0.285 0.163 0.211 0.230 0.223 0.088 0.060 0.015 0.096 0.000 0.002 0.005 0.000 0.000 0.000 0.699 
419 0.012 0.014 0.037 0.064 0.053 0.026 0.277 0.162 0.209 0.232 0.222 0.087 0.058 0.018 0.097 0.000 0.002 0.005 0.000 0.000 0.000 0.687 
420 0.011 0.017 0.032 0.066 0.049 0.021 0.269 0.163 0.204 0.228 0.222 0.081 0.057 0.024 0.100 0.000 0.002 0.005 0.000 0.000 0.000 0.692 
421 0.016 0.018 0.037 0.067 0.052 0.021 0.298 0.159 0.207 0.234 0.216 0.076 0.054 0.026 0.104 0.000 0.002 0.005 0.000 0.000 0.000 0.678 
422 0.017 0.023 0.037 0.071 0.054 0.022 0.296 0.162 0.200 0.231 0.213 0.076 0.053 0.025 0.100 0.000 0.000 0.005 0.000 0.000 0.000 0.683 
423 0.016 0.025 0.037 0.073 0.058 0.022 0.290 0.161 0.192 0.244 0.206 0.076 0.055 0.024 0.099 0.000 0.000 0.005 0.000 0.000 0.000 0.676 
424 0.016 0.024 0.034 0.075 0.059 0.027 0.279 0.157 0.196 0.240 0.208 0.075 0.055 0.022 0.100 0.000 0.000 0.005 0.000 0.000 0.000 0.697 
425 0.016 0.023 0.035 0.072 0.060 0.025 0.273 0.158 0.212 0.221 0.207 0.077 0.057 0.022 0.095 0.000 0.000 0.005 0.000 0.000 0.000 0.695 
426 0.016 0.020 0.037 0.068 0.057 0.020 0.249 0.168 0.225 0.211 0.211 0.081 0.056 0.021 0.095 0.000 0.000 0.004 0.000 0.000 0.000 0.696 
427 0.016 0.020 0.032 0.065 0.058 0.022 0.237 0.164 0.222 0.211 0.196 0.077 0.055 0.021 0.101 0.000 0.032 0.004 0.000 0.000 0.000 0.688 
428 0.017 0.023 0.031 0.068 0.057 0.019 0.248 0.162 0.220 0.226 0.186 0.080 0.056 0.021 0.102 0.000 0.032 0.004 0.000 0.000 0.000 0.679 
429 0.020 0.018 0.035 0.069 0.057 0.020 0.233 0.172 0.216 0.231 0.180 0.088 0.060 0.019 0.103 0.000 0.029 0.007 0.000 0.000 0.000 0.665 
430 0.020 0.016 0.038 0.069 0.059 0.020 0.241 0.173 0.221 0.241 0.186 0.088 0.059 0.019 0.104 0.000 0.029 0.007 0.000 0.000 0.000 0.664 
431 0.020 0.013 0.038 0.067 0.058 0.020 0.236 0.171 0.216 0.243 0.176 0.094 0.058 0.020 0.100 0.000 0.022 0.007 0.000 0.000 0.000 0.673 
432 0.019 0.013 0.039 0.065 0.054 0.021 0.231 0.169 0.220 0.251 0.171 0.100 0.053 0.027 0.096 0.000 0.020 0.010 0.000 0.000 0.000 0.695 
433 0.018 0.013 0.042 0.066 0.053 0.020 0.232 0.170 0.214 0.234 0.185 0.102 0.053 0.020 0.091 0.000 0.019 0.010 0.000 0.000 0.000 0.691 
434 0.018 0.010 0.040 0.065 0.043 0.028 0.235 0.160 0.224 0.230 0.181 0.107 0.051 0.019 0.090 0.000 0.017 0.010 0.000 0.000 0.000 0.691 
435 0.018 0.008 0.039 0.067 0.044 0.028 0.242 0.168 0.232 0.232 0.183 0.107 0.054 0.015 0.087 0.000 0.019 0.010 0.000 0.000 0.000 0.706 
436 0.014 0.008 0.040 0.075 0.044 0.029 0.244 0.163 0.215 0.238 0.181 0.103 0.052 0.017 0.088 0.000 0.018 0.010 0.000 0.000 0.000 0.727 
437 0.012 0.008 0.042 0.077 0.043 0.024 0.244 0.209 0.204 0.242 0.177 0.102 0.051 0.016 0.088 0.000 0.017 0.010 0.004 0.000 0.000 0.704 
438 0.013 0.008 0.046 0.090 0.044 0.024 0.248 0.206 0.214 0.244 0.186 0.101 0.054 0.014 0.086 0.000 0.018 0.010 0.004 0.000 0.000 0.732 
439 0.012 0.008 0.046 0.082 0.040 0.026 0.257 0.196 0.216 0.247 0.182 0.098 0.059 0.013 0.089 0.000 0.016 0.010 0.004 0.000 0.000 0.741 
440 0.012 0.008 0.044 0.085 0.038 0.028 0.239 0.200 0.203 0.254 0.179 0.095 0.060 0.018 0.092 0.000 0.019 0.009 0.004 0.000 0.000 0.734 
441 0.012 0.006 0.043 0.089 0.035 0.036 0.245 0.202 0.193 0.258 0.174 0.091 0.059 0.018 0.094 0.000 0.019 0.009 0.004 0.000 0.000 0.738 
442 0.011 0.006 0.038 0.086 0.041 0.039 0.248 0.197 0.189 0.265 0.174 0.093 0.053 0.017 0.092 0.000 0.034 0.009 0.004 0.000 0.000 0.736 
443 0.006 0.012 0.035 0.085 0.042 0.034 0.254 0.196 0.186 0.270 0.176 0.100 0.050 0.017 0.089 0.000 0.035 0.008 0.004 0.000 0.000 0.741 
444 0.006 0.012 0.032 0.083 0.047 0.038 0.246 0.196 0.174 0.267 0.176 0.098 0.047 0.014 0.091 0.000 0.036 0.009 0.004 0.000 0.000 0.738 
445 0.005 0.012 0.029 0.082 0.045 0.040 0.257 0.194 0.164 0.275 0.171 0.100 0.045 0.014 0.095 0.000 0.028 0.012 0.004 0.000 0.000 0.722 
446 0.005 0.012 0.032 0.085 0.044 0.033 0.244 0.195 0.177 0.273 0.160 0.099 0.043 0.014 0.091 0.000 0.030 0.012 0.004 0.000 0.000 0.711 
447 0.005 0.013 0.027 0.086 0.043 0.034 0.233 0.188 0.202 0.262 0.160 0.099 0.048 0.014 0.091 0.000 0.043 0.014 0.004 0.000 0.000 0.688 
448 0.005 0.014 0.020 0.076 0.048 0.034 0.238 0.189 0.204 0.262 0.169 0.099 0.048 0.017 0.092 0.000 0.050 0.014 0.004 0.000 0.000 0.690 
449 0.005 0.010 0.020 0.073 0.051 0.036 0.232 0.184 0.211 0.252 0.166 0.099 0.045 0.017 0.092 0.000 0.052 0.011 0.004 0.000 0.000 0.682 
450 0.005 0.008 0.026 0.079 0.050 0.030 0.219 0.194 0.211 0.246 0.164 0.102 0.050 0.019 0.086 0.000 0.054 0.012 0.004 0.000 0.000 0.671 
451 0.005 0.006 0.026 0.079 0.050 0.027 0.213 0.196 0.223 0.241 0.162 0.101 0.048 0.019 0.088 0.000 0.057 0.011 0.004 0.000 0.000 0.666 
452 0.005 0.006 0.025 0.081 0.048 0.034 0.231 0.195 0.223 0.237 0.181 0.096 0.055 0.019 0.084 0.000 0.064 0.011 0.004 0.000 0.000 0.657 
453 0.010 0.002 0.026 0.084 0.049 0.034 0.222 0.195 0.226 0.231 0.191 0.097 0.053 0.019 0.083 0.000 0.056 0.011 0.004 0.000 0.000 0.667 
454 0.010 0.004 0.025 0.090 0.050 0.034 0.218 0.197 0.224 0.221 0.197 0.096 0.052 0.018 0.082 0.000 0.058 0.011 0.004 0.000 0.000 0.678 
455 0.010 0.002 0.024 0.090 0.046 0.031 0.226 0.195 0.224 0.225 0.197 0.095 0.048 0.018 0.078 0.000 0.061 0.011 0.004 0.000 0.000 0.682 
456 0.011 0.002 0.025 0.090 0.045 0.031 0.236 0.203 0.224 0.232 0.199 0.089 0.046 0.017 0.077 0.000 0.059 0.013 0.004 0.000 0.000 0.695 
457 0.011 0.002 0.022 0.078 0.050 0.041 0.280 0.198 0.240 0.227 0.199 0.088 0.051 0.019 0.072 0.000 0.062 0.013 0.004 0.000 0.000 0.687 
458 0.011 0.002 0.023 0.078 0.050 0.034 0.276 0.203 0.225 0.237 0.191 0.080 0.049 0.023 0.079 0.000 0.081 0.012 0.004 0.000 0.000 0.692 
459 0.013 0.002 0.038 0.079 0.044 0.035 0.274 0.196 0.210 0.239 0.194 0.078 0.052 0.022 0.080 0.000 0.097 0.015 0.004 0.000 0.000 0.696 
460 0.013 0.002 0.039 0.081 0.042 0.046 0.275 0.188 0.211 0.233 0.184 0.083 0.051 0.022 0.076 0.000 0.097 0.015 0.004 0.000 0.000 0.715 
461 0.013 0.002 0.039 0.072 0.044 0.047 0.277 0.198 0.201 0.228 0.185 0.078 0.048 0.019 0.074 0.000 0.082 0.017 0.004 0.000 0.000 0.726 
462 0.013 0.002 0.034 0.073 0.054 0.043 0.273 0.198 0.188 0.240 0.186 0.077 0.048 0.018 0.075 0.000 0.080 0.016 0.004 0.000 0.000 0.718 
463 0.012 0.002 0.033 0.065 0.057 0.028 0.260 0.198 0.185 0.239 0.187 0.077 0.048 0.020 0.078 0.000 0.081 0.012 0.012 0.000 0.000 0.719 
464 0.011 0.002 0.027 0.069 0.061 0.019 0.260 0.205 0.191 0.230 0.178 0.080 0.043 0.020 0.080 0.000 0.072 0.012 0.011 0.000 0.000 0.716 
465 0.011 0.002 0.027 0.071 0.060 0.019 0.261 0.199 0.184 0.228 0.174 0.081 0.047 0.021 0.082 0.000 0.077 0.012 0.011 0.000 0.000 0.706 
466 0.010 0.002 0.027 0.074 0.059 0.015 0.261 0.204 0.185 0.227 0.173 0.076 0.050 0.025 0.081 0.000 0.078 0.010 0.011 0.000 0.000 0.708 
467 0.009 0.002 0.027 0.074 0.057 0.015 0.258 0.206 0.179 0.239 0.171 0.075 0.048 0.028 0.080 0.002 0.063 0.032 0.009 0.000 0.000 0.699 
468 0.007 0.002 0.028 0.072 0.056 0.010 0.268 0.206 0.178 0.246 0.169 0.076 0.045 0.037 0.078 0.002 0.066 0.027 0.010 0.000 0.000 0.705 
469 0.007 0.004 0.033 0.068 0.056 0.010 0.279 0.195 0.191 0.258 0.170 0.078 0.041 0.038 0.079 0.002 0.065 0.026 0.010 0.000 0.000 0.705 
470 0.006 0.006 0.028 0.066 0.057 0.010 0.264 0.198 0.190 0.252 0.170 0.076 0.042 0.036 0.077 0.002 0.067 0.029 0.007 0.000 0.000 0.678 
471 0.006 0.006 0.025 0.069 0.058 0.010 0.250 0.206 0.185 0.257 0.174 0.075 0.041 0.039 0.079 0.002 0.069 0.030 0.007 0.000 0.000 0.684 
472 0.006 0.006 0.022 0.069 0.054 0.015 0.243 0.188 0.204 0.262 0.179 0.070 0.047 0.038 0.076 0.002 0.067 0.028 0.007 0.000 0.000 0.677 
473 0.007 0.006 0.022 0.073 0.050 0.011 0.244 0.187 0.205 0.254 0.182 0.070 0.047 0.037 0.075 0.002 0.068 0.028 0.007 0.000 0.000 0.668 
474 0.007 0.006 0.022 0.071 0.052 0.011 0.248 0.179 0.221 0.238 0.181 0.067 0.046 0.035 0.079 0.002 0.067 0.029 0.004 0.000 0.000 0.677 
475 0.007 0.006 0.021 0.080 0.056 0.016 0.250 0.177 0.269 0.232 0.175 0.062 0.047 0.031 0.084 0.003 0.064 0.029 0.016 0.000 0.000 0.650 
476 0.008 0.006 0.022 0.084 0.057 0.011 0.241 0.179 0.247 0.234 0.175 0.061 0.051 0.021 0.082 0.004 0.063 0.030 0.010 0.000 0.000 0.659 
477 0.009 0.008 0.018 0.092 0.053 0.011 0.243 0.181 0.243 0.232 0.172 0.060 0.053 0.021 0.079 0.003 0.064 0.026 0.010 0.000 0.000 0.662 
478 0.011 0.008 0.020 0.088 0.052 0.011 0.254 0.181 0.235 0.233 0.162 0.062 0.056 0.022 0.084 0.003 0.060 0.022 0.010 0.000 0.000 0.662 
479 0.010 0.008 0.022 0.084 0.053 0.010 0.248 0.188 0.239 0.219 0.157 0.065 0.054 0.021 0.084 0.005 0.060 0.022 0.010 0.000 0.000 0.669 
480 0.009 0.006 0.038 0.071 0.053 0.011 0.236 0.191 0.227 0.228 0.164 0.068 0.050 0.023 0.081 0.005 0.058 0.022 0.010 0.000 0.000 0.671 
481 0.010 0.006 0.040 0.064 0.061 0.006 0.240 0.185 0.212 0.230 0.174 0.067 0.051 0.021 0.079 0.005 0.064 0.023 0.010 0.000 0.000 0.689 
482 0.011 0.004 0.036 0.065 0.063 0.018 0.251 0.189 0.207 0.229 0.184 0.068 0.050 0.020 0.075 0.005 0.059 0.023 0.010 0.000 0.000 0.701 
483 0.011 0.004 0.035 0.062 0.064 0.014 0.257 0.188 0.231 0.209 0.186 0.067 0.048 0.018 0.076 0.005 0.056 0.024 0.011 0.000 0.000 0.698 
484 0.011 0.002 0.035 0.060 0.063 0.014 0.269 0.185 0.226 0.206 0.180 0.074 0.051 0.016 0.077 0.005 0.060 0.020 0.014 0.000 0.000 0.697 
485 0.011 0.002 0.034 0.069 0.063 0.015 0.272 0.191 0.213 0.243 0.180 0.071 0.050 0.021 0.075 0.007 0.057 0.017 0.014 0.000 0.000 0.681 
486 0.009 0.002 0.032 0.066 0.064 0.015 0.258 0.192 0.203 0.237 0.182 0.066 0.053 0.019 0.074 0.007 0.069 0.019 0.014 0.000 0.000 0.688 
487 0.009 0.000 0.038 0.063 0.065 0.016 0.253 0.235 0.202 0.241 0.185 0.063 0.050 0.019 0.070 0.007 0.071 0.019 0.013 0.000 0.000 0.690 
488 0.009 0.002 0.034 0.064 0.070 0.021 0.256 0.237 0.209 0.241 0.190 0.059 0.051 0.019 0.069 0.007 0.069 0.017 0.013 0.000 0.000 0.704 
489 0.010 0.002 0.039 0.060 0.068 0.020 0.258 0.244 0.207 0.231 0.197 0.053 0.052 0.019 0.074 0.007 0.069 0.018 0.016 0.000 0.000 0.703 
490 0.010 0.005 0.039 0.059 0.070 0.036 0.255 0.239 0.209 0.229 0.193 0.055 0.054 0.018 0.077 0.007 0.067 0.018 0.010 0.000 0.000 0.698 
491 0.009 0.005 0.034 0.055 0.068 0.032 0.261 0.241 0.200 0.237 0.190 0.054 0.054 0.018 0.076 0.008 0.062 0.021 0.010 0.000 0.000 0.701 
492 0.009 0.005 0.031 0.050 0.067 0.027 0.254 0.242 0.201 0.242 0.202 0.053 0.054 0.016 0.073 0.007 0.057 0.026 0.010 0.000 0.000 0.685 
493 0.010 0.005 0.032 0.055 0.066 0.028 0.258 0.236 0.208 0.239 0.189 0.056 0.054 0.012 0.079 0.006 0.057 0.024 0.010 0.000 0.000 0.704 
494 0.010 0.007 0.033 0.052 0.064 0.027 0.303 0.232 0.204 0.252 0.192 0.056 0.056 0.014 0.078 0.006 0.058 0.024 0.014 0.000 0.000 0.682 
495 0.010 0.011 0.032 0.052 0.070 0.024 0.309 0.228 0.226 0.249 0.190 0.056 0.055 0.014 0.078 0.006 0.054 0.025 0.014 0.000 0.000 0.670 
496 0.010 0.010 0.039 0.054 0.068 0.005 0.336 0.224 0.242 0.249 0.192 0.057 0.055 0.015 0.077 0.006 0.052 0.023 0.010 0.000 0.000 0.656 
497 0.010 0.010 0.039 0.053 0.059 0.032 0.337 0.217 0.254 0.241 0.193 0.054 0.060 0.015 0.072 0.006 0.064 0.017 0.016 0.000 0.000 0.682 
498 0.012 0.006 0.047 0.046 0.058 0.029 0.328 0.210 0.248 0.240 0.197 0.056 0.064 0.017 0.069 0.006 0.069 0.015 0.016 0.000 0.000 0.680 
499 0.015 0.006 0.052 0.045 0.055 0.032 0.319 0.205 0.247 0.228 0.193 0.054 0.063 0.021 0.069 0.006 0.069 0.015 0.016 0.000 0.000 0.666 