0 385 418 69 105 196 4 42 422 179 256 395 361 655 546 24 186 235 521 103 225 2203 519 
1 395 423 69 105 200 4 43 426 179 260 403 373 650 533 21 194 275 491 93 245 2200 514 
2 404 431 71 101 204 15 45 436 177 257 413 382 651 528 47 192 278 478 111 281 2181 501 
3 412 433 77 96 209 17 48 407 175 250 409 384 679 506 45 196 328 444 109 289 2221 489 
4 379 474 81 102 187 37 51 406 167 238 376 399 686 489 73 198 323 447 112 308 2227 492 
5 376 477 84 104 194 45 51 406 143 289 327 398 709 474 75 196 323 445 115 315 2231 478 
6 393 475 86 108 197 46 49 390 143 290 321 410 692 471 97 198 343 414 133 318 2243 482 
7 398 497 89 102 202 47 48 394 146 287 319 414 698 470 110 205 383 389 135 365 2218 498 
8 402 485 92 101 203 48 48 426 147 276 338 413 678 473 115 208 398 391 140 366 2242 469 
9 408 461 114 100 203 51 48 439 132 267 345 418 690 469 119 207 397 395 143 382 2265 480 
10 462 423 117 103 210 50 47 433 135 254 349 434 726 440 124 199 390 397 149 389 2266 469 
11 462 434 122 107 212 53 51 432 134 248 346 441 727 440 130 197 368 426 150 410 2228 467 
12 461 435 122 106 214 55 53 473 104 249 344 445 734 451 129 200 374 423 154 407 2242 474 
13 463 436 118 107 209 58 49 478 115 224 368 444 745 461 140 196 377 424 157 433 2225 480 
14 449 454 118 109 209 88 51 477 116 230 419 404 746 468 142 203 349 429 205 438 2242 449 
15 459 461 114 113 212 94 55 460 119 247 396 403 755 463 153 206 369 431 212 452 2252 457 
16 461 468 109 113 209 98 58 464 120 247 371 434 703 519 164 210 367 441 214 476 2247 459 
17 460 471 108 113 215 106 59 471 122 251 364 435 767 457 162 210 375 441 219 498 2251 454 
18 451 486 102 114 213 108 56 474 124 264 334 442 779 438 166 211 374 440 227 510 2272 456 
19 458 477 100 118 215 102 56 476 134 256 335 448 782 440 166 200 371 448 247 529 2271 461 
20 462 458 105 117 216 102 57 478 136 245 330 448 795 437 163 193 381 460 248 526 2295 462 
21 468 454 127 118 171 148 58 491 155 229 341 443 815 440 156 200 388 448 244 584 2254 450 
22 471 453 128 123 174 152 58 485 156 233 342 434 829 439 160 207 389 458 226 589 2274 460 
23 492 436 128 123 174 154 58 486 152 236 344 451 839 444 161 218 404 449 231 590 2293 470 
24 502 422 134 126 175 158 61 495 149 243 357 456 824 467 163 221 428 418 238 627 2282 485 
25 509 425 137 128 176 158 59 494 130 262 371 459 814 499 163 235 431 406 260 625 2314 493 
26 541 420 142 131 177 161 61 493 132 262 379 463 834 474 161 237 443 420 242 622 2341 512 
27 550 425 148 132 180 175 62 499 129 254 388 471 861 460 163 231 444 425 236 625 2384 492 
28 543 453 152 137 190 183 63 499 123 257 399 477 898 427 163 242 449 391 263 729 2257 488 
29 581 411 152 144 186 181 60 533 123 252 390 479 856 473 168 242 451 396 250 775 2172 476 
30 606 407 157 150 186 183 61 544 119 261 383 471 848 476 169 245 456 405 249 864 2088 476 
31 616 412 159 149 185 187 60 548 119 267 382 471 839 483 169 253 451 399 253 873 2112 467 
32 633 422 157 148 189 192 61 561 116 266 359 503 822 497 167 253 470 407 236 826 2172 474 
33 640 431 159 145 189 193 63 565 111 259 351 498 869 458 166 251 478 416 224 825 2199 484 
34 644 429 155 147 188 200 67 567 112 259 363 501 829 481 170 259 486 428 223 825 2209 493 
35 647 445 156 153 183 211 64 575 115 259 359 505 818 467 190 258 488 432 224 798 2230 500 
36 665 440 159 160 181 208 62 610 108 285 344 503 773 482 193 266 456 431 225 798 2239 517 
37 657 441 156 160 184 246 57 627 107 280 343 491 784 475 186 274 447 439 232 757 2300 467 
38 659 447 157 159 190 280 57 628 116 262 340 489 792 463 194 282 457 433 229 785 2303 433 
39 669 460 165 169 194 291 56 643 119 230 377 483 791 453 198 273 460 438 237 809 2314 448 
40 684 472 166 168 197 292 58 637 120 230 380 487 809 429 210 275 473 436 240 847 2291 441 
41 641 509 166 170 200 299 58 645 118 231 389 463 848 430 213 273 475 440 247 859 2300 435 
42 628 496 170 169 199 296 60 650 117 250 373 468 843 426 213 269 467 440 257 892 2304 450 
43 608 489 177 170 232 262 60 653 113 255 375 476 849 425 221 270 468 442 254 874 2332 461 
44 558 509 203 168 231 264 60 664 118 262 379 478 843 427 224 289 484 438 236 864 2316 472 
45 586 482 215 169 244 274 62 680 118 228 411 502 827 426 202 286 469 436 239 865 2325 480 
46 596 483 238 175 250 275 64 706 116 238 406 516 821 443 199 291 478 443 236 838 2374 478 
47 611 453 244 179 251 275 65 703 120 243 402 528 820 443 197 298 479 447 230 842 2390 487 
48 621 455 249 177 255 278 63 699 123 256 394 514 772 491 212 342 486 465 194 876 2302 501 
49 655 434 251 188 258 278 62 698 124 259 385 505 797 473 212 355 490 459 198 857 2284 509 
50 659 441 253 185 267 280 63 696 128 304 330 518 793 467 219 350 502 440 196 914 2217 506 
51 668 439 250 190 267 280 64 705 125 308 327 518 813 467 221 355 505 443 194 912 2173 533 
52 688 421 263 196 270 285 65 682 130 268 369 529 816 474 225 365 524 439 200 920 2142 527 
53 628 476 273 194 277 297 64 705 128 269 373 527 820 474 235 373 521 441 202 988 2071 524 
54 621 485 273 199 288 305 64 710 150 250 383 529 827 481 230 371 538 408 213 991 2075 527 
55 649 439 319 166 290 311 65 729 150 245 393 499 867 493 236 376 544 393 221 963 2116 494 
56 631 454 332 171 295 315 64 653 146 237 404 501 915 458 231 376 619 391 223 910 2153 475 
57 641 441 339 175 291 319 68 650 121 255 410 502 898 471 238 397 614 405 219 910 2183 477 
58 584 490 343 172 305 306 74 665 122 237 427 486 909 466 243 416 582 406 240 896 2209 477 
59 573 502 379 171 315 326 76 655 123 232 418 495 872 428 299 420 585 409 247 872 2250 447 
60 593 484 374 179 317 335 76 669 124 238 428 493 873 439 296 427 567 414 254 894 2244 450 
61 609 479 373 180 318 343 76 667 122 241 427 501 833 446 326 428 552 405 264 877 2272 459 
62 616 479 374 182 330 350 82 673 120 245 424 523 795 452 330 430 538 400 269 891 2273 464 
63 631 471 382 185 354 338 83 689 119 242 424 530 802 459 334 428 546 382 273 877 2330 468 
64 632 464 396 181 361 350 85 698 116 235 428 538 802 459 331 451 536 393 258 868 2353 480 
65 634 486 386 184 368 355 82 712 112 268 415 538 806 459 338 453 533 403 241 822 2409 486 
66 638 473 391 188 375 346 85 726 116 256 398 572 819 465 325 457 533 406 245 899 2316 491 
67 662 456 389 192 382 352 86 745 142 227 377 579 843 474 327 467 531 403 258 946 2243 493 
68 637 490 385 194 385 353 86 724 141 224 375 594 837 479 327 467 550 385 286 962 2176 499 
69 647 492 384 198 393 372 86 730 135 233 376 591 837 484 323 465 584 388 283 976 2131 502 
70 678 466 387 199 397 380 87 734 126 231 359 591 841 497 335 471 575 388 311 965 2156 508 
71 685 458 380 207 411 395 90 739 124 247 345 597 877 461 335 475 580 399 289 954 2193 531 
72 675 454 369 212 407 405 96 746 126 248 350 595 940 411 337 482 576 401 282 898 2244 523 
73 679 421 394 190 403 410 98 773 118 252 350 598 932 410 339 482 549 407 273 879 2278 526 
74 675 424 467 193 402 436 106 779 118 253 318 648 879 420 356 482 545 401 278 874 2312 440 
75 649 448 478 190 393 444 103 791 116 263 321 602 865 440 385 491 521 423 280 847 2370 434 
76 641 447 486 195 396 445 106 790 129 262 327 626 849 447 393 500 527 408 285 869 2343 437 
77 614 469 480 205 405 452 108 812 128 259 331 633 840 451 391 505 544 411 281 855 2342 450 
78 612 476 493 212 412 467 109 823 129 259 334 664 853 420 394 510 544 416 275 867 2363 459 
79 614 481 500 212 417 490 111 848 138 251 329 696 797 443 393 501 550 412 285 846 2386 477 
80 616 492 539 191 457 455 113 849 123 250 339 714 801 447 412 493 563 420 284 820 2352 493 
81 620 497 542 193 430 499 112 872 141 234 348 732 775 459 422 498 568 436 267 825 2304 507 
82 625 515 523 188 438 507 109 919 137 235 349 747 796 452 431 505 555 433 260 823 2270 519 
83 610 515 528 193 459 540 109 913 136 241 342 756 796 460 441 501 535 434 264 832 2230 491 
84 603 523 533 193 455 552 116 928 127 255 342 765 770 482 469 509 507 443 254 798 2207 494 
85 606 525 517 217 435 563 118 978 127 260 359 770 770 499 476 526 482 444 247 828 2142 441 
86 608 484 544 220 442 586 115 960 122 259 361 790 796 484 472 537 480 443 242 845 2112 428 
87 618 484 557 224 439 599 105 976 125 253 364 800 804 472 474 554 478 449 253 828 2136 431 
88 629 483 584 230 467 560 101 982 122 249 366 837 827 445 478 554 487 423 261 817 2167 438 
89 645 489 588 231 478 571 99 1011 122 245 357 852 826 447 486 564 521 403 268 779 2204 434 
90 645 503 595 236 485 557 103 1025 117 243 362 857 829 443 486 547 498 428 278 797 2238 429 
91 647 507 588 230 497 557 106 1031 122 244 378 849 852 448 505 559 493 441 282 869 2207 432 
92 633 530 621 230 511 532 111 1054 133 235 386 865 861 447 505 569 490 445 285 838 2264 430 
93 638 527 621 235 521 531 111 990 137 249 363 869 867 443 513 577 540 452 288 806 2304 438 
94 653 537 639 238 535 522 114 1013 166 225 339 888 886 430 514 586 547 456 281 761 2339 456 
95 661 540 638 245 541 522 112 983 172 222 341 905 877 440 516 593 606 446 280 771 2344 478 
96 650 569 639 247 561 486 110 961 174 214 337 917 867 441 523 597 638 417 296 785 2376 492 
97 641 561 677 243 541 498 114 944 157 235 332 907 871 444 518 598 660 415 304 801 2364 489 
98 642 575 675 243 567 499 113 994 153 240 349 837 849 443 590 607 615 387 326 814 2369 504 
99 646 584 691 246 585 498 110 1014 131 268 349 823 834 455 593 603 608 390 320 824 2405 487 
100 634 607 698 242 603 501 110 1026 141 254 378 805 839 430 598 617 542 450 296 854 2325 489 
101 632 610 722 242 608 509 109 1037 151 240 380 817 816 437 605 630 528 454 292 951 2189 507 
102 630 586 745 234 613 523 107 1026 162 226 385 823 793 448 612 627 528 493 251 942 2165 519 
103 639 594 765 231 646 522 106 1029 179 210 394 827 754 506 602 636 516 501 257 977 2095 530 
104 681 566 766 227 652 539 106 999 180 208 388 829 806 474 599 639 513 519 259 930 2175 533 
105 657 624 772 222 648 560 104 959 215 208 392 830 841 446 604 676 574 455 262 893 2198 522 
106 673 609 799 217 652 556 105 939 222 215 379 841 871 421 616 638 607 456 260 863 2240 524 
107 683 629 803 222 661 598 102 942 210 233 386 846 875 429 619 630 607 443 262 850 2232 473 
108 688 637 803 221 676 582 101 953 204 239 399 857 881 436 630 625 596 449 264 913 2179 487 
109 690 655 805 216 682 602 100 942 226 246 402 868 898 452 639 578 615 438 289 941 2141 485 
110 685 655 811 214 687 622 101 954 227 251 443 903 887 430 615 595 591 459 288 928 2114 483 
111 705 641 821 222 704 597 105 969 255 253 440 923 899 422 607 595 582 444 286 907 2160 474 
112 655 700 836 233 777 547 107 966 255 255 442 894 849 450 612 610 566 447 287 872 2191 473 
113 694 669 840 240 790 555 111 977 251 308 396 839 899 439 617 611 558 445 283 843 2226 479 
114 705 646 880 239 809 562 110 994 243 303 382 843 845 462 631 632 548 445 285 813 2256 488 
115 668 708 854 241 821 567 113 998 244 297 387 821 846 470 626 646 558 443 272 808 2281 491 
116 669 706 863 247 813 577 112 1020 245 306 382 838 809 490 624 667 546 439 279 801 2311 499 
117 664 716 880 250 837 585 113 967 284 326 366 854 790 511 632 647 541 447 287 779 2324 505 
118 673 705 876 245 859 623 102 954 319 317 382 876 799 506 639 627 543 461 289 780 2345 505 
119 674 685 902 240 869 613 102 925 312 319 390 893 808 484 643 605 570 458 298 782 2365 516 
120 679 657 972 239 872 601 116 854 333 321 395 902 853 447 646 605 584 458 306 778 2380 523 
121 694 623 966 260 898 590 118 860 339 318 401 912 867 426 658 560 552 470 349 797 2326 532 
122 704 599 961 265 922 584 119 880 340 320 401 906 862 425 668 580 565 476 343 901 2202 542 
123 653 658 1013 265 959 515 123 919 310 323 408 919 861 430 671 590 568 487 350 911 2168 530 
124 607 696 994 268 976 518 127 933 304 323 440 917 862 431 623 600 554 469 353 925 2142 523 
125 590 703 1053 263 961 516 129 947 293 328 440 852 907 439 634 575 581 455 372 927 2091 481 
126 601 696 1054 265 988 510 133 949 293 324 451 816 884 433 639 592 588 434 360 918 2130 491 
127 613 695 1054 259 994 511 131 1003 247 319 433 860 887 438 636 598 584 417 369 895 2161 502 
128 646 710 1008 254 1016 525 131 1063 225 311 416 883 868 444 656 607 541 420 368 918 2154 509 
129 664 710 1009 280 1032 537 133 929 226 304 420 885 835 477 658 618 636 424 368 874 2194 512 
130 678 709 1019 286 1050 541 137 829 282 300 392 914 828 472 671 635 668 413 371 878 2223 519 
131 689 686 989 324 1049 546 142 835 286 299 373 880 821 478 710 633 664 416 378 865 2263 521 
132 720 643 966 341 1061 559 142 848 290 296 378 869 784 501 705 627 634 431 390 840 2307 535 
133 721 635 982 342 1085 559 149 867 285 299 405 843 806 503 716 651 619 431 379 796 2304 482 
134 672 691 1009 345 1109 518 153 892 304 287 401 846 834 483 712 696 524 480 370 764 2335 461 
135 676 738 984 359 1101 540 150 917 320 252 408 818 844 472 734 673 560 462 345 795 2402 459 
136 674 731 1028 364 1087 501 151 962 286 260 391 863 828 479 714 644 566 420 378 833 2341 465 
137 682 726 1020 352 1066 495 150 995 278 253 384 877 865 427 727 651 599 435 353 894 2232 476 
138 699 725 1036 350 1003 539 145 1060 266 252 365 919 848 427 719 679 589 445 357 836 2218 482 
139 710 705 982 347 1060 537 149 1051 266 256 446 846 862 433 713 651 648 449 359 880 2144 500 
140 726 708 1012 350 1015 539 156 1009 299 256 481 804 883 440 677 630 635 448 348 935 2069 520 
141 750 695 1005 371 1054 506 161 1033 301 261 484 815 908 444 674 646 600 455 359 867 2092 524 
142 734 696 983 374 1062 528 158 1001 315 253 426 854 860 489 695 633 575 466 369 862 2107 526 
143 750 665 992 386 1083 522 161 997 345 253 421 864 840 488 700 642 573 460 385 802 2151 524 
144 724 702 974 384 1087 530 160 939 382 259 416 882 818 493 708 660 570 437 397 747 2205 511 
145 712 719 969 389 1102 524 161 941 360 278 414 922 798 485 697 644 564 455 396 750 2224 502 
146 683 749 986 396 1114 500 167 940 358 277 415 924 791 474 706 638 555 459 387 775 2184 484 
147 678 780 947 398 1121 549 118 900 367 278 405 926 820 443 733 662 536 458 399 806 2179 487 
148 687 765 900 404 1171 549 119 935 365 277 406 926 822 446 722 602 585 460 383 840 2157 431 
149 698 754 912 407 1198 552 113 973 341 278 442 878 816 454 738 637 570 481 369 854 2150 440 
150 720 715 1012 406 1125 513 141 996 343 278 454 839 825 466 742 652 563 442 400 856 2167 452 
151 740 685 1050 458 1055 524 142 1029 342 286 458 840 821 473 758 692 532 442 407 854 2184 461 
152 729 700 1010 474 1049 536 144 1072 339 285 451 819 833 484 754 664 520 448 408 869 2178 467 
153 743 708 980 477 1077 536 147 1115 333 296 440 838 839 489 746 675 479 439 396 858 2204 485 
154 747 714 944 488 1070 560 150 1089 356 296 400 844 829 511 775 678 486 450 393 856 2168 490 
155 735 759 891 514 1038 581 144 1057 377 295 392 852 858 486 802 676 525 464 366 840 2170 492 
156 752 776 905 520 1059 575 148 1047 371 286 395 847 950 404 823 679 562 470 337 848 2170 496 
157 761 796 982 508 1056 550 146 1012 407 263 396 864 887 420 839 674 549 471 326 826 2172 495 
158 774 805 954 518 1080 563 146 969 457 238 379 864 869 421 866 662 547 473 321 825 2188 504 
159 790 784 940 525 1104 536 148 924 472 235 381 874 883 412 870 661 566 472 314 802 2238 519 
160 802 773 928 551 1104 528 153 929 449 241 401 871 864 431 889 656 564 482 330 776 2225 532 
161 803 745 937 554 1108 521 154 1005 432 242 404 866 845 421 906 626 558 481 343 818 2203 466 
162 823 725 902 560 1119 548 151 1029 424 236 409 875 835 433 877 619 548 489 334 829 2230 469 
163 822 703 893 562 1133 535 156 1032 430 243 420 875 829 432 862 648 534 498 324 839 2249 454 
164 828 705 885 553 1149 531 159 1073 424 247 441 882 801 462 817 663 553 504 286 869 2231 463 
165 834 713 886 540 1155 529 159 1085 425 252 424 897 796 483 777 691 534 512 304 861 2248 469 
166 827 733 887 541 1120 573 171 1058 416 252 388 910 813 480 803 700 539 514 299 803 2326 474 
167 829 738 880 531 1132 566 176 1020 440 253 381 926 814 485 804 708 537 524 291 784 2334 496 
168 832 754 871 501 1170 577 175 1024 435 251 378 897 847 488 827 711 537 524 288 819 2303 513 
169 852 746 870 485 1222 546 178 996 426 260 379 891 845 487 838 712 542 527 278 846 2299 527 
170 863 757 853 473 1275 529 177 951 423 264 384 873 885 470 855 723 554 531 305 814 2323 548 
171 825 793 849 480 1253 538 178 908 412 274 363 804 962 473 869 725 615 494 299 817 2313 546 
172 784 816 835 484 1250 535 175 746 503 290 357 802 928 491 883 728 664 500 291 811 2331 554 
173 727 812 867 495 1192 551 172 777 495 294 349 811 903 492 929 753 680 508 285 764 2360 564 
174 748 797 868 503 1170 549 178 842 481 296 357 820 871 502 932 745 671 515 264 819 2335 526 
175 752 788 876 538 1126 559 182 895 459 302 354 817 884 474 928 734 692 490 265 822 2341 522 
176 777 790 927 550 1152 508 185 908 455 301 356 854 913 453 868 721 661 502 262 864 2342 478 
177 804 767 961 535 1166 452 214 944 466 303 380 856 903 454 847 701 683 488 287 869 2343 464 
178 823 765 1004 520 1158 456 217 970 460 278 390 868 924 419 825 737 670 483 289 848 2355 454 
179 843 764 993 533 1112 479 226 1003 492 225 396 896 887 433 805 745 656 475 296 867 2322 453 
180 841 748 1012 546 1102 473 219 1019 461 245 396 912 884 433 801 744 705 439 298 820 2390 457 
181 856 751 1040 528 1107 491 197 1039 437 243 396 943 861 461 766 745 682 412 310 878 2295 469 
182 855 780 1033 571 1087 486 202 1063 440 240 397 945 844 455 782 728 690 414 313 928 2195 468 
183 862 796 1042 552 1049 519 203 1078 431 240 396 843 894 455 836 746 623 444 345 905 2162 473 
184 865 830 978 586 1029 530 206 1094 424 238 394 842 866 458 879 732 609 460 346 947 2143 481 
185 867 848 934 633 1048 517 209 1121 395 237 387 873 838 450 886 684 627 465 337 1048 1999 493 
186 852 852 965 662 999 494 214 1121 406 237 408 877 823 450 904 703 605 467 336 1035 2026 501 
187 822 883 980 668 1045 500 215 1115 434 241 451 900 752 456 930 724 586 468 339 993 2075 478 
188 825 890 960 678 1050 493 217 1116 413 250 450 920 769 454 912 723 556 497 324 984 2102 478 
189 846 855 1007 638 1092 482 213 1163 394 252 446 904 791 453 882 731 563 496 335 936 2155 495 
190 857 813 1012 610 1139 483 215 1139 385 251 455 867 830 460 851 732 560 500 342 929 2176 506 
191 854 789 1002 603 1159 495 213 1124 389 259 457 878 841 469 841 750 562 508 342 909 2214 513 
192 869 785 1001 596 1188 495 230 1127 375 261 458 875 867 465 821 767 577 489 337 908 2224 512 
193 889 774 1001 635 1183 482 235 1124 392 263 464 860 875 472 806 756 567 489 340 998 2155 505 
194 859 762 968 684 1162 478 234 1122 394 266 486 812 933 470 762 726 590 484 340 1033 2142 516 
195 870 769 953 681 1171 457 233 1127 397 264 441 808 919 471 807 675 588 501 368 1071 2140 519 
196 862 748 973 679 1159 448 224 1139 430 217 418 816 924 446 816 680 570 499 356 1079 2154 504 
197 869 754 933 677 1141 476 219 1124 495 218 413 809 918 451 814 655 554 512 354 1047 2170 463 
198 873 771 933 662 1142 467 220 1088 501 231 411 822 900 458 844 664 542 536 329 1060 2186 464 
199 885 791 978 666 1126 437 216 989 562 243 390 848 888 464 839 664 559 533 324 1064 2199 479 
200 887 803 1027 640 1067 428 221 963 566 245 373 869 855 468 853 673 583 531 316 1052 2238 493 
201 903 820 1055 598 1095 440 194 998 559 243 372 903 829 464 840 677 568 560 303 1039 2256 497 
202 912 824 982 650 1147 435 199 1007 550 253 372 944 800 475 845 654 621 552 309 1044 2254 504 
203 910 816 932 675 1177 427 198 1029 530 252 338 901 789 476 881 659 641 536 304 1015 2303 496 
204 949 780 911 713 1094 457 200 1047 512 253 346 867 804 487 900 665 650 523 296 999 2321 500 
205 964 775 895 707 1112 472 193 1075 515 260 346 852 812 479 901 692 626 513 291 1001 2336 499 
206 983 772 870 708 1063 480 203 1093 498 260 340 846 856 469 880 691 652 504 269 985 2362 506 
207 996 717 947 685 1106 464 212 1125 481 255 343 841 871 473 860 700 650 490 269 982 2371 521 
208 927 775 961 690 1124 469 223 1145 466 259 343 833 916 467 826 682 654 499 284 976 2372 524 
209 924 781 932 703 1139 487 224 1153 429 264 332 841 851 501 822 688 681 483 288 948 2373 544 
210 908 796 968 648 1160 483 225 1103 472 267 356 849 824 484 798 680 689 476 289 892 2450 521 
211 892 790 935 638 1210 482 231 1081 480 266 335 855 843 450 844 683 696 478 290 867 2435 501 
212 920 723 1042 615 1166 533 235 1119 468 272 347 788 853 444 872 688 700 474 284 919 2336 473 
213 927 710 1034 612 1172 550 252 1139 459 270 346 795 848 448 886 697 662 506 285 905 2301 476 
214 963 698 1031 619 1170 564 260 1155 457 273 347 818 819 445 913 684 653 522 301 955 2180 454 
215 978 677 1017 658 1135 561 262 1165 457 277 349 850 759 478 911 675 641 526 322 1056 2069 462 
216 996 646 1009 674 1137 567 277 1165 472 284 357 837 802 446 908 639 643 531 352 1049 2072 479 
217 1001 631 1043 666 1117 563 275 1167 495 288 372 861 851 417 859 639 646 497 388 1042 2079 468 
218 1007 636 1023 678 1114 590 243 1121 526 309 381 882 860 424 852 642 666 498 376 1060 2068 478 
219 1018 639 1026 688 1092 594 208 1138 525 322 385 898 843 438 844 634 674 506 382 988 2136 466 
220 970 596 1078 697 1072 577 194 1157 516 314 392 905 864 448 818 641 681 505 381 960 2147 479 
221 942 629 1068 675 1070 569 198 1157 513 318 393 927 859 450 807 652 681 505 368 1006 2121 488 
222 931 639 1094 656 1053 556 212 1141 508 317 405 904 843 458 803 703 669 523 386 971 2122 481 
223 931 655 1107 642 1047 554 212 1126 523 305 392 911 846 466 787 710 659 534 387 953 2160 494 
224 875 710 1073 648 1068 543 216 1175 508 288 377 894 898 447 790 718 641 543 387 935 2157 497 
225 804 772 1086 624 1041 536 214 1167 514 289 363 897 873 452 810 732 624 551 415 926 2204 509 
226 830 742 1114 584 1084 520 239 1141 542 259 372 902 843 454 813 707 599 579 419 917 2276 518 
227 872 742 1064 584 1095 517 243 1088 582 266 356 885 807 487 827 703 589 582 408 894 2289 522 
228 884 730 1028 588 1119 527 247 1094 598 264 362 854 757 503 856 677 574 587 400 885 2318 542 
229 915 706 1057 602 1118 456 295 1083 603 269 371 814 809 486 874 632 552 595 420 887 2337 534 
230 919 712 1081 614 1095 446 300 1084 590 274 376 826 824 475 883 653 562 587 395 895 2335 509 
231 964 672 1055 641 1125 438 316 998 644 282 382 850 853 450 899 670 608 583 392 884 2343 507 
232 995 672 1061 649 1130 434 319 1040 624 285 387 882 861 453 873 674 639 546 397 854 2381 486 
233 986 686 1034 661 1167 424 328 1053 627 285 407 894 859 453 819 665 659 527 413 828 2409 477 
234 936 724 1021 649 1104 459 330 1092 606 287 404 904 879 426 821 651 692 519 383 907 2318 474 
235 917 731 1033 666 1033 492 348 1098 600 307 403 886 903 423 805 649 659 530 399 927 2230 476 
236 896 777 988 665 1032 486 347 1132 599 296 390 909 894 420 783 705 628 528 396 924 2160 475 
237 881 780 969 684 1017 490 361 1152 592 288 381 982 849 421 794 688 632 524 413 1021 2038 480 
238 886 776 1020 689 970 478 380 1147 571 303 358 979 838 423 817 679 662 511 380 1001 2071 467 
239 894 723 1034 680 1023 473 369 1156 576 303 355 968 837 426 831 652 641 510 398 975 2094 462 
240 916 702 1018 678 1071 466 368 1132 573 297 367 959 776 443 882 675 619 510 399 902 2132 468 
241 931 703 1018 657 1095 452 355 1072 632 294 341 942 804 441 917 644 629 507 398 895 2137 485 
242 942 734 984 675 1124 459 368 1053 623 298 339 951 812 451 913 629 614 515 406 881 2181 497 
243 943 760 983 665 1086 459 378 1052 604 302 358 852 877 461 907 631 646 504 374 874 2178 511 
244 950 721 993 643 1129 475 437 1010 605 308 378 830 904 462 908 632 638 511 368 917 2178 490 
245 964 672 1018 609 1163 476 456 1048 579 304 412 783 877 472 912 656 619 506 352 958 2148 503 
246 954 675 1010 580 1159 476 448 1072 581 311 409 811 813 508 893 670 568 529 377 953 2152 521 
247 950 673 997 567 1125 520 443 1077 592 346 416 837 797 511 878 713 567 527 372 935 2141 502 
248 941 687 980 563 1113 558 423 1072 562 395 400 859 731 499 913 750 532 551 360 990 2069 483 
249 949 675 1001 589 1088 548 421 1103 565 400 401 879 724 507 872 723 531 573 351 960 2082 479 
250 954 659 1000 616 1094 530 407 1134 540 405 403 891 725 487 857 707 516 593 361 975 2031 465 
251 953 632 983 606 1113 518 409 1163 509 430 373 914 670 471 914 707 500 614 365 966 2052 467 
252 974 657 935 643 1086 569 381 1159 502 438 380 917 660 490 917 718 501 610 355 993 2020 446 
253 958 670 936 645 1091 536 423 1138 499 464 332 915 666 471 901 779 524 611 320 960 2032 457 
254 938 694 958 634 1089 522 453 1054 555 467 360 896 688 456 868 693 595 568 332 971 2056 460 
255 889 712 960 621 1079 509 482 1033 566 476 401 849 701 433 879 669 605 538 375 975 2064 460 
256 888 707 977 630 1042 499 489 1032 549 494 393 853 707 435 865 663 608 526 382 938 2097 465 
257 877 711 943 653 1047 479 481 1015 529 501 436 836 720 428 811 584 623 512 473 930 2094 467 
258 881 708 944 683 1039 465 430 1049 529 500 431 817 730 440 798 591 587 533 504 868 2122 472 
259 869 726 946 698 1054 461 440 992 540 507 433 833 750 448 810 614 604 541 481 853 2139 492 
260 885 719 927 718 1059 470 379 1033 494 540 423 852 739 455 823 633 618 548 476 878 2145 494 
261 922 709 920 689 1066 466 362 1059 488 536 441 846 744 468 827 643 636 540 471 869 2163 500 
262 930 691 959 649 1044 472 365 1047 519 510 465 855 770 448 831 686 615 541 473 821 2175 512 
263 945 682 942 659 1029 482 377 1066 506 515 414 907 776 454 836 722 581 552 457 864 2142 512 
264 944 663 982 631 1030 452 382 1076 513 498 402 932 773 455 841 682 577 556 454 936 2127 534 
265 934 653 978 676 953 473 392 1093 509 506 379 900 760 456 890 684 584 542 470 870 2176 515 
266 929 675 1017 694 948 475 416 1110 514 497 355 875 776 461 931 666 579 551 476 878 2209 451 
267 926 683 1001 693 953 467 423 1135 524 477 385 846 779 463 931 667 571 556 484 848 2222 454 
268 922 694 955 726 972 465 432 1159 527 454 400 878 770 475 869 645 583 571 475 852 2219 460 
269 871 756 949 703 1010 474 441 1179 544 447 396 874 799 477 842 642 574 554 506 830 2216 472 
270 862 746 972 651 1053 484 470 1108 543 440 397 886 827 477 830 651 596 568 493 822 2239 476 
271 849 753 977 632 1052 495 488 1082 544 428 399 899 890 461 816 666 605 566 476 817 2261 474 
272 855 762 951 609 1084 488 487 1057 545 396 403 944 852 453 765 689 634 571 479 774 2289 479 
273 884 730 963 607 1030 537 483 1036 542 387 407 938 845 456 756 713 632 579 485 776 2292 498 
274 909 724 933 630 1067 563 455 993 561 375 422 922 829 463 765 714 646 579 466 810 2290 487 
275 935 668 955 689 1030 537 458 965 555 376 428 929 821 473 748 699 688 596 469 816 2300 500 
276 944 679 922 685 1029 561 446 958 557 356 478 906 767 504 751 682 753 556 469 806 2319 505 
277 965 684 879 694 1037 574 441 918 529 407 455 888 824 458 770 673 789 541 478 838 2315 513 
278 910 713 877 668 1064 592 444 899 548 415 464 884 792 451 809 653 775 553 472 846 2336 522 
279 911 697 864 679 1060 587 449 918 517 434 473 851 798 454 818 625 786 545 437 891 2306 521 
280 888 703 821 692 1083 599 464 939 532 423 481 815 828 457 814 632 769 537 450 891 2308 489 
281 894 730 835 707 1031 601 446 988 532 441 482 818 841 464 813 636 741 549 449 898 2326 501 
282 894 749 867 720 958 632 415 1011 531 449 442 854 854 458 829 626 735 544 445 907 2339 510 
283 838 812 840 728 935 631 434 998 526 440 451 839 852 458 853 630 761 537 433 918 2305 500 
284 808 831 841 671 997 623 441 1016 529 446 455 855 879 426 830 635 754 540 430 942 2307 492 
285 823 831 848 643 1003 604 457 1057 499 444 445 872 916 400 839 639 765 534 435 877 2347 476 
286 852 830 837 653 1036 601 472 1073 492 442 445 864 888 400 881 648 742 534 441 882 2327 475 
287 868 827 824 667 1102 569 490 1134 488 446 438 878 856 422 883 669 698 510 454 916 2323 469 
288 899 794 830 672 1108 545 493 1127 550 407 436 869 818 432 913 676 652 530 470 924 2315 472 
289 919 789 834 704 1057 570 505 1028 570 391 430 901 778 429 897 690 704 525 452 936 2320 473 
290 876 816 837 693 1033 571 543 979 571 390 445 913 779 430 859 687 736 542 426 894 2363 477 
291 869 809 892 617 1036 599 498 1011 569 378 517 918 819 404 799 695 698 555 431 845 2429 433 
292 860 793 907 649 1012 599 500 967 564 357 512 887 860 407 786 703 766 571 430 918 2323 443 
293 810 867 919 687 986 648 446 969 539 377 499 888 873 407 800 686 697 553 512 1074 2149 449 
294 820 873 979 695 946 637 460 987 540 397 472 891 872 415 832 691 694 534 506 1075 2129 457 
295 852 863 969 685 945 646 471 1002 527 414 457 906 882 418 843 712 693 533 448 1084 2175 454 
296 841 877 967 666 956 645 467 1035 502 430 452 909 891 418 870 698 672 528 459 1074 2204 455 
297 845 889 963 709 936 643 495 1030 491 435 443 924 904 422 875 688 628 530 489 1042 2250 456 
298 844 879 962 696 972 620 497 1038 499 423 429 930 881 435 895 666 632 503 481 1088 2238 463 
299 862 907 943 706 946 611 493 1032 508 425 412 976 825 444 916 689 666 460 490 1073 2222 472 
300 870 910 957 696 974 596 486 1075 509 415 441 943 829 467 873 704 640 474 472 1059 2232 486 
301 860 944 935 684 1031 587 432 1161 531 402 476 915 805 470 842 710 621 481 460 1055 2240 494 
302 888 904 967 684 1019 581 496 1137 529 409 467 929 802 468 807 676 647 480 460 1063 2251 474 
303 958 829 948 693 1041 570 507 1157 513 386 497 890 826 477 819 672 665 485 470 1017 2302 488 
304 974 830 951 693 1068 566 506 1105 504 387 482 886 831 485 822 659 709 486 460 997 2330 505 
305 1002 850 973 680 1069 576 526 1073 506 371 496 865 856 471 823 647 734 480 453 943 2355 457 
306 957 931 927 682 1119 562 553 1078 476 392 491 852 896 437 842 615 728 486 447 940 2399 408 
307 870 1050 877 667 1170 555 552 1062 478 398 481 829 900 445 842 634 721 483 431 940 2425 417 
308 853 1064 898 635 1181 576 569 1037 489 402 500 835 885 461 834 657 715 476 412 934 2383 421 
309 803 1119 847 631 1223 582 609 965 536 416 488 852 819 515 870 672 704 478 423 972 2281 427 
310 828 1099 866 623 1222 545 608 974 520 415 485 845 801 488 910 683 696 494 430 1017 2186 439 
311 860 1038 870 606 1212 549 581 959 495 441 519 848 834 481 832 700 656 493 432 1077 2109 444 
312 882 1037 875 623 1211 517 583 950 496 452 519 869 836 468 804 672 676 507 435 1097 2116 451 
313 904 1024 888 647 1156 520 595 964 498 453 525 866 862 453 808 620 680 516 423 1100 2150 470 
314 906 1014 911 632 1157 523 605 972 519 437 509 897 865 443 796 651 661 531 430 1037 2185 487 
315 934 949 912 664 1139 534 605 979 509 435 506 898 868 443 813 656 630 534 446 1030 2211 480 
316 987 901 925 687 1131 506 606 1006 488 451 475 913 876 452 832 662 633 543 441 1014 2244 483 
317 1024 888 934 690 1142 513 603 981 460 459 465 891 870 463 880 658 626 550 444 975 2305 483 
318 1023 902 931 669 1161 488 620 1004 407 455 456 887 884 463 902 680 617 554 473 921 2320 478 
319 1052 884 966 669 1120 479 612 1041 399 421 474 890 939 466 859 723 593 559 470 882 2357 488 
320 1007 943 969 668 1068 491 593 1076 380 441 481 906 913 467 870 738 596 552 476 867 2352 499 
321 996 943 966 683 1042 485 573 1085 395 447 468 913 908 479 855 722 567 576 460 845 2419 508 
322 1011 879 1000 684 1045 481 595 1026 432 415 510 907 855 486 880 698 590 591 454 872 2369 521 
323 1058 847 1029 653 1054 499 570 1041 438 411 527 926 866 498 806 688 573 585 467 859 2306 544 
324 1049 854 1007 641 1074 527 522 1032 442 426 553 851 869 468 867 678 573 568 456 905 2248 535 
325 1030 827 1001 629 1105 519 516 1023 439 419 573 835 838 476 864 708 541 566 487 933 2140 534 
326 1050 870 977 617 1107 521 573 984 439 438 544 788 841 479 890 676 598 529 531 897 2180 448 
327 1063 834 1007 620 1073 513 581 979 442 418 535 847 788 439 959 637 615 516 598 885 2206 455 
328 1079 838 1029 650 1029 513 588 926 442 372 545 867 821 445 931 626 672 515 608 954 2153 465 
329 1088 854 994 652 1045 506 570 986 430 358 562 862 836 448 917 641 696 467 624 944 2151 471 
330 1100 883 1044 646 1015 488 571 1014 418 347 551 896 853 451 884 635 706 470 606 915 2181 452 
331 1108 908 1019 670 999 522 535 1050 423 358 531 891 863 462 879 654 690 470 592 893 2181 458 
332 1033 987 985 651 998 534 527 1072 410 339 540 892 877 462 880 668 677 472 588 897 2191 462 
333 1024 966 1005 659 945 536 510 1042 440 334 545 917 902 474 834 676 680 485 592 860 2238 467 
334 972 1000 1010 657 929 573 503 1063 406 333 561 960 894 477 757 665 706 500 590 842 2267 476 
335 971 984 1104 597 940 556 519 1054 394 361 550 936 923 475 763 692 724 508 562 803 2256 464 
336 942 1059 1063 623 952 557 511 1036 385 371 556 902 921 475 777 699 703 520 582 793 2276 474 
337 983 1026 1016 638 966 564 511 1021 386 372 541 896 915 469 787 674 682 515 607 773 2301 483 
338 1022 1014 976 670 974 546 535 1030 369 372 527 909 903 465 808 666 661 531 608 800 2306 492 
339 1043 1003 987 656 998 509 543 1021 356 384 517 898 867 469 862 653 635 524 632 814 2310 508 
340 1045 1026 984 646 1002 547 510 1014 356 363 538 865 899 447 864 689 613 539 608 854 2303 509 
341 1044 1007 1049 637 1012 503 485 1023 362 379 518 831 890 456 905 691 646 524 600 869 2315 498 
342 1031 1026 1028 613 1048 500 494 1040 348 383 511 787 867 457 942 696 637 519 576 884 2330 505 
343 1010 1015 1054 629 1075 492 494 1068 332 380 486 813 890 461 902 720 648 562 551 841 2332 513 
344 982 1063 1022 628 1090 481 520 1056 330 378 494 836 891 467 869 742 626 573 545 840 2319 523 
345 963 1083 1010 628 1068 499 509 1043 323 379 485 841 850 469 899 750 619 590 542 836 2324 534 
346 978 1070 1004 633 1017 563 504 1041 309 388 481 881 831 481 891 744 598 553 583 823 2360 542 
347 997 1036 1045 640 966 586 510 969 339 399 494 920 850 487 877 763 601 551 571 795 2411 547 
348 1025 1114 1081 596 1000 548 502 982 345 410 497 915 824 504 873 750 609 552 536 806 2427 470 
349 1061 1093 1067 587 1022 540 495 993 355 426 515 892 793 520 889 779 609 540 526 829 2362 467 
350 1069 1093 1059 545 1044 540 484 1028 356 426 515 887 803 509 879 727 625 484 593 820 2295 465 
351 1056 1087 1069 543 1065 543 462 1058 360 407 507 875 824 502 900 721 631 490 596 888 2210 476 
352 1033 1061 1073 564 1073 539 474 1078 367 406 510 862 841 488 890 747 607 513 610 917 2084 482 
353 984 1070 1096 569 1067 535 480 1110 366 420 515 848 885 484 843 705 619 530 604 917 2115 500 
354 978 1050 1128 583 1072 519 484 1071 360 418 532 815 856 481 871 702 652 530 608 926 2135 517 
355 960 1068 1102 610 1088 497 489 1062 350 424 528 845 843 469 834 635 651 539 623 913 2143 523 
356 984 1037 1138 617 1093 500 503 1067 344 420 509 864 843 424 822 656 670 544 608 894 2175 523 
357 968 1003 1152 622 1097 514 517 1039 348 415 509 868 842 415 809 656 711 553 603 865 2208 504 
358 985 969 1170 619 1089 497 540 1003 350 410 513 870 840 421 823 699 678 580 592 816 2249 505 
359 999 965 1187 632 1082 505 530 963 365 387 508 919 763 420 867 748 662 596 572 805 2265 504 
360 1006 924 1182 634 1101 560 529 940 339 372 490 935 768 430 891 758 667 575 585 783 2268 474 
361 957 936 1168 633 1104 594 521 941 333 377 480 935 776 443 911 743 639 576 580 830 2271 412 
362 946 933 1144 644 1142 599 518 958 330 386 464 896 787 452 896 724 656 586 545 855 2309 414 
363 989 911 1106 687 1170 555 543 986 325 407 442 863 821 446 893 744 632 600 521 864 2318 415 
364 997 894 1057 791 1076 570 541 1010 314 430 424 853 833 455 887 687 635 588 516 925 2344 410 
365 1011 894 1031 749 1080 629 503 1038 284 443 477 804 851 445 879 660 652 558 535 920 2324 410 
366 1024 943 1084 707 1059 614 507 1071 290 427 473 827 857 454 851 617 649 536 533 950 2315 421 
367 1025 950 1089 679 1054 605 495 1086 254 427 482 848 873 467 833 646 649 548 520 920 2332 422 
368 1035 992 1089 660 1071 605 493 1069 268 421 463 861 879 465 817 624 648 551 517 964 2346 429 
369 1027 1012 1099 674 1088 598 479 1060 265 431 444 882 900 479 807 671 671 556 504 874 2386 430 
370 960 1032 1111 655 1124 563 494 1058 247 435 436 921 847 487 832 663 669 563 500 863 2410 448 
371 963 986 1129 630 1179 532 498 1048 257 424 427 927 833 492 865 668 658 566 494 947 2259 452 
372 962 978 1170 602 1150 515 518 1044 252 414 439 891 884 455 882 686 664 559 460 969 2253 466 
373 949 969 1205 601 1092 515 532 1044 248 403 431 879 821 464 951 673 656 555 505 997 2161 482 
374 944 976 1192 576 1057 554 563 999 256 402 424 898 812 465 938 702 654 575 521 994 2154 490 
375 920 976 1221 577 1013 616 525 942 263 400 437 918 749 462 937 687 665 584 514 958 2189 498 
376 896 1009 1199 590 1025 586 526 951 283 395 418 924 753 474 948 701 649 585 508 896 2217 510 
377 880 993 1195 609 1003 584 515 965 296 377 418 919 761 479 950 717 637 599 484 890 2261 505 
378 890 985 1183 624 1023 556 520 983 304 362 427 905 774 491 917 698 630 599 475 898 2273 510 
379 899 977 1150 608 1076 579 481 1041 292 346 423 928 765 504 865 687 615 605 492 878 2286 516 
380 917 963 1118 631 1097 587 488 972 328 357 424 941 776 499 831 682 624 599 485 884 2306 506 
381 940 956 1104 622 1118 618 513 915 327 364 425 905 816 496 818 684 619 584 481 857 2301 475 
382 950 911 1122 599 1132 648 498 896 324 361 413 895 830 504 785 712 629 597 494 844 2289 463 
383 949 933 1129 592 1155 650 498 930 305 361 415 905 822 503 777 711 631 571 550 847 2278 454 
384 955 955 1176 589 1145 646 469 944 301 364 433 901 901 425 782 717 601 557 563 848 2291 460 
385 947 976 1149 610 1146 625 476 936 292 364 436 888 876 428 775 680 581 557 602 803 2341 465 
386 926 989 1141 624 1168 618 481 976 286 359 408 871 864 431 790 678 560 544 591 826 2357 466 
387 895 1046 1088 579 1255 627 492 1004 292 368 401 910 790 435 827 643 544 543 618 809 2395 476 
388 888 1022 1103 554 1254 633 498 1021 295 389 378 908 803 432 837 620 558 519 636 766 2443 485 
389 879 985 1118 567 1246 614 520 1010 291 397 389 905 791 457 838 615 551 532 631 795 2441 496 
390 868 977 1106 560 1260 614 529 1018 289 398 391 858 810 463 873 633 543 536 613 816 2448 512 
391 905 952 1073 577 1210 652 524 1036 287 402 407 822 829 461 899 645 550 538 600 867 2359 510 
392 912 928 1092 581 1158 655 532 1039 290 394 385 857 858 467 901 636 573 541 561 916 2295 517 
393 918 904 1109 575 1160 655 507 1030 282 423 358 853 940 453 863 721 589 513 588 895 2213 519 
394 938 886 1136 564 1081 690 484 997 287 412 373 869 945 479 835 756 619 513 530 937 2146 527 
395 945 836 1186 554 1097 675 490 986 293 401 374 893 916 494 835 744 611 521 519 930 2182 526 
396 965 842 1143 583 1117 703 467 956 319 386 373 901 939 469 796 724 636 524 543 933 2207 542 
397 960 843 1145 585 1132 678 490 964 321 374 398 901 904 466 799 743 600 528 566 941 2228 512 
398 987 854 1101 624 1144 663 477 1000 317 368 414 918 910 428 824 760 578 559 504 978 2264 499 
399 993 878 1106 625 1176 636 486 1001 305 377 424 892 966 411 805 717 591 573 506 953 2286 517 
400 976 915 1115 620 1192 635 495 1078 254 385 423 876 917 443 826 704 585 591 497 936 2308 526 
401 969 938 1083 641 1210 638 492 1101 238 384 421 856 906 454 855 689 541 606 528 938 2322 539 
402 988 935 1085 652 1218 619 514 1070 228 387 390 834 933 466 875 680 581 591 529 912 2322 545 
403 1000 930 1095 629 1243 610 528 1081 224 396 374 869 900 480 897 668 599 563 571 928 2324 522 
404 1018 962 1104 597 1244 587 577 1041 220 407 366 894 886 461 887 639 656 552 566 917 2347 513 
405 1017 983 1110 619 1188 599 573 1066 215 414 372 934 815 469 873 598 648 549 609 880 2353 500 
406 1006 1016 1088 618 1189 611 586 1067 237 420 387 918 789 477 882 600 621 550 629 892 2355 497 
407 1023 1031 1052 577 1218 586 611 1053 234 426 383 891 815 472 876 590 616 554 623 912 2328 482 
408 1063 1020 1038 577 1206 592 601 1025 255 422 388 887 846 476 868 589 606 533 617 894 2339 479 
409 1019 1054 1050 556 1232 566 606 1034 288 386 390 867 845 476 862 589 616 549 625 873 2369 476 
410 979 1039 1059 541 1219 594 604 993 303 395 394 863 841 486 869 609 635 572 632 846 2403 482 
411 939 1054 1045 596 1191 547 661 1005 286 422 412 861 855 495 836 615 616 576 644 888 2296 444 
412 953 1006 1086 579 1167 587 672 991 276 431 422 834 931 488 789 643 633 605 613 949 2205 472 
413 966 949 1070 618 1208 603 649 964 271 445 411 807 862 525 814 644 640 618 582 957 2187 477 
414 1000 967 1026 623 1206 601 673 983 279 444 400 846 821 514 827 661 590 619 612 1014 2072 486 
415 1015 925 1086 620 1180 597 715 984 275 445 396 849 791 518 849 626 570 644 652 985 2103 441 
416 1043 911 1124 603 1184 623 673 992 271 444 405 843 819 484 870 615 599 612 673 990 2091 447 
417 1076 902 1115 595 1173 652 708 957 266 465 383 855 824 473 911 608 609 611 700 963 2135 453 
418 1111 875 1148 587 1115 662 710 942 244 470 377 939 814 464 837 548 618 588 772 931 2162 461 
419 1122 846 1124 613 1108 669 704 949 249 487 407 865 844 471 813 552 671 599 753 901 2176 471 
420 1109 904 1126 628 1113 621 716 982 242 479 418 866 872 461 799 548 643 614 728 893 2218 480 
421 1103 921 1148 631 1086 611 716 1028 218 483 389 851 924 413 821 552 657 589 680 902 2236 484 
422 1087 955 1178 633 1099 604 718 1052 218 469 396 857 896 426 814 568 644 573 683 884 2275 491 
423 1040 998 1149 648 1114 608 709 1083 220 466 383 855 895 444 806 558 662 584 626 881 2320 489 
424 1038 1014 1118 611 1144 602 771 1019 222 456 387 840 887 447 825 577 663 577 603 873 2341 497 
425 1027 998 1120 598 1174 608 724 1032 227 502 347 814 894 459 865 589 657 560 582 831 2396 501 
426 1023 972 1148 598 1178 606 745 1031 233 443 396 827 872 477 879 614 653 553 552 858 2386 519 
427 948 1055 1124 611 1195 604 752 1008 234 441 400 849 841 496 872 625 687 531 538 912 2281 531 
428 956 1016 1129 611 1240 601 735 998 255 386 453 862 823 467 897 623 674 517 513 907 2272 536 
429 992 960 1106 605 1204 617 728 998 256 408 464 858 838 439 888 627 664 518 499 954 2174 546 
430 1018 927 1118 597 1208 583 734 1012 266 410 458 906 855 431 828 644 638 534 482 964 2124 551 
431 1038 976 1099 610 1197 583 748 988 269 411 462 924 809 427 809 669 630 551 504 941 2141 561 
432 1048 1002 1071 643 1158 605 734 987 273 414 459 932 792 423 807 655 646 552 508 948 2133 562 
433 1059 1038 1038 643 1137 596 713 1005 273 424 466 930 821 414 781 649 650 563 523 957 2140 558 
434 1071 1008 1058 602 1154 584 695 1041 272 419 462 923 829 405 787 676 623 555 508 952 2197 559 
435 1077 1010 1068 552 1169 600 702 994 323 433 467 908 836 401 806 684 616 552 497 936 2205 551 
436 1127 986 1044 562 1150 650 663 960 311 462 450 894 846 400 825 724 615 568 488 908 2241 544 
437 1159 983 1059 567 1135 643 651 993 318 460 434 882 866 403 870 721 617 602 464 894 2277 515 
438 1146 957 1067 575 1117 656 591 1033 306 453 410 890 866 409 879 702 642 579 444 871 2287 511 
439 1126 997 1052 558 1107 640 584 1078 292 424 442 874 882 415 902 716 607 565 456 874 2316 502 
440 1163 958 1024 561 1129 646 581 1079 294 430 454 865 889 415 882 694 624 545 453 872 2308 496 
441 1153 927 1036 570 1132 667 549 1105 298 433 449 851 843 433 895 667 636 547 443 865 2315 492 
442 1149 908 1050 629 1087 666 528 1127 305 440 440 863 841 447 882 652 665 533 454 844 2329 488 
443 1143 890 1061 623 1077 653 523 1173 299 448 440 845 823 448 885 628 677 538 451 807 2352 484 
444 1118 889 1078 631 1061 652 518 1186 281 475 424 824 840 453 852 661 665 524 451 786 2352 473 
445 1095 900 1085 667 1048 678 510 1208 273 478 425 813 805 451 823 684 670 482 450 813 2322 483 
446 1040 948 1085 640 1090 662 508 1231 272 459 423 829 744 467 849 687 648 515 457 787 2326 471 
447 1065 880 1099 626 1097 660 505 1182 297 453 439 829 778 477 797 677 660 514 479 817 2295 474 
448 1022 928 1101 621 1115 638 500 1165 305 450 444 865 772 483 795 706 607 542 473 785 2344 476 
449 1000 917 1038 644 1174 648 514 1114 318 439 447 884 824 441 792 659 610 562 497 751 2377 470 
450 978 931 1034 640 1185 650 530 1107 284 454 439 895 842 432 785 650 614 554 507 797 2312 479 
451 981 924 1046 607 1189 662 545 1095 296 422 466 893 856 433 793 636 616 545 490 861 2258 478 
452 1003 909 1080 612 1228 577 572 1106 301 384 500 886 878 444 794 611 628 527 497 961 2150 487 
453 1015 899 1076 642 1226 571 561 1097 297 417 419 909 887 433 812 622 608 520 512 986 2064 503 
454 1051 881 1013 672 1298 515 564 1092 307 414 425 918 884 444 815 637 621 512 481 959 2114 511 
455 1079 851 1002 690 1301 501 580 1076 309 418 435 838 882 463 855 644 610 509 519 930 2162 526 
456 1081 845 997 687 1268 474 588 1092 325 417 438 869 819 481 870 647 605 486 507 933 2164 520 
457 1050 865 1006 703 1212 465 571 1099 348 413 479 834 824 477 899 646 638 454 502 948 2157 514 
458 1029 883 1009 772 1134 470 561 1114 331 419 486 801 810 465 911 630 644 461 528 923 2180 521 
459 1005 882 1063 715 1128 458 569 1069 367 409 464 804 782 472 909 642 618 466 561 915 2225 524 
460 977 903 1048 707 1124 466 545 1035 387 397 456 834 820 471 865 648 601 518 532 907 2251 533 
461 985 887 1045 700 1095 476 570 1014 435 385 456 834 827 479 850 658 605 527 543 890 2272 492 
462 997 888 1037 709 1083 478 562 1029 436 387 436 856 837 487 840 664 604 529 536 859 2315 472 
463 997 887 1084 689 1117 466 532 1049 432 396 437 870 856 487 826 698 623 511 495 798 2389 453 
464 1003 891 1111 675 1076 456 540 1061 436 398 439 866 865 475 860 718 591 533 503 807 2329 449 
465 1003 868 1123 667 1049 440 550 1077 432 401 455 865 866 488 850 677 572 533 536 852 2250 462 
466 997 889 1140 626 1082 424 545 1101 407 420 453 864 927 498 783 659 580 477 589 869 2197 472 
467 993 881 1134 619 1121 422 539 1124 405 432 454 865 928 504 775 633 587 481 589 877 2179 477 
468 948 913 1134 620 1144 407 524 1176 388 441 456 869 911 488 809 645 566 486 595 886 2119 451 
469 967 893 1106 617 1143 400 487 1226 374 441 469 884 914 455 828 680 560 497 569 882 2142 473 
470 905 924 1089 620 1188 400 500 1245 365 447 468 896 877 452 844 695 561 492 568 866 2153 476 
471 935 907 1050 641 1185 431 503 1260 351 468 452 934 849 456 852 719 557 518 545 830 2169 490 
472 940 889 1004 656 1213 482 500 1256 380 464 447 906 829 456 868 689 614 520 512 823 2188 476 
473 951 876 1024 670 1240 454 505 1288 350 496 461 859 825 460 883 687 607 531 501 812 2240 479 
474 961 881 1016 617 1288 450 508 1283 370 485 472 880 801 448 892 657 628 538 502 809 2270 484 
475 915 917 979 660 1227 451 497 1267 374 473 478 873 809 431 918 637 656 505 510 772 2319 483 
476 927 924 947 663 1252 458 513 1273 387 468 487 853 857 404 923 655 650 496 503 777 2342 475 
477 945 898 961 671 1213 462 541 1270 361 478 492 857 838 411 913 672 651 492 485 821 2324 447 
478 943 913 939 682 1202 459 551 1315 353 450 469 867 809 421 930 688 632 494 467 840 2323 439 
479 963 891 910 696 1167 465 555 1278 379 405 467 852 801 418 933 718 635 492 453 842 2341 438 
480 924 937 908 679 1150 497 590 1252 371 410 453 849 791 418 942 729 636 503 452 853 2356 409 
481 927 945 891 675 1116 503 600 1223 344 431 456 810 823 417 927 723 645 507 436 874 2409 413 
482 935 942 865 703 1106 504 601 1238 341 430 456 843 820 420 882 710 631 510 428 892 2322 421 
483 954 915 888 702 1079 498 624 1240 341 418 500 858 833 424 840 686 581 517 502 936 2209 437 
484 970 909 878 695 1118 485 620 1216 343 444 489 847 845 436 814 676 567 538 487 988 2100 446 
485 978 883 862 696 1168 474 642 1192 352 426 483 868 860 452 816 673 575 533 491 973 2124 452 
486 1009 887 850 675 1207 464 670 1134 346 411 487 867 859 449 844 679 598 515 499 959 2127 461 
487 1034 879 838 673 1222 456 683 1126 357 406 454 884 885 423 825 662 646 510 491 930 2160 457 
488 1037 851 882 661 1221 458 671 1117 355 401 446 898 872 424 826 657 632 463 533 894 2174 472 
489 1045 839 877 611 1238 463 655 1125 350 399 415 931 860 434 834 657 616 473 534 863 2186 479 
490 1055 832 839 607 1236 448 625 1157 353 401 408 888 859 446 844 649 595 480 529 885 2165 488 
491 1081 814 817 654 1213 472 633 1102 354 406 406 872 824 454 855 641 623 478 539 867 2201 491 
492 1050 833 813 598 1242 471 638 1173 357 414 408 893 778 472 864 608 588 480 557 869 2213 511 
493 1027 851 828 585 1237 471 652 1184 331 434 396 858 780 490 875 627 562 487 555 853 2238 507 
494 1012 864 817 592 1239 476 658 1173 348 444 395 825 789 483 908 644 585 493 552 817 2277 499 
495 992 888 810 625 1175 483 667 1199 322 448 425 811 813 488 903 638 614 485 548 828 2281 486 
496 964 878 845 634 1167 479 658 1211 333 437 443 826 825 484 907 714 559 494 511 819 2273 504 
497 927 920 837 638 1152 484 638 1264 303 442 454 832 831 479 906 732 569 501 525 749 2279 515 
498 945 888 838 658 1148 490 620 1278 298 449 469 846 833 505 892 758 570 493 517 776 2298 520 
499 972 879 828 629 1156 518 634 1288 307 454 470 862 850 488 888 706 555 501 509 860 2309 529 