0 0.000 0.000 0.217 0.000 0.000 0.000 0.000 0.000 0.000 0.000 0.000 0.000 0.000 0.000 0.000 0.000 0.000 0.000 0.000 0.000 0.000 0.642 
1 0.000 0.005 0.232 0.000 0.000 0.000 0.000 0.000 0.000 0.000 0.002 0.000 0.000 0.000 0.000 0.000 0.000 0.000 0.000 0.000 0.000 0.650 
2 0.000 0.005 0.239 0.000 0.000 0.733 0.000 0.000 0.000 0.000 0.002 0.000 0.000 0.000 0.000 0.000 0.000 0.000 0.000 0.000 0.000 0.659 
3 0.000 0.005 0.221 0.000 0.000 0.588 0.000 0.000 0.000 0.000 0.000 0.000 0.000 0.000 0.000 0.000 0.000 0.000 0.000 0.000 0.000 0.667 
4 0.000 0.004 0.185 0.000 0.000 0.270 0.000 0.000 0.000 0.000 0.000 0.000 0.000 0.000 0.000 0.000 0.000 0.000 0.000 0.000 0.000 0.675 
5 0.000 0.002 0.179 0.000 0.000 0.356 0.000 0.000 0.000 0.000 0.000 0.000 0.000 0.000 0.000 0.000 0.000 0.000 0.000 0.000 0.000 0.688 
6 0.000 0.004 0.174 0.000 0.000 0.348 0.000 0.000 0.000 0.000 0.000 0.000 0.000 0.000 0.000 0.000 0.000 0.000 0.000 0.000 0.000 0.683 
7 0.000 0.004 0.169 0.000 0.000 0.340 0.000 0.000 0.000 0.000 0.000 0.000 0.000 0.000 0.000 0.000 0.000 0.000 0.000 0.000 0.000 0.675 
8 0.000 0.004 0.163 0.000 0.000 0.312 0.000 0.059 0.000 0.000 0.000 0.000 0.000 0.000 0.000 0.000 0.000 0.000 0.000 0.000 0.000 0.670 
9 0.000 0.004 0.140 0.000 0.000 0.294 0.000 0.057 0.000 0.000 0.000 0.000 0.000 0.000 0.000 0.000 0.000 0.000 0.000 0.000 0.000 0.656 
10 0.000 0.005 0.128 0.000 0.000 0.300 0.000 0.058 0.000 0.000 0.000 0.000 0.000 0.000 0.000 0.000 0.000 0.000 0.000 0.000 0.000 0.665 
11 0.000 0.005 0.139 0.000 0.000 0.321 0.000 0.056 0.000 0.000 0.000 0.000 0.000 0.000 0.000 0.000 0.000 0.000 0.000 0.000 0.000 0.679 
12 0.000 0.002 0.131 0.000 0.000 0.309 0.000 0.051 0.000 0.000 0.000 0.000 0.000 0.000 0.000 0.000 0.000 0.000 0.000 0.000 0.000 0.669 
13 0.000 0.002 0.127 0.000 0.000 0.293 0.000 0.052 0.000 0.000 0.000 0.000 0.000 0.000 0.000 0.000 0.000 0.000 0.000 0.000 0.000 0.677 
14 0.000 0.002 0.136 0.000 0.000 0.432 0.000 0.052 0.000 0.000 0.000 0.000 0.000 0.000 0.000 0.000 0.000 0.000 0.000 0.000 0.000 0.690 
15 0.000 0.002 0.140 0.000 0.000 0.404 0.000 0.017 0.000 0.000 0.000 0.000 0.000 0.000 0.000 0.000 0.046 0.000 0.000 0.000 0.000 0.685 
16 0.000 0.002 0.138 0.000 0.000 0.378 0.000 0.017 0.000 0.000 0.000 0.000 0.000 0.000 0.000 0.000 0.049 0.000 0.000 0.000 0.000 0.695 
17 0.000 0.002 0.120 0.000 0.000 0.368 0.000 0.019 0.000 0.000 0.000 0.000 0.000 0.000 0.000 0.000 0.048 0.000 0.000 0.000 0.000 0.689 
18 0.000 0.002 0.098 0.000 0.000 0.352 0.000 0.019 0.000 0.000 0.000 0.000 0.000 0.000 0.000 0.000 0.045 0.000 0.000 0.000 0.000 0.711 
19 0.000 0.002 0.110 0.000 0.000 0.363 0.000 0.019 0.000 0.000 0.000 0.000 0.000 0.000 0.000 0.000 0.046 0.000 0.000 0.000 0.000 0.716 
20 0.000 0.000 0.114 0.000 0.000 0.343 0.000 0.019 0.000 0.000 0.000 0.000 0.000 0.000 0.000 0.000 0.042 0.000 0.000 0.000 0.000 0.738 
21 0.000 0.000 0.205 0.000 0.000 0.236 0.000 0.020 0.000 0.000 0.000 0.000 0.000 0.000 0.000 0.000 0.039 0.000 0.000 0.000 0.000 0.727 
22 0.000 0.000 0.195 0.000 0.000 0.237 0.000 0.021 0.000 0.000 0.000 0.000 0.000 0.000 0.000 0.000 0.039 0.000 0.000 0.000 0.000 0.713 
23 0.000 0.000 0.195 0.000 0.000 0.240 0.000 0.023 0.000 0.000 0.000 0.000 0.000 0.000 0.000 0.000 0.040 0.000 0.000 0.000 0.000 0.696 
24 0.000 0.000 0.187 0.000 0.000 0.253 0.000 0.022 0.000 0.000 0.000 0.000 0.000 0.000 0.000 0.000 0.037 0.000 0.000 0.000 0.000 0.682 
25 0.000 0.000 0.168 0.000 0.000 0.266 0.000 0.022 0.000 0.000 0.000 0.000 0.000 0.000 0.000 0.000 0.037 0.000 0.000 0.000 0.000 0.682 
26 0.000 0.000 0.148 0.000 0.000 0.255 0.000 0.020 0.000 0.000 0.000 0.000 0.000 0.000 0.000 0.000 0.041 0.000 0.000 0.000 0.000 0.662 
27 0.000 0.000 0.142 0.000 0.000 0.309 0.000 0.020 0.000 0.008 0.000 0.000 0.000 0.000 0.000 0.000 0.038 0.000 0.000 0.000 0.000 0.665 
28 0.000 0.000 0.145 0.000 0.000 0.290 0.000 0.020 0.000 0.012 0.000 0.000 0.000 0.000 0.000 0.000 0.038 0.000 0.000 0.000 0.000 0.678 
29 0.000 0.000 0.145 0.000 0.000 0.276 0.000 0.058 0.000 0.012 0.000 0.000 0.000 0.000 0.000 0.000 0.038 0.000 0.000 0.000 0.000 0.658 
30 0.000 0.000 0.134 0.000 0.000 0.290 0.000 0.061 0.000 0.011 0.000 0.000 0.000 0.000 0.000 0.000 0.042 0.000 0.000 0.000 0.000 0.676 
31 0.000 0.000 0.126 0.000 0.000 0.305 0.000 0.062 0.000 0.011 0.000 0.000 0.000 0.000 0.000 0.000 0.040 0.000 0.000 0.000 0.000 0.707 
32 0.000 0.000 0.127 0.000 0.000 0.312 0.000 0.061 0.000 0.011 0.000 0.000 0.000 0.000 0.000 0.000 0.038 0.000 0.000 0.000 0.000 0.700 
33 0.000 0.000 0.138 0.000 0.000 0.311 0.000 0.060 0.000 0.008 0.000 0.000 0.000 0.000 0.000 0.000 0.038 0.000 0.000 0.000 0.000 0.700 
34 0.000 0.000 0.135 0.000 0.000 0.300 0.000 0.060 0.000 0.008 0.000 0.000 0.000 0.000 0.000 0.000 0.035 0.000 0.000 0.000 0.000 0.698 
35 0.000 0.000 0.135 0.000 0.000 0.280 0.000 0.063 0.000 0.008 0.000 0.000 0.000 0.000 0.000 0.000 0.037 0.000 0.000 0.000 0.000 0.706 
36 0.000 0.000 0.132 0.000 0.000 0.269 0.000 0.062 0.000 0.004 0.000 0.000 0.000 0.000 0.000 0.000 0.035 0.000 0.000 0.000 0.000 0.681 
37 0.000 0.000 0.122 0.000 0.000 0.358 0.000 0.075 0.000 0.000 0.000 0.000 0.000 0.000 0.000 0.000 0.036 0.000 0.000 0.000 0.000 0.668 
38 0.000 0.000 0.115 0.000 0.000 0.400 0.000 0.078 0.000 0.000 0.000 0.000 0.000 0.000 0.000 0.000 0.035 0.000 0.000 0.000 0.000 0.672 
39 0.000 0.000 0.115 0.000 0.000 0.395 0.000 0.072 0.000 0.000 0.000 0.000 0.000 0.000 0.000 0.000 0.035 0.000 0.000 0.000 0.000 0.685 
40 0.000 0.000 0.114 0.000 0.000 0.404 0.000 0.072 0.000 0.000 0.000 0.000 0.000 0.000 0.000 0.000 0.034 0.000 0.000 0.000 0.000 0.714 
41 0.000 0.000 0.114 0.000 0.000 0.398 0.000 0.081 0.000 0.000 0.000 0.000 0.000 0.000 0.000 0.000 0.029 0.000 0.000 0.000 0.000 0.713 
42 0.000 0.000 0.100 0.000 0.000 0.405 0.000 0.082 0.000 0.000 0.000 0.000 0.000 0.000 0.000 0.000 0.026 0.000 0.000 0.000 0.000 0.724 
43 0.000 0.000 0.102 0.000 0.060 0.405 0.000 0.080 0.000 0.000 0.000 0.000 0.000 0.000 0.000 0.000 0.026 0.000 0.000 0.000 0.000 0.731 
44 0.000 0.000 0.099 0.000 0.061 0.405 0.000 0.081 0.000 0.000 0.000 0.000 0.000 0.000 0.000 0.000 0.031 0.000 0.000 0.000 0.000 0.727 
45 0.000 0.000 0.093 0.000 0.057 0.409 0.000 0.082 0.000 0.000 0.000 0.000 0.000 0.000 0.000 0.000 0.030 0.000 0.000 0.000 0.000 0.715 
46 0.000 0.000 0.147 0.000 0.056 0.440 0.000 0.081 0.000 0.000 0.000 0.000 0.000 0.000 0.000 0.000 0.029 0.000 0.000 0.000 0.000 0.695 
47 0.000 0.000 0.139 0.000 0.052 0.436 0.000 0.085 0.000 0.000 0.000 0.000 0.000 0.000 0.000 0.000 0.031 0.000 0.000 0.000 0.000 0.682 
48 0.000 0.000 0.124 0.000 0.047 0.442 0.000 0.086 0.000 0.000 0.000 0.000 0.000 0.000 0.000 0.000 0.029 0.000 0.000 0.000 0.000 0.673 
49 0.000 0.000 0.127 0.000 0.047 0.435 0.000 0.085 0.000 0.000 0.000 0.000 0.000 0.000 0.000 0.000 0.031 0.000 0.000 0.000 0.000 0.680 
50 0.000 0.000 0.115 0.000 0.041 0.443 0.000 0.085 0.000 0.000 0.000 0.000 0.000 0.000 0.000 0.000 0.032 0.000 0.000 0.000 0.000 0.684 
51 0.000 0.000 0.124 0.000 0.034 0.436 0.000 0.085 0.000 0.000 0.000 0.000 0.000 0.000 0.000 0.000 0.034 0.000 0.000 0.000 0.000 0.660 
52 0.000 0.000 0.122 0.000 0.033 0.439 0.000 0.084 0.000 0.000 0.000 0.000 0.000 0.000 0.000 0.000 0.036 0.000 0.000 0.000 0.000 0.672 
53 0.000 0.000 0.147 0.000 0.032 0.418 0.000 0.082 0.000 0.000 0.000 0.000 0.000 0.000 0.000 0.000 0.035 0.000 0.000 0.000 0.000 0.668 
54 0.000 0.000 0.147 0.000 0.035 0.410 0.000 0.082 0.000 0.000 0.000 0.000 0.000 0.000 0.000 0.000 0.035 0.000 0.000 0.000 0.000 0.676 
55 0.000 0.000 0.125 0.000 0.034 0.412 0.000 0.096 0.000 0.000 0.000 0.000 0.000 0.000 0.000 0.000 0.037 0.000 0.000 0.000 0.000 0.696 
56 0.000 0.000 0.151 0.000 0.034 0.406 0.000 0.098 0.000 0.000 0.000 0.000 0.000 0.000 0.000 0.000 0.042 0.000 0.000 0.000 0.000 0.684 
57 0.000 0.000 0.142 0.000 0.034 0.398 0.000 0.098 0.000 0.000 0.000 0.000 0.000 0.000 0.000 0.000 0.042 0.000 0.000 0.000 0.000 0.675 
58 0.000 0.000 0.146 0.000 0.033 0.415 0.000 0.096 0.000 0.000 0.000 0.000 0.000 0.000 0.000 0.000 0.046 0.000 0.004 0.000 0.000 0.702 
59 0.000 0.000 0.195 0.000 0.032 0.402 0.000 0.098 0.000 0.000 0.000 0.000 0.000 0.000 0.000 0.000 0.048 0.000 0.004 0.000 0.000 0.691 
60 0.000 0.000 0.193 0.006 0.032 0.415 0.000 0.097 0.000 0.000 0.000 0.000 0.000 0.000 0.000 0.000 0.049 0.000 0.004 0.000 0.000 0.687 
61 0.000 0.000 0.193 0.006 0.031 0.411 0.000 0.097 0.000 0.000 0.000 0.000 0.000 0.000 0.000 0.000 0.047 0.000 0.004 0.000 0.000 0.691 
62 0.000 0.000 0.190 0.005 0.030 0.426 0.000 0.097 0.000 0.000 0.000 0.000 0.000 0.000 0.000 0.000 0.046 0.000 0.004 0.000 0.000 0.679 
63 0.000 0.000 0.186 0.005 0.068 0.402 0.000 0.102 0.000 0.000 0.000 0.000 0.000 0.000 0.000 0.000 0.044 0.000 0.000 0.000 0.000 0.684 
64 0.000 0.000 0.182 0.006 0.064 0.397 0.000 0.099 0.000 0.000 0.000 0.000 0.000 0.000 0.000 0.000 0.049 0.000 0.000 0.000 0.000 0.685 
65 0.000 0.004 0.189 0.005 0.068 0.394 0.000 0.103 0.000 0.000 0.000 0.000 0.000 0.000 0.000 0.000 0.045 0.000 0.000 0.000 0.000 0.695 
66 0.000 0.004 0.184 0.005 0.069 0.413 0.000 0.109 0.000 0.000 0.000 0.000 0.000 0.000 0.000 0.000 0.043 0.000 0.000 0.000 0.000 0.686 
67 0.000 0.004 0.177 0.005 0.065 0.409 0.000 0.110 0.000 0.000 0.000 0.000 0.000 0.000 0.000 0.000 0.041 0.000 0.004 0.000 0.000 0.692 
68 0.000 0.004 0.174 0.005 0.065 0.422 0.000 0.099 0.000 0.000 0.000 0.000 0.000 0.000 0.000 0.000 0.060 0.000 0.007 0.000 0.000 0.691 
69 0.000 0.004 0.180 0.000 0.071 0.417 0.000 0.099 0.000 0.000 0.000 0.000 0.000 0.000 0.000 0.000 0.055 0.000 0.007 0.000 0.000 0.697 
70 0.000 0.004 0.183 0.000 0.068 0.405 0.000 0.094 0.000 0.000 0.000 0.000 0.000 0.000 0.000 0.000 0.049 0.000 0.013 0.000 0.000 0.679 
71 0.000 0.002 0.192 0.000 0.063 0.397 0.000 0.092 0.000 0.000 0.000 0.000 0.000 0.000 0.000 0.000 0.045 0.000 0.010 0.000 0.000 0.670 
72 0.000 0.004 0.190 0.000 0.064 0.410 0.000 0.092 0.000 0.000 0.000 0.000 0.000 0.000 0.000 0.000 0.043 0.000 0.011 0.000 0.000 0.681 
73 0.000 0.005 0.188 0.000 0.062 0.410 0.000 0.092 0.000 0.000 0.000 0.000 0.000 0.000 0.000 0.000 0.044 0.000 0.011 0.000 0.000 0.694 
74 0.000 0.005 0.281 0.000 0.070 0.445 0.000 0.091 0.000 0.000 0.000 0.000 0.000 0.000 0.000 0.000 0.039 0.000 0.014 0.000 0.000 0.661 
75 0.000 0.002 0.276 0.000 0.076 0.432 0.000 0.092 0.000 0.000 0.000 0.000 0.000 0.000 0.000 0.000 0.044 0.000 0.011 0.000 0.000 0.675 
76 0.000 0.002 0.276 0.000 0.076 0.440 0.000 0.092 0.000 0.000 0.000 0.000 0.000 0.000 0.000 0.000 0.049 0.000 0.011 0.000 0.000 0.680 
77 0.000 0.002 0.275 0.000 0.079 0.438 0.000 0.091 0.000 0.000 0.000 0.000 0.000 0.000 0.000 0.000 0.046 0.000 0.011 0.000 0.000 0.678 
78 0.000 0.002 0.258 0.000 0.075 0.437 0.000 0.089 0.000 0.000 0.000 0.000 0.000 0.000 0.000 0.000 0.046 0.000 0.011 0.000 0.000 0.697 
79 0.000 0.002 0.238 0.000 0.079 0.433 0.000 0.088 0.000 0.000 0.000 0.000 0.000 0.000 0.000 0.000 0.045 0.000 0.011 0.000 0.000 0.700 
80 0.000 0.002 0.215 0.000 0.114 0.440 0.000 0.091 0.000 0.000 0.000 0.000 0.000 0.000 0.000 0.000 0.044 0.000 0.007 0.000 0.000 0.708 
81 0.000 0.000 0.208 0.000 0.105 0.421 0.000 0.087 0.000 0.000 0.000 0.000 0.000 0.000 0.000 0.000 0.039 0.000 0.007 0.000 0.000 0.688 
82 0.000 0.010 0.207 0.000 0.096 0.428 0.000 0.085 0.000 0.000 0.000 0.000 0.000 0.000 0.000 0.000 0.040 0.000 0.008 0.000 0.000 0.672 
83 0.000 0.010 0.201 0.000 0.096 0.444 0.000 0.088 0.000 0.000 0.000 0.000 0.000 0.000 0.000 0.000 0.037 0.000 0.008 0.000 0.000 0.666 
84 0.000 0.010 0.193 0.000 0.103 0.442 0.000 0.089 0.000 0.000 0.000 0.000 0.000 0.000 0.000 0.000 0.032 0.000 0.008 0.000 0.000 0.662 
85 0.000 0.021 0.199 0.009 0.106 0.439 0.000 0.134 0.000 0.000 0.003 0.000 0.000 0.000 0.000 0.000 0.033 0.000 0.016 0.000 0.000 0.628 
86 0.000 0.023 0.197 0.009 0.104 0.451 0.000 0.132 0.000 0.000 0.003 0.000 0.000 0.000 0.000 0.000 0.035 0.000 0.017 0.000 0.000 0.661 
87 0.000 0.023 0.194 0.009 0.105 0.439 0.000 0.131 0.000 0.000 0.003 0.000 0.000 0.000 0.000 0.000 0.031 0.000 0.016 0.000 0.000 0.671 
88 0.000 0.023 0.214 0.009 0.122 0.407 0.000 0.131 0.000 0.000 0.003 0.000 0.000 0.000 0.000 0.000 0.027 0.000 0.015 0.000 0.000 0.694 
89 0.000 0.020 0.214 0.013 0.119 0.427 0.000 0.123 0.000 0.000 0.003 0.000 0.000 0.000 0.000 0.000 0.023 0.000 0.015 0.000 0.000 0.700 
90 0.000 0.024 0.215 0.013 0.111 0.436 0.000 0.126 0.000 0.000 0.003 0.000 0.000 0.000 0.000 0.000 0.018 0.000 0.025 0.000 0.000 0.692 
91 0.000 0.028 0.223 0.013 0.103 0.438 0.000 0.127 0.000 0.000 0.003 0.000 0.000 0.000 0.000 0.000 0.016 0.000 0.025 0.000 0.000 0.711 
92 0.000 0.026 0.232 0.013 0.114 0.417 0.000 0.142 0.000 0.000 0.003 0.000 0.000 0.000 0.000 0.000 0.016 0.000 0.025 0.000 0.000 0.712 
93 0.000 0.027 0.235 0.013 0.111 0.412 0.000 0.116 0.000 0.000 0.003 0.000 0.000 0.000 0.000 0.000 0.078 0.000 0.024 0.000 0.000 0.710 
94 0.000 0.026 0.236 0.017 0.107 0.421 0.000 0.117 0.000 0.000 0.003 0.000 0.000 0.000 0.000 0.000 0.075 0.000 0.032 0.000 0.000 0.691 
95 0.000 0.028 0.245 0.016 0.100 0.421 0.000 0.119 0.000 0.000 0.003 0.000 0.000 0.000 0.000 0.000 0.069 0.000 0.032 0.000 0.000 0.686 
96 0.000 0.030 0.244 0.016 0.121 0.424 0.000 0.127 0.000 0.000 0.003 0.000 0.000 0.000 0.000 0.000 0.069 0.000 0.030 0.000 0.000 0.691 
97 0.000 0.032 0.245 0.016 0.116 0.436 0.000 0.127 0.000 0.000 0.003 0.000 0.000 0.000 0.000 0.000 0.064 0.000 0.030 0.000 0.000 0.689 
98 0.000 0.030 0.250 0.016 0.116 0.449 0.000 0.144 0.000 0.000 0.003 0.000 0.000 0.000 0.000 0.000 0.034 0.000 0.025 0.000 0.000 0.685 
99 0.000 0.031 0.255 0.016 0.113 0.450 0.000 0.141 0.000 0.000 0.003 0.000 0.000 0.000 0.000 0.000 0.038 0.000 0.025 0.000 0.000 0.696 
100 0.000 0.031 0.251 0.017 0.114 0.449 0.000 0.140 0.000 0.000 0.003 0.000 0.000 0.000 0.000 0.000 0.035 0.007 0.024 0.000 0.000 0.695 
101 0.000 0.028 0.247 0.017 0.118 0.442 0.000 0.138 0.000 0.000 0.003 0.000 0.000 0.000 0.000 0.000 0.040 0.007 0.027 0.000 0.000 0.688 
102 0.000 0.027 0.242 0.017 0.117 0.446 0.000 0.135 0.000 0.000 0.003 0.000 0.000 0.000 0.000 0.000 0.044 0.008 0.032 0.000 0.000 0.696 
103 0.000 0.027 0.237 0.022 0.118 0.446 0.000 0.133 0.000 0.000 0.003 0.000 0.000 0.000 0.000 0.000 0.043 0.006 0.031 0.000 0.000 0.689 
104 0.004 0.023 0.235 0.022 0.117 0.451 0.000 0.130 0.000 0.000 0.003 0.000 0.000 0.000 0.000 0.000 0.049 0.008 0.027 0.000 0.000 0.675 
105 0.006 0.021 0.231 0.027 0.116 0.438 0.000 0.128 0.028 0.000 0.003 0.000 0.000 0.000 0.000 0.000 0.044 0.007 0.027 0.000 0.000 0.693 
106 0.006 0.021 0.233 0.028 0.104 0.442 0.000 0.131 0.027 0.000 0.003 0.000 0.000 0.000 0.000 0.000 0.051 0.004 0.027 0.000 0.000 0.687 
107 0.006 0.040 0.248 0.027 0.109 0.465 0.000 0.135 0.029 0.000 0.003 0.000 0.000 0.000 0.000 0.000 0.048 0.002 0.027 0.000 0.000 0.658 
108 0.006 0.041 0.250 0.027 0.118 0.471 0.000 0.137 0.029 0.000 0.003 0.000 0.000 0.000 0.000 0.000 0.042 0.009 0.030 0.000 0.000 0.655 
109 0.004 0.044 0.246 0.023 0.109 0.458 0.000 0.138 0.040 0.000 0.002 0.000 0.000 0.000 0.000 0.000 0.042 0.009 0.031 0.000 0.000 0.672 
110 0.004 0.047 0.239 0.019 0.111 0.455 0.000 0.134 0.040 0.000 0.002 0.000 0.000 0.000 0.000 0.000 0.041 0.011 0.038 0.000 0.000 0.702 
111 0.007 0.037 0.242 0.018 0.115 0.469 0.000 0.129 0.059 0.000 0.002 0.000 0.000 0.000 0.000 0.000 0.038 0.014 0.038 0.000 0.000 0.709 
112 0.008 0.030 0.237 0.017 0.144 0.466 0.000 0.124 0.059 0.000 0.002 0.000 0.000 0.000 0.000 0.000 0.037 0.013 0.038 0.000 0.000 0.727 
113 0.009 0.027 0.232 0.013 0.143 0.456 0.000 0.121 0.048 0.000 0.003 0.000 0.000 0.000 0.000 0.000 0.039 0.011 0.035 0.000 0.000 0.724 
114 0.010 0.017 0.235 0.013 0.146 0.454 0.000 0.118 0.049 0.000 0.003 0.000 0.000 0.000 0.000 0.000 0.040 0.013 0.035 0.000 0.000 0.725 
115 0.004 0.025 0.234 0.012 0.145 0.455 0.000 0.118 0.045 0.000 0.003 0.000 0.000 0.000 0.000 0.000 0.041 0.014 0.029 0.000 0.000 0.741 
116 0.004 0.021 0.233 0.012 0.149 0.464 0.000 0.120 0.045 0.000 0.003 0.000 0.000 0.000 0.000 0.000 0.038 0.014 0.025 0.000 0.000 0.727 
117 0.005 0.020 0.227 0.012 0.152 0.470 0.000 0.112 0.081 0.000 0.005 0.000 0.000 0.000 0.000 0.000 0.037 0.013 0.024 0.000 0.000 0.731 
118 0.004 0.018 0.223 0.012 0.146 0.461 0.000 0.113 0.085 0.000 0.005 0.000 0.000 0.000 0.000 0.000 0.033 0.013 0.024 0.000 0.000 0.735 
119 0.006 0.016 0.238 0.013 0.146 0.437 0.000 0.114 0.074 0.000 0.005 0.000 0.000 0.000 0.000 0.000 0.035 0.013 0.023 0.000 0.000 0.715 
120 0.006 0.014 0.222 0.017 0.147 0.443 0.026 0.111 0.072 0.003 0.005 0.000 0.000 0.000 0.000 0.000 0.045 0.015 0.026 0.000 0.000 0.719 
121 0.006 0.016 0.213 0.035 0.153 0.436 0.025 0.110 0.068 0.003 0.005 0.000 0.000 0.000 0.000 0.000 0.045 0.011 0.026 0.000 0.000 0.724 
122 0.004 0.017 0.207 0.030 0.156 0.430 0.025 0.111 0.068 0.003 0.005 0.000 0.000 0.000 0.000 0.000 0.041 0.011 0.026 0.000 0.000 0.701 
123 0.005 0.024 0.225 0.030 0.157 0.406 0.033 0.118 0.052 0.003 0.005 0.000 0.000 0.000 0.000 0.000 0.040 0.010 0.031 0.000 0.000 0.706 
124 0.007 0.020 0.228 0.026 0.160 0.402 0.031 0.118 0.049 0.006 0.005 0.000 0.000 0.000 0.000 0.000 0.038 0.011 0.031 0.000 0.000 0.707 
125 0.008 0.020 0.244 0.027 0.155 0.393 0.031 0.120 0.051 0.006 0.005 0.000 0.000 0.000 0.000 0.000 0.034 0.007 0.030 0.000 0.000 0.721 
126 0.008 0.020 0.247 0.030 0.157 0.427 0.030 0.118 0.055 0.006 0.004 0.000 0.000 0.000 0.000 0.000 0.037 0.007 0.028 0.000 0.000 0.719 
127 0.011 0.032 0.233 0.050 0.155 0.436 0.031 0.116 0.057 0.006 0.005 0.000 0.000 0.000 0.000 0.000 0.031 0.007 0.041 0.000 0.000 0.709 
128 0.012 0.041 0.233 0.047 0.158 0.438 0.031 0.111 0.071 0.006 0.005 0.000 0.000 0.000 0.000 0.000 0.031 0.007 0.043 0.000 0.000 0.717 
129 0.015 0.037 0.230 0.064 0.159 0.428 0.030 0.117 0.071 0.007 0.005 0.000 0.000 0.000 0.000 0.000 0.049 0.007 0.046 0.000 0.000 0.736 
130 0.015 0.032 0.234 0.059 0.162 0.431 0.029 0.112 0.085 0.007 0.005 0.000 0.000 0.000 0.000 0.000 0.055 0.005 0.049 0.000 0.000 0.723 
131 0.013 0.035 0.229 0.102 0.161 0.429 0.028 0.111 0.073 0.003 0.005 0.000 0.000 0.000 0.000 0.000 0.053 0.005 0.045 0.000 0.000 0.716 
132 0.015 0.030 0.231 0.103 0.161 0.424 0.028 0.111 0.076 0.003 0.005 0.000 0.000 0.000 0.000 0.000 0.046 0.007 0.038 0.000 0.000 0.707 
133 0.018 0.031 0.258 0.108 0.160 0.406 0.027 0.120 0.081 0.007 0.005 0.000 0.000 0.000 0.000 0.002 0.050 0.007 0.034 0.000 0.000 0.683 
134 0.018 0.032 0.269 0.107 0.161 0.400 0.026 0.127 0.125 0.007 0.005 0.000 0.000 0.000 0.000 0.001 0.057 0.006 0.035 0.000 0.000 0.688 
135 0.016 0.054 0.264 0.095 0.155 0.402 0.027 0.120 0.116 0.004 0.005 0.000 0.000 0.000 0.000 0.001 0.057 0.009 0.035 0.000 0.000 0.697 
136 0.015 0.056 0.268 0.099 0.167 0.399 0.033 0.121 0.115 0.012 0.005 0.000 0.000 0.000 0.000 0.002 0.055 0.010 0.032 0.000 0.000 0.688 
137 0.013 0.061 0.272 0.094 0.169 0.408 0.040 0.119 0.108 0.012 0.008 0.000 0.000 0.000 0.000 0.002 0.052 0.011 0.031 0.000 0.000 0.681 
138 0.014 0.062 0.274 0.089 0.168 0.388 0.041 0.116 0.102 0.012 0.005 0.000 0.000 0.000 0.000 0.001 0.054 0.011 0.031 0.000 0.000 0.683 
139 0.014 0.057 0.268 0.092 0.177 0.385 0.040 0.118 0.105 0.012 0.004 0.000 0.000 0.000 0.000 0.000 0.056 0.011 0.025 0.000 0.000 0.680 
140 0.014 0.056 0.272 0.091 0.174 0.373 0.045 0.118 0.104 0.012 0.004 0.000 0.000 0.000 0.000 0.000 0.052 0.018 0.032 0.000 0.000 0.679 
141 0.012 0.068 0.279 0.102 0.170 0.362 0.037 0.116 0.103 0.011 0.004 0.000 0.000 0.000 0.000 0.000 0.050 0.020 0.036 0.000 0.000 0.677 
142 0.014 0.068 0.277 0.107 0.175 0.352 0.038 0.113 0.111 0.012 0.005 0.000 0.000 0.000 0.000 0.000 0.047 0.021 0.038 0.000 0.000 0.667 
143 0.013 0.072 0.268 0.101 0.179 0.347 0.037 0.111 0.101 0.012 0.005 0.000 0.000 0.000 0.000 0.000 0.047 0.020 0.023 0.000 0.000 0.687 
144 0.014 0.075 0.255 0.104 0.178 0.342 0.037 0.114 0.105 0.012 0.005 0.000 0.000 0.000 0.000 0.002 0.053 0.021 0.015 0.000 0.000 0.683 
145 0.013 0.070 0.270 0.105 0.176 0.317 0.037 0.116 0.106 0.022 0.005 0.000 0.000 0.000 0.000 0.000 0.051 0.020 0.015 0.000 0.000 0.695 
146 0.015 0.065 0.267 0.111 0.177 0.320 0.036 0.117 0.106 0.018 0.005 0.000 0.000 0.000 0.000 0.000 0.052 0.022 0.013 0.000 0.000 0.709 
147 0.015 0.082 0.262 0.111 0.178 0.290 0.034 0.117 0.104 0.018 0.002 0.000 0.000 0.000 0.001 0.005 0.050 0.020 0.018 0.000 0.000 0.694 
148 0.015 0.080 0.262 0.111 0.178 0.317 0.034 0.149 0.101 0.018 0.002 0.000 0.000 0.000 0.001 0.005 0.044 0.017 0.016 0.000 0.000 0.671 
149 0.013 0.080 0.264 0.106 0.172 0.330 0.035 0.148 0.100 0.018 0.005 0.000 0.000 0.000 0.001 0.005 0.044 0.017 0.022 0.000 0.000 0.636 
150 0.014 0.074 0.267 0.111 0.166 0.331 0.085 0.150 0.102 0.018 0.004 0.000 0.000 0.000 0.001 0.005 0.046 0.018 0.020 0.000 0.000 0.631 
151 0.015 0.080 0.268 0.124 0.164 0.326 0.085 0.145 0.096 0.021 0.004 0.000 0.000 0.000 0.001 0.006 0.039 0.020 0.017 0.000 0.000 0.642 
152 0.021 0.077 0.268 0.120 0.161 0.341 0.083 0.143 0.094 0.014 0.004 0.000 0.000 0.000 0.000 0.005 0.037 0.020 0.020 0.000 0.000 0.651 
153 0.023 0.076 0.265 0.119 0.170 0.321 0.082 0.140 0.093 0.014 0.005 0.000 0.000 0.000 0.000 0.006 0.038 0.018 0.020 0.000 0.000 0.645 
154 0.025 0.073 0.265 0.115 0.172 0.309 0.080 0.133 0.101 0.014 0.007 0.000 0.000 0.000 0.000 0.006 0.041 0.020 0.020 0.000 0.000 0.643 
155 0.024 0.083 0.257 0.119 0.171 0.305 0.104 0.131 0.114 0.010 0.008 0.000 0.000 0.000 0.000 0.007 0.038 0.019 0.019 0.000 0.000 0.677 
156 0.025 0.085 0.252 0.119 0.171 0.306 0.101 0.125 0.113 0.010 0.010 0.000 0.000 0.000 0.000 0.007 0.039 0.019 0.018 0.000 0.000 0.690 
157 0.026 0.087 0.246 0.116 0.177 0.293 0.103 0.120 0.108 0.011 0.010 0.000 0.000 0.000 0.000 0.009 0.036 0.021 0.018 0.000 0.000 0.711 
158 0.025 0.083 0.243 0.114 0.175 0.295 0.103 0.121 0.098 0.017 0.013 0.000 0.000 0.000 0.001 0.009 0.048 0.021 0.019 0.000 0.000 0.702 
159 0.030 0.079 0.244 0.109 0.180 0.315 0.115 0.116 0.097 0.017 0.010 0.000 0.000 0.000 0.001 0.009 0.058 0.021 0.022 0.000 0.000 0.697 
160 0.032 0.075 0.244 0.120 0.177 0.318 0.118 0.113 0.089 0.017 0.010 0.000 0.000 0.000 0.001 0.009 0.059 0.023 0.021 0.000 0.000 0.686 
161 0.034 0.078 0.242 0.114 0.177 0.315 0.117 0.156 0.088 0.017 0.010 0.000 0.000 0.000 0.001 0.010 0.052 0.023 0.020 0.000 0.000 0.667 
162 0.032 0.081 0.235 0.121 0.175 0.319 0.106 0.156 0.090 0.017 0.010 0.000 0.000 0.000 0.000 0.010 0.053 0.022 0.021 0.000 0.000 0.682 
163 0.032 0.080 0.243 0.128 0.180 0.314 0.115 0.141 0.126 0.016 0.012 0.000 0.000 0.000 0.000 0.014 0.045 0.022 0.025 0.000 0.000 0.711 
164 0.031 0.085 0.234 0.127 0.178 0.316 0.101 0.139 0.116 0.016 0.011 0.000 0.000 0.000 0.000 0.015 0.042 0.026 0.017 0.000 0.000 0.706 
165 0.034 0.084 0.230 0.122 0.180 0.314 0.107 0.135 0.111 0.016 0.014 0.000 0.000 0.000 0.000 0.017 0.045 0.029 0.016 0.000 0.000 0.721 
166 0.034 0.082 0.236 0.116 0.176 0.311 0.099 0.129 0.103 0.016 0.013 0.000 0.000 0.000 0.001 0.017 0.043 0.027 0.017 0.000 0.000 0.734 
167 0.035 0.084 0.236 0.122 0.178 0.304 0.102 0.128 0.107 0.020 0.013 0.000 0.000 0.000 0.000 0.016 0.045 0.029 0.017 0.000 0.000 0.722 
168 0.035 0.082 0.239 0.126 0.184 0.298 0.103 0.125 0.101 0.016 0.011 0.000 0.000 0.000 0.000 0.015 0.047 0.031 0.014 0.000 0.000 0.710 
169 0.033 0.080 0.237 0.134 0.188 0.304 0.101 0.112 0.143 0.019 0.011 0.000 0.000 0.000 0.000 0.018 0.048 0.027 0.014 0.000 0.000 0.700 
170 0.030 0.077 0.231 0.129 0.191 0.323 0.113 0.113 0.139 0.019 0.010 0.000 0.000 0.000 0.000 0.018 0.052 0.026 0.010 0.000 0.000 0.672 
171 0.027 0.078 0.236 0.123 0.193 0.320 0.112 0.115 0.148 0.018 0.011 0.000 0.000 0.000 0.000 0.018 0.060 0.018 0.010 0.000 0.000 0.674 
172 0.026 0.077 0.241 0.130 0.198 0.318 0.109 0.109 0.149 0.024 0.011 0.000 0.000 0.000 0.000 0.018 0.062 0.018 0.017 0.000 0.000 0.661 
173 0.028 0.074 0.235 0.141 0.190 0.303 0.110 0.107 0.149 0.020 0.011 0.000 0.000 0.000 0.000 0.017 0.066 0.016 0.021 0.000 0.000 0.649 
174 0.028 0.075 0.252 0.135 0.189 0.282 0.112 0.139 0.148 0.017 0.011 0.000 0.000 0.000 0.000 0.017 0.070 0.016 0.023 0.000 0.000 0.631 
175 0.029 0.084 0.252 0.134 0.184 0.292 0.110 0.135 0.146 0.017 0.011 0.000 0.000 0.000 0.000 0.018 0.066 0.016 0.023 0.000 0.000 0.621 
176 0.031 0.101 0.263 0.124 0.187 0.283 0.108 0.135 0.152 0.017 0.011 0.000 0.000 0.000 0.000 0.019 0.071 0.016 0.023 0.000 0.000 0.649 
177 0.031 0.095 0.264 0.120 0.190 0.283 0.140 0.133 0.180 0.017 0.011 0.000 0.000 0.000 0.000 0.016 0.066 0.018 0.028 0.000 0.000 0.638 
178 0.032 0.098 0.272 0.123 0.193 0.285 0.134 0.142 0.172 0.011 0.010 0.000 0.000 0.000 0.000 0.015 0.069 0.019 0.028 0.000 0.000 0.663 
179 0.032 0.109 0.270 0.122 0.179 0.307 0.128 0.147 0.154 0.004 0.013 0.000 0.000 0.000 0.000 0.015 0.062 0.017 0.027 0.000 0.000 0.678 
180 0.034 0.100 0.266 0.132 0.180 0.309 0.128 0.144 0.158 0.004 0.013 0.000 0.000 0.000 0.000 0.015 0.058 0.014 0.023 0.000 0.000 0.691 
181 0.034 0.101 0.268 0.131 0.174 0.295 0.107 0.143 0.156 0.004 0.013 0.000 0.000 0.000 0.000 0.013 0.051 0.015 0.045 0.000 0.000 0.701 
182 0.035 0.099 0.262 0.144 0.170 0.305 0.089 0.143 0.159 0.004 0.013 0.000 0.000 0.000 0.000 0.014 0.052 0.014 0.048 0.000 0.000 0.718 
183 0.035 0.097 0.255 0.156 0.162 0.308 0.089 0.139 0.158 0.004 0.015 0.000 0.000 0.000 0.000 0.017 0.047 0.018 0.046 0.000 0.000 0.704 
184 0.035 0.096 0.263 0.162 0.162 0.308 0.087 0.138 0.156 0.008 0.015 0.000 0.000 0.000 0.000 0.019 0.048 0.017 0.055 0.000 0.000 0.709 
185 0.037 0.101 0.254 0.183 0.165 0.290 0.086 0.148 0.134 0.008 0.016 0.000 0.000 0.000 0.000 0.020 0.048 0.017 0.056 0.000 0.000 0.692 
186 0.038 0.096 0.255 0.180 0.163 0.283 0.089 0.153 0.138 0.008 0.015 0.000 0.000 0.000 0.000 0.021 0.050 0.019 0.057 0.000 0.000 0.701 
187 0.034 0.101 0.247 0.180 0.165 0.274 0.079 0.155 0.180 0.008 0.013 0.000 0.000 0.000 0.000 0.021 0.051 0.017 0.059 0.000 0.000 0.695 
188 0.034 0.097 0.243 0.174 0.166 0.262 0.069 0.149 0.184 0.008 0.013 0.000 0.000 0.000 0.000 0.021 0.054 0.020 0.056 0.000 0.000 0.709 
189 0.033 0.094 0.227 0.172 0.172 0.266 0.070 0.151 0.193 0.008 0.013 0.000 0.000 0.000 0.000 0.021 0.055 0.024 0.051 0.000 0.000 0.703 
190 0.034 0.092 0.218 0.170 0.184 0.275 0.070 0.153 0.195 0.008 0.013 0.000 0.000 0.000 0.000 0.019 0.046 0.028 0.053 0.000 0.000 0.692 
191 0.034 0.087 0.217 0.167 0.183 0.281 0.061 0.153 0.188 0.015 0.013 0.000 0.000 0.000 0.000 0.019 0.046 0.026 0.058 0.001 0.000 0.682 
192 0.037 0.087 0.210 0.176 0.182 0.269 0.061 0.159 0.189 0.011 0.015 0.000 0.000 0.000 0.000 0.018 0.049 0.027 0.065 0.001 0.000 0.701 
193 0.037 0.083 0.204 0.176 0.176 0.263 0.051 0.168 0.191 0.011 0.015 0.000 0.000 0.000 0.000 0.019 0.056 0.027 0.065 0.001 0.000 0.695 
194 0.040 0.080 0.208 0.183 0.176 0.257 0.051 0.167 0.185 0.015 0.010 0.000 0.000 0.000 0.000 0.017 0.053 0.027 0.062 0.001 0.000 0.703 
195 0.052 0.086 0.195 0.185 0.179 0.247 0.056 0.164 0.217 0.015 0.011 0.000 0.000 0.000 0.000 0.015 0.054 0.026 0.057 0.001 0.000 0.678 
196 0.056 0.084 0.191 0.166 0.186 0.246 0.054 0.170 0.188 0.018 0.010 0.000 0.000 0.000 0.000 0.018 0.058 0.022 0.056 0.001 0.000 0.696 
197 0.059 0.098 0.192 0.171 0.185 0.254 0.055 0.157 0.218 0.014 0.007 0.000 0.000 0.000 0.000 0.017 0.054 0.020 0.054 0.001 0.000 0.678 
198 0.056 0.089 0.188 0.177 0.188 0.257 0.055 0.160 0.206 0.013 0.007 0.000 0.000 0.000 0.000 0.017 0.059 0.021 0.046 0.005 0.000 0.685 
199 0.060 0.091 0.190 0.173 0.187 0.245 0.056 0.148 0.221 0.016 0.005 0.000 0.000 0.000 0.000 0.018 0.066 0.023 0.037 0.003 0.000 0.683 
200 0.059 0.095 0.195 0.184 0.180 0.252 0.063 0.151 0.219 0.016 0.005 0.000 0.000 0.000 0.000 0.018 0.067 0.023 0.038 0.003 0.000 0.675 
201 0.058 0.093 0.191 0.184 0.174 0.245 0.067 0.146 0.195 0.016 0.005 0.000 0.000 0.000 0.000 0.015 0.070 0.027 0.040 0.003 0.000 0.684 
202 0.057 0.089 0.195 0.178 0.177 0.248 0.060 0.151 0.195 0.016 0.005 0.000 0.000 0.000 0.000 0.014 0.071 0.029 0.039 0.003 0.000 0.692 
203 0.056 0.088 0.197 0.176 0.174 0.251 0.061 0.153 0.194 0.016 0.003 0.001 0.000 0.000 0.000 0.015 0.069 0.030 0.033 0.003 0.000 0.700 
204 0.057 0.082 0.203 0.187 0.175 0.256 0.065 0.152 0.201 0.016 0.003 0.001 0.000 0.000 0.000 0.015 0.066 0.027 0.034 0.003 0.000 0.702 
205 0.059 0.079 0.194 0.191 0.183 0.248 0.062 0.152 0.208 0.015 0.003 0.001 0.000 0.000 0.000 0.017 0.069 0.029 0.034 0.003 0.000 0.715 
206 0.058 0.079 0.192 0.191 0.183 0.252 0.079 0.153 0.209 0.015 0.003 0.001 0.000 0.000 0.000 0.019 0.064 0.030 0.033 0.003 0.000 0.733 
207 0.056 0.077 0.191 0.180 0.184 0.261 0.080 0.146 0.202 0.016 0.003 0.001 0.000 0.000 0.000 0.020 0.068 0.029 0.045 0.003 0.000 0.733 
208 0.056 0.075 0.187 0.175 0.181 0.279 0.081 0.147 0.204 0.015 0.003 0.001 0.000 0.000 0.000 0.021 0.063 0.030 0.053 0.003 0.000 0.721 
209 0.055 0.072 0.179 0.188 0.183 0.267 0.085 0.153 0.193 0.019 0.003 0.001 0.000 0.000 0.000 0.020 0.069 0.027 0.056 0.003 0.000 0.700 
210 0.058 0.069 0.181 0.185 0.184 0.267 0.080 0.153 0.199 0.019 0.003 0.001 0.000 0.000 0.000 0.024 0.073 0.032 0.055 0.003 0.000 0.702 
211 0.065 0.068 0.174 0.194 0.183 0.263 0.087 0.154 0.208 0.019 0.000 0.001 0.000 0.000 0.000 0.023 0.070 0.031 0.066 0.003 0.000 0.719 
212 0.065 0.058 0.170 0.185 0.177 0.268 0.085 0.163 0.214 0.018 0.000 0.001 0.000 0.000 0.000 0.022 0.063 0.040 0.063 0.003 0.000 0.696 
213 0.068 0.058 0.168 0.181 0.176 0.262 0.087 0.168 0.209 0.022 0.000 0.001 0.000 0.000 0.000 0.023 0.063 0.043 0.056 0.003 0.000 0.689 
214 0.062 0.053 0.175 0.192 0.170 0.264 0.085 0.171 0.212 0.018 0.000 0.001 0.000 0.000 0.000 0.023 0.066 0.042 0.053 0.002 0.000 0.696 
215 0.063 0.053 0.174 0.190 0.178 0.250 0.084 0.163 0.230 0.018 0.000 0.001 0.000 0.000 0.000 0.021 0.070 0.042 0.047 0.004 0.000 0.701 
216 0.062 0.050 0.176 0.188 0.173 0.261 0.079 0.161 0.227 0.018 0.000 0.001 0.000 0.000 0.000 0.017 0.067 0.041 0.051 0.004 0.000 0.695 
217 0.061 0.049 0.181 0.186 0.169 0.256 0.080 0.155 0.242 0.017 0.000 0.001 0.000 0.000 0.000 0.017 0.067 0.040 0.052 0.003 0.000 0.682 
218 0.062 0.053 0.180 0.186 0.174 0.251 0.082 0.156 0.236 0.029 0.000 0.001 0.000 0.000 0.000 0.016 0.068 0.040 0.051 0.002 0.000 0.669 
219 0.062 0.050 0.179 0.186 0.169 0.247 0.077 0.162 0.240 0.028 0.000 0.001 0.000 0.000 0.000 0.017 0.065 0.040 0.052 0.001 0.000 0.697 
220 0.064 0.057 0.172 0.198 0.172 0.246 0.077 0.162 0.233 0.029 0.000 0.001 0.000 0.000 0.000 0.017 0.066 0.042 0.050 0.000 0.000 0.693 
221 0.063 0.052 0.171 0.201 0.177 0.248 0.081 0.160 0.236 0.025 0.000 0.001 0.000 0.000 0.000 0.017 0.068 0.036 0.043 0.000 0.000 0.689 
222 0.063 0.050 0.179 0.184 0.172 0.250 0.090 0.160 0.226 0.022 0.000 0.001 0.000 0.000 0.000 0.016 0.069 0.034 0.044 0.000 0.000 0.699 
223 0.059 0.047 0.184 0.185 0.165 0.236 0.104 0.162 0.228 0.023 0.000 0.001 0.000 0.000 0.000 0.013 0.076 0.034 0.047 0.000 0.000 0.686 
224 0.054 0.056 0.180 0.184 0.173 0.230 0.102 0.169 0.219 0.021 0.000 0.000 0.001 0.000 0.000 0.013 0.075 0.037 0.044 0.000 0.000 0.686 
225 0.052 0.057 0.180 0.179 0.178 0.231 0.107 0.166 0.210 0.021 0.000 0.000 0.001 0.000 0.000 0.012 0.074 0.036 0.041 0.000 0.000 0.697 
226 0.054 0.050 0.181 0.185 0.173 0.227 0.142 0.163 0.188 0.023 0.000 0.000 0.001 0.000 0.000 0.013 0.067 0.038 0.038 0.000 0.000 0.693 
227 0.052 0.062 0.176 0.183 0.175 0.222 0.132 0.163 0.198 0.023 0.000 0.000 0.000 0.000 0.000 0.011 0.065 0.040 0.042 0.000 0.000 0.701 
228 0.053 0.059 0.167 0.180 0.180 0.222 0.130 0.154 0.211 0.023 0.000 0.000 0.000 0.000 0.000 0.006 0.059 0.041 0.045 0.001 0.000 0.686 
229 0.050 0.061 0.162 0.181 0.174 0.232 0.159 0.151 0.211 0.026 0.000 0.000 0.000 0.000 0.000 0.005 0.058 0.040 0.045 0.002 0.000 0.682 
230 0.052 0.065 0.167 0.182 0.177 0.244 0.163 0.156 0.212 0.026 0.000 0.000 0.000 0.000 0.000 0.006 0.057 0.041 0.051 0.002 0.000 0.686 
231 0.053 0.064 0.168 0.183 0.171 0.242 0.161 0.152 0.216 0.021 0.000 0.000 0.000 0.000 0.000 0.003 0.064 0.041 0.048 0.002 0.000 0.675 
232 0.053 0.061 0.165 0.179 0.172 0.226 0.157 0.166 0.207 0.021 0.000 0.000 0.000 0.000 0.000 0.003 0.061 0.037 0.048 0.002 0.000 0.681 
233 0.053 0.066 0.165 0.172 0.166 0.231 0.155 0.160 0.206 0.025 0.000 0.000 0.000 0.000 0.000 0.003 0.061 0.032 0.041 0.002 0.000 0.692 
234 0.057 0.079 0.164 0.174 0.159 0.242 0.148 0.163 0.205 0.024 0.000 0.000 0.000 0.000 0.000 0.003 0.058 0.035 0.042 0.002 0.000 0.681 
235 0.058 0.077 0.162 0.177 0.158 0.242 0.170 0.158 0.210 0.023 0.000 0.000 0.000 0.000 0.000 0.006 0.055 0.034 0.048 0.002 0.000 0.664 
236 0.056 0.082 0.164 0.186 0.153 0.247 0.173 0.157 0.209 0.024 0.000 0.000 0.000 0.000 0.000 0.007 0.057 0.034 0.048 0.002 0.000 0.682 
237 0.059 0.078 0.165 0.186 0.154 0.237 0.172 0.151 0.204 0.024 0.000 0.000 0.000 0.000 0.000 0.009 0.059 0.036 0.046 0.002 0.000 0.673 
238 0.060 0.080 0.169 0.192 0.153 0.230 0.174 0.150 0.208 0.043 0.000 0.000 0.000 0.000 0.000 0.010 0.051 0.037 0.045 0.002 0.000 0.694 
239 0.058 0.079 0.167 0.185 0.153 0.226 0.176 0.146 0.205 0.043 0.000 0.000 0.000 0.000 0.000 0.009 0.050 0.037 0.048 0.002 0.000 0.701 
240 0.059 0.080 0.162 0.183 0.153 0.219 0.190 0.149 0.208 0.044 0.000 0.000 0.000 0.000 0.000 0.009 0.052 0.039 0.040 0.001 0.000 0.703 
241 0.058 0.078 0.160 0.178 0.154 0.230 0.192 0.149 0.204 0.044 0.000 0.000 0.000 0.000 0.000 0.009 0.049 0.043 0.038 0.001 0.000 0.705 
242 0.054 0.075 0.162 0.173 0.156 0.233 0.201 0.150 0.210 0.047 0.000 0.000 0.000 0.000 0.000 0.008 0.052 0.045 0.037 0.001 0.000 0.704 
243 0.056 0.072 0.162 0.179 0.153 0.231 0.201 0.153 0.215 0.043 0.000 0.000 0.000 0.000 0.000 0.006 0.056 0.042 0.037 0.001 0.000 0.697 
244 0.055 0.068 0.161 0.168 0.165 0.234 0.240 0.151 0.213 0.039 0.000 0.000 0.000 0.000 0.000 0.006 0.052 0.049 0.035 0.000 0.000 0.714 
245 0.055 0.061 0.157 0.163 0.165 0.231 0.230 0.154 0.218 0.039 0.000 0.000 0.000 0.000 0.000 0.011 0.052 0.051 0.028 0.001 0.000 0.696 
246 0.056 0.064 0.157 0.159 0.167 0.229 0.223 0.151 0.210 0.042 0.000 0.000 0.000 0.000 0.000 0.010 0.044 0.053 0.034 0.001 0.000 0.679 
247 0.057 0.056 0.162 0.160 0.171 0.221 0.217 0.148 0.203 0.098 0.000 0.000 0.000 0.000 0.000 0.011 0.046 0.049 0.030 0.001 0.000 0.659 
248 0.053 0.060 0.165 0.165 0.164 0.226 0.222 0.152 0.201 0.149 0.000 0.000 0.000 0.000 0.000 0.009 0.051 0.047 0.033 0.001 0.000 0.665 
249 0.051 0.061 0.170 0.180 0.162 0.217 0.226 0.150 0.202 0.147 0.000 0.000 0.000 0.000 0.000 0.010 0.051 0.047 0.037 0.001 0.000 0.670 
250 0.051 0.062 0.175 0.175 0.161 0.208 0.224 0.150 0.196 0.146 0.000 0.000 0.000 0.000 0.000 0.010 0.048 0.051 0.042 0.001 0.000 0.669 
251 0.054 0.062 0.176 0.175 0.156 0.203 0.218 0.145 0.200 0.140 0.000 0.000 0.000 0.000 0.000 0.010 0.044 0.049 0.038 0.001 0.000 0.657 
252 0.051 0.064 0.174 0.174 0.155 0.213 0.241 0.147 0.205 0.135 0.000 0.000 0.000 0.000 0.000 0.011 0.044 0.048 0.042 0.001 0.000 0.673 
253 0.058 0.061 0.178 0.171 0.156 0.207 0.246 0.144 0.212 0.129 0.000 0.000 0.000 0.000 0.000 0.014 0.046 0.044 0.034 0.001 0.000 0.661 
254 0.055 0.062 0.183 0.172 0.153 0.207 0.236 0.142 0.213 0.122 0.000 0.000 0.000 0.000 0.000 0.012 0.050 0.040 0.036 0.001 0.000 0.676 
255 0.054 0.059 0.185 0.176 0.150 0.198 0.232 0.138 0.208 0.120 0.000 0.000 0.000 0.000 0.000 0.012 0.046 0.039 0.043 0.001 0.000 0.676 
256 0.052 0.066 0.181 0.187 0.143 0.198 0.233 0.139 0.197 0.126 0.000 0.000 0.000 0.000 0.000 0.011 0.049 0.038 0.039 0.001 0.000 0.688 
257 0.054 0.066 0.190 0.191 0.147 0.190 0.235 0.141 0.189 0.122 0.000 0.000 0.000 0.000 0.000 0.009 0.050 0.039 0.040 0.001 0.000 0.692 
258 0.053 0.068 0.198 0.190 0.149 0.174 0.230 0.151 0.187 0.120 0.000 0.000 0.000 0.000 0.000 0.008 0.049 0.038 0.040 0.002 0.000 0.693 
259 0.053 0.065 0.198 0.188 0.147 0.184 0.220 0.156 0.187 0.120 0.000 0.000 0.000 0.000 0.000 0.007 0.053 0.037 0.040 0.002 0.000 0.681 
260 0.050 0.065 0.191 0.189 0.151 0.204 0.206 0.159 0.184 0.126 0.000 0.000 0.000 0.000 0.000 0.008 0.055 0.036 0.040 0.002 0.000 0.684 
261 0.051 0.062 0.193 0.187 0.151 0.210 0.207 0.156 0.191 0.121 0.002 0.000 0.000 0.000 0.000 0.008 0.053 0.035 0.038 0.002 0.000 0.698 
262 0.049 0.065 0.185 0.191 0.148 0.210 0.216 0.158 0.195 0.114 0.002 0.001 0.000 0.000 0.000 0.009 0.050 0.035 0.038 0.002 0.000 0.684 
263 0.049 0.065 0.178 0.194 0.141 0.207 0.225 0.159 0.188 0.120 0.002 0.002 0.000 0.000 0.000 0.008 0.048 0.038 0.044 0.003 0.000 0.682 
264 0.049 0.065 0.175 0.198 0.143 0.219 0.230 0.156 0.181 0.118 0.007 0.002 0.000 0.000 0.000 0.009 0.050 0.036 0.046 0.003 0.000 0.669 
265 0.046 0.067 0.181 0.198 0.143 0.239 0.230 0.156 0.179 0.109 0.005 0.002 0.000 0.000 0.000 0.009 0.048 0.041 0.040 0.005 0.000 0.682 
266 0.046 0.068 0.204 0.199 0.149 0.238 0.262 0.158 0.179 0.105 0.006 0.002 0.000 0.000 0.000 0.012 0.050 0.040 0.038 0.005 0.000 0.681 
267 0.045 0.067 0.199 0.201 0.144 0.238 0.253 0.153 0.185 0.096 0.005 0.004 0.000 0.000 0.000 0.015 0.053 0.038 0.041 0.004 0.000 0.696 
268 0.047 0.065 0.185 0.198 0.144 0.247 0.241 0.154 0.178 0.097 0.005 0.003 0.000 0.000 0.000 0.014 0.060 0.035 0.036 0.002 0.000 0.687 
269 0.049 0.063 0.183 0.191 0.148 0.243 0.240 0.156 0.178 0.092 0.005 0.003 0.000 0.000 0.000 0.014 0.064 0.036 0.034 0.002 0.000 0.680 
270 0.052 0.059 0.183 0.187 0.150 0.231 0.257 0.144 0.173 0.082 0.005 0.003 0.000 0.000 0.000 0.014 0.070 0.037 0.032 0.002 0.000 0.689 
271 0.052 0.061 0.179 0.193 0.147 0.232 0.256 0.146 0.175 0.077 0.008 0.003 0.000 0.000 0.000 0.015 0.066 0.034 0.034 0.002 0.000 0.719 
272 0.051 0.064 0.176 0.197 0.147 0.238 0.248 0.144 0.174 0.081 0.007 0.003 0.000 0.000 0.000 0.015 0.073 0.035 0.035 0.003 0.000 0.729 
273 0.053 0.064 0.175 0.196 0.144 0.235 0.246 0.147 0.179 0.075 0.005 0.003 0.000 0.000 0.000 0.013 0.074 0.036 0.035 0.003 0.000 0.715 
274 0.054 0.069 0.177 0.200 0.144 0.242 0.244 0.138 0.184 0.072 0.005 0.002 0.001 0.000 0.000 0.010 0.071 0.038 0.036 0.004 0.000 0.704 
275 0.053 0.073 0.173 0.205 0.141 0.235 0.249 0.131 0.186 0.066 0.005 0.002 0.001 0.000 0.000 0.009 0.083 0.035 0.038 0.004 0.000 0.698 
276 0.053 0.075 0.177 0.206 0.141 0.230 0.235 0.128 0.189 0.062 0.013 0.002 0.001 0.000 0.000 0.009 0.082 0.032 0.043 0.004 0.000 0.705 
277 0.052 0.076 0.175 0.216 0.147 0.228 0.236 0.132 0.181 0.074 0.011 0.002 0.001 0.000 0.000 0.009 0.081 0.031 0.042 0.004 0.000 0.700 
278 0.051 0.077 0.177 0.207 0.151 0.225 0.241 0.129 0.172 0.082 0.011 0.002 0.001 0.000 0.000 0.008 0.083 0.033 0.044 0.004 0.000 0.667 
279 0.048 0.079 0.183 0.199 0.155 0.235 0.245 0.132 0.180 0.076 0.013 0.001 0.001 0.000 0.001 0.008 0.079 0.033 0.034 0.007 0.000 0.679 
280 0.043 0.074 0.190 0.198 0.157 0.259 0.256 0.135 0.177 0.069 0.012 0.001 0.001 0.000 0.001 0.008 0.073 0.030 0.031 0.007 0.000 0.667 
281 0.043 0.079 0.195 0.201 0.148 0.271 0.258 0.132 0.173 0.075 0.010 0.001 0.001 0.000 0.001 0.008 0.069 0.038 0.029 0.006 0.000 0.659 
282 0.043 0.081 0.205 0.199 0.143 0.259 0.265 0.133 0.171 0.073 0.009 0.001 0.001 0.000 0.001 0.008 0.069 0.039 0.029 0.006 0.000 0.665 
283 0.044 0.086 0.207 0.199 0.142 0.257 0.272 0.131 0.169 0.075 0.009 0.001 0.001 0.000 0.001 0.008 0.070 0.037 0.030 0.005 0.000 0.660 
284 0.043 0.087 0.206 0.200 0.150 0.250 0.274 0.131 0.166 0.076 0.009 0.001 0.001 0.000 0.001 0.008 0.074 0.033 0.028 0.004 0.000 0.659 
285 0.045 0.087 0.225 0.201 0.153 0.237 0.295 0.134 0.168 0.077 0.007 0.001 0.001 0.000 0.002 0.006 0.068 0.036 0.028 0.003 0.000 0.674 
286 0.047 0.086 0.223 0.199 0.149 0.226 0.301 0.137 0.165 0.077 0.007 0.001 0.001 0.000 0.002 0.008 0.071 0.036 0.027 0.003 0.000 0.680 
287 0.047 0.086 0.226 0.196 0.149 0.223 0.294 0.138 0.160 0.070 0.007 0.001 0.001 0.000 0.002 0.006 0.070 0.033 0.029 0.004 0.000 0.678 
288 0.043 0.089 0.225 0.196 0.148 0.222 0.302 0.140 0.147 0.061 0.005 0.002 0.001 0.000 0.002 0.004 0.072 0.030 0.034 0.004 0.000 0.691 
289 0.042 0.093 0.218 0.195 0.140 0.228 0.303 0.138 0.149 0.061 0.002 0.002 0.001 0.000 0.002 0.004 0.088 0.034 0.033 0.004 0.000 0.685 
290 0.043 0.109 0.201 0.206 0.135 0.221 0.300 0.136 0.149 0.062 0.000 0.003 0.001 0.000 0.002 0.004 0.087 0.031 0.033 0.004 0.000 0.688 
291 0.041 0.108 0.207 0.199 0.135 0.272 0.297 0.143 0.151 0.074 0.000 0.003 0.001 0.000 0.003 0.006 0.090 0.031 0.039 0.005 0.000 0.672 
292 0.043 0.107 0.195 0.196 0.135 0.260 0.294 0.137 0.151 0.076 0.000 0.003 0.001 0.000 0.003 0.007 0.103 0.032 0.037 0.004 0.000 0.675 
293 0.043 0.107 0.184 0.189 0.139 0.275 0.280 0.135 0.139 0.101 0.000 0.003 0.001 0.000 0.003 0.010 0.089 0.027 0.053 0.003 0.000 0.686 
294 0.043 0.111 0.181 0.190 0.130 0.265 0.276 0.131 0.144 0.093 0.000 0.004 0.001 0.000 0.002 0.010 0.084 0.024 0.051 0.003 0.000 0.685 
295 0.045 0.111 0.175 0.197 0.129 0.260 0.257 0.134 0.146 0.089 0.000 0.004 0.001 0.000 0.002 0.021 0.081 0.024 0.040 0.003 0.000 0.714 
296 0.043 0.114 0.178 0.192 0.138 0.251 0.270 0.135 0.153 0.084 0.000 0.004 0.001 0.000 0.002 0.020 0.079 0.025 0.037 0.003 0.000 0.708 
297 0.044 0.114 0.188 0.190 0.136 0.241 0.271 0.138 0.153 0.080 0.000 0.004 0.001 0.000 0.002 0.016 0.070 0.030 0.047 0.003 0.000 0.708 
298 0.044 0.115 0.193 0.184 0.146 0.227 0.280 0.142 0.152 0.080 0.000 0.004 0.001 0.000 0.002 0.015 0.071 0.028 0.050 0.004 0.000 0.706 
299 0.042 0.118 0.201 0.178 0.154 0.224 0.284 0.146 0.148 0.080 0.000 0.005 0.001 0.000 0.002 0.015 0.075 0.024 0.049 0.004 0.000 0.720 
300 0.044 0.123 0.208 0.171 0.151 0.220 0.282 0.143 0.151 0.072 0.000 0.005 0.001 0.000 0.001 0.018 0.078 0.025 0.047 0.004 0.000 0.702 
301 0.047 0.123 0.202 0.177 0.162 0.235 0.301 0.145 0.151 0.072 0.004 0.003 0.001 0.000 0.002 0.017 0.082 0.023 0.041 0.006 0.000 0.698 
302 0.048 0.123 0.195 0.184 0.163 0.244 0.357 0.137 0.140 0.071 0.004 0.003 0.001 0.000 0.002 0.015 0.076 0.023 0.041 0.007 0.000 0.656 
303 0.055 0.127 0.199 0.189 0.161 0.242 0.345 0.133 0.136 0.062 0.010 0.003 0.001 0.000 0.001 0.009 0.072 0.023 0.043 0.004 0.001 0.654 
304 0.054 0.130 0.196 0.182 0.158 0.239 0.352 0.132 0.145 0.065 0.010 0.003 0.001 0.000 0.001 0.006 0.075 0.023 0.043 0.004 0.001 0.659 
305 0.051 0.161 0.192 0.182 0.157 0.236 0.350 0.130 0.146 0.062 0.010 0.003 0.001 0.000 0.001 0.005 0.078 0.023 0.042 0.004 0.001 0.654 
306 0.050 0.182 0.190 0.186 0.164 0.233 0.344 0.129 0.149 0.059 0.010 0.004 0.002 0.000 0.001 0.007 0.073 0.023 0.040 0.004 0.001 0.664 
307 0.047 0.176 0.186 0.180 0.168 0.241 0.346 0.121 0.151 0.060 0.010 0.004 0.002 0.000 0.001 0.006 0.072 0.023 0.037 0.004 0.001 0.676 
308 0.047 0.168 0.184 0.181 0.171 0.233 0.337 0.124 0.145 0.060 0.010 0.004 0.002 0.000 0.001 0.005 0.069 0.025 0.036 0.004 0.002 0.694 
309 0.047 0.161 0.190 0.173 0.167 0.234 0.322 0.114 0.149 0.062 0.004 0.004 0.001 0.000 0.001 0.003 0.062 0.029 0.040 0.004 0.002 0.707 
310 0.048 0.153 0.192 0.170 0.169 0.235 0.329 0.118 0.144 0.058 0.004 0.002 0.001 0.000 0.001 0.003 0.063 0.032 0.037 0.004 0.001 0.718 
311 0.055 0.148 0.193 0.163 0.167 0.240 0.327 0.126 0.145 0.063 0.004 0.002 0.001 0.000 0.001 0.010 0.053 0.039 0.035 0.004 0.001 0.718 
312 0.059 0.147 0.193 0.172 0.170 0.232 0.316 0.128 0.139 0.066 0.004 0.002 0.000 0.000 0.001 0.009 0.058 0.037 0.034 0.004 0.002 0.714 
313 0.058 0.144 0.186 0.172 0.168 0.242 0.304 0.121 0.133 0.066 0.004 0.002 0.000 0.000 0.001 0.010 0.054 0.039 0.031 0.004 0.002 0.694 
314 0.057 0.138 0.181 0.169 0.165 0.250 0.293 0.118 0.133 0.071 0.004 0.002 0.000 0.000 0.001 0.009 0.056 0.038 0.030 0.003 0.002 0.690 
315 0.061 0.128 0.178 0.173 0.167 0.243 0.283 0.117 0.136 0.064 0.006 0.001 0.000 0.000 0.001 0.009 0.059 0.041 0.031 0.004 0.002 0.694 
316 0.070 0.118 0.185 0.167 0.175 0.233 0.284 0.114 0.135 0.067 0.006 0.001 0.000 0.000 0.001 0.009 0.062 0.042 0.029 0.004 0.002 0.692 
317 0.070 0.111 0.185 0.158 0.179 0.230 0.297 0.109 0.128 0.083 0.006 0.001 0.000 0.000 0.001 0.009 0.065 0.042 0.029 0.003 0.002 0.685 
318 0.071 0.110 0.183 0.158 0.183 0.211 0.292 0.108 0.133 0.084 0.004 0.000 0.000 0.000 0.001 0.015 0.058 0.038 0.025 0.002 0.002 0.699 
319 0.073 0.109 0.198 0.154 0.182 0.217 0.302 0.110 0.145 0.078 0.008 0.000 0.000 0.000 0.001 0.012 0.054 0.036 0.028 0.002 0.002 0.711 
320 0.068 0.106 0.192 0.168 0.173 0.230 0.295 0.116 0.147 0.088 0.008 0.000 0.000 0.000 0.001 0.012 0.052 0.036 0.027 0.002 0.002 0.717 
321 0.072 0.104 0.195 0.160 0.177 0.231 0.291 0.107 0.152 0.085 0.006 0.000 0.000 0.000 0.001 0.015 0.048 0.042 0.026 0.002 0.002 0.711 
322 0.073 0.102 0.186 0.155 0.176 0.237 0.287 0.104 0.153 0.072 0.006 0.000 0.000 0.000 0.001 0.016 0.058 0.039 0.029 0.002 0.002 0.702 
323 0.072 0.106 0.188 0.152 0.172 0.230 0.286 0.112 0.151 0.073 0.004 0.000 0.000 0.000 0.001 0.015 0.058 0.038 0.032 0.002 0.002 0.697 
324 0.070 0.111 0.183 0.159 0.170 0.245 0.284 0.119 0.152 0.068 0.004 0.000 0.000 0.000 0.001 0.012 0.052 0.030 0.035 0.002 0.003 0.693 
325 0.078 0.104 0.179 0.161 0.161 0.247 0.291 0.123 0.148 0.076 0.002 0.001 0.000 0.000 0.001 0.014 0.055 0.032 0.035 0.003 0.002 0.693 
326 0.077 0.117 0.188 0.164 0.156 0.251 0.340 0.124 0.148 0.068 0.002 0.001 0.000 0.000 0.001 0.015 0.060 0.028 0.030 0.002 0.003 0.661 
327 0.077 0.120 0.194 0.161 0.152 0.263 0.330 0.123 0.152 0.062 0.004 0.001 0.000 0.000 0.001 0.009 0.057 0.029 0.033 0.002 0.003 0.655 
328 0.080 0.116 0.186 0.174 0.143 0.257 0.330 0.122 0.149 0.056 0.013 0.001 0.000 0.000 0.001 0.010 0.067 0.023 0.030 0.002 0.002 0.652 
329 0.080 0.122 0.181 0.178 0.142 0.247 0.325 0.130 0.147 0.059 0.012 0.001 0.000 0.000 0.001 0.008 0.065 0.024 0.030 0.002 0.002 0.654 
330 0.081 0.120 0.200 0.173 0.139 0.262 0.322 0.129 0.151 0.058 0.013 0.001 0.000 0.000 0.001 0.008 0.064 0.023 0.026 0.001 0.003 0.659 
331 0.078 0.123 0.186 0.169 0.140 0.278 0.297 0.128 0.156 0.056 0.013 0.001 0.000 0.000 0.001 0.009 0.067 0.021 0.024 0.001 0.003 0.677 
332 0.078 0.117 0.180 0.166 0.146 0.292 0.302 0.131 0.154 0.059 0.013 0.001 0.000 0.000 0.001 0.009 0.071 0.021 0.024 0.001 0.003 0.693 
333 0.072 0.121 0.190 0.164 0.139 0.272 0.298 0.127 0.166 0.063 0.015 0.002 0.000 0.000 0.000 0.009 0.069 0.021 0.025 0.001 0.003 0.707 
334 0.072 0.119 0.201 0.163 0.136 0.262 0.296 0.130 0.163 0.063 0.011 0.002 0.000 0.000 0.000 0.008 0.068 0.018 0.025 0.001 0.003 0.708 
335 0.069 0.117 0.216 0.157 0.147 0.254 0.285 0.122 0.155 0.078 0.007 0.002 0.000 0.000 0.000 0.007 0.066 0.020 0.021 0.001 0.003 0.709 
336 0.069 0.112 0.213 0.164 0.144 0.264 0.278 0.124 0.151 0.078 0.005 0.002 0.000 0.000 0.000 0.007 0.061 0.021 0.024 0.001 0.003 0.694 
337 0.069 0.118 0.214 0.157 0.145 0.271 0.280 0.131 0.142 0.073 0.006 0.002 0.000 0.000 0.000 0.007 0.062 0.025 0.023 0.001 0.003 0.692 
338 0.065 0.117 0.210 0.167 0.146 0.273 0.277 0.135 0.144 0.073 0.006 0.001 0.000 0.000 0.000 0.009 0.065 0.028 0.021 0.001 0.003 0.693 
339 0.064 0.113 0.236 0.159 0.143 0.248 0.280 0.139 0.146 0.070 0.006 0.000 0.000 0.000 0.000 0.014 0.058 0.031 0.022 0.001 0.003 0.691 
340 0.068 0.120 0.229 0.153 0.148 0.265 0.253 0.138 0.152 0.069 0.009 0.000 0.000 0.000 0.000 0.016 0.057 0.032 0.023 0.001 0.003 0.686 
341 0.072 0.115 0.242 0.159 0.148 0.266 0.256 0.140 0.146 0.066 0.010 0.000 0.000 0.000 0.000 0.017 0.059 0.027 0.025 0.001 0.003 0.687 
342 0.073 0.125 0.231 0.160 0.150 0.266 0.265 0.134 0.147 0.068 0.010 0.000 0.000 0.000 0.000 0.019 0.053 0.029 0.026 0.001 0.003 0.693 
343 0.074 0.114 0.240 0.153 0.150 0.252 0.269 0.133 0.151 0.071 0.012 0.000 0.000 0.000 0.000 0.018 0.051 0.032 0.025 0.001 0.002 0.682 
344 0.071 0.121 0.235 0.161 0.152 0.247 0.273 0.135 0.152 0.071 0.014 0.000 0.000 0.000 0.000 0.024 0.048 0.035 0.026 0.001 0.002 0.686 
345 0.073 0.126 0.232 0.164 0.148 0.232 0.267 0.140 0.161 0.071 0.014 0.000 0.000 0.000 0.000 0.024 0.047 0.034 0.024 0.001 0.002 0.682 
346 0.075 0.120 0.227 0.167 0.160 0.218 0.274 0.136 0.162 0.072 0.012 0.000 0.000 0.000 0.000 0.023 0.043 0.033 0.024 0.001 0.003 0.681 
347 0.073 0.125 0.232 0.155 0.155 0.224 0.278 0.140 0.171 0.070 0.010 0.000 0.000 0.000 0.001 0.022 0.045 0.033 0.026 0.001 0.002 0.680 
348 0.072 0.161 0.229 0.151 0.162 0.217 0.277 0.136 0.157 0.073 0.010 0.000 0.000 0.000 0.001 0.020 0.044 0.033 0.028 0.002 0.002 0.664 
349 0.070 0.166 0.227 0.153 0.160 0.206 0.281 0.136 0.152 0.077 0.010 0.000 0.000 0.000 0.001 0.018 0.039 0.031 0.030 0.002 0.003 0.679 
350 0.070 0.163 0.223 0.150 0.166 0.213 0.285 0.139 0.140 0.075 0.010 0.000 0.000 0.000 0.001 0.017 0.034 0.031 0.030 0.002 0.003 0.690 
351 0.069 0.155 0.220 0.155 0.166 0.208 0.290 0.138 0.144 0.081 0.008 0.001 0.000 0.000 0.001 0.018 0.033 0.031 0.030 0.002 0.003 0.679 
352 0.069 0.162 0.210 0.167 0.161 0.217 0.285 0.134 0.144 0.076 0.008 0.001 0.000 0.000 0.001 0.020 0.033 0.035 0.023 0.002 0.002 0.695 
353 0.073 0.161 0.211 0.167 0.165 0.213 0.292 0.132 0.142 0.086 0.006 0.001 0.000 0.000 0.001 0.020 0.032 0.042 0.023 0.002 0.002 0.688 
354 0.074 0.148 0.223 0.168 0.171 0.200 0.289 0.138 0.133 0.084 0.006 0.001 0.000 0.000 0.001 0.019 0.034 0.042 0.023 0.001 0.002 0.683 
355 0.066 0.145 0.223 0.175 0.171 0.211 0.294 0.139 0.131 0.092 0.004 0.001 0.000 0.000 0.001 0.016 0.029 0.041 0.029 0.001 0.002 0.681 
356 0.069 0.141 0.217 0.165 0.167 0.218 0.294 0.139 0.131 0.086 0.004 0.001 0.000 0.000 0.001 0.015 0.030 0.040 0.028 0.001 0.002 0.681 
357 0.069 0.139 0.214 0.162 0.164 0.233 0.296 0.132 0.132 0.087 0.004 0.001 0.000 0.000 0.001 0.015 0.038 0.042 0.027 0.001 0.002 0.679 
358 0.073 0.130 0.210 0.170 0.165 0.229 0.291 0.123 0.123 0.083 0.004 0.001 0.000 0.000 0.001 0.019 0.038 0.043 0.024 0.001 0.002 0.671 
359 0.071 0.132 0.211 0.171 0.162 0.238 0.291 0.123 0.115 0.078 0.004 0.001 0.000 0.000 0.001 0.019 0.038 0.042 0.028 0.001 0.002 0.677 
360 0.073 0.128 0.201 0.172 0.167 0.275 0.295 0.129 0.106 0.081 0.002 0.001 0.000 0.000 0.001 0.018 0.043 0.042 0.026 0.001 0.002 0.679 
361 0.069 0.134 0.201 0.172 0.167 0.332 0.294 0.126 0.108 0.080 0.002 0.001 0.000 0.000 0.001 0.017 0.049 0.042 0.024 0.001 0.002 0.689 
362 0.070 0.135 0.195 0.168 0.179 0.312 0.290 0.124 0.106 0.088 0.002 0.001 0.000 0.000 0.001 0.017 0.050 0.043 0.020 0.002 0.002 0.698 
363 0.071 0.133 0.191 0.172 0.173 0.288 0.317 0.125 0.098 0.079 0.002 0.001 0.000 0.000 0.001 0.017 0.051 0.042 0.019 0.001 0.002 0.723 
364 0.070 0.136 0.190 0.177 0.168 0.302 0.320 0.126 0.096 0.070 0.005 0.000 0.000 0.000 0.001 0.015 0.052 0.043 0.019 0.001 0.002 0.707 
365 0.067 0.140 0.194 0.164 0.169 0.308 0.300 0.125 0.088 0.070 0.008 0.000 0.000 0.000 0.001 0.014 0.048 0.045 0.022 0.002 0.002 0.729 
366 0.066 0.141 0.191 0.164 0.173 0.303 0.310 0.126 0.090 0.061 0.008 0.000 0.000 0.000 0.001 0.011 0.043 0.045 0.023 0.003 0.002 0.729 
367 0.064 0.136 0.191 0.156 0.175 0.299 0.305 0.132 0.094 0.061 0.012 0.000 0.000 0.000 0.001 0.011 0.045 0.044 0.023 0.003 0.002 0.720 
368 0.058 0.141 0.197 0.152 0.171 0.296 0.308 0.132 0.090 0.057 0.009 0.000 0.000 0.000 0.001 0.010 0.040 0.042 0.023 0.002 0.001 0.723 
369 0.055 0.140 0.198 0.144 0.165 0.296 0.315 0.141 0.091 0.056 0.009 0.000 0.000 0.000 0.001 0.007 0.039 0.041 0.024 0.002 0.001 0.730 
370 0.056 0.141 0.203 0.144 0.163 0.284 0.312 0.147 0.089 0.057 0.009 0.000 0.000 0.000 0.001 0.008 0.037 0.043 0.020 0.003 0.002 0.712 
371 0.058 0.139 0.201 0.137 0.165 0.295 0.313 0.145 0.093 0.057 0.009 0.000 0.000 0.000 0.001 0.007 0.036 0.044 0.020 0.003 0.002 0.717 
372 0.063 0.133 0.201 0.138 0.164 0.299 0.315 0.138 0.087 0.063 0.011 0.000 0.000 0.000 0.001 0.007 0.041 0.045 0.026 0.003 0.002 0.702 
373 0.059 0.138 0.198 0.146 0.168 0.326 0.318 0.136 0.085 0.062 0.012 0.000 0.000 0.000 0.001 0.007 0.041 0.045 0.020 0.003 0.002 0.697 
374 0.059 0.148 0.183 0.156 0.165 0.310 0.309 0.134 0.078 0.065 0.012 0.000 0.000 0.000 0.001 0.006 0.044 0.047 0.021 0.003 0.002 0.678 
375 0.059 0.150 0.192 0.151 0.159 0.302 0.301 0.131 0.095 0.058 0.009 0.000 0.000 0.000 0.001 0.009 0.056 0.048 0.016 0.003 0.002 0.677 
376 0.052 0.151 0.192 0.154 0.160 0.317 0.310 0.125 0.095 0.058 0.010 0.000 0.000 0.000 0.001 0.009 0.054 0.043 0.014 0.003 0.002 0.667 
377 0.057 0.145 0.197 0.161 0.167 0.330 0.309 0.126 0.084 0.061 0.010 0.000 0.000 0.000 0.001 0.010 0.052 0.043 0.012 0.002 0.002 0.679 
378 0.053 0.144 0.194 0.175 0.171 0.338 0.300 0.125 0.086 0.061 0.009 0.000 0.000 0.000 0.001 0.007 0.052 0.045 0.013 0.001 0.003 0.673 
379 0.049 0.147 0.190 0.173 0.174 0.333 0.289 0.123 0.079 0.061 0.007 0.000 0.000 0.000 0.001 0.010 0.050 0.041 0.010 0.002 0.002 0.669 
380 0.050 0.150 0.194 0.154 0.178 0.324 0.295 0.115 0.095 0.064 0.007 0.000 0.000 0.000 0.001 0.013 0.050 0.040 0.012 0.002 0.003 0.676 
381 0.053 0.144 0.194 0.153 0.182 0.364 0.290 0.117 0.089 0.066 0.005 0.000 0.000 0.000 0.001 0.010 0.053 0.041 0.012 0.000 0.003 0.661 
382 0.054 0.144 0.196 0.142 0.184 0.366 0.287 0.122 0.086 0.072 0.005 0.000 0.000 0.000 0.001 0.015 0.057 0.040 0.012 0.000 0.003 0.674 
383 0.051 0.143 0.188 0.149 0.184 0.354 0.287 0.122 0.079 0.066 0.005 0.000 0.000 0.000 0.001 0.013 0.059 0.037 0.016 0.000 0.004 0.698 
384 0.049 0.142 0.194 0.148 0.183 0.345 0.286 0.119 0.083 0.069 0.005 0.000 0.000 0.000 0.001 0.011 0.057 0.038 0.014 0.000 0.003 0.713 
385 0.051 0.143 0.196 0.146 0.180 0.346 0.298 0.126 0.082 0.069 0.005 0.000 0.000 0.000 0.001 0.010 0.052 0.038 0.015 0.000 0.004 0.720 
386 0.052 0.143 0.196 0.149 0.182 0.353 0.295 0.123 0.087 0.072 0.005 0.000 0.000 0.000 0.001 0.009 0.055 0.040 0.015 0.000 0.004 0.749 
387 0.051 0.140 0.189 0.135 0.182 0.344 0.291 0.122 0.082 0.076 0.005 0.000 0.000 0.000 0.001 0.008 0.051 0.037 0.015 0.000 0.004 0.737 
388 0.053 0.139 0.190 0.139 0.183 0.336 0.297 0.121 0.081 0.072 0.003 0.000 0.000 0.000 0.001 0.006 0.052 0.039 0.014 0.000 0.004 0.728 
389 0.052 0.136 0.190 0.136 0.182 0.337 0.283 0.121 0.082 0.071 0.003 0.000 0.000 0.000 0.001 0.007 0.051 0.038 0.016 0.001 0.004 0.726 
390 0.053 0.138 0.187 0.139 0.187 0.326 0.301 0.124 0.087 0.068 0.003 0.000 0.000 0.000 0.000 0.006 0.053 0.039 0.010 0.002 0.003 0.713 
391 0.056 0.130 0.185 0.144 0.184 0.333 0.302 0.123 0.084 0.062 0.002 0.000 0.000 0.000 0.000 0.008 0.053 0.041 0.008 0.002 0.003 0.710 
392 0.056 0.131 0.186 0.146 0.188 0.319 0.291 0.120 0.079 0.063 0.003 0.000 0.000 0.000 0.000 0.011 0.051 0.043 0.007 0.003 0.002 0.702 
393 0.057 0.129 0.186 0.144 0.193 0.301 0.286 0.126 0.085 0.071 0.003 0.000 0.000 0.000 0.000 0.012 0.056 0.043 0.010 0.002 0.001 0.703 
394 0.062 0.131 0.188 0.145 0.189 0.313 0.283 0.137 0.084 0.075 0.003 0.000 0.000 0.000 0.000 0.012 0.061 0.043 0.009 0.002 0.001 0.704 
395 0.063 0.129 0.192 0.135 0.193 0.304 0.282 0.129 0.082 0.077 0.003 0.000 0.000 0.000 0.000 0.011 0.064 0.042 0.017 0.002 0.001 0.715 
396 0.062 0.126 0.190 0.151 0.194 0.304 0.289 0.131 0.082 0.080 0.003 0.000 0.000 0.000 0.000 0.011 0.060 0.044 0.015 0.002 0.001 0.705 
397 0.059 0.127 0.186 0.147 0.199 0.305 0.314 0.128 0.069 0.088 0.005 0.000 0.000 0.000 0.000 0.009 0.060 0.044 0.011 0.002 0.001 0.738 
398 0.060 0.121 0.190 0.151 0.196 0.311 0.314 0.137 0.066 0.087 0.007 0.000 0.000 0.000 0.000 0.008 0.062 0.041 0.010 0.002 0.001 0.745 
399 0.059 0.120 0.185 0.146 0.193 0.305 0.319 0.136 0.069 0.095 0.007 0.000 0.000 0.000 0.000 0.006 0.066 0.040 0.010 0.002 0.001 0.741 
400 0.058 0.116 0.189 0.135 0.193 0.313 0.311 0.135 0.051 0.096 0.005 0.000 0.000 0.000 0.000 0.004 0.060 0.042 0.010 0.002 0.001 0.732 
401 0.062 0.122 0.189 0.139 0.190 0.317 0.315 0.131 0.059 0.094 0.005 0.000 0.000 0.000 0.000 0.006 0.055 0.043 0.015 0.002 0.000 0.724 
402 0.062 0.124 0.191 0.135 0.188 0.320 0.315 0.126 0.053 0.096 0.005 0.000 0.000 0.000 0.000 0.006 0.055 0.041 0.015 0.002 0.000 0.717 
403 0.064 0.125 0.189 0.137 0.187 0.321 0.305 0.133 0.058 0.096 0.005 0.000 0.000 0.000 0.000 0.006 0.055 0.039 0.019 0.002 0.000 0.715 
404 0.065 0.129 0.186 0.122 0.193 0.341 0.315 0.126 0.055 0.093 0.005 0.000 0.000 0.000 0.000 0.005 0.059 0.038 0.021 0.002 0.000 0.698 
405 0.067 0.126 0.184 0.120 0.192 0.334 0.316 0.122 0.056 0.094 0.008 0.000 0.000 0.000 0.000 0.003 0.060 0.042 0.021 0.002 0.000 0.710 
406 0.067 0.126 0.180 0.123 0.195 0.342 0.307 0.119 0.072 0.090 0.008 0.000 0.000 0.000 0.000 0.003 0.061 0.044 0.019 0.002 0.000 0.710 
407 0.067 0.125 0.173 0.114 0.199 0.331 0.308 0.119 0.077 0.092 0.008 0.000 0.000 0.000 0.000 0.003 0.058 0.045 0.018 0.002 0.000 0.710 
408 0.070 0.128 0.178 0.116 0.199 0.336 0.303 0.112 0.125 0.095 0.008 0.000 0.000 0.000 0.000 0.003 0.056 0.047 0.015 0.002 0.000 0.704 
409 0.067 0.132 0.176 0.112 0.196 0.341 0.310 0.115 0.111 0.104 0.008 0.000 0.000 0.000 0.000 0.003 0.057 0.047 0.016 0.002 0.001 0.695 
410 0.069 0.122 0.182 0.120 0.186 0.328 0.300 0.113 0.109 0.106 0.008 0.000 0.000 0.000 0.000 0.003 0.058 0.044 0.014 0.002 0.001 0.687 
411 0.071 0.124 0.179 0.149 0.181 0.322 0.325 0.111 0.115 0.102 0.007 0.000 0.000 0.000 0.000 0.003 0.062 0.042 0.014 0.002 0.001 0.680 
412 0.076 0.124 0.179 0.149 0.173 0.332 0.314 0.116 0.105 0.097 0.007 0.000 0.000 0.000 0.000 0.006 0.068 0.041 0.010 0.002 0.001 0.663 
413 0.076 0.118 0.180 0.141 0.175 0.323 0.322 0.116 0.107 0.094 0.007 0.000 0.000 0.000 0.000 0.005 0.070 0.040 0.010 0.001 0.001 0.679 
414 0.075 0.120 0.176 0.138 0.172 0.311 0.315 0.116 0.097 0.092 0.007 0.000 0.000 0.000 0.000 0.005 0.063 0.039 0.008 0.000 0.001 0.658 
415 0.075 0.124 0.172 0.142 0.180 0.302 0.343 0.122 0.102 0.094 0.008 0.000 0.000 0.000 0.000 0.005 0.070 0.037 0.008 0.000 0.001 0.644 
416 0.077 0.123 0.176 0.141 0.172 0.311 0.325 0.131 0.103 0.095 0.007 0.000 0.000 0.000 0.000 0.005 0.067 0.029 0.015 0.000 0.000 0.651 
417 0.079 0.126 0.170 0.141 0.175 0.307 0.338 0.126 0.109 0.097 0.005 0.000 0.000 0.000 0.000 0.005 0.064 0.028 0.013 0.000 0.000 0.642 
418 0.077 0.129 0.170 0.148 0.174 0.316 0.338 0.126 0.123 0.106 0.003 0.000 0.000 0.000 0.000 0.007 0.066 0.024 0.016 0.000 0.000 0.646 
419 0.080 0.130 0.165 0.147 0.171 0.315 0.335 0.131 0.124 0.105 0.000 0.000 0.000 0.000 0.000 0.007 0.063 0.025 0.013 0.000 0.000 0.654 
420 0.077 0.129 0.189 0.148 0.177 0.287 0.334 0.131 0.120 0.098 0.000 0.000 0.000 0.000 0.000 0.004 0.062 0.026 0.011 0.001 0.000 0.665 
421 0.076 0.131 0.186 0.143 0.188 0.306 0.337 0.133 0.119 0.097 0.000 0.000 0.000 0.000 0.000 0.004 0.055 0.024 0.010 0.001 0.000 0.665 
422 0.072 0.128 0.181 0.142 0.190 0.316 0.337 0.130 0.124 0.094 0.003 0.000 0.000 0.000 0.000 0.004 0.061 0.024 0.010 0.001 0.000 0.674 
423 0.064 0.130 0.185 0.147 0.194 0.304 0.333 0.128 0.132 0.090 0.003 0.000 0.000 0.000 0.000 0.004 0.060 0.034 0.002 0.001 0.000 0.689 
424 0.065 0.132 0.187 0.137 0.191 0.292 0.318 0.131 0.131 0.086 0.003 0.000 0.000 0.000 0.000 0.007 0.071 0.035 0.002 0.001 0.000 0.712 
425 0.064 0.134 0.183 0.142 0.191 0.296 0.318 0.135 0.123 0.080 0.000 0.000 0.000 0.000 0.000 0.010 0.068 0.036 0.002 0.001 0.000 0.723 
426 0.065 0.138 0.186 0.140 0.187 0.279 0.303 0.141 0.133 0.086 0.008 0.000 0.000 0.000 0.000 0.010 0.069 0.038 0.002 0.001 0.000 0.717 
427 0.068 0.142 0.186 0.147 0.181 0.272 0.301 0.138 0.128 0.086 0.007 0.000 0.000 0.000 0.000 0.010 0.064 0.036 0.002 0.001 0.000 0.716 
428 0.076 0.143 0.174 0.146 0.183 0.271 0.303 0.135 0.129 0.085 0.013 0.000 0.000 0.000 0.000 0.010 0.062 0.035 0.002 0.001 0.000 0.728 
429 0.075 0.144 0.172 0.155 0.182 0.274 0.299 0.139 0.121 0.083 0.013 0.000 0.000 0.000 0.000 0.011 0.065 0.031 0.002 0.001 0.000 0.722 
430 0.074 0.150 0.174 0.144 0.175 0.274 0.296 0.132 0.128 0.080 0.011 0.000 0.000 0.000 0.000 0.011 0.064 0.030 0.002 0.001 0.000 0.699 
431 0.070 0.150 0.177 0.141 0.174 0.278 0.289 0.132 0.134 0.078 0.009 0.000 0.000 0.000 0.000 0.012 0.063 0.031 0.004 0.001 0.000 0.695 
432 0.073 0.145 0.179 0.145 0.174 0.268 0.290 0.132 0.132 0.077 0.009 0.000 0.000 0.000 0.000 0.012 0.062 0.033 0.002 0.001 0.000 0.701 
433 0.076 0.141 0.195 0.146 0.170 0.280 0.297 0.128 0.136 0.080 0.009 0.000 0.000 0.000 0.000 0.011 0.063 0.032 0.002 0.001 0.000 0.715 
434 0.077 0.140 0.190 0.150 0.170 0.288 0.285 0.134 0.132 0.091 0.009 0.000 0.000 0.000 0.000 0.010 0.058 0.032 0.002 0.001 0.000 0.714 
435 0.079 0.143 0.188 0.149 0.175 0.272 0.282 0.135 0.155 0.092 0.009 0.000 0.000 0.000 0.000 0.010 0.060 0.033 0.002 0.001 0.000 0.706 
436 0.083 0.145 0.183 0.153 0.177 0.286 0.270 0.139 0.158 0.097 0.007 0.000 0.000 0.000 0.000 0.008 0.060 0.037 0.002 0.001 0.000 0.691 
437 0.079 0.145 0.187 0.153 0.180 0.288 0.275 0.149 0.151 0.102 0.007 0.000 0.000 0.000 0.000 0.008 0.055 0.037 0.002 0.001 0.000 0.703 
438 0.082 0.143 0.195 0.155 0.179 0.296 0.269 0.159 0.147 0.106 0.007 0.000 0.000 0.000 0.000 0.007 0.058 0.031 0.002 0.001 0.000 0.712 
439 0.083 0.145 0.202 0.158 0.174 0.294 0.274 0.163 0.134 0.106 0.011 0.000 0.000 0.000 0.000 0.008 0.056 0.035 0.002 0.001 0.000 0.713 
440 0.084 0.143 0.198 0.166 0.182 0.283 0.270 0.159 0.122 0.102 0.011 0.000 0.000 0.000 0.000 0.009 0.058 0.035 0.002 0.001 0.000 0.714 
441 0.082 0.141 0.201 0.163 0.184 0.282 0.288 0.164 0.121 0.106 0.011 0.000 0.000 0.000 0.000 0.013 0.055 0.033 0.002 0.001 0.000 0.715 
442 0.084 0.137 0.205 0.165 0.182 0.284 0.294 0.170 0.125 0.102 0.014 0.000 0.000 0.000 0.000 0.012 0.054 0.030 0.004 0.001 0.000 0.707 
443 0.084 0.137 0.205 0.172 0.179 0.286 0.300 0.173 0.134 0.098 0.014 0.000 0.000 0.000 0.000 0.011 0.053 0.032 0.004 0.001 0.000 0.707 
444 0.081 0.135 0.202 0.170 0.181 0.282 0.305 0.172 0.128 0.097 0.014 0.000 0.000 0.000 0.000 0.011 0.053 0.029 0.004 0.000 0.000 0.717 
445 0.078 0.129 0.203 0.163 0.189 0.279 0.316 0.171 0.128 0.096 0.014 0.000 0.000 0.000 0.000 0.010 0.052 0.025 0.004 0.000 0.000 0.718 
446 0.082 0.122 0.194 0.163 0.191 0.282 0.323 0.167 0.136 0.092 0.021 0.000 0.000 0.000 0.000 0.010 0.051 0.023 0.004 0.000 0.000 0.718 
447 0.081 0.118 0.194 0.165 0.188 0.283 0.325 0.159 0.152 0.088 0.018 0.000 0.000 0.000 0.000 0.007 0.045 0.023 0.006 0.000 0.000 0.715 
448 0.080 0.114 0.195 0.164 0.187 0.282 0.328 0.157 0.164 0.087 0.020 0.000 0.000 0.000 0.000 0.007 0.049 0.028 0.006 0.000 0.000 0.712 
449 0.077 0.117 0.184 0.172 0.190 0.295 0.321 0.156 0.167 0.089 0.020 0.000 0.000 0.000 0.000 0.006 0.046 0.027 0.008 0.000 0.000 0.732 
450 0.078 0.115 0.182 0.172 0.190 0.286 0.315 0.157 0.176 0.097 0.018 0.000 0.000 0.000 0.000 0.006 0.050 0.023 0.008 0.000 0.000 0.724 
451 0.075 0.116 0.183 0.188 0.196 0.281 0.312 0.157 0.172 0.090 0.019 0.000 0.000 0.000 0.000 0.006 0.054 0.029 0.006 0.000 0.000 0.734 
452 0.075 0.120 0.193 0.188 0.200 0.258 0.301 0.158 0.176 0.078 0.028 0.000 0.000 0.000 0.000 0.008 0.048 0.027 0.014 0.000 0.000 0.745 
453 0.077 0.117 0.193 0.192 0.189 0.252 0.308 0.155 0.185 0.079 0.026 0.000 0.000 0.000 0.001 0.005 0.046 0.027 0.016 0.000 0.000 0.718 
454 0.074 0.119 0.190 0.186 0.190 0.250 0.298 0.149 0.179 0.092 0.026 0.000 0.000 0.000 0.001 0.006 0.055 0.027 0.017 0.000 0.000 0.718 
455 0.071 0.114 0.192 0.187 0.188 0.253 0.297 0.156 0.178 0.093 0.025 0.000 0.000 0.000 0.001 0.006 0.056 0.028 0.017 0.000 0.000 0.715 
456 0.068 0.117 0.198 0.189 0.197 0.272 0.291 0.153 0.166 0.086 0.023 0.000 0.000 0.000 0.001 0.006 0.061 0.025 0.016 0.000 0.000 0.719 
457 0.064 0.112 0.198 0.198 0.196 0.267 0.284 0.157 0.175 0.087 0.021 0.000 0.000 0.000 0.001 0.008 0.058 0.018 0.022 0.000 0.000 0.716 
458 0.066 0.111 0.197 0.202 0.186 0.268 0.287 0.154 0.175 0.091 0.016 0.000 0.000 0.000 0.001 0.008 0.057 0.022 0.019 0.000 0.000 0.701 
459 0.067 0.113 0.205 0.187 0.184 0.264 0.301 0.149 0.177 0.081 0.017 0.000 0.000 0.000 0.001 0.009 0.060 0.021 0.023 0.000 0.000 0.702 
460 0.073 0.111 0.209 0.198 0.181 0.260 0.306 0.148 0.171 0.081 0.018 0.000 0.000 0.000 0.001 0.008 0.058 0.019 0.024 0.000 0.000 0.707 
461 0.069 0.107 0.208 0.199 0.179 0.250 0.323 0.159 0.172 0.083 0.018 0.000 0.000 0.000 0.001 0.008 0.055 0.019 0.020 0.000 0.000 0.683 
462 0.068 0.106 0.206 0.197 0.177 0.249 0.315 0.164 0.177 0.083 0.016 0.000 0.000 0.000 0.001 0.008 0.058 0.023 0.021 0.000 0.000 0.693 
463 0.065 0.117 0.208 0.190 0.177 0.245 0.308 0.176 0.174 0.083 0.014 0.000 0.000 0.000 0.001 0.011 0.056 0.022 0.018 0.000 0.000 0.687 
464 0.064 0.118 0.205 0.188 0.174 0.237 0.313 0.176 0.172 0.083 0.018 0.000 0.000 0.000 0.001 0.011 0.054 0.024 0.016 0.000 0.000 0.693 
465 0.065 0.119 0.207 0.177 0.178 0.252 0.302 0.179 0.176 0.082 0.020 0.000 0.000 0.000 0.001 0.012 0.061 0.024 0.015 0.000 0.000 0.677 
466 0.067 0.114 0.200 0.176 0.180 0.255 0.303 0.181 0.170 0.100 0.020 0.000 0.000 0.000 0.003 0.011 0.057 0.025 0.015 0.000 0.000 0.667 
467 0.064 0.116 0.197 0.179 0.184 0.254 0.301 0.183 0.173 0.100 0.018 0.000 0.000 0.000 0.003 0.011 0.058 0.025 0.015 0.000 0.000 0.671 
468 0.062 0.110 0.198 0.184 0.185 0.273 0.309 0.202 0.168 0.098 0.015 0.000 0.000 0.000 0.002 0.011 0.060 0.025 0.012 0.000 0.000 0.672 
469 0.064 0.104 0.196 0.185 0.182 0.270 0.308 0.197 0.176 0.093 0.017 0.000 0.000 0.000 0.002 0.012 0.057 0.024 0.011 0.000 0.000 0.662 
470 0.062 0.104 0.188 0.189 0.183 0.265 0.302 0.191 0.184 0.092 0.019 0.000 0.000 0.000 0.002 0.013 0.061 0.024 0.009 0.000 0.000 0.681 
471 0.066 0.103 0.183 0.183 0.191 0.251 0.304 0.187 0.182 0.085 0.018 0.000 0.000 0.000 0.002 0.010 0.061 0.023 0.009 0.000 0.000 0.676 
472 0.064 0.108 0.188 0.180 0.192 0.224 0.304 0.192 0.179 0.091 0.018 0.000 0.000 0.000 0.002 0.010 0.062 0.023 0.010 0.000 0.000 0.704 
473 0.062 0.119 0.194 0.176 0.194 0.198 0.301 0.193 0.157 0.103 0.015 0.000 0.000 0.000 0.003 0.013 0.061 0.023 0.010 0.000 0.000 0.720 
474 0.063 0.123 0.200 0.173 0.202 0.187 0.307 0.189 0.159 0.097 0.017 0.000 0.000 0.000 0.002 0.011 0.057 0.026 0.010 0.001 0.000 0.725 
475 0.058 0.117 0.197 0.185 0.200 0.188 0.310 0.192 0.168 0.097 0.023 0.000 0.000 0.000 0.002 0.013 0.046 0.026 0.010 0.000 0.000 0.718 
476 0.058 0.114 0.199 0.198 0.197 0.179 0.310 0.185 0.186 0.092 0.023 0.000 0.000 0.000 0.002 0.012 0.045 0.028 0.014 0.000 0.000 0.745 
477 0.063 0.112 0.196 0.198 0.194 0.177 0.325 0.187 0.202 0.094 0.020 0.000 0.000 0.000 0.002 0.012 0.046 0.028 0.014 0.000 0.000 0.752 
478 0.059 0.113 0.195 0.196 0.192 0.174 0.334 0.186 0.193 0.093 0.026 0.000 0.000 0.000 0.003 0.012 0.051 0.028 0.015 0.000 0.000 0.756 
479 0.058 0.117 0.197 0.195 0.192 0.172 0.335 0.171 0.193 0.096 0.021 0.000 0.000 0.000 0.004 0.014 0.054 0.024 0.015 0.000 0.000 0.758 
480 0.056 0.117 0.194 0.183 0.190 0.173 0.371 0.164 0.197 0.095 0.024 0.000 0.000 0.000 0.005 0.012 0.060 0.026 0.022 0.000 0.000 0.726 
481 0.057 0.114 0.192 0.184 0.184 0.187 0.360 0.167 0.203 0.102 0.026 0.000 0.000 0.000 0.003 0.011 0.062 0.028 0.023 0.000 0.000 0.726 
482 0.058 0.117 0.194 0.181 0.187 0.179 0.356 0.166 0.194 0.095 0.026 0.000 0.000 0.000 0.003 0.010 0.063 0.027 0.021 0.000 0.000 0.705 
483 0.058 0.118 0.202 0.182 0.185 0.171 0.362 0.167 0.194 0.089 0.030 0.000 0.000 0.000 0.004 0.009 0.060 0.025 0.030 0.000 0.000 0.682 
484 0.059 0.118 0.198 0.181 0.191 0.165 0.377 0.167 0.195 0.088 0.029 0.000 0.000 0.000 0.004 0.009 0.060 0.024 0.031 0.000 0.000 0.661 
485 0.059 0.120 0.187 0.180 0.188 0.167 0.375 0.166 0.205 0.085 0.027 0.000 0.000 0.000 0.004 0.012 0.059 0.023 0.026 0.000 0.000 0.664 
486 0.063 0.123 0.180 0.185 0.181 0.164 0.372 0.163 0.202 0.085 0.027 0.000 0.000 0.000 0.004 0.010 0.059 0.023 0.030 0.000 0.000 0.659 
487 0.068 0.121 0.179 0.181 0.186 0.171 0.357 0.164 0.188 0.089 0.024 0.000 0.000 0.000 0.004 0.011 0.062 0.027 0.031 0.000 0.000 0.681 
488 0.071 0.109 0.184 0.168 0.188 0.192 0.367 0.166 0.189 0.095 0.016 0.002 0.000 0.000 0.002 0.009 0.065 0.028 0.030 0.000 0.000 0.672 
489 0.073 0.113 0.179 0.169 0.187 0.205 0.360 0.169 0.186 0.095 0.017 0.002 0.000 0.000 0.002 0.009 0.065 0.025 0.030 0.000 0.000 0.674 
490 0.072 0.115 0.187 0.175 0.188 0.212 0.352 0.178 0.190 0.090 0.015 0.002 0.000 0.000 0.002 0.009 0.057 0.027 0.026 0.000 0.000 0.676 
491 0.070 0.115 0.190 0.173 0.181 0.216 0.343 0.171 0.192 0.084 0.022 0.000 0.000 0.000 0.002 0.008 0.063 0.027 0.026 0.000 0.000 0.699 
492 0.070 0.114 0.187 0.167 0.186 0.217 0.348 0.165 0.182 0.092 0.022 0.000 0.000 0.000 0.003 0.005 0.060 0.023 0.031 0.000 0.000 0.687 
493 0.069 0.113 0.184 0.166 0.188 0.219 0.325 0.162 0.172 0.101 0.023 0.000 0.000 0.000 0.003 0.003 0.059 0.025 0.031 0.000 0.000 0.704 
494 0.072 0.113 0.181 0.167 0.192 0.218 0.316 0.168 0.164 0.108 0.025 0.000 0.000 0.000 0.003 0.003 0.055 0.026 0.031 0.000 0.000 0.715 
495 0.072 0.116 0.179 0.190 0.190 0.213 0.324 0.168 0.155 0.107 0.061 0.000 0.000 0.000 0.003 0.003 0.050 0.027 0.029 0.000 0.000 0.710 
496 0.071 0.107 0.191 0.180 0.193 0.207 0.330 0.170 0.153 0.105 0.054 0.000 0.000 0.000 0.003 0.014 0.045 0.026 0.029 0.000 0.000 0.704 
497 0.067 0.107 0.189 0.188 0.194 0.202 0.315 0.179 0.162 0.104 0.053 0.000 0.000 0.000 0.003 0.015 0.049 0.026 0.027 0.000 0.000 0.701 
498 0.071 0.107 0.177 0.181 0.197 0.210 0.308 0.179 0.158 0.105 0.055 0.000 0.000 0.000 0.003 0.015 0.049 0.026 0.029 0.000 0.000 0.690 
499 0.070 0.111 0.176 0.176 0.194 0.210 0.309 0.176 0.153 0.104 0.057 0.000 0.000 0.000 0.003 0.017 0.047 0.026 0.033 0.000 0.000 0.718 