0 301 447 67 69 219 9 56 439 141 244 386 421 646 549 41 207 262 565 125 251 2315 5429 
1 305 499 70 65 219 51 103 452 176 245 411 402 657 533 73 209 259 549 131 253 2322 5221 
2 303 535 70 63 223 52 130 441 177 249 413 411 678 514 81 188 309 542 131 254 2336 5169 
3 299 551 71 63 229 55 154 462 200 256 423 414 694 515 83 191 307 540 134 295 2307 5117 
4 303 598 72 65 232 74 166 467 204 291 421 409 741 476 86 190 308 532 137 308 2308 5064 
5 303 612 107 65 238 85 212 477 204 307 421 434 726 469 89 196 328 510 136 314 2324 4927 
6 348 574 119 65 237 149 230 444 203 322 421 435 747 469 94 191 380 501 139 316 2349 4842 
7 347 590 140 64 232 163 265 497 180 366 414 442 797 416 94 192 390 483 142 324 2348 4707 
8 355 618 138 64 234 184 291 507 185 415 442 430 803 423 96 197 399 479 139 329 2377 4588 
9 354 622 169 64 218 192 298 521 185 433 466 432 796 429 97 195 441 436 153 397 2280 4612 
10 364 621 190 63 190 201 299 536 187 448 447 455 813 429 95 193 448 432 156 453 2203 4638 
11 377 615 231 63 189 209 308 531 184 450 463 463 818 437 95 184 467 423 156 485 2153 4704 
12 391 609 241 66 193 212 343 505 182 489 521 418 779 436 128 180 473 421 154 563 2030 4750 
13 402 626 251 67 194 225 341 485 185 496 529 412 795 435 133 186 525 412 158 652 1969 4796 
14 405 649 249 64 195 230 348 504 184 510 562 392 798 437 135 189 535 412 155 666 1976 4850 
15 413 680 260 63 192 219 349 512 189 509 561 419 768 431 132 185 544 401 157 685 1976 4915 
16 404 694 273 65 190 219 385 529 191 487 654 406 767 430 134 182 538 403 162 714 1982 4971 
17 407 712 275 67 190 225 389 530 190 487 680 404 744 429 161 182 554 407 157 720 1997 5043 
18 401 730 269 69 192 237 410 533 192 487 701 397 745 432 166 186 545 414 156 750 2024 5076 
19 409 787 268 69 195 233 419 561 181 546 710 403 748 435 166 192 525 420 159 808 2005 5084 
20 406 817 264 70 200 229 428 576 182 599 704 404 763 433 175 186 522 428 160 853 1993 5097 
21 406 833 281 67 195 234 458 589 193 604 706 417 772 431 181 189 532 437 130 867 2005 5138 
22 416 854 280 69 203 242 468 586 195 614 702 427 751 427 206 162 582 441 103 841 2034 5230 
23 416 881 300 69 206 246 510 591 201 669 730 434 761 427 205 164 563 442 108 787 2088 5046 
24 417 927 302 66 207 253 635 632 205 705 729 445 754 430 207 163 487 473 108 761 2083 4812 
25 420 1071 307 68 209 258 665 673 209 716 754 453 762 439 217 165 465 467 108 806 2043 4601 
26 424 1096 317 70 209 266 657 716 207 707 778 431 773 442 241 170 397 548 108 805 2069 4670 
27 438 1095 315 69 222 276 666 724 210 742 800 429 770 447 245 172 410 548 105 830 2097 4697 
28 433 1126 324 64 226 272 678 739 206 739 776 438 760 447 263 144 454 543 99 788 2164 4737 
29 427 1184 316 65 227 281 691 725 205 748 799 431 760 451 275 135 454 543 124 792 2169 4788 
30 418 1218 327 68 231 289 706 748 209 768 804 433 760 462 268 136 443 531 121 814 2164 4840 
31 427 1268 328 65 230 299 712 759 216 727 891 390 782 458 294 141 479 503 122 804 2190 4895 
32 447 1321 344 65 221 298 699 793 201 797 872 374 789 467 316 145 485 475 152 841 2163 4976 
33 457 1348 352 65 220 308 704 795 207 839 885 376 792 468 318 149 502 471 151 846 2187 5046 
34 444 1381 361 50 239 316 685 796 213 853 905 372 797 475 315 151 536 469 153 869 2202 5132 
35 451 1401 371 49 240 324 685 805 222 864 963 380 784 481 318 153 546 451 159 854 2250 5180 
36 458 1411 377 48 245 343 667 808 221 880 956 360 795 482 360 152 560 443 156 833 2270 5256 
37 474 1473 387 46 241 381 688 816 223 916 1018 358 801 493 356 156 589 434 158 784 2308 5065 
38 502 1498 409 45 247 398 684 854 231 948 1094 355 809 495 357 158 569 468 157 779 2321 4908 
39 518 1557 431 46 250 417 698 829 230 995 1139 358 806 483 355 157 616 465 158 787 2339 4768 
40 524 1597 426 47 247 418 728 862 228 1036 1144 371 819 472 368 159 606 466 163 788 2352 4695 
41 545 1624 464 50 249 455 772 899 231 1033 1168 395 837 462 357 160 612 461 165 805 2371 4536 
42 500 1698 495 52 261 444 777 913 237 1023 1188 401 839 444 354 167 621 430 206 807 2389 4611 
43 460 1759 504 52 264 457 769 929 244 962 1253 384 867 435 373 144 651 436 213 876 2293 4644 
44 477 1778 514 55 258 457 790 952 222 946 1276 378 898 419 379 142 669 440 214 985 2177 4716 
45 526 1716 548 58 257 461 804 962 220 911 1362 430 838 428 375 139 669 448 215 982 2134 4717 
46 552 1697 550 59 258 466 809 987 213 883 1390 429 817 427 376 141 676 451 227 994 2154 4781 
47 535 1656 600 62 246 474 820 1006 215 874 1383 438 782 424 421 139 682 448 228 975 2190 4852 
48 532 1647 606 61 247 481 828 1023 219 837 1413 442 792 424 436 134 624 498 224 977 2196 4928 
49 582 1585 609 66 243 490 829 1058 224 845 1432 441 794 437 433 134 607 484 258 979 2203 5031 
50 610 1528 665 65 239 488 845 1068 226 911 1432 444 796 435 443 135 606 493 253 964 2242 5065 
51 626 1489 714 65 242 478 878 1085 234 887 1498 442 811 428 446 139 602 502 261 964 2272 5142 
52 642 1517 728 69 248 461 894 1106 239 912 1485 466 820 429 457 142 595 513 271 939 2324 5206 
53 650 1554 749 70 251 464 944 1111 239 931 1402 465 816 416 548 145 623 487 270 932 2338 5190 
54 673 1577 763 65 253 473 952 1148 248 976 1371 460 829 426 586 152 616 478 270 886 2404 5171 
55 675 1619 777 67 257 509 963 1162 243 947 1358 466 850 430 603 154 638 458 286 898 2389 5191 
56 677 1660 785 71 259 553 877 1197 249 945 1361 493 865 423 619 163 653 427 312 987 2244 5186 
57 684 1678 793 72 264 565 940 1184 255 955 1342 479 868 417 652 163 676 442 314 1047 2124 5226 
58 690 1599 896 72 261 573 927 1204 256 941 1308 511 855 430 682 168 708 454 284 991 2207 5324 
59 759 1516 913 70 258 580 958 1216 281 924 1376 510 875 445 687 172 687 442 285 925 2285 5341 
60 823 1443 942 101 232 615 929 1250 287 876 1482 516 883 447 691 180 666 444 298 848 2345 5204 
61 832 1485 956 100 235 626 924 1233 295 878 1564 530 874 440 696 176 686 451 305 820 2372 5111 
62 821 1494 961 103 238 660 907 1262 310 923 1558 528 873 457 725 183 667 463 297 823 2396 5025 
63 843 1513 1001 104 240 667 898 1288 345 948 1611 536 879 462 733 189 684 466 292 815 2358 4909 
64 868 1543 1040 104 245 706 886 1342 373 985 1582 542 899 484 788 186 681 463 310 818 2306 4741 
65 894 1579 1058 103 246 754 821 1330 378 1021 1502 552 887 486 835 185 755 465 303 884 2206 4834 
66 900 1621 1071 100 248 785 822 1343 406 1073 1483 555 861 511 841 187 795 473 294 894 2162 4832 
67 912 1658 1113 101 253 800 838 1387 409 1062 1484 580 805 499 838 171 810 479 291 875 2146 4888 
68 930 1662 1101 135 255 800 833 1412 426 1031 1475 587 779 516 884 168 778 492 286 909 2082 4978 
69 944 1693 1114 137 257 820 795 1445 431 1008 1527 623 802 489 872 175 755 493 279 884 2097 4997 
70 957 1658 1178 137 260 812 780 1482 431 980 1520 602 829 477 943 167 761 540 250 895 2140 5065 
71 961 1663 1176 135 260 834 823 1476 443 966 1531 607 842 480 951 167 757 581 235 894 2169 5119 
72 971 1714 1195 149 253 825 855 1483 454 942 1524 617 848 466 987 174 740 579 248 867 2202 5188 
73 991 1735 1210 153 252 820 873 1484 460 954 1520 623 901 448 966 170 703 571 279 901 2161 5280 
74 1017 1757 1334 152 272 800 884 1507 475 968 1536 629 922 439 996 171 682 581 284 885 2142 5107 
75 985 1709 1590 150 280 746 919 1560 481 950 1553 640 927 459 995 174 722 551 279 871 2164 4900 
76 964 1706 1595 190 286 780 994 1635 484 935 1562 712 915 436 1002 153 750 528 331 859 2154 4742 
77 992 1690 1595 174 331 767 943 1703 481 942 1615 708 912 467 1020 151 751 504 334 844 2178 4576 
78 1029 1613 1653 175 348 743 945 1745 481 933 1574 755 914 472 1029 159 762 489 337 849 2196 4604 
79 1049 1542 1693 199 351 771 948 1836 488 917 1604 754 918 478 1056 161 717 503 333 826 2213 4590 
80 1082 1468 1681 196 362 819 890 1883 512 914 1497 795 956 482 1086 162 708 509 317 794 2275 4652 
81 1102 1498 1640 198 361 838 888 1968 479 890 1461 799 972 460 1118 158 673 520 328 766 2307 4719 
82 1117 1532 1625 198 362 868 850 1945 472 870 1504 798 980 460 1135 154 683 522 329 758 2334 4792 
83 1131 1577 1635 199 368 838 841 1902 450 867 1526 833 932 456 1143 178 734 524 312 752 2361 4872 
84 1140 1600 1629 200 398 846 799 1892 439 864 1537 833 895 465 1203 182 756 525 328 752 2388 4945 
85 1132 1662 1612 203 435 798 810 1852 442 872 1599 845 887 501 1178 190 786 492 343 802 2287 4993 
86 1122 1676 1575 216 509 772 828 1831 456 867 1615 865 925 468 1168 192 806 478 362 872 2182 5085 
87 1153 1710 1561 240 532 743 838 1787 495 826 1631 871 970 428 1182 194 843 509 329 869 2150 5179 
88 1178 1707 1581 241 521 732 871 1837 507 827 1651 895 990 419 1178 193 838 513 330 868 2114 5205 
89 1216 1719 1493 277 511 769 896 1897 504 844 1640 913 1012 427 1234 195 808 537 317 882 2112 5267 
90 1244 1687 1461 297 528 824 881 1975 522 853 1680 914 1021 438 1252 196 802 540 315 930 2062 5198 
91 1263 1667 1474 310 573 972 878 1861 572 861 1730 934 1032 439 1260 191 819 548 326 915 2094 4903 
92 1294 1655 1476 320 599 996 904 1796 592 865 1745 948 1077 398 1302 195 820 563 324 897 2115 4782 
93 1314 1649 1455 336 652 1086 896 1749 604 881 1708 989 1063 419 1322 194 794 563 326 876 2157 4619 
94 1328 1605 1443 355 655 1117 929 1698 621 882 1674 1005 1022 435 1394 203 795 579 312 879 2189 4609 
95 1350 1661 1446 360 668 1110 926 1752 636 878 1658 1035 1055 436 1396 214 815 570 295 860 2223 4631 
96 1345 1701 1385 368 756 1090 931 1771 618 894 1638 1046 1062 453 1443 220 850 525 327 857 2246 4688 
97 1377 1736 1373 384 777 1086 913 1838 595 924 1629 1068 1067 451 1450 218 852 540 331 892 2196 4772 
98 1388 1767 1357 396 797 1101 926 1876 567 934 1621 1081 1080 459 1464 221 808 570 338 828 2246 4809 
99 1359 1819 1305 403 838 1081 940 1976 532 952 1613 1079 1119 469 1473 229 782 582 343 810 2251 4868 
100 1373 1791 1317 398 862 1106 931 1984 591 896 1631 1100 1132 477 1501 234 760 564 376 798 2280 4934 
101 1407 1752 1322 409 873 1053 978 2042 593 892 1603 1129 1069 505 1536 233 723 590 393 778 2296 5003 
102 1457 1683 1382 416 861 1023 980 2055 583 924 1608 1104 1051 499 1554 233 768 548 381 760 2310 5108 
103 1498 1636 1433 414 898 1005 996 2002 562 986 1576 1187 991 518 1536 235 775 498 427 789 2341 5185 
104 1520 1604 1497 425 899 962 1080 1966 588 979 1561 1205 1041 446 1559 235 783 505 428 820 2345 5294 
105 1540 1598 1524 433 924 983 1123 1903 601 961 1579 1228 985 473 1619 228 873 513 406 823 2394 5130 
106 1597 1571 1555 440 969 952 1081 1911 640 958 1564 1281 925 466 1665 229 871 536 401 881 2304 4953 
107 1587 1565 1589 440 1000 935 1142 1896 665 908 1625 1293 936 446 1689 235 903 540 382 915 2208 4788 
108 1612 1571 1603 453 980 987 1250 1803 732 875 1668 1288 945 441 1708 215 926 552 357 921 2172 4611 
109 1639 1603 1562 461 1028 961 1245 1830 737 923 1590 1288 952 447 1756 218 934 569 359 969 2076 4730 
110 1685 1660 1561 467 1046 970 1249 1930 717 945 1560 1294 997 409 1811 226 895 577 384 999 2092 4716 
111 1700 1706 1554 484 1046 966 1220 1980 750 900 1534 1349 990 410 1822 237 876 587 374 977 2119 4784 
112 1716 1743 1565 486 1069 962 1202 2036 734 884 1574 1318 1016 408 1845 241 908 527 378 930 2181 4809 
113 1770 1765 1566 497 1086 984 1165 2085 719 900 1535 1371 1037 409 1865 252 868 550 383 884 2228 4851 
114 1690 1869 1514 516 1099 982 1132 2183 745 908 1528 1388 1079 393 1917 249 861 495 451 863 2257 4903 
115 1588 1886 1610 535 1131 964 1144 2092 766 924 1529 1408 1087 390 1967 250 926 507 438 862 2278 4991 
116 1520 1896 1618 544 1159 969 1100 2121 764 949 1499 1404 1093 390 1988 243 887 567 442 873 2302 5029 
117 1524 1870 1597 544 1204 951 1132 2044 768 940 1478 1406 1112 378 2055 268 884 587 445 822 2355 5094 
118 1558 1860 1571 567 1248 965 1106 1978 772 962 1531 1377 1129 371 2088 290 903 600 443 803 2383 5161 
119 1601 1846 1555 561 1256 987 1122 1969 808 957 1567 1406 1144 351 2126 283 831 683 429 813 2330 5224 
120 1673 1802 1530 576 1312 962 1168 2149 811 955 1609 1421 1126 354 2142 283 798 701 439 812 2297 4962 
121 1731 1793 1504 602 1361 961 1147 2123 841 980 1621 1450 1098 393 2198 288 763 718 465 830 2258 4799 
122 1755 1748 1512 618 1384 996 1122 2087 842 1005 1652 1500 1083 390 2184 290 807 732 445 874 2190 4772 
123 1793 1729 1473 635 1456 972 1082 2067 851 1036 1648 1516 1008 416 2234 295 838 747 425 930 2097 4830 
124 1848 1687 1447 652 1518 940 1073 2121 834 1048 1633 1539 983 419 2272 317 844 761 407 914 2122 4862 
125 1891 1710 1445 667 1563 926 1064 2176 785 1099 1612 1568 994 424 2310 319 834 764 380 952 2104 4952 
126 1926 1672 1474 679 1588 905 1095 2252 759 1113 1591 1603 980 448 2384 328 855 731 386 975 2082 4933 
127 1895 1644 1522 683 1612 875 1093 2337 754 1112 1584 1619 1015 458 2432 343 900 696 395 936 2135 5005 
128 1898 1622 1527 694 1666 867 1118 2323 750 1093 1567 1695 1033 462 2446 404 883 666 401 900 2140 5060 
129 1852 1682 1531 703 1614 879 1122 2253 805 1117 1528 1681 1066 454 2513 416 916 631 415 915 2152 5058 
130 1827 1643 1567 721 1678 896 1107 2231 797 1129 1587 1680 1075 457 2427 443 888 607 437 857 2176 5134 
131 1839 1621 1601 747 1708 862 1103 2215 822 1042 1648 1673 1196 465 2287 444 912 613 442 869 2178 5187 
132 1838 1511 1676 771 1739 889 1124 2199 838 996 1666 1735 1256 466 2195 451 888 627 469 851 2205 5213 
133 1825 1496 1677 773 1809 922 1109 2184 839 980 1728 1753 1299 462 2101 451 884 633 460 813 2255 5291 
134 1854 1500 1585 824 1796 968 1131 2225 857 991 1713 1641 1388 460 2159 462 873 666 434 799 2278 5125 
135 1838 1493 1619 837 1824 966 1118 2184 853 1018 1710 1542 1414 473 2232 474 918 683 406 773 2304 5025 
136 1788 1601 1679 838 1847 968 1150 2134 876 1043 1731 1486 1457 477 2249 519 875 721 405 764 2340 4897 
137 1733 1652 1692 848 1867 947 1213 2051 897 1079 1753 1499 1476 483 2309 524 899 713 402 781 2349 4766 
138 1705 1716 1701 796 1954 924 1185 2144 903 1106 1702 1601 1403 489 2373 532 935 676 402 792 2371 4692 
139 1697 1726 1632 810 1998 936 1232 2187 888 1145 1691 1636 1389 482 2433 538 906 674 402 825 2349 4728 
140 1705 1703 1614 819 2053 926 1266 2223 881 1154 1638 1700 1352 492 2438 539 887 665 403 849 2336 4801 
141 1739 1690 1602 802 2041 961 1232 2368 851 1131 1663 1729 1321 497 2481 525 870 668 395 972 2292 4831 
142 1770 1677 1611 809 2004 997 1200 2415 877 1062 1704 1789 1340 489 2385 577 876 665 372 931 2324 4912 
143 1781 1715 1582 813 1905 1079 1243 2337 861 1014 1716 1820 1362 488 2304 583 875 663 402 938 2337 4989 
144 1791 1729 1624 827 1815 1136 1252 2302 850 1005 1708 1866 1403 483 2184 587 893 658 403 930 2380 5024 
145 1830 1716 1606 817 1860 1170 1332 2272 851 987 1710 1865 1436 493 2200 589 913 662 439 915 2325 5026 
146 1861 1706 1560 823 1925 1195 1308 2302 838 997 1711 1883 1506 479 2119 574 936 667 441 905 2296 5104 
147 1819 1717 1582 821 1957 1176 1301 2258 888 965 1700 1879 1534 476 2137 588 973 670 423 993 2190 5174 
148 1816 1687 1616 849 2006 1148 1306 2236 887 985 1696 1839 1585 466 2154 596 939 729 397 982 2161 5280 
149 1806 1647 1642 854 2080 1096 1426 2297 879 1088 1660 1814 1677 435 2186 594 922 729 380 968 2115 5015 
150 1776 1678 1687 888 2051 1095 1489 2346 841 1168 1598 1763 1696 446 2209 591 883 749 411 977 2128 4801 
151 1717 1680 1674 902 2028 1101 1476 2409 862 1235 1588 1767 1591 469 2306 621 876 727 401 955 2127 4614 
152 1638 1743 1725 908 1969 1126 1459 2359 889 1208 1612 1749 1535 477 2346 633 890 720 417 940 2146 4677 
153 1621 1711 1776 885 2009 1081 1439 2344 909 1227 1637 1692 1539 490 2441 629 903 698 435 932 2160 4672 
154 1617 1677 1851 882 1902 1079 1459 2289 936 1178 1676 1734 1483 499 2577 631 909 704 436 906 2199 4665 
155 1648 1660 1903 877 1827 1060 1460 2285 910 1176 1655 1774 1387 569 2551 669 870 714 449 900 2172 4762 
156 1644 1568 2039 831 1876 1020 1425 2272 948 1208 1661 1855 1401 580 2442 682 913 685 481 868 2188 4795 
157 1702 1545 2068 825 1931 1005 1384 2236 967 1179 1682 1956 1395 579 2318 678 941 692 494 853 2222 4870 
158 1736 1532 2085 793 1989 1027 1379 2275 969 1140 1716 1981 1377 574 2290 699 972 691 495 815 2243 4874 
159 1764 1499 2032 833 2010 1053 1391 2302 935 1180 1737 2005 1417 573 2215 703 1019 640 527 800 2275 4896 
160 1798 1452 2039 832 2036 1023 1429 2334 927 1185 1700 2031 1464 550 2234 705 998 651 538 822 2274 4935 
161 1823 1491 2019 840 2067 1051 1438 2379 954 1173 1628 2097 1507 551 2198 711 988 693 500 807 2283 4992 
162 1832 1493 1940 898 2115 1007 1424 2441 961 1141 1656 2072 1553 548 2168 712 990 697 486 792 2307 5011 
163 1886 1513 1909 956 2052 1012 1419 2494 961 1120 1664 2026 1611 511 2239 760 969 740 459 764 2331 5069 
164 1873 1572 1891 970 2052 1025 1378 2540 961 1101 1663 1943 1653 503 2322 768 940 774 461 762 2359 5133 
165 1805 1670 1909 978 1997 1025 1393 2562 961 1110 1639 1916 1635 524 2373 772 936 766 484 786 2337 5178 
166 1699 1800 1882 1033 1927 1051 1435 2493 970 1159 1658 1895 1632 539 2394 748 924 744 499 818 2353 5200 
167 1667 1800 1929 996 1885 1060 1461 2417 948 1140 1710 1797 1619 538 2451 820 896 728 512 861 2366 5309 
168 1673 1755 1953 998 1870 1086 1459 2473 949 1142 1693 1789 1640 542 2449 825 917 718 513 887 2377 5145 
169 1656 1695 2024 965 1869 1124 1386 2496 982 1132 1748 1804 1661 575 2341 814 973 710 474 928 2312 5029 
170 1703 1708 2009 983 1858 1130 1354 2515 973 1125 1770 1851 1600 589 2341 822 966 720 470 983 2244 4945 
171 1711 1712 1971 1007 1881 1122 1384 2485 964 1107 1773 1883 1636 589 2291 851 949 739 450 969 2227 4801 
172 1734 1693 2012 995 1875 1114 1375 2474 962 1124 1757 1952 1623 623 2236 851 1037 690 451 999 2170 4687 
173 1765 1683 2062 931 1910 1118 1374 2443 944 1118 1779 1970 1610 637 2248 877 1083 696 445 1008 2084 4756 
174 1837 1643 2019 901 1914 1137 1367 2409 898 1164 1790 2018 1659 624 2155 880 1106 678 439 1005 2094 4821 
175 1876 1681 1989 926 1834 1147 1391 2396 889 1162 1795 2050 1638 620 2199 911 1138 662 445 989 2108 4860 
176 1931 1687 2047 895 1800 1147 1378 2393 878 1174 1777 2023 1625 622 2231 919 1178 617 444 1002 2112 4945 
177 1983 1632 2039 883 1762 1201 1431 2349 890 1182 1712 2036 1610 628 2294 943 1089 661 449 995 2121 5008 
178 2002 1612 2058 890 1796 1184 1403 2331 898 1186 1633 2061 1578 625 2342 939 1100 669 449 984 2132 5091 
179 2017 1641 2020 910 1874 1148 1393 2287 909 1222 1631 2018 1547 633 2397 987 1035 737 423 959 2154 5141 
180 2074 1643 2001 961 1887 1154 1384 2307 888 1235 1588 2014 1502 645 2479 1000 1010 755 420 969 2169 5127 
181 2076 1613 1940 1008 1940 1124 1395 2294 886 1234 1600 1952 1507 648 2571 1023 1031 767 410 940 2213 5189 
182 1980 1641 1923 1030 2004 1163 1378 2288 886 1243 1603 1969 1513 650 2524 1032 1039 782 404 938 2258 5247 
183 1956 1602 1938 999 1972 1190 1378 2305 887 1216 1612 1953 1524 642 2502 1060 1057 804 417 895 2257 5277 
184 1917 1591 1918 1018 1886 1289 1310 2331 898 1188 1694 1930 1485 642 2460 1071 1089 793 433 869 2283 5336 
185 1875 1556 1935 1021 1895 1321 1322 2430 874 1223 1717 1962 1488 662 2400 1054 1109 751 493 850 2270 5155 
186 1795 1609 1914 1077 1857 1336 1304 2507 865 1228 1761 1950 1499 677 2347 1051 1145 767 493 869 2262 5048 
187 1828 1644 1833 1096 1895 1349 1283 2606 869 1203 1761 1941 1468 689 2346 1053 1079 782 495 886 2271 4968 
188 1879 1638 1841 1096 1884 1332 1277 2669 886 1221 1740 2021 1479 633 2310 1073 1044 810 494 904 2278 4782 
189 1916 1642 1894 1055 1823 1379 1276 2677 884 1210 1758 2101 1480 613 2284 1047 1029 854 475 912 2292 4874 
190 1958 1641 1871 1060 1792 1339 1283 2591 942 1190 1754 2178 1513 576 2249 1036 1051 841 494 937 2312 4956 
191 1983 1634 1897 1023 1847 1341 1257 2554 980 1151 1762 2219 1500 582 2243 1007 1051 798 519 993 2313 5036 
192 2015 1583 1910 1066 1823 1335 1244 2544 1017 1090 1770 2173 1503 581 2227 989 1073 756 525 1005 2350 5098 
193 2083 1471 1966 1041 1854 1343 1287 2471 1048 1068 1758 2178 1520 580 2173 1000 1062 779 535 943 2405 5214 
194 2071 1476 1972 1020 1912 1327 1265 2450 1053 1072 1753 2117 1528 577 2201 945 1121 747 552 943 2431 5284 
195 1991 1504 2028 976 1902 1361 1227 2463 1070 1079 1885 2099 1536 603 2098 944 1139 741 551 1040 2285 5146 
196 1937 1522 2135 958 1877 1399 1251 2448 1082 1055 1921 2080 1572 593 2045 957 1172 753 531 1019 2233 4974 
197 1914 1536 2174 948 1825 1431 1265 2391 1094 1088 1881 2107 1567 616 2030 906 1275 751 520 1136 2078 4879 
198 1884 1560 2124 1014 1771 1439 1317 2486 1045 1119 1845 2078 1518 644 2129 928 1269 762 499 1109 2102 4695 
199 1906 1530 2098 1017 1723 1434 1365 2426 1049 1140 1740 2074 1503 650 2207 930 1314 786 486 1082 2098 4568 
200 1879 1600 2059 1060 1747 1435 1410 2390 1035 1152 1745 2039 1527 658 2249 895 1298 810 481 1065 2160 4596 
201 1858 1642 2080 1083 1780 1444 1471 2328 1042 1147 1745 1992 1541 655 2315 875 1325 759 517 1037 2186 4638 
202 1812 1695 2044 1105 1816 1441 1531 2394 1052 1169 1704 2067 1508 658 2383 906 1281 754 489 1061 2161 4686 
203 1861 1659 2087 1085 1876 1376 1545 2469 1035 1205 1760 2100 1486 679 2323 881 1272 718 541 1034 2197 4730 
204 1915 1633 2069 1074 1975 1360 1537 2541 1032 1238 1685 2149 1416 711 2370 902 1246 737 516 1054 2185 4831 
205 1958 1623 2028 1061 2069 1345 1511 2604 1006 1238 1670 2167 1440 711 2357 924 1229 764 507 1016 2200 4836 
206 1992 1592 2041 1011 2140 1381 1436 2610 1022 1222 1716 2250 1465 724 2273 971 1236 787 483 986 2223 4912 
207 1995 1592 2059 1004 2078 1403 1442 2582 992 1198 1697 2308 1505 725 2233 980 1233 798 474 972 2243 4945 
208 2064 1571 2067 970 2065 1422 1429 2540 1003 1194 1704 2266 1649 644 2197 983 1233 804 472 981 2266 5017 
209 2092 1578 2081 947 2046 1431 1448 2535 985 1184 1764 2226 1721 625 2126 989 1218 784 467 1015 2269 5079 
210 2128 1586 2117 986 1992 1445 1436 2534 953 1160 1760 2242 1689 625 2119 1007 1230 766 479 994 2274 5172 
211 2056 1634 2145 985 1999 1396 1410 2462 990 1150 1723 2296 1659 650 2098 995 1242 740 502 968 2295 5244 
212 2059 1604 2145 948 2045 1387 1363 2441 1015 1164 1756 2211 1684 652 2154 1009 1237 745 490 955 2329 5291 
213 2028 1630 2127 992 1980 1391 1425 2455 1020 1161 1730 2225 1643 664 2238 1020 1264 758 474 969 2345 5109 
214 1996 1661 2067 1044 1926 1410 1394 2492 1027 1122 1785 2214 1558 683 2327 1026 1238 765 488 972 2381 4971 
215 1957 1691 2112 1047 1926 1386 1419 2483 1010 1116 1828 2173 1483 715 2384 1037 1239 770 504 986 2383 4826 
216 1892 1744 2105 1090 1925 1354 1436 2455 1055 1096 1820 2175 1503 725 2373 1012 1255 772 540 950 2374 4696 
217 1959 1733 1994 1170 1937 1339 1463 2377 1033 1177 1851 2102 1555 704 2411 1030 1293 796 575 888 2413 4743 
218 2000 1702 2048 1150 1887 1311 1539 2357 1027 1205 1847 2074 1583 689 2410 1046 1288 806 568 865 2455 4813 
219 2029 1691 1983 1180 1897 1305 1524 2430 1020 1193 1898 2131 1601 685 2380 1024 1277 829 617 891 2329 4902 
220 2070 1654 1952 1187 1862 1317 1511 2540 933 1227 1848 2211 1639 662 2354 974 1294 829 610 919 2252 4981 
221 2124 1652 1915 1147 1956 1280 1489 2575 944 1203 1784 2266 1680 658 2357 948 1335 829 627 924 2228 5016 
222 2006 1686 1936 1181 1941 1291 1498 2681 940 1195 1788 2312 1733 626 2287 950 1315 831 612 922 2189 5125 
223 1971 1665 1993 1187 1904 1282 1489 2634 940 1188 1778 2379 1714 642 2272 940 1263 831 635 909 2182 5218 
224 1968 1655 1984 1188 1869 1275 1492 2639 947 1146 1746 2471 1694 691 2303 896 1255 847 663 895 2207 5299 
225 1984 1592 2039 1198 1861 1293 1512 2681 980 1108 1805 2395 1746 670 2255 904 1272 828 648 887 2232 5064 
226 1914 1652 2012 1198 1825 1366 1544 2695 976 1110 1812 2350 1710 696 2291 912 1290 842 627 918 2222 4922 
227 1917 1671 2045 1170 1838 1419 1531 2718 982 1150 1803 2302 1735 642 2327 951 1276 828 599 921 2243 4806 
228 1874 1688 2032 1165 1880 1378 1586 2704 995 1159 1806 2257 1773 615 2317 952 1301 799 632 912 2264 4719 
229 1908 1673 2050 1115 1871 1373 1629 2654 997 1227 1783 2255 1778 635 2250 959 1293 830 614 906 2272 4569 
230 1952 1639 2062 1106 1889 1357 1679 2588 969 1264 1784 2202 1822 651 2211 972 1323 828 622 896 2278 4597 
231 1989 1667 2053 1121 1888 1389 1718 2613 944 1278 1804 2123 1861 669 2121 987 1312 839 619 884 2310 4604 
232 2020 1613 2105 1119 1830 1356 1738 2538 971 1247 1790 2145 1849 680 2163 1038 1331 846 611 863 2343 4662 
233 2058 1636 2162 1107 1768 1353 1706 2535 976 1239 1768 2232 1744 696 2230 1035 1316 848 608 856 2376 4753 
234 2065 1692 2168 1095 1796 1316 1705 2539 1011 1214 1696 2329 1713 716 2294 1024 1273 867 658 863 2386 4843 
235 2072 1763 2136 1078 1857 1362 1603 2547 1016 1154 1645 2426 1705 755 2334 966 1308 888 668 878 2428 4937 
236 2108 1776 2156 1082 1888 1367 1526 2518 1001 1143 1607 2375 1679 753 2423 992 1271 922 652 864 2444 5023 
237 2137 1828 2173 1028 1893 1400 1476 2606 972 1155 1595 2373 1655 767 2514 1025 1200 957 667 838 2448 5045 
238 2190 1810 2215 969 1917 1376 1485 2556 973 1194 1577 2323 1644 755 2554 1044 1215 968 664 838 2487 5147 
239 2154 1849 2151 1014 1957 1424 1489 2509 1005 1175 1549 2288 1695 759 2492 1061 1222 1012 653 869 2426 5089 
240 2152 1866 2155 1039 2000 1405 1460 2454 1092 1163 1610 2313 1554 802 2520 1096 1233 1030 645 851 2383 5033 
241 2092 1920 2180 1055 2023 1365 1488 2433 1110 1157 1648 2211 1505 843 2553 1067 1237 1047 602 848 2351 4998 
242 2081 1922 2199 1049 2084 1359 1498 2430 1113 1127 1721 2174 1517 863 2536 1022 1276 1027 590 1086 2115 5049 
243 2054 1922 2230 1067 2017 1405 1459 2447 1097 1104 1732 2130 1544 854 2510 980 1334 986 646 1083 2162 5067 
244 1928 1963 2244 1104 2023 1353 1486 2380 1117 1083 1786 2138 1594 807 2553 1002 1315 941 638 1048 2192 5100 
245 1949 1969 2221 1140 1994 1374 1526 2369 1096 1078 1792 2006 1618 809 2653 1018 1282 965 619 1050 2220 5169 
246 2017 1939 2192 1152 1946 1392 1521 2414 1072 1126 1758 2045 1677 785 2623 1028 1287 982 623 1052 2216 5239 
247 2046 1948 2237 1140 1919 1372 1489 2543 1029 1169 1760 2086 1680 774 2598 1026 1240 995 622 1033 2243 5299 
248 2112 1935 2216 1074 1982 1400 1493 2571 985 1257 1715 2154 1744 757 2529 1054 1225 1014 636 1028 2265 5393 
249 2169 1927 2271 1091 2005 1434 1461 2598 973 1250 1759 2205 1791 763 2468 1072 1241 998 628 1009 2245 5179 
250 2205 1953 2333 1042 2011 1467 1436 2603 965 1221 1726 2229 1852 731 2484 1088 1277 1013 624 957 2325 5062 
251 2218 2000 2396 1059 1998 1465 1408 2597 1073 1151 1752 2338 1783 740 2433 1093 1333 914 688 960 2347 4923 
252 2269 1986 2403 1102 1962 1470 1433 2539 1072 1161 1720 2410 1781 754 2400 1107 1371 899 703 982 2331 4880 
253 2348 1965 2491 1104 1936 1492 1424 2536 1040 1156 1772 2436 1746 786 2330 1118 1329 966 708 982 2337 4834 
254 2251 2062 2500 1159 1904 1503 1448 2476 1111 1166 1700 2511 1710 802 2321 1156 1340 980 686 980 2308 4789 
255 2203 2029 2532 1179 1848 1554 1558 2459 1066 1197 1723 2463 1758 812 2281 1071 1341 1001 729 964 2331 4642 
256 2141 2043 2606 1122 1841 1516 1554 2469 1037 1198 1755 2440 1728 816 2272 1031 1358 1021 717 963 2346 4736 
257 2095 2080 2652 1093 1835 1483 1556 2395 1054 1216 1816 2382 1659 834 2266 1047 1360 1042 712 953 2381 4816 
258 1934 2176 2708 1104 1796 1506 1561 2402 1019 1202 1863 2314 1643 799 2297 1025 1335 1062 772 958 2337 4817 
259 1877 2170 2780 1044 1867 1540 1550 2422 1051 1186 1802 2308 1673 799 2324 1053 1301 1054 739 949 2359 4880 
260 1921 2140 2742 1040 1907 1585 1559 2411 1041 1176 1777 2279 1628 810 2375 1028 1320 1034 767 952 2361 4936 
261 1943 2149 2745 1051 1943 1584 1550 2416 1029 1189 1809 2276 1639 796 2362 1075 1357 1036 782 926 2371 4997 
262 1987 2119 2778 1042 1987 1561 1571 2401 1073 1181 1752 2289 1627 820 2332 1087 1327 1059 783 918 2402 5010 
263 2017 2103 2806 1022 2001 1526 1522 2447 1067 1208 1765 2300 1633 838 2238 1113 1304 1052 769 904 2434 4975 
264 2077 2056 2854 1011 1991 1450 1541 2420 1139 1136 1768 2295 1670 841 2243 1135 1292 1010 782 940 2441 4993 
265 2096 2058 2833 1003 1981 1487 1507 2416 1160 1153 1742 2264 1681 850 2235 1128 1327 999 815 928 2492 5035 
266 2132 2042 2800 1027 1917 1533 1493 2402 1159 1119 1720 2179 1724 856 2316 1126 1359 947 843 905 2537 5116 
267 2209 2048 2730 1094 1898 1578 1455 2369 1203 1099 1756 2215 1876 858 2179 1160 1424 915 860 872 2499 5173 
268 2257 2009 2781 1132 1892 1494 1456 2334 1193 1115 1728 2301 1864 856 2144 1174 1445 889 871 881 2432 5215 
269 2234 2008 2723 1165 1913 1466 1429 2348 1217 1086 1711 2352 1903 867 2099 1212 1457 873 854 962 2345 5281 
270 2199 2060 2703 1177 1927 1465 1408 2405 1194 1094 1696 2400 1962 894 2043 1219 1449 849 828 1038 2287 5319 
271 2135 2072 2724 1150 1951 1489 1414 2423 1202 1071 1681 2454 1946 898 2174 1210 1447 822 880 1071 2201 5302 
272 2109 2039 2815 1135 1989 1511 1414 2520 1105 1147 1680 2480 2006 856 2147 1168 1473 845 861 1037 2237 5098 
273 2138 2046 2772 1126 1980 1556 1394 2556 1130 1150 1691 2427 1982 841 2235 1172 1411 904 843 1052 2259 5013 
274 2061 2203 2829 1114 1992 1512 1381 2694 1099 1215 1635 2436 1949 826 2338 1179 1375 909 814 1031 2310 4804 
275 2102 2199 2782 1092 1978 1513 1408 2641 1074 1201 1667 2370 1933 762 2493 1159 1397 951 806 1015 2354 4846 
276 2043 2243 2758 1109 2003 1508 1427 2616 1068 1218 1733 2368 1910 770 2432 1147 1454 973 826 1011 2374 4871 
277 2028 2240 2799 1069 2004 1501 1450 2566 1029 1246 1716 2387 1824 810 2433 1118 1486 997 817 1038 2365 4925 
278 1945 2325 2851 1069 1944 1506 1443 2487 1026 1259 1701 2441 1772 813 2402 1054 1456 1018 848 1027 2416 5014 
279 1977 2325 2839 1058 1893 1521 1461 2475 1024 1254 1712 2430 1874 823 2315 1073 1428 1024 893 968 2461 5062 
280 1902 2396 2813 1047 1854 1560 1474 2506 992 1215 1727 2402 1838 848 2297 1102 1394 992 939 961 2467 5114 
281 1935 2366 2785 1065 1894 1570 1506 2372 1027 1180 1782 2332 1829 864 2286 1138 1438 988 927 921 2492 5154 
282 2035 2402 2746 1037 1933 1563 1534 2329 1022 1200 1814 2308 1883 859 2219 1164 1404 959 938 970 2417 5213 
283 2158 2325 2726 1040 1957 1548 1529 2300 1016 1220 1794 2292 1917 872 2162 1196 1457 908 941 1018 2312 5288 
284 2234 2289 2770 1047 2043 1546 1553 2361 1019 1229 1781 2289 1941 878 2158 1212 1418 880 954 1086 2232 5086 
285 2214 2325 2671 1031 2115 1562 1524 2441 1001 1362 1802 2253 2045 897 2041 1169 1419 892 921 1233 2098 4977 
286 2172 2360 2716 1032 2144 1580 1570 2510 985 1381 1806 2240 2023 901 2091 1149 1371 910 915 1249 2127 4853 
287 2101 2424 2767 1041 2135 1590 1582 2599 994 1347 1794 2224 2014 869 2166 1081 1387 919 924 1226 2171 4637 
288 2083 2385 2829 1002 2117 1599 1557 2669 977 1359 1789 2199 2068 801 2240 1075 1389 928 932 1222 2175 4679 
289 2106 2302 2841 1012 2109 1569 1553 2724 999 1388 1800 2198 2051 808 2242 1100 1374 941 913 1187 2210 4773 
290 2101 2251 2933 1014 2040 1529 1559 2701 991 1373 1824 2247 2016 808 2316 1075 1405 987 877 1199 2245 4831 
291 2017 2283 3014 1040 1996 1556 1597 2623 1041 1296 1862 2264 2001 822 2299 1037 1398 1021 845 1219 2284 4873 
292 1999 2272 2998 1058 1957 1618 1537 2596 1009 1313 1859 2282 1994 827 2224 1057 1418 1052 848 1212 2300 4897 
293 2039 2235 2994 1079 1868 1632 1558 2563 1014 1271 1874 2337 1925 845 2183 1065 1464 1027 838 1219 2313 4983 
294 2099 2214 2993 1104 1857 1608 1559 2580 1006 1247 1877 2342 1893 850 2135 1095 1476 1015 871 1187 2322 5078 
295 2143 2157 2922 1123 1880 1634 1594 2557 1056 1222 1863 2305 1833 871 2180 1137 1456 1036 859 1180 2341 5167 
296 2199 2136 2927 1114 1819 1704 1616 2527 1062 1191 1902 2277 1833 899 2139 1096 1481 991 887 1200 2329 5256 
297 2221 2065 2943 1063 1879 1727 1671 2449 1017 1237 1927 2163 1909 917 2193 1118 1490 972 919 1137 2373 5209 
298 2199 2118 2976 1059 1925 1744 1687 2450 997 1259 1939 2131 2079 825 2247 1103 1490 972 932 1137 2384 5082 
299 2228 2082 2942 1094 2001 1736 1708 2428 995 1305 1861 2115 2022 828 2358 1080 1475 986 917 1167 2361 4941 
300 2218 2195 2893 1077 2058 1797 1645 2401 1014 1377 1796 2172 2016 792 2403 1054 1520 1030 881 1178 2406 4762 
301 2305 2160 2906 1094 2110 1825 1647 2437 1025 1378 1761 2215 2001 805 2434 1049 1493 1009 907 1145 2473 4653 
302 2169 2296 2867 1076 2098 1866 1619 2502 1008 1393 1770 2262 1952 825 2435 1031 1468 1004 923 1172 2409 4708 
303 2148 2320 2930 1058 1998 1903 1556 2559 1013 1359 1795 2300 1934 847 2378 1045 1466 983 913 1150 2391 4732 
304 2129 2377 2864 1065 1966 2016 1480 2623 1007 1350 1822 2357 1867 860 2359 1022 1471 937 946 1194 2304 4803 
305 2132 2344 2912 1078 1914 2026 1447 2663 985 1359 1836 2442 1831 873 2315 1038 1463 938 940 1208 2229 4851 
306 2097 2366 2936 1071 1905 2022 1504 2553 976 1389 1819 2433 1820 885 2349 1078 1494 965 912 1173 2289 4905 
307 2171 2321 2915 1066 1862 2081 1513 2489 1003 1384 1806 2456 1818 895 2317 1091 1461 979 900 1184 2317 4954 
308 2215 2301 2875 1053 1928 2044 1540 2450 1055 1339 1810 2403 1787 913 2340 1109 1444 970 930 1122 2375 5015 
309 2253 2275 2888 956 2016 2020 1545 2417 1070 1322 1879 2333 1798 925 2308 1065 1468 1003 905 1131 2381 5004 
310 2309 2248 2842 1002 2003 2046 1513 2469 1073 1312 1907 2329 1756 941 2329 1051 1509 987 870 1139 2397 5085 
311 2403 2162 2851 1001 2022 2033 1485 2523 1049 1274 1911 2332 1804 968 2376 1015 1489 1001 892 1168 2417 5156 
312 2336 2205 2871 1008 2063 1999 1483 2558 1075 1238 1901 2286 1831 957 2376 1024 1468 997 898 1149 2444 5210 
313 2324 2197 2852 1095 2050 1988 1470 2617 1108 1241 1896 2245 1901 946 2302 1015 1423 1021 894 1153 2443 5277 
314 2361 2156 2826 1114 2044 1979 1459 2678 1058 1272 1919 2179 1985 920 2346 1007 1431 1034 913 1148 2391 5367 
315 2335 2240 2843 1173 2013 1995 1519 2731 1067 1328 1926 2159 2078 912 2283 1079 1384 1053 910 1153 2372 5095 
316 2339 2282 2887 1116 2030 1986 1516 2684 1061 1341 1883 2165 2154 899 2285 1100 1393 1080 896 1132 2390 4986 
317 2309 2392 2809 1099 2053 2022 1484 2586 1080 1399 1875 2221 2108 871 2290 1142 1376 1069 899 1150 2381 4864 
318 2291 2400 2822 1056 2066 1992 1489 2591 1115 1417 1863 2260 2139 899 2280 1167 1374 1067 926 1119 2390 4732 
319 2177 2486 2764 1114 2083 1950 1462 2565 1136 1422 1886 2349 2082 910 2256 1179 1373 995 985 1117 2385 4782 
320 2099 2507 2830 1093 2014 1973 1437 2552 1137 1417 1842 2403 2054 915 2258 1174 1370 1020 932 1149 2397 4817 
321 2011 2552 2860 1096 1975 1991 1419 2540 1118 1448 1833 2434 1989 934 2326 1195 1372 974 979 1112 2401 4884 
322 2094 2487 2778 1124 1999 2025 1468 2507 1183 1419 1827 2505 1982 952 2249 1128 1347 965 1027 1102 2429 4958 
323 2153 2478 2838 1138 1954 1986 1478 2520 1186 1404 1862 2450 1982 919 2287 1125 1354 975 1037 1069 2471 5027 
324 2221 2406 2770 1175 1899 1979 1497 2487 1155 1421 1860 2584 1988 908 2199 1127 1393 971 1051 1073 2449 5055 
325 2301 2381 2723 1174 1942 2006 1451 2488 1178 1399 1843 2535 1957 882 2261 1123 1376 965 1043 1075 2448 5158 
326 2304 2407 2764 1205 1870 2063 1450 2488 1169 1408 1866 2472 2067 854 2235 1092 1378 932 1068 1075 2473 5182 
327 2372 2398 2784 1234 1874 2006 1467 2466 1228 1361 1849 2455 2126 841 2251 1061 1395 949 1037 1109 2456 5251 
328 2339 2437 2767 1252 1889 2019 1458 2469 1220 1359 1942 2443 2227 850 2170 1077 1367 974 1072 1087 2480 5178 
329 2318 2416 2803 1283 1835 2014 1459 2496 1218 1367 1922 2424 2273 814 2162 1098 1375 995 1050 1070 2500 5070 
330 2230 2465 2902 1276 1849 1985 1481 2449 1249 1372 1941 2428 2301 788 2104 1075 1391 1018 1044 1076 2532 4925 
331 2223 2551 2898 1302 1820 1980 1508 2433 1279 1344 2040 2384 2295 801 2056 1096 1438 1024 1019 1025 2571 4774 
332 2157 2643 2881 1303 1795 2009 1468 2463 1355 1388 2035 2420 2261 819 2015 1101 1399 1052 1010 1054 2566 4605 
333 2112 2715 2848 1251 1879 2049 1401 2489 1360 1403 2002 2426 2156 883 2153 1146 1405 1034 1010 1045 2608 4622 
334 2180 2626 2813 1249 1970 2028 1358 2465 1435 1351 2024 2407 2132 873 2195 1062 1411 993 1033 1147 2590 4648 
335 2204 2566 2858 1271 2019 2050 1303 2501 1371 1371 2024 2313 2122 894 2307 1111 1402 971 1016 1185 2597 4759 
336 2249 2633 2711 1255 2098 2043 1299 2429 1323 1399 2031 2241 2008 970 2381 1128 1409 984 995 1188 2583 4831 
337 2287 2579 2809 1276 2083 2055 1299 2365 1319 1380 2041 2321 1977 978 2325 1143 1403 940 1018 1151 2613 4846 
338 2340 2591 2771 1304 2102 2019 1306 2381 1302 1383 2058 2422 2030 1006 2238 1134 1338 981 1023 1172 2613 4926 
339 2419 2532 2796 1319 2027 2040 1324 2372 1327 1388 2031 2522 2062 996 2205 1162 1290 1014 1014 1134 2653 4962 
340 2350 2638 2856 1352 1970 1971 1357 2411 1275 1396 2003 2491 2164 991 2168 1188 1273 1047 995 1232 2495 4968 
341 2323 2651 2821 1361 1967 1979 1375 2309 1308 1405 1929 2531 2206 996 2151 1192 1263 1079 991 1237 2460 5061 
342 2231 2726 2764 1423 1928 1987 1353 2337 1352 1351 1972 2474 2276 982 2147 1192 1262 1107 989 1247 2423 5096 
343 2235 2658 2812 1324 1936 1983 1313 2368 1378 1314 1968 2441 2248 1018 2161 1214 1198 1135 995 1277 2406 5145 
344 2215 2690 2822 1337 1944 1972 1306 2410 1323 1353 1928 2394 2187 1030 2268 1302 1223 1106 950 1202 2412 5259 
345 2205 2706 2812 1346 1952 1971 1254 2461 1402 1301 1974 2349 2152 1058 2317 1323 1225 1097 941 1225 2366 5075 
346 2104 2776 2837 1346 1951 1955 1251 2549 1396 1278 1983 2264 2168 1069 2411 1282 1248 1089 955 1246 2375 4947 
347 2162 2749 2848 1378 1934 1969 1247 2596 1424 1300 1932 2291 2136 1099 2485 1278 1348 969 964 1261 2382 4721 
348 2204 2775 2860 1359 1899 2002 1225 2663 1399 1397 1940 2398 2129 1034 2537 1213 1337 968 966 1277 2409 4442 
349 2266 2735 2864 1336 1945 1964 1232 2699 1401 1379 1930 2435 2134 983 2502 1192 1304 991 971 1270 2452 4425 
350 2335 2657 2913 1300 1988 1933 1233 2763 1408 1361 1927 2574 2101 998 2396 1185 1296 1008 976 1274 2497 4520 
351 2346 2755 2853 1259 2068 1909 1268 2737 1405 1327 1944 2705 1991 1019 2398 1181 1338 991 923 1331 2491 4547 
352 2403 2707 2826 1206 2167 1895 1301 2662 1416 1315 1936 2696 1934 1043 2419 1189 1366 968 890 1338 2511 4577 
353 2428 2680 2886 1199 2159 1818 1354 2677 1392 1312 1985 2626 1922 1069 2445 1158 1339 954 911 1360 2547 4617 
354 2397 2681 2925 1184 2142 1813 1362 2568 1392 1338 2002 2629 1910 1101 2402 1164 1416 897 931 1328 2585 4671 
355 2363 2674 2909 1128 2145 1853 1321 2597 1394 1387 2036 2563 1895 1113 2384 1186 1383 889 933 1320 2600 4748 
356 2327 2734 2914 1144 2175 1806 1293 2519 1478 1331 2125 2542 1934 1075 2313 1195 1422 841 954 1299 2642 4791 
357 2238 2770 2875 1131 2218 1816 1279 2558 1506 1305 2075 2558 2003 1054 2319 1192 1395 889 941 1324 2641 4870 
358 2220 2756 2928 1127 2180 1847 1253 2538 1492 1363 2133 2501 2042 1033 2324 1276 1387 872 948 1289 2693 4943 
359 2180 2740 2902 1132 2142 1882 1254 2504 1501 1370 2122 2462 2134 994 2280 1330 1368 869 878 1329 2696 5020 
360 2217 2694 2839 1090 2147 1890 1284 2563 1485 1343 2047 2442 2202 987 2315 1359 1324 863 881 1298 2721 5081 
361 2260 2660 2847 1081 2152 1845 1292 2534 1505 1343 2041 2470 2249 951 2357 1323 1368 873 877 1280 2757 5140 
362 2286 2656 2811 1043 2167 1830 1310 2513 1528 1303 2053 2412 2233 973 2440 1319 1378 855 877 1385 2620 5166 
363 2338 2661 2832 1045 2167 1778 1312 2502 1511 1310 2044 2390 2252 986 2530 1322 1372 871 880 1431 2589 5219 
364 2432 2503 2897 1032 2158 1791 1366 2410 1543 1305 2046 2395 2234 1031 2431 1321 1366 880 900 1472 2503 5288 
365 2498 2474 2896 1005 2172 1843 1337 2356 1540 1294 2089 2325 2184 1080 2424 1359 1357 893 902 1529 2401 5192 
366 2472 2450 2868 1009 2174 1890 1321 2447 1530 1305 2097 2292 2159 1099 2379 1369 1375 931 876 1533 2386 5088 
367 2497 2436 2861 1036 2146 1896 1335 2487 1530 1299 2119 2310 2178 1112 2353 1382 1332 937 841 1492 2462 5020 
368 2468 2511 2870 1043 2098 1999 1346 2577 1557 1301 2088 2325 2143 1089 2343 1354 1320 960 872 1483 2464 4836 
369 2538 2432 2858 1060 2090 1997 1353 2646 1554 1293 2180 2227 2088 1138 2324 1342 1303 961 913 1453 2515 4691 
370 2516 2363 2880 1045 2131 2002 1359 2710 1580 1273 2179 2278 2027 1121 2362 1340 1276 981 920 1459 2509 4711 
371 2491 2422 2865 996 2120 1977 1363 2757 1510 1268 2148 2272 2133 1054 2399 1329 1257 984 928 1434 2531 4724 
372 2466 2454 2832 984 2109 2007 1343 2721 1504 1274 2202 2174 2030 1057 2512 1304 1261 998 984 1382 2555 4785 
373 2437 2458 2820 1023 2123 2027 1385 2690 1498 1264 2209 2227 1974 1081 2549 1267 1257 1007 1059 1341 2591 4876 
374 2390 2503 2771 1073 2105 2023 1401 2676 1507 1238 2188 2319 1944 1037 2560 1186 1268 1004 1115 1368 2588 4957 
375 2378 2511 2822 1128 1989 2019 1358 2685 1523 1233 2126 2431 1905 1045 2558 1146 1270 995 1147 1360 2616 5034 
376 2350 2579 2737 1161 1959 2017 1338 2703 1469 1252 2163 2410 1843 1035 2587 1098 1275 1013 1200 1332 2647 5153 
377 2335 2597 2670 1141 1994 2022 1321 2736 1546 1160 2170 2384 1938 1025 2571 1151 1268 1043 1130 1361 2656 5240 
378 2230 2653 2737 1177 1957 1941 1327 2726 1609 1177 2192 2392 2026 977 2486 1199 1249 1056 1058 1389 2690 5047 
379 2265 2647 2752 1172 1960 1933 1310 2736 1579 1250 2214 2256 2119 964 2516 1242 1261 1009 1084 1331 2721 4953 
380 2258 2682 2769 1161 1987 1951 1346 2728 1548 1322 2232 2163 2190 944 2503 1266 1242 985 1099 1268 2728 4876 
381 2290 2713 2746 1136 1984 2000 1310 2737 1558 1347 2255 2080 2233 966 2430 1273 1311 980 1054 1280 2740 4685 
382 2274 2699 2734 1118 1967 2033 1322 2679 1587 1354 2301 2006 2227 982 2474 1223 1327 954 1022 1243 2782 4763 
383 2257 2672 2757 1103 1916 2087 1308 2689 1578 1381 2302 2113 2195 991 2433 1203 1297 1000 1030 1221 2796 4840 
384 2210 2686 2794 1111 1868 2083 1378 2644 1523 1419 2298 2184 2169 1009 2423 1180 1305 1012 1024 1303 2703 4872 
385 2156 2734 2764 1127 1830 2109 1410 2633 1547 1415 2299 2218 2131 1005 2410 1173 1354 994 976 1325 2667 4922 
386 2177 2695 2858 1080 1850 2090 1435 2568 1519 1435 2327 2295 2053 1010 2398 1141 1388 1017 962 1329 2611 4965 
387 2249 2600 2911 1060 1795 2083 1431 2578 1551 1406 2310 2350 2054 1020 2402 1131 1407 1084 915 1408 2549 5023 
388 2318 2592 2851 1087 1854 2098 1432 2484 1562 1404 2335 2376 2046 1037 2313 1163 1444 1026 960 1365 2511 5091 
389 2333 2594 2843 1097 1925 2077 1461 2407 1632 1362 2309 2403 2013 1005 2365 1228 1435 1022 942 1416 2441 5113 
390 2431 2536 2798 1140 1978 2064 1470 2399 1661 1367 2296 2397 2019 982 2433 1239 1448 1000 950 1379 2508 5164 
391 2546 2462 2750 1156 2012 2064 1450 2392 1601 1368 2291 2278 2010 969 2575 1225 1485 997 927 1371 2556 5244 
392 2481 2487 2710 1191 2057 2058 1452 2467 1549 1370 2332 2224 2052 946 2640 1234 1490 925 1012 1342 2554 5272 
393 2492 2448 2662 1206 2035 2069 1427 2550 1513 1348 2375 2243 2016 970 2565 1226 1477 963 991 1332 2571 5321 
394 2389 2556 2619 1202 2036 2084 1401 2614 1457 1341 2323 2202 2023 977 2551 1226 1459 1011 961 1288 2624 5382 
395 2301 2662 2709 1188 1997 2063 1351 2753 1456 1355 2307 2246 2032 1026 2460 1197 1454 1032 945 1271 2683 5167 
396 2338 2605 2797 1118 2069 2032 1302 2780 1522 1316 2316 2289 2041 1046 2383 1138 1489 1030 924 1275 2703 4979 
397 2275 2628 2847 1132 2055 1917 1388 2697 1479 1339 2322 2344 2008 1081 2302 1178 1450 1067 939 1275 2716 4897 
398 2267 2632 2932 1086 2046 1927 1360 2748 1448 1360 2324 2373 2000 1110 2323 1217 1419 1062 957 1279 2771 4778 
399 2206 2711 2843 1076 2061 1996 1360 2726 1483 1341 2321 2341 1982 1071 2450 1229 1489 1034 968 1265 2792 4839 
400 2193 2725 2837 1095 2088 1986 1331 2762 1506 1309 2299 2394 1913 1056 2541 1251 1510 1041 957 1312 2776 4867 
401 2178 2721 2853 1096 2089 1953 1404 2678 1524 1295 2295 2358 1898 1030 2637 1261 1477 1101 946 1301 2806 4941 
402 2215 2669 2855 1099 2066 1957 1433 2604 1543 1257 2385 2343 1977 1001 2561 1292 1477 1126 952 1258 2838 5034 
403 2284 2592 2890 1077 2035 2069 1384 2596 1549 1249 2400 2314 2018 996 2494 1300 1475 1152 952 1216 2886 5082 
404 2363 2537 2923 1056 2024 2035 1407 2524 1512 1277 2387 2288 2077 995 2442 1309 1550 1127 942 1239 2822 5191 
405 2404 2512 2882 1108 2011 2063 1384 2451 1542 1326 2332 2202 2117 1018 2481 1370 1539 1153 911 1269 2763 5274 
406 2452 2502 2911 1137 1986 2103 1372 2510 1514 1432 2384 2206 2206 995 2406 1362 1521 1154 916 1332 2673 5103 
407 2520 2529 2855 1171 1966 2120 1403 2572 1515 1420 2313 2239 2211 972 2439 1390 1545 1149 911 1453 2469 4942 
408 2452 2561 2804 1185 1920 2239 1370 2582 1536 1494 2299 2301 2209 979 2447 1349 1538 1164 917 1451 2510 4699 
409 2441 2528 2830 1198 1889 2224 1422 2558 1543 1537 2273 2342 2203 942 2467 1342 1562 1188 898 1426 2538 4587 
410 2431 2459 2875 1231 1855 2166 1509 2507 1508 1536 2277 2455 2096 970 2459 1311 1559 1187 907 1417 2570 4650 
411 2407 2424 2854 1248 1834 2179 1513 2447 1530 1558 2281 2496 2051 992 2491 1314 1584 1163 915 1424 2557 4732 
412 2366 2472 2865 1245 1840 2170 1522 2445 1570 1616 2198 2602 2051 1024 2388 1311 1553 1141 961 1423 2596 4787 
413 2312 2508 2892 1202 1891 2158 1451 2485 1543 1552 2221 2623 2038 1048 2372 1329 1555 1123 958 1418 2602 4880 
414 2282 2535 2829 1194 1967 2157 1507 2426 1520 1578 2252 2558 2074 1058 2370 1326 1625 1087 946 1418 2634 4974 
415 2238 2593 2841 1171 2035 2135 1499 2474 1474 1630 2248 2575 2074 1061 2384 1356 1586 1082 976 1417 2634 5044 
416 2284 2567 2859 1157 2091 2096 1492 2456 1474 1657 2272 2528 2063 1072 2398 1365 1604 1063 989 1352 2676 5110 
417 2336 2575 2864 1141 2053 2091 1487 2439 1419 1652 2378 2402 2037 1059 2424 1378 1629 1074 1060 1269 2721 5183 
418 2402 2566 2883 1140 2030 2037 1577 2395 1432 1654 2355 2399 2024 1073 2429 1334 1628 1132 1060 1239 2751 5098 
419 2450 2506 2975 1110 2034 2004 1557 2376 1465 1697 2312 2345 1985 1078 2470 1352 1552 1118 1055 1263 2774 4969 
420 2460 2524 2909 1097 2049 2005 1579 2405 1506 1761 2338 2321 1955 1095 2412 1371 1534 1068 1113 1258 2748 4801 
421 2521 2468 2943 1087 2023 2042 1557 2468 1528 1762 2384 2361 2020 1095 2306 1356 1549 1032 1141 1245 2757 4681 
422 2551 2405 2987 1159 1963 2000 1525 2589 1481 1755 2396 2411 2040 1103 2207 1307 1569 1045 1153 1262 2792 4727 
423 2447 2482 3006 1211 2005 1927 1495 2675 1449 1827 2330 2316 2054 1137 2277 1311 1515 1062 1220 1188 2830 4795 
424 2406 2464 3007 1251 1976 1956 1517 2714 1455 1847 2328 2398 2016 1146 2289 1305 1494 1041 1242 1209 2750 4834 
425 2251 2485 3057 1276 1949 2016 1540 2713 1436 1828 2335 2452 1955 1177 2388 1305 1492 1033 1248 1257 2667 4838 
426 2240 2479 3041 1257 1977 2022 1530 2660 1460 1820 2297 2545 2011 1068 2453 1294 1503 1016 1228 1293 2592 4931 
427 2218 2494 3027 1254 2018 2005 1526 2658 1459 1812 2251 2661 2003 1059 2483 1277 1522 1006 1228 1321 2514 5010 
428 2280 2439 3068 1228 1994 1975 1548 2616 1463 1828 2194 2639 2031 1047 2536 1228 1493 1016 1221 1359 2479 5105 
429 2345 2398 3042 1218 2022 2036 1525 2603 1455 1850 2192 2655 1999 1058 2586 1222 1493 1003 1222 1334 2517 5157 
430 2322 2373 3128 1232 1997 2061 1582 2543 1403 1984 2184 2619 2003 1068 2494 1234 1530 1009 1186 1288 2569 5155 
431 2357 2420 3117 1217 1997 2006 1645 2499 1424 1995 2123 2616 2010 1092 2481 1249 1510 985 1220 1204 2626 5173 
432 2375 2413 3085 1257 1946 2024 1645 2477 1443 1999 2084 2593 1956 1141 2481 1252 1539 999 1163 1196 2681 5244 
433 2413 2342 3208 1259 1870 2078 1671 2437 1481 2059 2079 2584 1946 1159 2510 1212 1533 1059 1109 1226 2698 5058 
434 2488 2373 3196 1223 1945 2072 1714 2477 1489 2086 2116 2592 1934 1172 2449 1187 1541 1097 1081 1241 2736 4870 
435 2468 2421 3208 1238 1946 2076 1725 2495 1492 2092 2064 2584 1955 1159 2449 1155 1516 1123 1110 1253 2761 4735 
436 2474 2445 3258 1272 1869 2070 1771 2489 1459 2163 2030 2461 1961 1168 2534 1190 1454 1118 1071 1262 2786 4510 
437 2421 2501 3254 1293 1900 2011 1812 2464 1482 2157 1990 2481 2011 1178 2515 1207 1508 1093 1053 1236 2834 4582 
438 2354 2553 3170 1293 1976 2012 1824 2463 1497 2169 1938 2518 2059 1199 2467 1201 1479 1074 1069 1247 2793 4629 
439 2300 2699 3069 1299 2042 1987 1790 2458 1523 2117 1922 2568 2114 1215 2384 1179 1444 1130 1057 1314 2704 4672 
440 2284 2708 3102 1295 2129 1911 1792 2501 1509 2086 1922 2556 2149 1227 2364 1134 1452 1104 1035 1333 2637 4738 
441 2279 2639 3132 1308 2222 1916 1747 2489 1506 2124 1931 2583 2172 1252 2310 1114 1492 1037 1061 1297 2593 4805 
442 2287 2637 3103 1299 2220 1950 1689 2430 1589 2151 1912 2550 2303 1280 2258 1063 1496 1028 1077 1341 2541 4899 
443 2272 2574 3127 1233 2248 1951 1712 2413 1587 2123 1911 2529 2321 1319 2296 1104 1475 1028 1112 1384 2444 4968 
444 2227 2554 3258 1215 2233 1901 1699 2454 1580 2119 1911 2513 2363 1260 2353 1135 1501 1005 1080 1402 2445 5061 
445 2287 2511 3196 1209 2262 1958 1657 2397 1581 2133 1898 2454 2395 1210 2395 1207 1470 1007 1045 1417 2449 5096 
446 2338 2454 3294 1183 2282 1942 1659 2361 1616 2083 1882 2418 2386 1225 2461 1229 1489 1006 1039 1367 2507 5152 
447 2376 2409 3334 1192 2236 1908 1674 2355 1647 2056 1873 2485 2313 1190 2545 1247 1493 1008 1028 1364 2507 5176 
448 2463 2352 3352 1191 2259 1871 1690 2287 1662 2050 1909 2392 2274 1204 2646 1246 1493 1032 1046 1336 2510 5257 
449 2528 2227 3427 1228 2264 1868 1670 2346 1717 2003 1922 2367 2241 1235 2644 1246 1489 1014 1060 1323 2518 5201 
450 2467 2258 3422 1222 2216 1925 1626 2439 1804 2007 1937 2306 2330 1256 2588 1262 1462 1014 1061 1301 2546 5023 
451 2486 2229 3358 1152 2290 2015 1615 2501 1858 2049 2023 2290 2261 1279 2543 1301 1444 1047 1039 1254 2590 4788 
452 2443 2280 3339 1163 2230 2092 1576 2556 1903 2001 2041 2264 2251 1298 2523 1321 1403 1072 1019 1239 2608 4702 
453 2430 2302 3363 1183 2200 2107 1567 2585 1838 2119 1988 2335 2120 1345 2583 1331 1412 1119 1006 1225 2609 4756 
454 2436 2299 3383 1163 2210 2115 1520 2677 1869 2063 2012 2433 2107 1357 2564 1349 1409 1090 1034 1245 2597 4814 
455 2344 2371 3376 1162 2204 2128 1496 2643 1879 2072 1979 2497 2135 1354 2544 1289 1444 1100 1037 1234 2618 4877 
456 2269 2356 3411 1261 2180 2064 1530 2638 1893 2063 1963 2530 2122 1317 2545 1296 1434 1073 1057 1226 2666 4942 
457 2216 2348 3443 1261 2192 2054 1520 2616 1934 2000 2009 2465 2195 1240 2497 1290 1438 1008 1091 1177 2730 5020 
458 2199 2300 3502 1245 2176 1988 1517 2577 1934 1989 2030 2496 2146 1186 2527 1237 1474 967 1110 1158 2758 5134 
459 2243 2319 3501 1286 2133 1960 1547 2514 1907 1938 2052 2502 2137 1152 2547 1185 1466 966 1178 1087 2828 5190 
460 2271 2343 3489 1382 2066 1962 1608 2441 1965 1958 2076 2426 2146 1181 2586 1182 1492 979 1141 1165 2833 4996 
461 2340 2344 3447 1404 2036 1964 1593 2443 2011 1914 2030 2517 2090 1239 2548 1196 1452 990 1125 1210 2836 4908 
462 2385 2384 3468 1383 2012 1936 1590 2400 1991 1884 2033 2596 2088 1257 2479 1150 1509 993 1125 1290 2829 4767 
463 2417 2400 3467 1402 2089 1868 1592 2338 2107 1887 2033 2644 2139 1283 2418 1082 1550 995 1128 1322 2845 4616 
464 2450 2361 3501 1376 2151 1840 1515 2423 2049 1935 2000 2629 2140 1262 2436 1100 1497 1011 1133 1253 2917 4727 
465 2411 2426 3487 1358 2217 1795 1512 2501 1996 1950 2020 2610 2083 1216 2514 1127 1464 1014 1134 1247 2902 4820 
466 2392 2372 3614 1338 2172 1802 1470 2572 2046 1944 2021 2630 2184 1193 2416 1138 1452 1010 1124 1320 2852 4879 
467 2404 2329 3679 1321 2135 1826 1453 2657 2000 1933 2036 2545 2296 1161 2415 1189 1435 1030 1121 1321 2907 4995 
468 2260 2432 3613 1288 2207 1813 1423 2632 2016 1901 2083 2529 2339 1140 2312 1214 1432 1040 1094 1303 2927 5087 
469 2167 2494 3668 1240 2215 1789 1428 2550 2030 1870 2077 2450 2370 1185 2395 1234 1445 1065 1072 1236 2968 5172 
470 2139 2437 3797 1325 2180 1731 1514 2500 2054 1858 2035 2344 2428 1200 2511 1260 1444 1032 1082 1241 2958 5041 
471 2177 2435 3784 1326 2123 1843 1516 2517 2052 1897 1947 2334 2347 1246 2610 1344 1415 1022 1083 1302 2807 4909 
472 2228 2420 3852 1336 2040 1841 1533 2484 2050 1913 1909 2328 2342 1301 2583 1259 1464 1024 1071 1379 2694 4799 
473 2317 2363 3949 1292 2059 1800 1524 2420 2080 1915 1936 2317 2354 1281 2523 1260 1452 999 1076 1371 2663 4700 
474 2369 2339 4015 1288 2022 1790 1517 2388 2051 1901 1951 2303 2377 1187 2488 1245 1441 960 1117 1442 2531 4807 
475 2424 2333 4003 1261 2015 1815 1495 2406 2077 1880 1949 2390 2304 1178 2519 1227 1423 908 1132 1424 2557 4889 
476 2469 2220 4037 1245 2008 1823 1546 2369 2082 1873 1956 2456 2317 1181 2481 1203 1402 922 1144 1386 2612 4966 
477 2402 2284 4085 1239 2020 1819 1534 2345 2118 1839 1953 2551 2202 1222 2493 1190 1368 973 1118 1418 2597 5037 
478 2368 2306 4065 1254 1987 1835 1534 2393 2103 1842 1954 2621 2197 1189 2520 1148 1402 996 1106 1375 2651 5131 
479 2280 2365 4036 1258 1976 1773 1515 2504 2048 1859 1898 2652 2219 1184 2425 1137 1363 1033 1071 1378 2679 5165 
480 2314 2298 4020 1210 2031 1740 1431 2591 2078 1824 1899 2724 2233 1124 2371 1101 1391 1057 1062 1374 2686 5223 
481 2281 2283 3966 1191 2078 1718 1400 2696 2021 1793 1958 2638 2325 1063 2345 1127 1375 1085 1031 1357 2726 5321 
482 2239 2325 3925 1224 2142 1806 1393 2712 2025 1797 2008 2612 2289 1089 2337 1163 1375 1039 1071 1319 2752 5190 
483 2190 2421 3890 1204 2188 1829 1426 2684 2053 1773 2035 2575 2229 1160 2411 1252 1321 1042 1083 1291 2775 5060 
484 2170 2487 3813 1217 2263 1864 1464 2627 2082 1866 2015 2505 2234 1185 2434 1292 1305 1033 1043 1316 2799 4823 
485 2116 2525 3780 1260 2261 1927 1455 2543 2141 1916 2054 2471 2233 1210 2405 1310 1309 1042 1052 1311 2841 4599 
486 2205 2461 3766 1209 2271 2005 1429 2500 2115 1909 2017 2445 2240 1213 2423 1354 1296 1022 1026 1270 2913 4673 
487 2256 2476 3716 1238 2267 2062 1415 2483 2104 1886 2005 2413 2215 1272 2422 1334 1307 1030 1029 1222 2963 4723 
488 2283 2473 3691 1201 2257 2090 1421 2460 2090 1899 1969 2460 2157 1239 2438 1319 1275 1009 1018 1259 2903 4801 
489 2362 2384 3715 1226 2219 2099 1536 2350 2090 1898 1948 2460 2138 1206 2468 1305 1200 1013 1034 1368 2802 4835 
490 2411 2329 3721 1186 2251 2133 1469 2442 2098 1879 1964 2392 2229 1144 2469 1283 1184 1047 1045 1386 2764 4883 
491 2497 2232 3683 1209 2228 2182 1439 2505 2073 1861 1996 2496 2251 1089 2387 1284 1179 1068 1044 1431 2690 4955 
492 2418 2228 3707 1177 2266 2185 1407 2567 2086 1874 1964 2499 2341 1073 2345 1246 1147 1060 1076 1438 2643 4980 
493 2361 2336 3635 1249 2239 2175 1411 2595 2143 1789 1961 2564 2354 1041 2334 1204 1195 1063 1088 1548 2537 5052 
494 2333 2342 3585 1245 2206 2241 1339 2637 2182 1730 2006 2628 2332 1044 2354 1177 1198 1072 1131 1514 2565 5175 
495 2298 2309 3627 1252 2147 2239 1364 2578 2215 1708 1974 2729 2299 1066 2316 1197 1240 1101 1102 1545 2587 5234 
496 2239 2323 3641 1271 2088 2311 1373 2524 2206 1683 1984 2716 2268 1093 2299 1246 1265 1087 1173 1451 2667 5252 
497 2208 2336 3643 1235 2089 2269 1459 2431 2237 1640 2031 2694 2206 1127 2261 1272 1286 1085 1171 1448 2714 5320 
498 2285 2297 3721 1249 2062 2223 1490 2423 2243 1627 2058 2634 2140 1173 2260 1318 1339 1050 1155 1438 2757 5268 
499 2299 2334 3706 1269 2073 2246 1461 2463 2223 1723 2042 2639 2148 1164 2246 1340 1376 1043 1155 1467 2769 5124 