0 0.000 0.031 0.015 0.000 0.000 0.111 0.393 0.002 0.007 0.016 0.031 0.000 0.000 0.000 0.000 0.000 0.000 0.000 0.000 0.000 0.000 0.697 
1 0.000 0.102 0.014 0.000 0.000 0.647 0.602 0.002 0.165 0.020 0.073 0.000 0.000 0.000 0.000 0.000 0.000 0.000 0.000 0.000 0.000 0.683 
2 0.000 0.136 0.014 0.000 0.000 0.635 0.485 0.002 0.158 0.020 0.087 0.000 0.000 0.000 0.000 0.000 0.000 0.000 0.000 0.000 0.000 0.687 
3 0.000 0.149 0.042 0.000 0.000 0.600 0.513 0.028 0.235 0.023 0.080 0.000 0.000 0.000 0.000 0.000 0.000 0.000 0.000 0.000 0.000 0.687 
4 0.000 0.171 0.042 0.000 0.000 0.716 0.500 0.028 0.225 0.131 0.076 0.000 0.000 0.000 0.000 0.000 0.000 0.000 0.000 0.000 0.000 0.679 
5 0.000 0.165 0.280 0.000 0.000 0.659 0.547 0.061 0.230 0.124 0.076 0.000 0.000 0.000 0.000 0.000 0.000 0.000 0.000 0.000 0.000 0.680 
6 0.003 0.178 0.244 0.000 0.000 0.705 0.504 0.036 0.227 0.134 0.078 0.000 0.000 0.000 0.000 0.000 0.034 0.000 0.000 0.000 0.000 0.681 
7 0.006 0.173 0.300 0.000 0.000 0.650 0.536 0.091 0.211 0.227 0.080 0.000 0.000 0.000 0.000 0.000 0.036 0.000 0.000 0.000 0.000 0.685 
8 0.006 0.193 0.283 0.000 0.000 0.587 0.533 0.089 0.205 0.265 0.129 0.000 0.000 0.000 0.000 0.000 0.035 0.000 0.000 0.000 0.000 0.679 
9 0.006 0.183 0.272 0.000 0.000 0.557 0.520 0.084 0.216 0.254 0.176 0.000 0.000 0.000 0.000 0.000 0.032 0.000 0.000 0.000 0.000 0.688 
10 0.005 0.182 0.232 0.000 0.000 0.532 0.525 0.088 0.209 0.246 0.179 0.007 0.000 0.000 0.000 0.000 0.031 0.000 0.000 0.000 0.000 0.697 
11 0.005 0.177 0.268 0.000 0.000 0.507 0.526 0.087 0.196 0.233 0.173 0.009 0.000 0.000 0.000 0.000 0.036 0.000 0.000 0.000 0.000 0.699 
12 0.005 0.179 0.257 0.000 0.005 0.505 0.487 0.087 0.198 0.258 0.155 0.010 0.000 0.000 0.000 0.000 0.036 0.000 0.000 0.000 0.000 0.698 
13 0.005 0.188 0.247 0.000 0.005 0.524 0.504 0.097 0.205 0.260 0.147 0.012 0.000 0.000 0.000 0.000 0.036 0.000 0.000 0.000 0.000 0.705 
14 0.007 0.213 0.237 0.000 0.005 0.548 0.497 0.125 0.212 0.259 0.141 0.018 0.000 0.000 0.000 0.000 0.036 0.000 0.000 0.000 0.000 0.705 
15 0.007 0.228 0.265 0.000 0.005 0.571 0.521 0.131 0.201 0.263 0.137 0.014 0.000 0.000 0.000 0.000 0.037 0.000 0.000 0.000 0.000 0.709 
16 0.005 0.226 0.249 0.000 0.005 0.607 0.535 0.132 0.204 0.279 0.159 0.020 0.000 0.000 0.000 0.000 0.037 0.000 0.000 0.000 0.000 0.704 
17 0.005 0.223 0.251 0.000 0.005 0.631 0.550 0.145 0.205 0.277 0.156 0.017 0.000 0.000 0.000 0.000 0.036 0.000 0.000 0.000 0.000 0.699 
18 0.005 0.219 0.253 0.000 0.005 0.705 0.556 0.144 0.203 0.283 0.155 0.013 0.000 0.000 0.000 0.000 0.035 0.000 0.000 0.000 0.000 0.695 
19 0.005 0.257 0.272 0.000 0.005 0.721 0.547 0.171 0.171 0.321 0.158 0.015 0.000 0.000 0.000 0.000 0.036 0.000 0.000 0.000 0.000 0.689 
20 0.005 0.256 0.280 0.000 0.005 0.738 0.551 0.167 0.170 0.347 0.152 0.012 0.000 0.000 0.000 0.000 0.034 0.000 0.000 0.000 0.000 0.690 
21 0.005 0.274 0.278 0.000 0.005 0.748 0.579 0.163 0.218 0.351 0.152 0.012 0.000 0.000 0.000 0.000 0.032 0.000 0.000 0.000 0.000 0.688 
22 0.005 0.286 0.271 0.000 0.005 0.736 0.573 0.162 0.210 0.349 0.152 0.012 0.000 0.000 0.000 0.000 0.029 0.000 0.000 0.000 0.000 0.689 
23 0.005 0.288 0.327 0.000 0.005 0.724 0.616 0.161 0.224 0.380 0.174 0.012 0.000 0.000 0.000 0.000 0.027 0.000 0.009 0.000 0.000 0.689 
24 0.005 0.316 0.331 0.000 0.005 0.731 0.672 0.149 0.224 0.389 0.180 0.011 0.000 0.000 0.000 0.000 0.021 0.004 0.009 0.000 0.000 0.692 
25 0.012 0.371 0.326 0.000 0.005 0.729 0.668 0.155 0.220 0.385 0.220 0.011 0.000 0.000 0.000 0.000 0.019 0.004 0.019 0.000 0.000 0.686 
26 0.014 0.360 0.334 0.000 0.005 0.718 0.635 0.172 0.222 0.393 0.228 0.009 0.000 0.000 0.008 0.000 0.018 0.007 0.019 0.000 0.000 0.694 
27 0.041 0.353 0.305 0.000 0.068 0.717 0.632 0.167 0.210 0.375 0.229 0.009 0.000 0.000 0.008 0.000 0.027 0.007 0.019 0.000 0.000 0.697 
28 0.044 0.345 0.321 0.000 0.066 0.721 0.619 0.162 0.209 0.380 0.232 0.009 0.000 0.000 0.015 0.000 0.026 0.007 0.010 0.000 0.000 0.701 
29 0.049 0.330 0.332 0.000 0.066 0.715 0.619 0.152 0.205 0.370 0.247 0.009 0.000 0.000 0.015 0.000 0.042 0.006 0.008 0.000 0.000 0.704 
30 0.048 0.329 0.318 0.000 0.069 0.696 0.640 0.160 0.206 0.366 0.246 0.012 0.000 0.000 0.015 0.000 0.045 0.006 0.008 0.000 0.000 0.704 
31 0.049 0.338 0.323 0.000 0.074 0.676 0.635 0.161 0.194 0.363 0.242 0.010 0.000 0.000 0.014 0.000 0.048 0.002 0.008 0.000 0.000 0.702 
32 0.047 0.343 0.305 0.000 0.090 0.661 0.638 0.175 0.179 0.346 0.245 0.008 0.000 0.000 0.016 0.000 0.047 0.002 0.020 0.000 0.000 0.697 
33 0.044 0.338 0.298 0.000 0.091 0.653 0.638 0.172 0.184 0.355 0.241 0.008 0.000 0.000 0.019 0.000 0.044 0.002 0.020 0.000 0.000 0.698 
34 0.045 0.335 0.291 0.000 0.079 0.646 0.642 0.163 0.183 0.346 0.244 0.008 0.000 0.000 0.022 0.000 0.054 0.002 0.020 0.000 0.000 0.699 
35 0.047 0.333 0.283 0.000 0.079 0.623 0.638 0.171 0.180 0.337 0.282 0.008 0.000 0.000 0.019 0.000 0.057 0.002 0.025 0.000 0.000 0.695 
36 0.048 0.327 0.284 0.000 0.069 0.630 0.642 0.177 0.167 0.334 0.263 0.008 0.000 0.000 0.086 0.000 0.057 0.002 0.026 0.000 0.000 0.693 
37 0.057 0.347 0.282 0.000 0.075 0.635 0.632 0.190 0.170 0.348 0.284 0.008 0.000 0.000 0.087 0.000 0.053 0.002 0.025 0.000 0.000 0.692 
38 0.084 0.344 0.320 0.000 0.069 0.646 0.636 0.225 0.165 0.342 0.312 0.008 0.000 0.000 0.090 0.000 0.047 0.011 0.025 0.000 0.000 0.689 
39 0.083 0.362 0.332 0.000 0.068 0.674 0.636 0.233 0.174 0.345 0.316 0.008 0.000 0.000 0.085 0.000 0.080 0.009 0.025 0.000 0.000 0.686 
40 0.082 0.368 0.347 0.000 0.073 0.670 0.662 0.231 0.171 0.348 0.317 0.008 0.000 0.000 0.082 0.000 0.074 0.009 0.025 0.000 0.000 0.689 
41 0.084 0.364 0.381 0.000 0.072 0.688 0.666 0.250 0.165 0.345 0.332 0.005 0.000 0.000 0.087 0.000 0.074 0.009 0.024 0.000 0.000 0.683 
42 0.070 0.360 0.388 0.000 0.069 0.694 0.656 0.244 0.165 0.337 0.332 0.007 0.000 0.000 0.088 0.000 0.071 0.009 0.019 0.000 0.000 0.688 
43 0.067 0.348 0.381 0.000 0.068 0.691 0.653 0.237 0.180 0.327 0.336 0.008 0.000 0.000 0.086 0.000 0.068 0.009 0.019 0.000 0.000 0.691 
44 0.088 0.341 0.387 0.000 0.070 0.709 0.641 0.234 0.171 0.330 0.328 0.008 0.000 0.000 0.087 0.000 0.076 0.009 0.019 0.000 0.000 0.695 
45 0.114 0.336 0.380 0.000 0.074 0.705 0.636 0.232 0.173 0.317 0.341 0.007 0.000 0.000 0.083 0.000 0.087 0.009 0.019 0.000 0.000 0.697 
46 0.121 0.325 0.389 0.000 0.081 0.702 0.644 0.230 0.183 0.335 0.337 0.007 0.000 0.000 0.082 0.000 0.084 0.009 0.026 0.000 0.000 0.700 
47 0.140 0.314 0.380 0.000 0.077 0.692 0.635 0.233 0.177 0.332 0.331 0.007 0.000 0.000 0.090 0.000 0.075 0.009 0.026 0.000 0.000 0.707 
48 0.139 0.322 0.378 0.000 0.073 0.690 0.638 0.226 0.174 0.333 0.335 0.007 0.000 0.000 0.089 0.000 0.074 0.016 0.027 0.000 0.000 0.701 
49 0.167 0.326 0.361 0.000 0.074 0.686 0.632 0.225 0.161 0.331 0.339 0.007 0.000 0.000 0.090 0.000 0.079 0.017 0.023 0.000 0.000 0.694 
50 0.184 0.317 0.361 0.000 0.071 0.689 0.622 0.226 0.181 0.352 0.334 0.009 0.000 0.000 0.088 0.000 0.081 0.016 0.024 0.000 0.000 0.688 
51 0.185 0.318 0.359 0.000 0.062 0.672 0.648 0.219 0.171 0.343 0.340 0.009 0.000 0.000 0.087 0.000 0.085 0.016 0.019 0.000 0.000 0.687 
52 0.182 0.312 0.383 0.000 0.056 0.677 0.655 0.224 0.159 0.352 0.331 0.009 0.000 0.000 0.088 0.000 0.084 0.016 0.018 0.000 0.000 0.689 
53 0.177 0.318 0.385 0.000 0.060 0.685 0.660 0.223 0.159 0.337 0.332 0.011 0.000 0.000 0.120 0.000 0.082 0.018 0.022 0.000 0.000 0.688 
54 0.187 0.319 0.383 0.000 0.059 0.691 0.649 0.233 0.157 0.336 0.335 0.011 0.000 0.000 0.138 0.000 0.080 0.015 0.022 0.000 0.000 0.691 
55 0.193 0.316 0.372 0.000 0.062 0.709 0.640 0.238 0.165 0.343 0.337 0.013 0.000 0.000 0.131 0.000 0.080 0.011 0.021 0.000 0.000 0.697 
56 0.194 0.314 0.364 0.000 0.062 0.696 0.647 0.253 0.169 0.342 0.346 0.043 0.000 0.000 0.126 0.000 0.084 0.026 0.016 0.000 0.000 0.706 
57 0.189 0.315 0.371 0.000 0.061 0.694 0.632 0.250 0.169 0.340 0.341 0.044 0.000 0.000 0.129 0.000 0.081 0.025 0.016 0.000 0.000 0.711 
58 0.188 0.307 0.375 0.000 0.065 0.696 0.636 0.254 0.152 0.346 0.337 0.043 0.000 0.000 0.148 0.000 0.081 0.026 0.025 0.000 0.000 0.715 
59 0.212 0.304 0.379 0.000 0.070 0.695 0.637 0.243 0.217 0.345 0.352 0.041 0.000 0.000 0.148 0.000 0.084 0.025 0.021 0.000 0.000 0.708 
60 0.213 0.312 0.377 0.000 0.078 0.699 0.630 0.254 0.213 0.346 0.370 0.039 0.000 0.000 0.149 0.000 0.087 0.027 0.020 0.000 0.000 0.710 
61 0.202 0.315 0.374 0.000 0.081 0.695 0.618 0.255 0.217 0.351 0.372 0.038 0.000 0.000 0.144 0.000 0.092 0.024 0.020 0.000 0.000 0.715 
62 0.197 0.322 0.376 0.000 0.088 0.682 0.613 0.268 0.210 0.354 0.377 0.040 0.000 0.000 0.143 0.000 0.093 0.024 0.020 0.000 0.000 0.716 
63 0.195 0.327 0.384 0.010 0.087 0.673 0.611 0.276 0.287 0.353 0.376 0.037 0.000 0.000 0.145 0.000 0.095 0.024 0.021 0.000 0.000 0.711 
64 0.192 0.334 0.394 0.010 0.090 0.676 0.612 0.286 0.322 0.363 0.387 0.035 0.000 0.000 0.180 0.000 0.098 0.024 0.023 0.000 0.000 0.706 
65 0.196 0.329 0.401 0.010 0.093 0.667 0.587 0.301 0.323 0.362 0.382 0.038 0.000 0.000 0.202 0.000 0.110 0.028 0.013 0.000 0.000 0.704 
66 0.190 0.331 0.395 0.010 0.093 0.661 0.588 0.299 0.345 0.373 0.378 0.036 0.000 0.000 0.189 0.000 0.116 0.030 0.014 0.000 0.000 0.697 
67 0.184 0.333 0.398 0.010 0.087 0.629 0.585 0.298 0.345 0.359 0.378 0.033 0.000 0.000 0.190 0.000 0.110 0.029 0.017 0.000 0.000 0.690 
68 0.181 0.330 0.392 0.111 0.090 0.634 0.582 0.295 0.338 0.363 0.369 0.032 0.000 0.000 0.195 0.000 0.108 0.033 0.017 0.000 0.000 0.687 
69 0.178 0.333 0.395 0.117 0.089 0.648 0.580 0.289 0.336 0.356 0.380 0.043 0.000 0.000 0.178 0.000 0.107 0.030 0.022 0.000 0.000 0.688 
70 0.177 0.334 0.390 0.109 0.100 0.644 0.582 0.296 0.343 0.353 0.380 0.042 0.000 0.000 0.177 0.000 0.105 0.031 0.020 0.000 0.000 0.687 
71 0.180 0.338 0.383 0.111 0.104 0.641 0.581 0.295 0.341 0.360 0.383 0.041 0.000 0.000 0.182 0.000 0.102 0.036 0.017 0.000 0.000 0.692 
72 0.177 0.333 0.385 0.114 0.099 0.622 0.580 0.295 0.344 0.363 0.381 0.041 0.000 0.000 0.189 0.000 0.097 0.035 0.032 0.000 0.000 0.696 
73 0.182 0.329 0.382 0.111 0.095 0.626 0.586 0.298 0.341 0.360 0.382 0.045 0.007 0.000 0.198 0.000 0.102 0.033 0.036 0.000 0.000 0.695 
74 0.188 0.334 0.406 0.112 0.136 0.625 0.593 0.300 0.337 0.367 0.376 0.041 0.008 0.000 0.203 0.000 0.104 0.034 0.035 0.000 0.000 0.697 
75 0.189 0.319 0.447 0.100 0.154 0.617 0.602 0.315 0.337 0.366 0.366 0.041 0.008 0.000 0.204 0.000 0.101 0.033 0.036 0.000 0.000 0.701 
76 0.186 0.318 0.433 0.174 0.150 0.644 0.613 0.316 0.333 0.351 0.376 0.035 0.008 0.000 0.204 0.000 0.092 0.032 0.036 0.000 0.000 0.697 
77 0.180 0.318 0.441 0.149 0.205 0.662 0.601 0.338 0.335 0.347 0.388 0.032 0.008 0.000 0.201 0.000 0.091 0.030 0.036 0.000 0.000 0.696 
78 0.181 0.318 0.433 0.137 0.233 0.654 0.590 0.333 0.331 0.344 0.382 0.057 0.008 0.000 0.202 0.000 0.089 0.027 0.045 0.000 0.000 0.697 
79 0.190 0.321 0.425 0.166 0.228 0.665 0.591 0.337 0.330 0.325 0.385 0.057 0.008 0.000 0.200 0.000 0.078 0.024 0.048 0.000 0.000 0.692 
80 0.193 0.328 0.415 0.173 0.235 0.646 0.590 0.344 0.326 0.323 0.384 0.067 0.015 0.000 0.226 0.000 0.081 0.026 0.050 0.000 0.000 0.691 
81 0.194 0.331 0.413 0.162 0.255 0.638 0.582 0.338 0.311 0.320 0.394 0.066 0.014 0.000 0.223 0.000 0.088 0.025 0.049 0.000 0.000 0.689 
82 0.193 0.334 0.411 0.162 0.254 0.646 0.579 0.334 0.316 0.317 0.394 0.068 0.013 0.000 0.218 0.000 0.095 0.023 0.049 0.000 0.000 0.693 
83 0.191 0.337 0.411 0.171 0.250 0.642 0.583 0.334 0.329 0.316 0.394 0.065 0.012 0.000 0.220 0.011 0.117 0.021 0.045 0.000 0.000 0.700 
84 0.187 0.336 0.419 0.160 0.266 0.660 0.588 0.337 0.326 0.315 0.399 0.060 0.011 0.000 0.208 0.011 0.130 0.019 0.052 0.000 0.000 0.696 
85 0.186 0.327 0.424 0.163 0.292 0.678 0.588 0.341 0.321 0.318 0.413 0.060 0.025 0.000 0.210 0.016 0.123 0.020 0.050 0.000 0.000 0.692 
86 0.188 0.325 0.424 0.176 0.328 0.675 0.576 0.347 0.322 0.315 0.416 0.058 0.027 0.000 0.209 0.016 0.119 0.023 0.047 0.000 0.000 0.692 
87 0.183 0.325 0.424 0.192 0.333 0.657 0.570 0.359 0.325 0.318 0.409 0.057 0.025 0.000 0.210 0.015 0.122 0.028 0.036 0.000 0.000 0.695 
88 0.193 0.321 0.436 0.195 0.328 0.672 0.573 0.356 0.320 0.323 0.408 0.066 0.025 0.000 0.210 0.016 0.115 0.027 0.036 0.000 0.000 0.689 
89 0.190 0.325 0.433 0.217 0.356 0.648 0.571 0.346 0.306 0.318 0.400 0.066 0.023 0.000 0.221 0.015 0.111 0.039 0.028 0.000 0.000 0.692 
90 0.191 0.327 0.424 0.212 0.341 0.657 0.577 0.345 0.324 0.315 0.402 0.063 0.024 0.000 0.218 0.015 0.107 0.035 0.032 0.000 0.000 0.688 
91 0.196 0.331 0.430 0.206 0.353 0.703 0.573 0.337 0.329 0.325 0.427 0.063 0.023 0.000 0.221 0.021 0.129 0.036 0.031 0.000 0.000 0.677 
92 0.195 0.340 0.433 0.206 0.351 0.703 0.575 0.342 0.331 0.339 0.435 0.063 0.022 0.000 0.236 0.021 0.126 0.034 0.037 0.000 0.000 0.682 
93 0.194 0.344 0.443 0.202 0.368 0.680 0.568 0.338 0.329 0.342 0.427 0.062 0.032 0.000 0.240 0.026 0.131 0.032 0.040 0.000 0.000 0.695 
94 0.193 0.346 0.456 0.223 0.366 0.656 0.554 0.356 0.327 0.336 0.422 0.058 0.036 0.000 0.247 0.025 0.135 0.033 0.045 0.000 0.000 0.693 
95 0.192 0.345 0.459 0.228 0.370 0.627 0.553 0.362 0.318 0.338 0.418 0.066 0.035 0.000 0.240 0.023 0.125 0.033 0.051 0.000 0.000 0.697 
96 0.184 0.342 0.461 0.217 0.377 0.600 0.549 0.366 0.309 0.326 0.416 0.065 0.037 0.000 0.244 0.027 0.121 0.040 0.049 0.000 0.000 0.692 
97 0.185 0.334 0.457 0.237 0.373 0.591 0.553 0.369 0.303 0.334 0.407 0.067 0.037 0.000 0.239 0.023 0.122 0.039 0.048 0.000 0.000 0.693 
98 0.184 0.338 0.443 0.232 0.374 0.589 0.569 0.365 0.316 0.327 0.406 0.066 0.036 0.000 0.242 0.023 0.119 0.044 0.047 0.000 0.000 0.697 
99 0.182 0.334 0.447 0.231 0.365 0.561 0.578 0.364 0.323 0.318 0.409 0.067 0.034 0.000 0.245 0.022 0.111 0.046 0.047 0.000 0.000 0.702 
100 0.188 0.330 0.437 0.229 0.367 0.571 0.576 0.362 0.349 0.316 0.410 0.072 0.034 0.000 0.241 0.021 0.113 0.035 0.064 0.000 0.000 0.699 
101 0.190 0.332 0.439 0.227 0.368 0.570 0.571 0.364 0.358 0.316 0.404 0.067 0.032 0.000 0.251 0.021 0.115 0.036 0.061 0.000 0.000 0.695 
102 0.205 0.320 0.441 0.226 0.361 0.574 0.574 0.357 0.346 0.329 0.392 0.061 0.029 0.002 0.239 0.021 0.112 0.033 0.060 0.000 0.000 0.689 
103 0.204 0.325 0.444 0.234 0.349 0.595 0.571 0.359 0.352 0.337 0.386 0.069 0.030 0.000 0.237 0.021 0.121 0.034 0.059 0.000 0.000 0.692 
104 0.205 0.326 0.448 0.231 0.354 0.600 0.563 0.344 0.349 0.342 0.389 0.072 0.027 0.000 0.237 0.021 0.123 0.036 0.054 0.000 0.000 0.689 
105 0.204 0.324 0.455 0.226 0.350 0.620 0.557 0.340 0.346 0.347 0.411 0.075 0.027 0.006 0.232 0.022 0.150 0.033 0.054 0.000 0.000 0.692 
106 0.204 0.327 0.467 0.234 0.354 0.625 0.555 0.355 0.352 0.340 0.422 0.077 0.026 0.004 0.233 0.026 0.153 0.035 0.055 0.000 0.000 0.688 
107 0.204 0.334 0.468 0.236 0.368 0.640 0.561 0.364 0.371 0.325 0.416 0.078 0.026 0.004 0.231 0.026 0.143 0.037 0.060 0.000 0.000 0.688 
108 0.205 0.341 0.467 0.230 0.359 0.626 0.570 0.363 0.373 0.335 0.420 0.078 0.028 0.005 0.227 0.028 0.149 0.038 0.056 0.000 0.000 0.687 
109 0.201 0.347 0.465 0.226 0.356 0.633 0.562 0.370 0.369 0.337 0.414 0.078 0.028 0.004 0.230 0.028 0.149 0.035 0.056 0.000 0.000 0.682 
110 0.198 0.345 0.468 0.238 0.357 0.625 0.564 0.380 0.361 0.357 0.404 0.080 0.027 0.007 0.229 0.027 0.140 0.038 0.070 0.000 0.000 0.678 
111 0.195 0.347 0.474 0.238 0.360 0.613 0.552 0.386 0.336 0.352 0.413 0.085 0.031 0.007 0.231 0.025 0.132 0.037 0.072 0.000 0.000 0.681 
112 0.193 0.345 0.463 0.241 0.365 0.605 0.567 0.386 0.339 0.352 0.396 0.087 0.033 0.007 0.229 0.025 0.123 0.040 0.074 0.000 0.000 0.688 
113 0.195 0.351 0.475 0.237 0.359 0.593 0.556 0.382 0.338 0.363 0.397 0.098 0.032 0.005 0.234 0.032 0.121 0.044 0.094 0.000 0.000 0.691 
114 0.191 0.356 0.464 0.246 0.362 0.590 0.551 0.388 0.345 0.354 0.393 0.099 0.031 0.005 0.234 0.028 0.121 0.040 0.080 0.000 0.000 0.694 
115 0.191 0.336 0.462 0.243 0.360 0.578 0.557 0.391 0.346 0.356 0.394 0.099 0.032 0.005 0.229 0.028 0.129 0.041 0.075 0.000 0.000 0.693 
116 0.193 0.332 0.464 0.243 0.353 0.581 0.571 0.391 0.339 0.364 0.397 0.099 0.032 0.005 0.224 0.029 0.118 0.067 0.077 0.000 0.000 0.694 
117 0.198 0.340 0.449 0.239 0.359 0.589 0.572 0.385 0.348 0.369 0.405 0.100 0.032 0.005 0.226 0.026 0.132 0.072 0.081 0.000 0.000 0.695 
118 0.200 0.342 0.449 0.247 0.356 0.593 0.564 0.393 0.352 0.390 0.387 0.097 0.030 0.003 0.223 0.028 0.134 0.070 0.077 0.000 0.000 0.698 
119 0.207 0.339 0.447 0.248 0.356 0.584 0.570 0.399 0.375 0.381 0.389 0.094 0.029 0.003 0.225 0.032 0.125 0.081 0.082 0.000 0.000 0.689 
120 0.210 0.335 0.444 0.245 0.364 0.576 0.579 0.430 0.371 0.384 0.393 0.091 0.029 0.003 0.224 0.035 0.122 0.083 0.091 0.000 0.000 0.694 
121 0.218 0.340 0.445 0.252 0.367 0.586 0.561 0.431 0.390 0.394 0.392 0.099 0.029 0.005 0.226 0.031 0.127 0.084 0.099 0.000 0.000 0.696 
122 0.221 0.336 0.452 0.256 0.373 0.581 0.559 0.425 0.388 0.396 0.396 0.110 0.032 0.003 0.224 0.028 0.139 0.083 0.101 0.000 0.000 0.704 
123 0.223 0.327 0.452 0.254 0.385 0.580 0.556 0.426 0.392 0.394 0.400 0.107 0.033 0.007 0.222 0.031 0.138 0.086 0.099 0.000 0.000 0.708 
124 0.228 0.331 0.454 0.256 0.390 0.578 0.570 0.433 0.388 0.385 0.400 0.103 0.032 0.007 0.222 0.032 0.136 0.085 0.093 0.000 0.000 0.704 
125 0.228 0.332 0.446 0.261 0.392 0.578 0.573 0.425 0.376 0.385 0.407 0.105 0.029 0.007 0.227 0.031 0.133 0.084 0.100 0.000 0.000 0.701 
126 0.223 0.335 0.453 0.252 0.390 0.577 0.578 0.427 0.378 0.394 0.410 0.107 0.032 0.004 0.235 0.030 0.133 0.078 0.098 0.000 0.000 0.697 
127 0.227 0.314 0.460 0.261 0.391 0.585 0.575 0.424 0.386 0.396 0.398 0.114 0.033 0.004 0.234 0.032 0.138 0.060 0.094 0.000 0.000 0.697 
128 0.231 0.314 0.448 0.259 0.385 0.592 0.580 0.416 0.385 0.401 0.398 0.119 0.036 0.004 0.231 0.022 0.145 0.062 0.097 0.000 0.000 0.693 
129 0.228 0.304 0.447 0.260 0.390 0.584 0.580 0.422 0.409 0.408 0.391 0.117 0.040 0.004 0.225 0.022 0.154 0.065 0.096 0.000 0.000 0.695 
130 0.226 0.292 0.441 0.252 0.385 0.578 0.571 0.427 0.403 0.402 0.391 0.113 0.039 0.004 0.219 0.032 0.154 0.064 0.096 0.000 0.000 0.692 
131 0.220 0.299 0.443 0.264 0.381 0.567 0.567 0.426 0.391 0.397 0.389 0.118 0.060 0.004 0.212 0.032 0.156 0.060 0.097 0.000 0.000 0.690 
132 0.223 0.292 0.448 0.259 0.384 0.571 0.573 0.427 0.399 0.391 0.391 0.116 0.071 0.004 0.213 0.031 0.150 0.065 0.104 0.000 0.000 0.692 
133 0.223 0.299 0.442 0.268 0.384 0.563 0.573 0.423 0.396 0.399 0.391 0.112 0.078 0.004 0.215 0.033 0.152 0.068 0.102 0.000 0.000 0.693 
134 0.227 0.310 0.430 0.288 0.381 0.541 0.576 0.431 0.398 0.400 0.402 0.110 0.081 0.004 0.220 0.032 0.156 0.077 0.094 0.000 0.000 0.699 
135 0.226 0.314 0.446 0.289 0.390 0.536 0.578 0.436 0.401 0.406 0.387 0.109 0.084 0.004 0.223 0.032 0.170 0.075 0.089 0.000 0.000 0.704 
136 0.224 0.317 0.460 0.292 0.385 0.534 0.588 0.433 0.419 0.408 0.399 0.109 0.086 0.002 0.218 0.042 0.162 0.075 0.089 0.000 0.000 0.700 
137 0.224 0.310 0.470 0.287 0.391 0.542 0.583 0.435 0.414 0.411 0.413 0.111 0.083 0.002 0.217 0.042 0.158 0.074 0.087 0.000 0.000 0.695 
138 0.222 0.319 0.460 0.296 0.388 0.536 0.577 0.446 0.413 0.409 0.412 0.115 0.078 0.002 0.214 0.038 0.147 0.077 0.087 0.000 0.000 0.700 
139 0.223 0.326 0.454 0.302 0.390 0.543 0.568 0.444 0.414 0.413 0.410 0.117 0.074 0.000 0.218 0.039 0.143 0.074 0.092 0.000 0.000 0.699 
140 0.219 0.321 0.458 0.291 0.396 0.537 0.567 0.440 0.415 0.412 0.410 0.118 0.076 0.002 0.218 0.041 0.145 0.081 0.082 0.000 0.000 0.696 
141 0.218 0.320 0.456 0.279 0.395 0.538 0.554 0.453 0.409 0.408 0.410 0.119 0.075 0.002 0.216 0.046 0.148 0.079 0.081 0.001 0.000 0.692 
142 0.216 0.320 0.459 0.279 0.392 0.540 0.561 0.445 0.412 0.398 0.407 0.126 0.082 0.002 0.211 0.062 0.158 0.074 0.075 0.001 0.000 0.688 
143 0.214 0.317 0.458 0.283 0.389 0.538 0.560 0.440 0.389 0.401 0.404 0.124 0.090 0.000 0.208 0.069 0.162 0.075 0.075 0.001 0.000 0.692 
144 0.212 0.318 0.447 0.278 0.389 0.529 0.569 0.432 0.388 0.391 0.402 0.129 0.092 0.000 0.211 0.070 0.168 0.076 0.079 0.001 0.000 0.691 
145 0.216 0.315 0.443 0.278 0.389 0.523 0.568 0.433 0.394 0.389 0.406 0.131 0.095 0.000 0.212 0.066 0.164 0.071 0.089 0.001 0.000 0.690 
146 0.215 0.319 0.435 0.276 0.388 0.519 0.560 0.439 0.390 0.404 0.404 0.134 0.096 0.000 0.207 0.068 0.165 0.072 0.086 0.001 0.000 0.691 
147 0.220 0.320 0.434 0.276 0.392 0.503 0.577 0.433 0.407 0.397 0.395 0.134 0.100 0.000 0.212 0.068 0.155 0.073 0.078 0.001 0.000 0.687 
148 0.218 0.315 0.435 0.270 0.397 0.511 0.568 0.428 0.406 0.393 0.388 0.131 0.100 0.000 0.211 0.070 0.152 0.078 0.078 0.001 0.000 0.689 
149 0.218 0.318 0.427 0.268 0.399 0.513 0.575 0.441 0.418 0.416 0.374 0.139 0.100 0.000 0.212 0.071 0.150 0.078 0.079 0.001 0.000 0.693 
150 0.216 0.316 0.426 0.267 0.404 0.505 0.578 0.450 0.400 0.420 0.375 0.134 0.102 0.000 0.218 0.073 0.159 0.075 0.088 0.001 0.000 0.698 
151 0.216 0.319 0.425 0.283 0.408 0.508 0.565 0.462 0.422 0.449 0.366 0.133 0.094 0.011 0.216 0.071 0.147 0.078 0.107 0.001 0.000 0.702 
152 0.209 0.322 0.430 0.278 0.415 0.514 0.554 0.462 0.451 0.433 0.364 0.133 0.088 0.008 0.221 0.068 0.144 0.081 0.113 0.001 0.000 0.699 
153 0.205 0.323 0.429 0.272 0.403 0.519 0.566 0.462 0.425 0.439 0.359 0.137 0.094 0.008 0.224 0.067 0.146 0.077 0.122 0.001 0.000 0.699 
154 0.208 0.321 0.438 0.272 0.396 0.526 0.550 0.460 0.432 0.434 0.375 0.134 0.088 0.010 0.227 0.065 0.165 0.077 0.122 0.001 0.000 0.704 
155 0.211 0.320 0.427 0.279 0.399 0.521 0.538 0.468 0.433 0.429 0.376 0.132 0.084 0.025 0.226 0.063 0.175 0.083 0.134 0.001 0.000 0.702 
156 0.216 0.318 0.423 0.272 0.400 0.510 0.539 0.467 0.442 0.425 0.373 0.139 0.092 0.024 0.219 0.059 0.172 0.080 0.137 0.001 0.000 0.707 
157 0.212 0.316 0.415 0.281 0.404 0.516 0.540 0.474 0.428 0.426 0.367 0.150 0.094 0.022 0.213 0.058 0.177 0.077 0.140 0.001 0.000 0.707 
158 0.219 0.315 0.411 0.277 0.402 0.531 0.539 0.465 0.420 0.415 0.374 0.154 0.094 0.019 0.210 0.059 0.174 0.077 0.143 0.001 0.000 0.711 
159 0.221 0.312 0.409 0.285 0.402 0.535 0.551 0.465 0.414 0.431 0.376 0.154 0.105 0.019 0.207 0.061 0.174 0.073 0.146 0.001 0.000 0.710 
160 0.220 0.323 0.406 0.287 0.400 0.532 0.550 0.472 0.412 0.439 0.369 0.156 0.104 0.020 0.211 0.060 0.173 0.074 0.139 0.001 0.000 0.712 
161 0.222 0.335 0.395 0.292 0.403 0.538 0.540 0.469 0.428 0.430 0.375 0.160 0.104 0.020 0.209 0.058 0.173 0.082 0.130 0.000 0.000 0.703 
162 0.224 0.333 0.409 0.296 0.402 0.540 0.539 0.480 0.426 0.438 0.376 0.160 0.103 0.022 0.215 0.060 0.175 0.079 0.132 0.000 0.000 0.707 
163 0.222 0.326 0.412 0.305 0.392 0.536 0.541 0.476 0.431 0.438 0.369 0.158 0.104 0.023 0.214 0.062 0.172 0.080 0.129 0.000 0.000 0.706 
164 0.220 0.322 0.402 0.306 0.401 0.536 0.538 0.483 0.433 0.430 0.367 0.145 0.108 0.022 0.217 0.062 0.169 0.080 0.128 0.000 0.000 0.707 
165 0.215 0.314 0.401 0.304 0.400 0.526 0.541 0.491 0.432 0.427 0.362 0.146 0.101 0.027 0.215 0.062 0.167 0.074 0.124 0.000 0.000 0.696 
166 0.201 0.318 0.392 0.310 0.395 0.514 0.534 0.481 0.451 0.439 0.366 0.146 0.099 0.028 0.214 0.059 0.161 0.079 0.126 0.002 0.000 0.699 
167 0.204 0.315 0.390 0.301 0.396 0.508 0.537 0.480 0.449 0.436 0.365 0.141 0.096 0.030 0.214 0.073 0.173 0.082 0.129 0.003 0.000 0.697 
168 0.212 0.310 0.394 0.294 0.385 0.511 0.545 0.478 0.472 0.426 0.362 0.144 0.097 0.031 0.218 0.079 0.179 0.082 0.117 0.003 0.000 0.700 
169 0.220 0.297 0.388 0.298 0.376 0.504 0.544 0.490 0.490 0.416 0.371 0.155 0.098 0.040 0.215 0.075 0.192 0.085 0.114 0.009 0.000 0.699 
170 0.233 0.300 0.391 0.307 0.369 0.484 0.532 0.499 0.496 0.435 0.384 0.150 0.100 0.041 0.217 0.075 0.194 0.090 0.111 0.009 0.000 0.704 
171 0.241 0.305 0.389 0.312 0.377 0.482 0.545 0.495 0.483 0.443 0.387 0.153 0.107 0.042 0.216 0.074 0.196 0.089 0.109 0.009 0.000 0.704 
172 0.245 0.309 0.404 0.303 0.380 0.493 0.551 0.498 0.484 0.454 0.388 0.153 0.106 0.050 0.213 0.073 0.204 0.080 0.109 0.012 0.000 0.707 
173 0.251 0.304 0.416 0.292 0.381 0.479 0.554 0.501 0.483 0.453 0.379 0.151 0.106 0.049 0.214 0.070 0.213 0.082 0.106 0.014 0.000 0.698 
174 0.253 0.306 0.410 0.287 0.386 0.491 0.560 0.501 0.484 0.449 0.377 0.155 0.109 0.050 0.211 0.067 0.216 0.083 0.103 0.015 0.000 0.692 
175 0.255 0.312 0.404 0.307 0.381 0.490 0.563 0.505 0.468 0.457 0.376 0.151 0.106 0.048 0.206 0.064 0.216 0.076 0.106 0.014 0.000 0.695 
176 0.255 0.299 0.402 0.314 0.382 0.499 0.562 0.497 0.469 0.466 0.375 0.151 0.105 0.050 0.208 0.069 0.216 0.075 0.110 0.013 0.000 0.690 
177 0.254 0.301 0.398 0.331 0.385 0.510 0.565 0.487 0.460 0.457 0.375 0.154 0.104 0.048 0.208 0.078 0.199 0.089 0.116 0.013 0.000 0.689 
178 0.254 0.308 0.396 0.340 0.385 0.523 0.555 0.477 0.459 0.464 0.369 0.158 0.106 0.051 0.215 0.078 0.211 0.090 0.114 0.012 0.000 0.689 
179 0.254 0.310 0.392 0.332 0.383 0.523 0.551 0.473 0.461 0.466 0.364 0.154 0.107 0.051 0.222 0.088 0.210 0.102 0.102 0.009 0.000 0.689 
180 0.250 0.312 0.387 0.334 0.380 0.527 0.537 0.485 0.463 0.466 0.375 0.154 0.106 0.050 0.223 0.084 0.216 0.103 0.098 0.009 0.000 0.697 
181 0.248 0.309 0.387 0.337 0.381 0.528 0.540 0.485 0.459 0.455 0.372 0.152 0.102 0.052 0.219 0.081 0.221 0.100 0.100 0.009 0.000 0.700 
182 0.247 0.302 0.401 0.331 0.379 0.525 0.538 0.484 0.454 0.447 0.376 0.153 0.100 0.051 0.211 0.079 0.228 0.101 0.106 0.009 0.000 0.697 
183 0.250 0.306 0.400 0.328 0.380 0.523 0.529 0.499 0.451 0.452 0.378 0.155 0.097 0.053 0.210 0.079 0.229 0.098 0.106 0.008 0.000 0.706 
184 0.254 0.305 0.396 0.331 0.376 0.535 0.539 0.499 0.448 0.452 0.372 0.156 0.102 0.050 0.212 0.077 0.219 0.097 0.095 0.007 0.001 0.705 
185 0.257 0.303 0.387 0.331 0.374 0.538 0.558 0.514 0.442 0.449 0.368 0.160 0.106 0.048 0.214 0.067 0.209 0.109 0.097 0.014 0.001 0.703 
186 0.254 0.307 0.379 0.341 0.373 0.534 0.557 0.515 0.454 0.455 0.372 0.159 0.105 0.049 0.208 0.065 0.206 0.108 0.099 0.015 0.001 0.707 
187 0.251 0.313 0.374 0.334 0.376 0.520 0.562 0.510 0.482 0.447 0.371 0.172 0.097 0.048 0.208 0.069 0.200 0.109 0.097 0.016 0.001 0.710 
188 0.254 0.323 0.364 0.333 0.384 0.501 0.566 0.508 0.503 0.436 0.382 0.171 0.097 0.051 0.206 0.072 0.195 0.116 0.091 0.018 0.002 0.712 
189 0.251 0.319 0.367 0.327 0.372 0.505 0.552 0.511 0.524 0.432 0.384 0.169 0.093 0.049 0.204 0.070 0.194 0.111 0.091 0.020 0.002 0.713 
190 0.249 0.325 0.364 0.327 0.374 0.496 0.557 0.508 0.527 0.423 0.389 0.172 0.091 0.042 0.200 0.067 0.204 0.112 0.095 0.021 0.002 0.703 
191 0.246 0.321 0.370 0.323 0.379 0.481 0.554 0.505 0.528 0.411 0.398 0.173 0.098 0.043 0.194 0.070 0.205 0.113 0.096 0.019 0.002 0.697 
192 0.248 0.315 0.366 0.326 0.377 0.488 0.554 0.505 0.520 0.421 0.395 0.172 0.102 0.041 0.191 0.070 0.216 0.107 0.101 0.019 0.002 0.700 
193 0.252 0.300 0.369 0.319 0.373 0.485 0.550 0.497 0.528 0.427 0.386 0.172 0.098 0.047 0.185 0.073 0.224 0.108 0.097 0.016 0.002 0.697 
194 0.255 0.291 0.371 0.320 0.383 0.491 0.544 0.495 0.532 0.434 0.392 0.171 0.098 0.049 0.187 0.070 0.218 0.108 0.107 0.016 0.002 0.688 
195 0.252 0.300 0.377 0.327 0.383 0.495 0.540 0.498 0.534 0.446 0.380 0.168 0.100 0.053 0.189 0.069 0.214 0.104 0.111 0.015 0.003 0.685 
196 0.253 0.311 0.382 0.332 0.380 0.502 0.548 0.505 0.520 0.457 0.378 0.168 0.102 0.052 0.184 0.067 0.224 0.105 0.109 0.016 0.002 0.680 
197 0.255 0.312 0.389 0.352 0.377 0.511 0.555 0.502 0.515 0.455 0.380 0.169 0.101 0.060 0.191 0.064 0.230 0.105 0.110 0.015 0.002 0.686 
198 0.252 0.319 0.386 0.372 0.369 0.511 0.554 0.510 0.508 0.483 0.387 0.170 0.095 0.068 0.195 0.061 0.234 0.098 0.110 0.014 0.002 0.688 
199 0.256 0.324 0.388 0.388 0.367 0.515 0.543 0.512 0.520 0.478 0.371 0.181 0.097 0.065 0.201 0.063 0.250 0.097 0.105 0.013 0.003 0.692 
200 0.250 0.328 0.378 0.386 0.369 0.524 0.549 0.508 0.526 0.482 0.386 0.178 0.100 0.065 0.203 0.061 0.247 0.094 0.106 0.015 0.003 0.687 
201 0.252 0.320 0.379 0.383 0.362 0.528 0.542 0.506 0.526 0.483 0.385 0.180 0.096 0.066 0.203 0.056 0.258 0.095 0.114 0.015 0.003 0.689 
202 0.251 0.317 0.371 0.372 0.380 0.520 0.531 0.497 0.513 0.481 0.381 0.193 0.094 0.065 0.209 0.065 0.252 0.098 0.112 0.017 0.002 0.693 
203 0.258 0.315 0.370 0.376 0.381 0.514 0.531 0.495 0.511 0.474 0.373 0.185 0.097 0.060 0.206 0.064 0.237 0.097 0.129 0.016 0.002 0.698 
204 0.262 0.314 0.365 0.359 0.382 0.507 0.534 0.488 0.508 0.473 0.373 0.185 0.094 0.056 0.208 0.075 0.238 0.100 0.124 0.016 0.002 0.702 
205 0.260 0.311 0.366 0.346 0.379 0.514 0.533 0.499 0.510 0.465 0.368 0.185 0.101 0.056 0.210 0.080 0.236 0.102 0.124 0.014 0.002 0.700 
206 0.266 0.305 0.370 0.334 0.379 0.518 0.526 0.504 0.517 0.466 0.354 0.186 0.097 0.055 0.205 0.080 0.232 0.100 0.120 0.011 0.002 0.700 
207 0.262 0.312 0.373 0.341 0.385 0.525 0.528 0.500 0.530 0.467 0.355 0.186 0.100 0.057 0.209 0.078 0.235 0.099 0.120 0.010 0.003 0.702 
208 0.264 0.309 0.378 0.338 0.390 0.515 0.545 0.500 0.526 0.461 0.359 0.184 0.109 0.056 0.215 0.077 0.236 0.097 0.121 0.011 0.003 0.701 
209 0.267 0.304 0.386 0.340 0.385 0.504 0.546 0.501 0.532 0.457 0.365 0.179 0.114 0.053 0.206 0.074 0.246 0.098 0.126 0.009 0.003 0.706 
210 0.264 0.305 0.385 0.354 0.381 0.502 0.549 0.495 0.536 0.458 0.362 0.183 0.110 0.050 0.203 0.075 0.253 0.101 0.127 0.009 0.002 0.702 
211 0.264 0.311 0.395 0.354 0.389 0.484 0.563 0.490 0.525 0.443 0.359 0.184 0.110 0.052 0.208 0.078 0.271 0.105 0.139 0.009 0.003 0.695 
212 0.270 0.309 0.392 0.358 0.397 0.479 0.567 0.486 0.530 0.437 0.359 0.187 0.110 0.052 0.207 0.080 0.270 0.111 0.143 0.009 0.003 0.691 
213 0.268 0.314 0.398 0.355 0.399 0.477 0.576 0.488 0.514 0.454 0.363 0.190 0.105 0.057 0.206 0.081 0.275 0.108 0.146 0.010 0.003 0.693 
214 0.273 0.318 0.397 0.364 0.401 0.486 0.570 0.498 0.512 0.460 0.379 0.193 0.104 0.056 0.205 0.078 0.277 0.110 0.148 0.009 0.003 0.696 
215 0.266 0.323 0.408 0.375 0.397 0.494 0.585 0.501 0.527 0.465 0.392 0.191 0.111 0.057 0.206 0.078 0.263 0.109 0.145 0.008 0.003 0.692 
216 0.265 0.333 0.401 0.372 0.395 0.486 0.587 0.502 0.511 0.465 0.397 0.193 0.110 0.057 0.209 0.072 0.256 0.111 0.148 0.008 0.003 0.697 
217 0.259 0.332 0.394 0.376 0.398 0.489 0.576 0.505 0.514 0.472 0.393 0.194 0.113 0.055 0.205 0.071 0.264 0.116 0.129 0.006 0.002 0.697 
218 0.256 0.334 0.394 0.375 0.393 0.490 0.563 0.507 0.508 0.466 0.391 0.194 0.113 0.052 0.206 0.068 0.264 0.114 0.123 0.006 0.003 0.696 
219 0.255 0.338 0.389 0.375 0.389 0.497 0.549 0.504 0.498 0.454 0.394 0.199 0.118 0.050 0.205 0.067 0.260 0.113 0.133 0.006 0.003 0.696 
220 0.257 0.331 0.388 0.381 0.386 0.503 0.540 0.506 0.490 0.452 0.389 0.201 0.117 0.048 0.202 0.070 0.255 0.111 0.136 0.008 0.004 0.700 
221 0.249 0.333 0.401 0.384 0.399 0.495 0.536 0.498 0.514 0.453 0.392 0.205 0.115 0.050 0.202 0.071 0.256 0.112 0.137 0.006 0.004 0.701 
222 0.253 0.332 0.398 0.373 0.400 0.493 0.523 0.498 0.500 0.446 0.389 0.208 0.113 0.053 0.202 0.071 0.259 0.113 0.134 0.007 0.005 0.695 
223 0.259 0.330 0.404 0.367 0.400 0.491 0.520 0.502 0.522 0.454 0.380 0.207 0.108 0.050 0.210 0.070 0.260 0.114 0.137 0.006 0.004 0.691 
224 0.258 0.332 0.406 0.371 0.392 0.485 0.523 0.499 0.531 0.453 0.380 0.206 0.103 0.049 0.216 0.071 0.257 0.112 0.136 0.004 0.004 0.691 
225 0.260 0.330 0.415 0.386 0.391 0.484 0.537 0.512 0.546 0.464 0.390 0.200 0.114 0.042 0.213 0.070 0.254 0.110 0.140 0.005 0.004 0.696 
226 0.253 0.344 0.409 0.369 0.386 0.496 0.549 0.515 0.556 0.472 0.391 0.200 0.113 0.039 0.213 0.064 0.249 0.109 0.140 0.003 0.004 0.698 
227 0.258 0.348 0.413 0.365 0.378 0.499 0.542 0.510 0.554 0.471 0.395 0.196 0.112 0.044 0.214 0.067 0.250 0.112 0.135 0.005 0.004 0.692 
228 0.264 0.346 0.400 0.364 0.386 0.501 0.547 0.513 0.535 0.477 0.388 0.196 0.114 0.046 0.217 0.070 0.267 0.113 0.128 0.008 0.004 0.690 
229 0.271 0.340 0.406 0.361 0.388 0.501 0.554 0.526 0.534 0.475 0.385 0.200 0.112 0.058 0.213 0.068 0.265 0.128 0.130 0.007 0.005 0.702 
230 0.269 0.342 0.404 0.382 0.382 0.498 0.562 0.524 0.521 0.475 0.398 0.199 0.115 0.061 0.213 0.067 0.263 0.133 0.135 0.004 0.004 0.704 
231 0.273 0.342 0.400 0.386 0.371 0.505 0.562 0.517 0.511 0.471 0.396 0.201 0.118 0.058 0.215 0.070 0.271 0.137 0.141 0.003 0.004 0.704 
232 0.283 0.347 0.405 0.395 0.369 0.491 0.570 0.516 0.516 0.474 0.403 0.199 0.121 0.065 0.215 0.069 0.268 0.141 0.123 0.005 0.003 0.702 
233 0.277 0.350 0.396 0.388 0.382 0.492 0.565 0.513 0.509 0.471 0.399 0.198 0.114 0.063 0.211 0.068 0.262 0.143 0.130 0.005 0.004 0.698 
234 0.275 0.352 0.393 0.384 0.383 0.498 0.566 0.517 0.508 0.469 0.389 0.204 0.109 0.068 0.211 0.066 0.252 0.142 0.144 0.005 0.004 0.702 
235 0.278 0.353 0.382 0.379 0.382 0.500 0.563 0.519 0.501 0.467 0.390 0.203 0.109 0.074 0.215 0.069 0.258 0.145 0.141 0.007 0.005 0.703 
236 0.275 0.356 0.381 0.382 0.383 0.506 0.569 0.512 0.513 0.473 0.392 0.200 0.109 0.078 0.220 0.087 0.257 0.149 0.146 0.007 0.005 0.701 
237 0.277 0.355 0.382 0.382 0.385 0.507 0.584 0.513 0.511 0.471 0.391 0.203 0.109 0.081 0.214 0.078 0.238 0.153 0.151 0.006 0.005 0.701 
238 0.275 0.352 0.387 0.378 0.390 0.507 0.580 0.517 0.520 0.478 0.377 0.201 0.114 0.083 0.220 0.077 0.243 0.152 0.157 0.006 0.005 0.693 
239 0.273 0.371 0.383 0.386 0.388 0.521 0.573 0.515 0.533 0.481 0.367 0.199 0.120 0.087 0.231 0.076 0.255 0.157 0.161 0.006 0.004 0.690 
240 0.274 0.367 0.391 0.378 0.393 0.526 0.571 0.506 0.533 0.475 0.389 0.201 0.113 0.091 0.232 0.080 0.273 0.157 0.152 0.006 0.003 0.694 
241 0.281 0.366 0.403 0.373 0.396 0.516 0.566 0.504 0.540 0.474 0.390 0.194 0.116 0.097 0.227 0.078 0.277 0.166 0.136 0.008 0.003 0.693 
242 0.281 0.366 0.402 0.380 0.401 0.506 0.559 0.499 0.532 0.460 0.394 0.194 0.118 0.094 0.224 0.077 0.287 0.168 0.136 0.009 0.005 0.700 
243 0.284 0.365 0.405 0.380 0.394 0.496 0.546 0.511 0.531 0.457 0.392 0.194 0.117 0.090 0.227 0.082 0.289 0.162 0.128 0.008 0.005 0.701 
244 0.281 0.362 0.409 0.382 0.399 0.490 0.548 0.508 0.517 0.451 0.396 0.193 0.123 0.086 0.226 0.080 0.287 0.166 0.141 0.011 0.004 0.701 
245 0.285 0.358 0.407 0.381 0.393 0.486 0.549 0.508 0.511 0.454 0.383 0.183 0.125 0.089 0.236 0.078 0.283 0.162 0.147 0.012 0.004 0.707 
246 0.287 0.349 0.396 0.396 0.400 0.485 0.554 0.496 0.500 0.456 0.370 0.185 0.126 0.084 0.236 0.081 0.285 0.163 0.138 0.013 0.003 0.710 
247 0.284 0.351 0.392 0.394 0.403 0.483 0.553 0.493 0.503 0.457 0.366 0.186 0.127 0.084 0.239 0.080 0.277 0.160 0.143 0.014 0.003 0.709 
248 0.285 0.347 0.395 0.390 0.399 0.474 0.555 0.497 0.507 0.457 0.357 0.191 0.127 0.086 0.240 0.084 0.274 0.161 0.143 0.015 0.003 0.706 
249 0.289 0.347 0.404 0.390 0.399 0.494 0.560 0.495 0.522 0.460 0.363 0.195 0.128 0.087 0.243 0.085 0.278 0.158 0.140 0.015 0.003 0.705 
250 0.292 0.356 0.408 0.392 0.387 0.493 0.556 0.499 0.522 0.461 0.368 0.197 0.127 0.083 0.239 0.090 0.273 0.155 0.139 0.016 0.003 0.708 
251 0.292 0.366 0.414 0.394 0.394 0.494 0.557 0.507 0.530 0.459 0.374 0.205 0.123 0.084 0.228 0.091 0.266 0.156 0.141 0.015 0.005 0.702 
252 0.293 0.368 0.412 0.380 0.390 0.497 0.560 0.501 0.543 0.460 0.363 0.215 0.120 0.080 0.223 0.092 0.267 0.156 0.139 0.015 0.006 0.706 
253 0.284 0.370 0.411 0.371 0.385 0.492 0.560 0.499 0.547 0.471 0.365 0.215 0.116 0.085 0.220 0.090 0.263 0.159 0.136 0.015 0.006 0.704 
254 0.279 0.366 0.412 0.375 0.387 0.486 0.559 0.506 0.549 0.488 0.355 0.213 0.112 0.092 0.225 0.091 0.258 0.160 0.141 0.015 0.006 0.700 
255 0.275 0.371 0.418 0.367 0.391 0.493 0.558 0.504 0.541 0.490 0.361 0.209 0.122 0.095 0.223 0.092 0.257 0.160 0.144 0.017 0.006 0.700 
256 0.272 0.372 0.422 0.369 0.394 0.480 0.555 0.504 0.542 0.482 0.364 0.204 0.119 0.104 0.222 0.100 0.253 0.167 0.146 0.016 0.006 0.697 
257 0.269 0.373 0.424 0.368 0.394 0.483 0.566 0.494 0.547 0.470 0.367 0.202 0.121 0.112 0.223 0.102 0.260 0.170 0.145 0.018 0.006 0.695 
258 0.265 0.375 0.421 0.369 0.388 0.485 0.559 0.490 0.538 0.466 0.357 0.200 0.127 0.113 0.218 0.100 0.264 0.165 0.139 0.017 0.006 0.702 
259 0.275 0.364 0.415 0.364 0.384 0.483 0.554 0.488 0.540 0.464 0.350 0.193 0.129 0.111 0.214 0.100 0.259 0.156 0.134 0.020 0.006 0.696 
260 0.286 0.361 0.411 0.380 0.386 0.482 0.546 0.496 0.539 0.457 0.345 0.200 0.125 0.109 0.221 0.092 0.268 0.153 0.137 0.018 0.007 0.696 
261 0.287 0.357 0.414 0.374 0.375 0.485 0.544 0.495 0.546 0.452 0.339 0.203 0.129 0.117 0.224 0.089 0.281 0.151 0.136 0.018 0.008 0.698 
262 0.287 0.357 0.420 0.376 0.371 0.481 0.547 0.489 0.541 0.452 0.341 0.204 0.133 0.113 0.221 0.090 0.283 0.154 0.133 0.017 0.007 0.697 
263 0.286 0.358 0.426 0.373 0.369 0.485 0.554 0.498 0.536 0.458 0.341 0.211 0.133 0.106 0.213 0.090 0.264 0.150 0.135 0.018 0.007 0.694 
264 0.292 0.350 0.427 0.378 0.379 0.493 0.551 0.500 0.524 0.449 0.339 0.213 0.134 0.112 0.215 0.093 0.256 0.140 0.136 0.021 0.007 0.700 
265 0.291 0.360 0.430 0.388 0.379 0.503 0.545 0.495 0.514 0.457 0.334 0.208 0.134 0.112 0.217 0.095 0.253 0.133 0.147 0.023 0.007 0.700 
266 0.282 0.371 0.429 0.381 0.374 0.500 0.555 0.495 0.518 0.454 0.327 0.208 0.139 0.110 0.218 0.093 0.247 0.125 0.149 0.020 0.007 0.701 
267 0.282 0.371 0.432 0.390 0.372 0.500 0.554 0.498 0.517 0.453 0.337 0.208 0.154 0.105 0.208 0.083 0.243 0.121 0.145 0.023 0.006 0.698 
268 0.283 0.366 0.435 0.391 0.378 0.491 0.558 0.491 0.511 0.453 0.333 0.206 0.156 0.110 0.203 0.095 0.252 0.125 0.145 0.024 0.007 0.704 
269 0.281 0.362 0.425 0.395 0.389 0.492 0.555 0.501 0.514 0.451 0.332 0.207 0.155 0.110 0.201 0.100 0.255 0.120 0.143 0.020 0.006 0.705 
270 0.277 0.369 0.426 0.389 0.391 0.487 0.556 0.503 0.509 0.454 0.330 0.205 0.157 0.104 0.197 0.100 0.248 0.124 0.138 0.023 0.007 0.707 
271 0.267 0.365 0.430 0.387 0.394 0.473 0.581 0.501 0.508 0.452 0.335 0.202 0.158 0.100 0.203 0.102 0.251 0.133 0.136 0.018 0.007 0.703 
272 0.274 0.367 0.438 0.381 0.386 0.480 0.593 0.506 0.510 0.446 0.340 0.202 0.156 0.099 0.204 0.102 0.242 0.137 0.136 0.017 0.007 0.706 
273 0.275 0.382 0.431 0.380 0.391 0.501 0.593 0.509 0.511 0.441 0.344 0.201 0.149 0.106 0.209 0.103 0.233 0.154 0.136 0.019 0.006 0.707 
274 0.273 0.401 0.435 0.381 0.389 0.503 0.590 0.508 0.505 0.446 0.344 0.204 0.145 0.103 0.213 0.105 0.225 0.153 0.140 0.018 0.006 0.716 
275 0.270 0.402 0.430 0.383 0.391 0.502 0.580 0.504 0.515 0.450 0.347 0.203 0.142 0.097 0.216 0.104 0.233 0.150 0.144 0.017 0.006 0.712 
276 0.267 0.395 0.426 0.384 0.393 0.493 0.579 0.510 0.509 0.445 0.344 0.206 0.149 0.092 0.211 0.101 0.236 0.146 0.136 0.023 0.007 0.711 
277 0.267 0.391 0.424 0.377 0.395 0.489 0.572 0.509 0.505 0.451 0.345 0.209 0.146 0.095 0.207 0.100 0.243 0.145 0.135 0.023 0.006 0.715 
278 0.268 0.391 0.418 0.381 0.387 0.501 0.574 0.497 0.509 0.446 0.343 0.213 0.148 0.100 0.204 0.099 0.249 0.151 0.139 0.027 0.006 0.709 
279 0.270 0.399 0.428 0.386 0.397 0.489 0.569 0.492 0.511 0.445 0.346 0.214 0.154 0.096 0.199 0.101 0.269 0.152 0.138 0.026 0.006 0.701 
280 0.264 0.395 0.426 0.383 0.408 0.487 0.571 0.492 0.511 0.439 0.348 0.219 0.159 0.098 0.199 0.101 0.260 0.149 0.153 0.026 0.006 0.699 
281 0.263 0.391 0.419 0.381 0.409 0.482 0.580 0.484 0.506 0.445 0.346 0.214 0.163 0.098 0.199 0.099 0.268 0.150 0.157 0.027 0.006 0.700 
282 0.267 0.389 0.419 0.386 0.405 0.482 0.572 0.491 0.491 0.437 0.340 0.213 0.165 0.101 0.201 0.099 0.259 0.152 0.155 0.026 0.006 0.697 
283 0.273 0.377 0.415 0.379 0.406 0.482 0.575 0.494 0.483 0.451 0.336 0.214 0.164 0.100 0.204 0.098 0.255 0.153 0.154 0.025 0.006 0.699 
284 0.278 0.385 0.420 0.372 0.412 0.483 0.581 0.502 0.482 0.443 0.331 0.209 0.161 0.100 0.206 0.101 0.252 0.152 0.160 0.025 0.005 0.699 
285 0.273 0.388 0.419 0.370 0.415 0.475 0.575 0.507 0.481 0.453 0.331 0.206 0.162 0.097 0.203 0.100 0.242 0.155 0.160 0.026 0.005 0.702 
286 0.268 0.390 0.428 0.371 0.418 0.465 0.585 0.516 0.489 0.441 0.343 0.207 0.159 0.098 0.201 0.100 0.239 0.159 0.158 0.035 0.005 0.697 
287 0.272 0.393 0.433 0.366 0.415 0.470 0.585 0.522 0.495 0.447 0.346 0.204 0.156 0.108 0.202 0.096 0.236 0.164 0.160 0.034 0.005 0.696 
288 0.273 0.392 0.431 0.368 0.419 0.473 0.576 0.521 0.491 0.438 0.333 0.201 0.161 0.105 0.209 0.096 0.232 0.161 0.157 0.034 0.004 0.695 
289 0.282 0.388 0.432 0.370 0.423 0.469 0.580 0.522 0.501 0.430 0.329 0.206 0.162 0.103 0.202 0.094 0.231 0.169 0.143 0.035 0.004 0.696 
290 0.279 0.385 0.432 0.370 0.416 0.464 0.582 0.529 0.493 0.438 0.329 0.211 0.157 0.105 0.196 0.095 0.226 0.169 0.137 0.033 0.004 0.695 
291 0.283 0.379 0.424 0.381 0.419 0.468 0.581 0.526 0.485 0.420 0.332 0.208 0.159 0.109 0.206 0.095 0.220 0.171 0.140 0.036 0.004 0.694 
292 0.291 0.380 0.415 0.381 0.413 0.470 0.595 0.518 0.494 0.411 0.345 0.207 0.161 0.111 0.205 0.098 0.236 0.166 0.145 0.035 0.003 0.700 
293 0.291 0.386 0.406 0.395 0.401 0.477 0.593 0.517 0.482 0.415 0.350 0.201 0.161 0.111 0.205 0.097 0.232 0.165 0.153 0.034 0.003 0.702 
294 0.286 0.389 0.408 0.382 0.397 0.474 0.595 0.513 0.477 0.409 0.356 0.200 0.162 0.114 0.201 0.091 0.245 0.161 0.154 0.033 0.004 0.698 
295 0.289 0.392 0.406 0.381 0.401 0.472 0.595 0.507 0.486 0.406 0.343 0.193 0.163 0.114 0.211 0.091 0.242 0.162 0.154 0.033 0.003 0.697 
296 0.284 0.386 0.412 0.375 0.396 0.479 0.588 0.499 0.480 0.411 0.343 0.199 0.164 0.109 0.211 0.085 0.246 0.158 0.156 0.033 0.004 0.694 
297 0.285 0.387 0.416 0.372 0.398 0.479 0.583 0.504 0.461 0.419 0.342 0.199 0.164 0.107 0.211 0.082 0.250 0.160 0.159 0.030 0.004 0.693 
298 0.286 0.390 0.416 0.374 0.399 0.481 0.568 0.511 0.473 0.436 0.339 0.195 0.166 0.107 0.206 0.091 0.247 0.163 0.160 0.033 0.003 0.689 
299 0.289 0.381 0.413 0.374 0.407 0.488 0.581 0.519 0.462 0.439 0.328 0.199 0.168 0.105 0.210 0.086 0.249 0.161 0.155 0.036 0.003 0.688 
300 0.287 0.389 0.414 0.374 0.408 0.491 0.568 0.516 0.478 0.462 0.324 0.203 0.165 0.111 0.214 0.085 0.264 0.171 0.157 0.035 0.004 0.686 
301 0.285 0.397 0.414 0.379 0.405 0.488 0.570 0.517 0.478 0.449 0.330 0.205 0.162 0.111 0.215 0.088 0.262 0.171 0.154 0.033 0.004 0.687 
302 0.280 0.388 0.419 0.374 0.401 0.484 0.578 0.515 0.478 0.436 0.331 0.208 0.156 0.107 0.220 0.084 0.262 0.162 0.160 0.033 0.005 0.686 
303 0.287 0.388 0.425 0.377 0.399 0.489 0.573 0.519 0.474 0.444 0.346 0.203 0.153 0.106 0.209 0.089 0.258 0.164 0.161 0.032 0.005 0.689 
304 0.285 0.385 0.422 0.377 0.398 0.493 0.564 0.513 0.481 0.424 0.356 0.210 0.148 0.108 0.209 0.089 0.255 0.164 0.161 0.030 0.006 0.693 
305 0.304 0.378 0.421 0.389 0.400 0.489 0.572 0.510 0.468 0.435 0.364 0.206 0.151 0.104 0.210 0.094 0.252 0.165 0.156 0.029 0.007 0.697 
306 0.305 0.372 0.430 0.390 0.394 0.488 0.572 0.516 0.476 0.431 0.342 0.210 0.156 0.107 0.205 0.092 0.246 0.163 0.149 0.031 0.007 0.696 
307 0.301 0.370 0.417 0.388 0.402 0.481 0.577 0.515 0.488 0.426 0.338 0.214 0.157 0.108 0.203 0.092 0.242 0.162 0.150 0.030 0.006 0.696 
308 0.300 0.371 0.423 0.380 0.404 0.475 0.581 0.518 0.493 0.414 0.339 0.213 0.154 0.111 0.201 0.084 0.238 0.165 0.149 0.035 0.007 0.696 
309 0.308 0.370 0.418 0.374 0.406 0.477 0.580 0.520 0.486 0.424 0.337 0.210 0.155 0.114 0.197 0.088 0.236 0.167 0.151 0.034 0.007 0.702 
310 0.308 0.370 0.419 0.392 0.400 0.486 0.574 0.519 0.479 0.433 0.335 0.214 0.152 0.117 0.196 0.094 0.229 0.168 0.153 0.035 0.007 0.699 
311 0.314 0.370 0.415 0.393 0.400 0.484 0.575 0.518 0.493 0.424 0.346 0.214 0.156 0.117 0.199 0.088 0.228 0.166 0.157 0.033 0.007 0.701 
312 0.318 0.374 0.415 0.398 0.394 0.479 0.573 0.525 0.506 0.416 0.343 0.213 0.158 0.121 0.199 0.087 0.232 0.169 0.157 0.034 0.007 0.707 
313 0.313 0.378 0.417 0.398 0.397 0.476 0.573 0.521 0.505 0.417 0.350 0.208 0.166 0.116 0.197 0.085 0.235 0.173 0.157 0.037 0.007 0.703 
314 0.312 0.380 0.415 0.398 0.394 0.484 0.572 0.520 0.488 0.432 0.345 0.206 0.166 0.115 0.203 0.087 0.237 0.167 0.154 0.033 0.008 0.702 
315 0.309 0.402 0.415 0.396 0.386 0.495 0.575 0.524 0.485 0.455 0.343 0.213 0.170 0.115 0.203 0.097 0.238 0.164 0.146 0.029 0.008 0.704 
316 0.303 0.407 0.417 0.396 0.396 0.493 0.578 0.513 0.480 0.459 0.339 0.217 0.169 0.119 0.204 0.097 0.253 0.174 0.143 0.029 0.008 0.704 
317 0.298 0.415 0.423 0.401 0.392 0.502 0.589 0.512 0.495 0.471 0.338 0.217 0.175 0.122 0.203 0.094 0.254 0.175 0.151 0.032 0.008 0.704 
318 0.294 0.411 0.434 0.387 0.392 0.514 0.586 0.516 0.495 0.472 0.342 0.214 0.177 0.119 0.204 0.095 0.249 0.177 0.146 0.032 0.007 0.704 
319 0.293 0.412 0.432 0.396 0.385 0.518 0.584 0.516 0.492 0.466 0.349 0.216 0.178 0.124 0.207 0.095 0.252 0.166 0.157 0.032 0.007 0.701 
320 0.297 0.398 0.428 0.385 0.389 0.513 0.579 0.523 0.498 0.456 0.352 0.219 0.176 0.123 0.205 0.091 0.261 0.170 0.145 0.044 0.006 0.705 
321 0.293 0.397 0.426 0.393 0.389 0.506 0.577 0.518 0.489 0.448 0.352 0.218 0.177 0.119 0.205 0.086 0.277 0.170 0.145 0.045 0.006 0.700 
322 0.296 0.395 0.421 0.396 0.385 0.505 0.580 0.516 0.504 0.430 0.358 0.221 0.179 0.114 0.202 0.084 0.273 0.171 0.146 0.043 0.009 0.698 
323 0.307 0.388 0.437 0.392 0.382 0.495 0.580 0.517 0.501 0.434 0.352 0.214 0.182 0.119 0.207 0.087 0.274 0.173 0.139 0.040 0.010 0.695 
324 0.309 0.389 0.440 0.389 0.389 0.498 0.577 0.509 0.497 0.430 0.345 0.221 0.183 0.117 0.203 0.088 0.287 0.169 0.136 0.038 0.010 0.698 
325 0.307 0.384 0.434 0.381 0.393 0.500 0.569 0.510 0.503 0.422 0.345 0.224 0.184 0.117 0.204 0.090 0.289 0.166 0.135 0.036 0.011 0.696 
326 0.302 0.386 0.432 0.380 0.394 0.502 0.564 0.513 0.500 0.420 0.347 0.222 0.189 0.114 0.209 0.093 0.291 0.168 0.129 0.036 0.011 0.693 
327 0.305 0.385 0.435 0.376 0.392 0.503 0.566 0.506 0.506 0.411 0.345 0.217 0.190 0.117 0.203 0.099 0.290 0.164 0.123 0.041 0.012 0.691 
328 0.311 0.381 0.432 0.378 0.391 0.499 0.561 0.502 0.495 0.416 0.354 0.219 0.189 0.120 0.199 0.096 0.285 0.164 0.122 0.039 0.013 0.700 
329 0.316 0.379 0.430 0.382 0.387 0.501 0.569 0.494 0.514 0.428 0.355 0.220 0.194 0.119 0.198 0.095 0.288 0.164 0.123 0.039 0.012 0.705 
330 0.309 0.376 0.441 0.374 0.394 0.496 0.577 0.491 0.522 0.421 0.356 0.227 0.195 0.118 0.196 0.087 0.279 0.161 0.126 0.041 0.013 0.705 
331 0.309 0.381 0.442 0.377 0.388 0.498 0.572 0.490 0.516 0.430 0.350 0.222 0.198 0.117 0.194 0.089 0.289 0.161 0.127 0.042 0.014 0.704 
332 0.314 0.386 0.446 0.377 0.390 0.503 0.572 0.496 0.539 0.441 0.342 0.224 0.199 0.121 0.190 0.089 0.284 0.163 0.124 0.042 0.014 0.702 
333 0.315 0.390 0.452 0.374 0.388 0.512 0.562 0.496 0.521 0.450 0.340 0.221 0.198 0.135 0.196 0.090 0.282 0.162 0.123 0.043 0.014 0.704 
334 0.315 0.390 0.454 0.381 0.393 0.517 0.560 0.498 0.508 0.446 0.339 0.220 0.200 0.136 0.194 0.099 0.275 0.164 0.122 0.043 0.015 0.704 
335 0.321 0.385 0.449 0.387 0.405 0.512 0.560 0.502 0.500 0.446 0.340 0.215 0.198 0.132 0.198 0.115 0.277 0.156 0.131 0.040 0.015 0.698 
336 0.317 0.404 0.430 0.385 0.404 0.511 0.560 0.502 0.496 0.460 0.347 0.216 0.185 0.153 0.207 0.121 0.278 0.163 0.138 0.040 0.014 0.698 
337 0.311 0.415 0.428 0.380 0.400 0.508 0.566 0.499 0.492 0.465 0.346 0.212 0.187 0.151 0.207 0.116 0.279 0.168 0.133 0.037 0.015 0.698 
338 0.309 0.418 0.428 0.392 0.399 0.503 0.577 0.494 0.492 0.461 0.346 0.218 0.184 0.144 0.199 0.121 0.283 0.172 0.128 0.040 0.014 0.697 
339 0.310 0.410 0.438 0.393 0.398 0.516 0.581 0.502 0.505 0.465 0.342 0.222 0.188 0.144 0.200 0.123 0.281 0.168 0.122 0.038 0.014 0.696 
340 0.309 0.421 0.432 0.399 0.402 0.515 0.586 0.514 0.505 0.477 0.343 0.220 0.194 0.143 0.204 0.121 0.273 0.171 0.120 0.033 0.014 0.691 
341 0.308 0.426 0.426 0.397 0.408 0.518 0.576 0.505 0.531 0.465 0.351 0.219 0.193 0.137 0.207 0.119 0.274 0.172 0.126 0.035 0.014 0.689 
342 0.299 0.422 0.421 0.388 0.410 0.522 0.561 0.503 0.550 0.457 0.354 0.222 0.196 0.137 0.214 0.122 0.273 0.173 0.125 0.037 0.014 0.687 
343 0.306 0.418 0.427 0.383 0.414 0.520 0.553 0.507 0.541 0.448 0.355 0.218 0.196 0.147 0.215 0.122 0.275 0.173 0.119 0.037 0.015 0.691 
344 0.301 0.409 0.425 0.387 0.420 0.515 0.544 0.505 0.532 0.452 0.351 0.219 0.191 0.148 0.221 0.122 0.275 0.170 0.111 0.037 0.015 0.689 
345 0.304 0.424 0.435 0.393 0.418 0.518 0.539 0.513 0.544 0.446 0.370 0.229 0.198 0.144 0.217 0.120 0.274 0.171 0.106 0.038 0.014 0.693 
346 0.306 0.429 0.437 0.403 0.424 0.507 0.532 0.515 0.547 0.444 0.373 0.222 0.196 0.140 0.221 0.120 0.268 0.170 0.108 0.043 0.013 0.697 
347 0.305 0.433 0.433 0.407 0.417 0.510 0.527 0.522 0.541 0.460 0.375 0.221 0.184 0.151 0.223 0.122 0.265 0.153 0.115 0.040 0.013 0.692 
348 0.305 0.428 0.438 0.403 0.417 0.512 0.537 0.523 0.540 0.490 0.370 0.223 0.176 0.155 0.223 0.116 0.263 0.150 0.120 0.048 0.013 0.697 
349 0.308 0.420 0.435 0.406 0.418 0.515 0.552 0.524 0.538 0.494 0.364 0.224 0.180 0.155 0.225 0.116 0.264 0.156 0.124 0.046 0.013 0.705 
350 0.314 0.414 0.438 0.402 0.414 0.511 0.552 0.534 0.536 0.490 0.366 0.228 0.178 0.149 0.219 0.111 0.263 0.161 0.119 0.048 0.013 0.704 
351 0.312 0.415 0.430 0.402 0.416 0.509 0.542 0.538 0.523 0.485 0.366 0.227 0.173 0.154 0.228 0.120 0.260 0.162 0.118 0.050 0.013 0.706 
352 0.313 0.409 0.430 0.388 0.418 0.510 0.548 0.536 0.522 0.478 0.370 0.226 0.172 0.153 0.230 0.124 0.254 0.163 0.109 0.049 0.016 0.711 
353 0.316 0.403 0.440 0.387 0.417 0.502 0.552 0.533 0.514 0.471 0.376 0.221 0.172 0.149 0.234 0.133 0.251 0.162 0.103 0.046 0.015 0.707 
354 0.316 0.401 0.445 0.383 0.411 0.508 0.549 0.532 0.522 0.460 0.379 0.212 0.174 0.146 0.226 0.135 0.265 0.151 0.110 0.042 0.018 0.708 
355 0.317 0.414 0.441 0.391 0.408 0.507 0.546 0.530 0.526 0.452 0.378 0.209 0.175 0.146 0.221 0.134 0.256 0.148 0.113 0.044 0.017 0.697 
356 0.321 0.416 0.437 0.385 0.401 0.498 0.549 0.534 0.530 0.452 0.372 0.208 0.178 0.146 0.221 0.133 0.262 0.152 0.107 0.043 0.016 0.692 
357 0.314 0.426 0.434 0.396 0.405 0.496 0.543 0.533 0.512 0.452 0.367 0.204 0.177 0.148 0.230 0.135 0.256 0.166 0.105 0.042 0.017 0.693 
358 0.315 0.422 0.431 0.386 0.409 0.506 0.547 0.532 0.503 0.460 0.362 0.203 0.182 0.148 0.236 0.143 0.257 0.163 0.104 0.040 0.017 0.688 
359 0.317 0.426 0.431 0.382 0.405 0.501 0.548 0.537 0.503 0.476 0.361 0.201 0.186 0.147 0.242 0.136 0.262 0.165 0.103 0.040 0.018 0.686 
360 0.332 0.409 0.435 0.375 0.403 0.503 0.544 0.539 0.506 0.477 0.363 0.204 0.186 0.152 0.239 0.139 0.253 0.168 0.100 0.038 0.019 0.690 
361 0.332 0.411 0.434 0.381 0.403 0.507 0.552 0.526 0.499 0.473 0.361 0.204 0.181 0.145 0.239 0.136 0.253 0.165 0.096 0.037 0.020 0.690 
362 0.323 0.406 0.432 0.381 0.405 0.505 0.553 0.518 0.497 0.469 0.355 0.201 0.182 0.147 0.234 0.139 0.247 0.163 0.096 0.035 0.021 0.699 
363 0.325 0.411 0.438 0.380 0.410 0.499 0.546 0.508 0.504 0.469 0.360 0.200 0.182 0.142 0.229 0.141 0.255 0.168 0.098 0.036 0.020 0.700 
364 0.331 0.418 0.439 0.375 0.406 0.501 0.554 0.507 0.508 0.482 0.364 0.193 0.182 0.150 0.236 0.136 0.256 0.166 0.102 0.036 0.018 0.698 
365 0.329 0.422 0.435 0.367 0.403 0.504 0.558 0.520 0.503 0.472 0.367 0.191 0.187 0.151 0.239 0.135 0.268 0.161 0.102 0.036 0.020 0.701 
366 0.324 0.422 0.439 0.367 0.404 0.507 0.551 0.523 0.505 0.471 0.365 0.198 0.182 0.156 0.240 0.130 0.271 0.166 0.099 0.037 0.020 0.704 
367 0.321 0.432 0.443 0.368 0.404 0.509 0.545 0.522 0.498 0.477 0.374 0.203 0.179 0.156 0.239 0.127 0.265 0.168 0.096 0.040 0.020 0.701 
368 0.318 0.431 0.433 0.358 0.397 0.510 0.545 0.526 0.498 0.498 0.376 0.205 0.177 0.156 0.237 0.124 0.272 0.163 0.102 0.040 0.022 0.695 
369 0.331 0.421 0.435 0.370 0.401 0.498 0.532 0.526 0.510 0.490 0.371 0.201 0.181 0.150 0.239 0.127 0.261 0.160 0.124 0.039 0.021 0.698 
370 0.335 0.423 0.436 0.365 0.397 0.496 0.525 0.521 0.512 0.485 0.362 0.208 0.181 0.148 0.238 0.131 0.262 0.158 0.122 0.039 0.021 0.701 
371 0.328 0.431 0.438 0.367 0.392 0.492 0.528 0.522 0.527 0.473 0.362 0.215 0.182 0.137 0.237 0.132 0.270 0.164 0.115 0.037 0.021 0.710 
372 0.324 0.427 0.436 0.373 0.398 0.503 0.532 0.518 0.521 0.476 0.359 0.211 0.179 0.145 0.238 0.125 0.282 0.162 0.124 0.038 0.019 0.710 
373 0.320 0.428 0.428 0.371 0.402 0.504 0.538 0.513 0.516 0.471 0.359 0.208 0.177 0.152 0.232 0.122 0.282 0.168 0.133 0.037 0.018 0.710 
374 0.322 0.423 0.422 0.387 0.393 0.500 0.539 0.513 0.514 0.462 0.360 0.204 0.171 0.149 0.234 0.121 0.269 0.163 0.128 0.038 0.019 0.710 
375 0.325 0.419 0.428 0.382 0.387 0.498 0.524 0.512 0.523 0.461 0.355 0.204 0.174 0.148 0.239 0.113 0.265 0.168 0.132 0.037 0.020 0.712 
376 0.320 0.420 0.429 0.403 0.391 0.501 0.522 0.516 0.530 0.471 0.356 0.200 0.171 0.144 0.237 0.111 0.266 0.167 0.128 0.038 0.020 0.703 
377 0.318 0.417 0.421 0.408 0.394 0.502 0.528 0.508 0.531 0.475 0.357 0.199 0.172 0.147 0.235 0.112 0.263 0.164 0.124 0.040 0.019 0.693 
378 0.313 0.420 0.430 0.414 0.392 0.506 0.521 0.502 0.548 0.495 0.351 0.202 0.178 0.147 0.237 0.113 0.271 0.165 0.126 0.044 0.019 0.691 
379 0.318 0.416 0.439 0.414 0.387 0.516 0.519 0.504 0.540 0.498 0.347 0.191 0.179 0.145 0.241 0.109 0.274 0.162 0.134 0.042 0.020 0.695 
380 0.316 0.418 0.447 0.395 0.390 0.516 0.513 0.509 0.528 0.508 0.344 0.188 0.176 0.144 0.243 0.110 0.267 0.161 0.134 0.040 0.022 0.695 
381 0.314 0.419 0.450 0.388 0.396 0.536 0.517 0.503 0.526 0.511 0.350 0.185 0.177 0.143 0.241 0.110 0.268 0.170 0.129 0.040 0.023 0.700 
382 0.312 0.410 0.451 0.383 0.398 0.543 0.526 0.499 0.528 0.504 0.350 0.182 0.178 0.136 0.240 0.109 0.265 0.174 0.138 0.040 0.022 0.696 
383 0.319 0.404 0.450 0.389 0.391 0.540 0.520 0.500 0.524 0.492 0.340 0.191 0.178 0.133 0.245 0.106 0.265 0.179 0.140 0.042 0.021 0.696 
384 0.315 0.407 0.453 0.397 0.383 0.539 0.521 0.497 0.529 0.501 0.343 0.187 0.173 0.132 0.244 0.114 0.256 0.185 0.146 0.040 0.022 0.695 
385 0.315 0.406 0.452 0.400 0.392 0.537 0.517 0.501 0.514 0.495 0.344 0.189 0.168 0.131 0.246 0.111 0.253 0.180 0.145 0.044 0.021 0.693 
386 0.321 0.403 0.458 0.409 0.391 0.525 0.525 0.502 0.517 0.498 0.348 0.192 0.169 0.136 0.248 0.112 0.260 0.171 0.148 0.045 0.022 0.695 
387 0.331 0.397 0.451 0.417 0.396 0.521 0.528 0.500 0.509 0.503 0.342 0.192 0.168 0.134 0.247 0.105 0.260 0.173 0.141 0.045 0.022 0.701 
388 0.331 0.403 0.446 0.414 0.389 0.520 0.531 0.506 0.513 0.503 0.334 0.200 0.164 0.136 0.246 0.108 0.267 0.173 0.144 0.046 0.021 0.702 
389 0.325 0.404 0.439 0.410 0.394 0.522 0.534 0.503 0.521 0.500 0.338 0.203 0.167 0.142 0.238 0.116 0.263 0.172 0.141 0.047 0.020 0.702 
390 0.326 0.400 0.440 0.411 0.398 0.534 0.527 0.504 0.527 0.514 0.335 0.206 0.166 0.146 0.239 0.118 0.255 0.177 0.144 0.046 0.020 0.702 
391 0.328 0.398 0.442 0.407 0.400 0.538 0.514 0.513 0.516 0.517 0.342 0.202 0.168 0.148 0.239 0.120 0.269 0.174 0.149 0.047 0.020 0.706 
392 0.324 0.403 0.439 0.401 0.395 0.536 0.509 0.510 0.524 0.516 0.341 0.202 0.169 0.150 0.239 0.116 0.268 0.169 0.149 0.050 0.020 0.708 
393 0.330 0.411 0.441 0.406 0.398 0.534 0.505 0.505 0.520 0.513 0.350 0.205 0.161 0.147 0.241 0.118 0.276 0.169 0.145 0.051 0.019 0.709 
394 0.322 0.418 0.446 0.396 0.399 0.532 0.517 0.508 0.519 0.525 0.349 0.205 0.166 0.148 0.238 0.119 0.275 0.175 0.139 0.052 0.019 0.708 
395 0.312 0.414 0.448 0.402 0.406 0.527 0.520 0.517 0.520 0.528 0.356 0.203 0.176 0.154 0.235 0.121 0.280 0.178 0.131 0.052 0.021 0.707 
396 0.314 0.418 0.452 0.396 0.412 0.519 0.528 0.518 0.550 0.517 0.364 0.206 0.176 0.157 0.234 0.124 0.283 0.179 0.126 0.051 0.021 0.712 
397 0.311 0.411 0.447 0.411 0.404 0.521 0.533 0.508 0.548 0.532 0.365 0.204 0.181 0.159 0.235 0.124 0.287 0.188 0.128 0.049 0.021 0.718 
398 0.315 0.407 0.456 0.410 0.402 0.530 0.544 0.507 0.548 0.532 0.366 0.212 0.179 0.154 0.232 0.128 0.291 0.185 0.133 0.051 0.023 0.713 
399 0.322 0.402 0.443 0.414 0.396 0.530 0.536 0.502 0.546 0.539 0.366 0.212 0.182 0.149 0.234 0.127 0.285 0.177 0.130 0.051 0.023 0.704 
400 0.318 0.408 0.438 0.420 0.393 0.528 0.528 0.505 0.554 0.531 0.362 0.210 0.175 0.147 0.232 0.127 0.281 0.183 0.130 0.051 0.023 0.698 
401 0.320 0.401 0.442 0.419 0.393 0.526 0.534 0.493 0.553 0.538 0.364 0.209 0.173 0.145 0.235 0.128 0.280 0.198 0.138 0.049 0.023 0.702 
402 0.328 0.404 0.433 0.409 0.397 0.533 0.542 0.488 0.550 0.545 0.361 0.202 0.175 0.150 0.234 0.125 0.287 0.199 0.140 0.052 0.024 0.697 
403 0.325 0.407 0.430 0.416 0.381 0.538 0.530 0.488 0.551 0.550 0.362 0.204 0.175 0.150 0.238 0.127 0.284 0.198 0.145 0.053 0.024 0.695 
404 0.331 0.407 0.425 0.415 0.386 0.528 0.524 0.487 0.556 0.548 0.360 0.207 0.175 0.152 0.234 0.128 0.295 0.195 0.146 0.052 0.023 0.688 
405 0.334 0.403 0.433 0.417 0.384 0.534 0.530 0.487 0.547 0.548 0.355 0.208 0.180 0.152 0.231 0.124 0.306 0.202 0.154 0.051 0.024 0.688 
406 0.338 0.409 0.436 0.404 0.383 0.538 0.539 0.502 0.542 0.553 0.354 0.207 0.185 0.154 0.224 0.128 0.302 0.203 0.156 0.050 0.024 0.691 
407 0.336 0.409 0.437 0.401 0.385 0.536 0.539 0.506 0.537 0.554 0.348 0.220 0.188 0.145 0.226 0.124 0.308 0.201 0.154 0.051 0.021 0.692 
408 0.341 0.413 0.440 0.412 0.386 0.542 0.531 0.515 0.553 0.553 0.350 0.221 0.184 0.149 0.231 0.123 0.306 0.203 0.150 0.052 0.024 0.690 
409 0.340 0.422 0.443 0.410 0.386 0.534 0.544 0.524 0.557 0.552 0.351 0.220 0.183 0.150 0.234 0.119 0.306 0.199 0.149 0.050 0.023 0.690 
410 0.344 0.423 0.447 0.402 0.386 0.529 0.557 0.507 0.554 0.548 0.357 0.216 0.184 0.141 0.229 0.108 0.310 0.204 0.147 0.054 0.023 0.689 
411 0.335 0.424 0.449 0.401 0.389 0.536 0.544 0.504 0.558 0.543 0.352 0.216 0.185 0.149 0.225 0.113 0.317 0.200 0.152 0.053 0.023 0.693 
412 0.332 0.437 0.448 0.397 0.398 0.530 0.541 0.501 0.563 0.533 0.349 0.217 0.182 0.152 0.224 0.111 0.319 0.196 0.162 0.053 0.023 0.683 
413 0.333 0.438 0.452 0.401 0.393 0.530 0.538 0.502 0.561 0.531 0.355 0.220 0.181 0.156 0.224 0.111 0.322 0.191 0.172 0.051 0.023 0.686 
414 0.336 0.430 0.448 0.402 0.388 0.531 0.548 0.505 0.554 0.528 0.348 0.223 0.186 0.160 0.223 0.106 0.320 0.179 0.171 0.048 0.024 0.684 
415 0.336 0.418 0.445 0.407 0.398 0.533 0.547 0.513 0.547 0.521 0.343 0.219 0.179 0.160 0.219 0.106 0.317 0.170 0.171 0.046 0.023 0.679 
416 0.332 0.407 0.447 0.408 0.396 0.541 0.540 0.509 0.544 0.526 0.337 0.220 0.177 0.163 0.215 0.106 0.315 0.170 0.177 0.050 0.022 0.684 
417 0.329 0.404 0.450 0.406 0.396 0.551 0.540 0.507 0.546 0.528 0.340 0.221 0.178 0.173 0.212 0.100 0.324 0.167 0.169 0.047 0.022 0.684 
418 0.333 0.399 0.454 0.421 0.395 0.545 0.549 0.513 0.550 0.524 0.342 0.221 0.173 0.173 0.219 0.106 0.318 0.168 0.159 0.046 0.021 0.686 
419 0.331 0.405 0.452 0.421 0.395 0.549 0.565 0.513 0.553 0.543 0.342 0.222 0.173 0.176 0.226 0.122 0.316 0.175 0.160 0.040 0.022 0.695 
420 0.339 0.414 0.447 0.423 0.396 0.556 0.552 0.525 0.553 0.536 0.338 0.225 0.171 0.176 0.230 0.124 0.315 0.167 0.162 0.043 0.023 0.696 
421 0.340 0.412 0.450 0.432 0.405 0.559 0.551 0.526 0.554 0.539 0.346 0.229 0.174 0.174 0.224 0.123 0.307 0.166 0.162 0.043 0.023 0.696 
422 0.343 0.416 0.454 0.420 0.398 0.556 0.551 0.525 0.549 0.549 0.347 0.230 0.175 0.173 0.228 0.122 0.290 0.178 0.163 0.043 0.022 0.699 
423 0.334 0.418 0.466 0.416 0.396 0.545 0.556 0.524 0.553 0.554 0.335 0.232 0.178 0.175 0.232 0.118 0.288 0.182 0.173 0.042 0.022 0.699 
424 0.337 0.409 0.461 0.420 0.397 0.536 0.551 0.523 0.559 0.548 0.330 0.230 0.181 0.169 0.232 0.122 0.294 0.181 0.166 0.041 0.023 0.699 
425 0.328 0.414 0.460 0.416 0.395 0.538 0.556 0.519 0.559 0.546 0.334 0.228 0.180 0.171 0.237 0.116 0.292 0.182 0.167 0.037 0.024 0.695 
426 0.330 0.411 0.460 0.406 0.400 0.544 0.550 0.509 0.574 0.544 0.336 0.228 0.173 0.166 0.239 0.117 0.295 0.181 0.164 0.040 0.024 0.695 
427 0.333 0.405 0.455 0.401 0.401 0.548 0.545 0.512 0.576 0.542 0.342 0.227 0.173 0.172 0.232 0.116 0.299 0.182 0.164 0.045 0.022 0.692 
428 0.329 0.413 0.459 0.393 0.404 0.550 0.556 0.506 0.582 0.544 0.342 0.225 0.180 0.176 0.231 0.108 0.305 0.181 0.168 0.045 0.022 0.692 
429 0.325 0.413 0.456 0.394 0.404 0.547 0.554 0.503 0.581 0.538 0.348 0.223 0.180 0.176 0.234 0.107 0.301 0.176 0.171 0.039 0.023 0.691 
430 0.323 0.409 0.456 0.390 0.397 0.537 0.556 0.498 0.570 0.550 0.339 0.230 0.178 0.180 0.229 0.109 0.297 0.185 0.169 0.043 0.023 0.693 
431 0.323 0.413 0.452 0.391 0.400 0.530 0.567 0.503 0.565 0.548 0.344 0.226 0.182 0.179 0.228 0.110 0.293 0.184 0.179 0.042 0.023 0.692 
432 0.327 0.409 0.456 0.400 0.402 0.524 0.559 0.502 0.554 0.542 0.343 0.221 0.182 0.180 0.236 0.112 0.296 0.185 0.179 0.045 0.022 0.694 
433 0.331 0.409 0.458 0.402 0.398 0.527 0.564 0.502 0.552 0.541 0.345 0.226 0.175 0.181 0.235 0.112 0.286 0.185 0.176 0.049 0.023 0.686 
434 0.332 0.422 0.452 0.406 0.406 0.515 0.565 0.513 0.547 0.551 0.345 0.225 0.172 0.188 0.235 0.109 0.290 0.184 0.179 0.051 0.024 0.681 
435 0.325 0.423 0.448 0.407 0.409 0.513 0.557 0.522 0.544 0.557 0.340 0.227 0.174 0.190 0.240 0.103 0.287 0.182 0.177 0.050 0.024 0.689 
436 0.326 0.427 0.448 0.405 0.412 0.514 0.553 0.535 0.555 0.557 0.342 0.222 0.184 0.187 0.246 0.110 0.292 0.186 0.174 0.052 0.022 0.694 
437 0.317 0.428 0.451 0.399 0.413 0.526 0.546 0.530 0.559 0.554 0.339 0.225 0.185 0.190 0.239 0.106 0.298 0.180 0.182 0.051 0.020 0.694 
438 0.314 0.430 0.445 0.391 0.414 0.539 0.551 0.525 0.556 0.548 0.346 0.228 0.186 0.189 0.239 0.105 0.305 0.179 0.180 0.048 0.020 0.694 
439 0.312 0.432 0.433 0.383 0.416 0.541 0.539 0.528 0.561 0.538 0.360 0.229 0.183 0.192 0.234 0.107 0.299 0.181 0.182 0.049 0.021 0.698 
440 0.319 0.417 0.444 0.386 0.419 0.526 0.528 0.530 0.566 0.548 0.356 0.229 0.186 0.195 0.239 0.108 0.298 0.188 0.193 0.047 0.021 0.701 
441 0.326 0.409 0.447 0.385 0.434 0.529 0.516 0.524 0.559 0.550 0.359 0.225 0.187 0.200 0.229 0.106 0.299 0.184 0.189 0.042 0.022 0.693 
442 0.328 0.415 0.439 0.389 0.435 0.546 0.515 0.506 0.560 0.546 0.350 0.222 0.192 0.202 0.232 0.107 0.297 0.181 0.182 0.042 0.023 0.691 
443 0.325 0.416 0.446 0.393 0.438 0.552 0.521 0.499 0.556 0.557 0.347 0.225 0.188 0.209 0.235 0.111 0.300 0.176 0.183 0.038 0.025 0.690 
444 0.332 0.420 0.443 0.407 0.432 0.546 0.522 0.496 0.547 0.556 0.341 0.218 0.196 0.214 0.239 0.111 0.292 0.176 0.184 0.039 0.025 0.689 
445 0.335 0.415 0.443 0.409 0.434 0.556 0.520 0.499 0.550 0.551 0.339 0.218 0.198 0.213 0.233 0.121 0.290 0.179 0.179 0.038 0.024 0.692 
446 0.337 0.413 0.452 0.408 0.430 0.548 0.527 0.492 0.565 0.541 0.341 0.220 0.204 0.219 0.233 0.117 0.283 0.178 0.178 0.039 0.025 0.690 
447 0.333 0.418 0.452 0.401 0.428 0.550 0.533 0.489 0.557 0.547 0.344 0.219 0.201 0.223 0.235 0.121 0.277 0.184 0.175 0.037 0.026 0.694 
448 0.332 0.417 0.448 0.390 0.421 0.552 0.537 0.494 0.556 0.543 0.341 0.211 0.200 0.225 0.234 0.122 0.275 0.181 0.178 0.037 0.025 0.696 
449 0.329 0.419 0.453 0.390 0.427 0.552 0.537 0.496 0.551 0.546 0.337 0.215 0.198 0.222 0.242 0.121 0.273 0.185 0.176 0.039 0.025 0.698 
450 0.320 0.431 0.450 0.381 0.429 0.556 0.542 0.497 0.557 0.558 0.340 0.219 0.199 0.227 0.242 0.120 0.280 0.188 0.172 0.042 0.024 0.691 
451 0.326 0.435 0.450 0.369 0.434 0.569 0.545 0.502 0.557 0.557 0.340 0.221 0.199 0.217 0.238 0.128 0.273 0.186 0.174 0.043 0.025 0.697 
452 0.318 0.442 0.450 0.377 0.432 0.562 0.535 0.507 0.559 0.555 0.328 0.221 0.197 0.216 0.239 0.129 0.271 0.187 0.174 0.040 0.025 0.693 
453 0.317 0.442 0.448 0.380 0.417 0.565 0.544 0.508 0.548 0.560 0.317 0.223 0.197 0.216 0.246 0.129 0.273 0.182 0.166 0.040 0.026 0.688 
454 0.326 0.430 0.449 0.369 0.419 0.552 0.534 0.508 0.549 0.559 0.319 0.221 0.199 0.209 0.242 0.128 0.275 0.178 0.171 0.043 0.027 0.685 
455 0.321 0.431 0.444 0.370 0.419 0.548 0.541 0.513 0.546 0.560 0.327 0.220 0.202 0.201 0.236 0.124 0.271 0.171 0.164 0.042 0.028 0.685 
456 0.320 0.421 0.449 0.382 0.424 0.528 0.537 0.514 0.541 0.552 0.327 0.220 0.202 0.201 0.245 0.119 0.276 0.169 0.167 0.047 0.029 0.686 
457 0.325 0.418 0.448 0.380 0.428 0.535 0.526 0.516 0.549 0.538 0.327 0.223 0.207 0.197 0.250 0.117 0.270 0.169 0.170 0.048 0.030 0.684 
458 0.325 0.414 0.453 0.377 0.432 0.530 0.532 0.512 0.544 0.535 0.329 0.225 0.211 0.195 0.250 0.116 0.274 0.181 0.171 0.049 0.030 0.684 
459 0.327 0.415 0.453 0.386 0.430 0.539 0.539 0.507 0.551 0.540 0.330 0.229 0.204 0.201 0.247 0.111 0.289 0.184 0.159 0.053 0.031 0.684 
460 0.321 0.408 0.453 0.393 0.443 0.538 0.552 0.505 0.564 0.552 0.327 0.232 0.202 0.198 0.243 0.109 0.284 0.180 0.167 0.058 0.031 0.686 
461 0.322 0.406 0.458 0.386 0.446 0.553 0.549 0.509 0.568 0.549 0.331 0.233 0.199 0.199 0.243 0.117 0.288 0.179 0.159 0.058 0.030 0.685 
462 0.325 0.424 0.462 0.384 0.447 0.559 0.538 0.508 0.565 0.555 0.341 0.232 0.201 0.197 0.240 0.111 0.290 0.177 0.162 0.060 0.030 0.686 
463 0.321 0.426 0.465 0.385 0.447 0.573 0.531 0.504 0.572 0.557 0.341 0.225 0.205 0.196 0.242 0.107 0.294 0.177 0.161 0.062 0.029 0.688 
464 0.318 0.425 0.476 0.387 0.443 0.571 0.535 0.500 0.566 0.552 0.345 0.221 0.210 0.195 0.246 0.106 0.298 0.174 0.156 0.063 0.029 0.687 
465 0.322 0.421 0.472 0.384 0.438 0.568 0.540 0.493 0.561 0.558 0.359 0.214 0.206 0.197 0.241 0.105 0.298 0.172 0.154 0.065 0.030 0.684 
466 0.327 0.419 0.467 0.389 0.433 0.569 0.545 0.493 0.555 0.552 0.367 0.211 0.213 0.199 0.241 0.100 0.295 0.165 0.154 0.065 0.029 0.675 
467 0.330 0.416 0.465 0.391 0.428 0.567 0.538 0.492 0.548 0.551 0.371 0.213 0.209 0.201 0.241 0.108 0.289 0.163 0.149 0.063 0.031 0.670 
468 0.325 0.419 0.466 0.383 0.425 0.558 0.546 0.486 0.553 0.554 0.372 0.219 0.213 0.197 0.237 0.109 0.279 0.165 0.156 0.060 0.031 0.673 
469 0.309 0.423 0.462 0.377 0.423 0.548 0.550 0.487 0.553 0.548 0.364 0.216 0.213 0.197 0.241 0.110 0.292 0.170 0.159 0.055 0.031 0.676 
470 0.315 0.422 0.463 0.389 0.422 0.555 0.563 0.492 0.549 0.538 0.366 0.214 0.208 0.198 0.238 0.114 0.292 0.159 0.163 0.055 0.030 0.679 
471 0.322 0.427 0.459 0.391 0.416 0.559 0.557 0.494 0.546 0.538 0.368 0.216 0.209 0.194 0.234 0.111 0.278 0.154 0.163 0.056 0.028 0.690 
472 0.320 0.421 0.458 0.394 0.419 0.559 0.558 0.497 0.542 0.555 0.378 0.216 0.212 0.191 0.235 0.110 0.274 0.154 0.165 0.056 0.027 0.698 
473 0.322 0.422 0.461 0.387 0.422 0.550 0.552 0.500 0.544 0.554 0.380 0.226 0.216 0.192 0.233 0.106 0.287 0.157 0.169 0.060 0.027 0.704 
474 0.322 0.419 0.461 0.389 0.421 0.531 0.549 0.497 0.542 0.548 0.378 0.235 0.217 0.190 0.234 0.107 0.288 0.158 0.170 0.062 0.025 0.702 
475 0.316 0.418 0.465 0.387 0.421 0.521 0.545 0.499 0.535 0.537 0.378 0.238 0.212 0.192 0.235 0.106 0.290 0.159 0.168 0.065 0.026 0.702 
476 0.322 0.420 0.466 0.366 0.425 0.512 0.552 0.498 0.535 0.536 0.378 0.239 0.213 0.191 0.233 0.110 0.288 0.151 0.158 0.066 0.025 0.699 
477 0.316 0.415 0.472 0.372 0.426 0.509 0.552 0.510 0.542 0.531 0.381 0.242 0.212 0.200 0.237 0.112 0.284 0.159 0.163 0.066 0.025 0.698 
478 0.319 0.415 0.469 0.380 0.436 0.518 0.548 0.504 0.547 0.534 0.378 0.244 0.212 0.195 0.233 0.107 0.289 0.158 0.159 0.067 0.025 0.696 
479 0.315 0.421 0.470 0.388 0.438 0.522 0.544 0.507 0.545 0.533 0.379 0.244 0.219 0.202 0.231 0.112 0.284 0.163 0.152 0.069 0.024 0.701 
480 0.324 0.416 0.471 0.394 0.441 0.529 0.545 0.501 0.545 0.533 0.377 0.246 0.218 0.190 0.234 0.114 0.276 0.161 0.151 0.064 0.025 0.699 
481 0.320 0.417 0.475 0.380 0.444 0.529 0.537 0.500 0.544 0.539 0.368 0.242 0.216 0.189 0.236 0.119 0.266 0.166 0.145 0.064 0.026 0.698 
482 0.316 0.420 0.466 0.387 0.437 0.543 0.540 0.503 0.564 0.535 0.367 0.242 0.218 0.193 0.235 0.120 0.263 0.166 0.147 0.063 0.027 0.697 
483 0.311 0.427 0.462 0.394 0.434 0.544 0.554 0.502 0.562 0.523 0.371 0.238 0.214 0.198 0.233 0.127 0.247 0.165 0.159 0.063 0.029 0.696 
484 0.313 0.424 0.468 0.397 0.433 0.548 0.558 0.505 0.561 0.547 0.372 0.238 0.208 0.203 0.232 0.122 0.248 0.171 0.154 0.064 0.029 0.688 
485 0.311 0.420 0.480 0.395 0.429 0.546 0.568 0.501 0.554 0.544 0.380 0.243 0.208 0.198 0.230 0.121 0.251 0.179 0.150 0.063 0.030 0.681 
486 0.325 0.410 0.477 0.397 0.430 0.551 0.575 0.508 0.551 0.540 0.373 0.240 0.206 0.192 0.234 0.119 0.252 0.180 0.145 0.063 0.030 0.684 
487 0.321 0.408 0.482 0.399 0.418 0.545 0.573 0.506 0.557 0.541 0.376 0.240 0.207 0.194 0.236 0.118 0.259 0.184 0.147 0.061 0.030 0.688 
488 0.321 0.412 0.475 0.387 0.423 0.556 0.578 0.510 0.547 0.542 0.369 0.241 0.207 0.193 0.231 0.119 0.257 0.183 0.145 0.062 0.030 0.689 
489 0.323 0.404 0.476 0.386 0.423 0.557 0.577 0.508 0.539 0.540 0.380 0.246 0.204 0.184 0.229 0.118 0.259 0.189 0.150 0.061 0.031 0.684 
490 0.324 0.402 0.471 0.383 0.428 0.553 0.572 0.507 0.551 0.534 0.380 0.245 0.212 0.179 0.232 0.120 0.253 0.191 0.153 0.065 0.029 0.689 
491 0.329 0.405 0.467 0.378 0.430 0.552 0.562 0.503 0.554 0.526 0.375 0.250 0.211 0.174 0.230 0.131 0.254 0.184 0.145 0.064 0.029 0.692 
492 0.332 0.411 0.462 0.380 0.430 0.550 0.564 0.501 0.570 0.530 0.371 0.246 0.215 0.174 0.229 0.128 0.247 0.178 0.151 0.065 0.028 0.700 
493 0.333 0.418 0.459 0.383 0.426 0.549 0.563 0.498 0.566 0.542 0.364 0.243 0.214 0.174 0.228 0.124 0.254 0.180 0.154 0.067 0.028 0.698 
494 0.334 0.426 0.454 0.378 0.424 0.564 0.574 0.491 0.568 0.540 0.364 0.239 0.214 0.177 0.230 0.127 0.260 0.181 0.151 0.063 0.027 0.694 
495 0.332 0.423 0.452 0.369 0.420 0.555 0.573 0.483 0.562 0.535 0.367 0.241 0.211 0.179 0.229 0.126 0.270 0.178 0.149 0.063 0.027 0.696 
496 0.329 0.414 0.447 0.379 0.415 0.549 0.574 0.479 0.564 0.532 0.361 0.240 0.215 0.180 0.221 0.122 0.287 0.169 0.158 0.060 0.030 0.696 
497 0.332 0.418 0.448 0.381 0.409 0.550 0.560 0.480 0.565 0.539 0.357 0.240 0.212 0.185 0.222 0.123 0.300 0.172 0.160 0.059 0.030 0.699 
498 0.337 0.409 0.440 0.380 0.426 0.540 0.564 0.478 0.569 0.544 0.369 0.239 0.208 0.193 0.226 0.126 0.302 0.175 0.158 0.064 0.032 0.699 
499 0.336 0.408 0.444 0.381 0.428 0.531 0.556 0.489 0.567 0.553 0.367 0.233 0.210 0.188 0.229 0.125 0.296 0.171 0.157 0.065 0.031 0.693 