0 0 31 0 1 1 0 0 0 1 0 3 0 0 15 0 0 0 35 0 0 1 0 88
1 0 10 0 0 0 0 0 0 0 0 1 0 0 15 0 0 0 0 0 0 12 0 38
2 1 0 0 0 0 0 0 0 0 0 0 0 0 11 0 0 0 7 0 0 8 0 27
3 0 0 0 0 0 0 0 0 6 0 0 0 1 5 0 0 0 12 0 0 0 0 24
4 0 11 0 0 0 0 0 0 0 0 0 0 0 8 0 0 0 0 0 0 30 0 49
5 0 0 0 0 0 0 0 0 0 0 0 0 0 2 0 0 0 8 0 0 22 0 32
6 0 0 0 0 0 11 0 0 0 0 0 0 0 8 0 0 0 8 0 0 0 0 27
7 0 0 0 0 0 0 1 0 0 0 0 0 0 7 0 0 0 0 0 0 31 0 39
8 0 12 0 0 0 0 0 0 0 3 0 0 0 1 0 0 0 8 0 0 7 0 31
9 0 0 0 0 4 0 0 0 33 13 14 0 1 12 0 0 0 14 0 0 0 0 91
10 0 0 0 0 0 0 0 0 0 0 0 0 0 6 0 0 0 5 0 0 7 0 18
11 0 0 0 0 0 0 0 0 0 1 1 0 0 17 0 0 0 0 0 0 15 0 34
12 16 0 0 0 0 10 0 0 0 7 0 0 1 17 0 0 0 1 0 0 1 0 53
13 0 21 0 11 0 0 0 0 0 0 0 0 0 0 0 0 0 0 0 0 14 0 46
14 0 56 0 0 0 0 0 0 0 0 0 0 0 0 0 0 0 3 0 0 1 0 60
15 0 0 0 0 0 0 0 0 0 0 0 0 0 0 0 0 0 7 0 0 24 0 31
16 0 0 0 1 0 23 0 0 0 0 0 0 0 0 0 0 0 0 0 0 16 0 40
17 0 0 0 0 0 0 1 0 0 0 0 0 0 6 0 0 9 0 0 21 17 0 54
18 0 0 12 0 1 0 0 0 0 0 14 0 0 0 0 0 0 7 0 0 9 0 43
19 19 7 0 0 0 25 0 0 0 0 0 0 17 0 0 0 0 0 0 0 73 0 141
20 0 0 0 0 0 0 0 0 19 0 8 0 0 1 0 0 0 0 0 0 30 0 58
21 0 1 0 0 0 23 0 0 0 0 0 0 0 0 0 0 0 0 0 0 60 0 84
22 1 13 0 1 9 0 0 0 0 0 0 0 0 0 0 0 0 0 0 0 8 0 32
23 13 0 0 0 0 0 0 0 1 8 0 1 0 0 0 0 0 0 0 0 12 0 35
24 0 0 0 0 0 0 0 0 16 1 0 27 18 0 0 0 0 0 0 0 0 0 62
25 12 0 0 0 0 0 0 0 0 0 0 0 0 0 0 0 0 0 0 0 14 0 26
26 0 0 0 0 1 41 0 0 0 0 0 0 0 1 0 0 0 1 0 0 30 0 74
27 0 0 0 0 1 20 0 0 0 0 0 0 15 0 0 0 0 0 0 0 6 0 42
28 0 0 0 0 0 7 0 0 1 14 0 0 0 5 0 0 0 1 0 0 39 0 67
29 0 0 0 0 0 9 0 0 17 0 0 0 0 0 0 0 0 0 0 0 1 0 27
30 0 0 0 0 0 30 0 0 13 1 0 0 0 0 0 17 0 0 15 0 0 0 76
31 0 7 0 0 0 0 0 7 7 0 33 0 0 0 0 0 0 0 0 0 18 0 72
32 0 37 0 0 0 1 0 0 0 0 0 0 0 0 0 0 0 8 0 0 1 0 47
33 0 0 0 0 1 0 0 1 1 0 0 0 0 0 0 0 0 8 0 0 14 0 25
34 25 0 0 0 0 13 22 0 2 0 0 0 0 20 0 0 0 25 0 0 0 0 107
35 0 0 0 0 0 6 0 14 0 0 0 0 0 1 0 0 0 0 0 0 14 0 35
36 0 13 0 0 0 0 0 0 1 15 1 9 0 15 0 0 0 1 0 0 2 0 57
37 0 0 0 0 18 16 0 0 0 0 4 0 17 0 0 0 0 0 0 0 0 0 55
38 0 1 0 0 0 12 0 0 0 0 31 0 0 0 0 0 0 0 1 0 1 0 46
39 0 0 0 0 0 0 0 0 0 1 0 0 0 0 0 0 0 0 2 10 21 0 34
40 0 0 0 0 0 7 0 0 21 0 0 0 0 0 0 0 0 1 0 0 8 0 37
41 0 0 0 0 0 13 0 0 0 0 53 0 0 0 1 0 0 0 0 0 0 0 67
42 17 0 0 0 0 26 0 0 0 0 0 0 0 0 0 0 0 0 0 0 1 0 44
43 0 0 0 0 1 1 0 5 0 75 0 0 0 12 0 0 0 0 0 1 0 0 95
44 0 0 0 0 0 14 0 0 8 1 0 12 5 10 0 0 0 0 0 10 0 0 60
45 0 0 0 0 0 0 0 1 28 1 0 0 15 0 1 0 0 1 0 0 47 0 94
46 1 0 0 0 0 0 0 0 29 0 1 0 0 0 0 0 0 0 0 0 38 0 69
47 0 0 0 0 0 12 1 0 0 0 19 0 0 0 0 0 0 2 0 27 5 0 66
48 0 37 0 0 1 18 0 0 0 0 50 0 0 0 0 0 0 0 0 15 49 0 170
49 0 11 0 0 0 9 0 0 0 0 1 0 0 0 0 0 0 0 0 0 29 0 50
50 0 21 0 1 0 4 0 0 0 0 13 0 0 0 0 0 1 0 0 0 15 0 55
51 0 13 0 0 0 1 0 1 15 0 14 1 0 13 0 0 1 0 0 0 0 0 59
52 0 0 0 0 11 1 0 0 2 1 61 0 0 0 0 0 0 0 0 0 12 0 88
53 20 0 0 0 0 1 0 0 28 1 3 0 0 1 0 21 0 1 0 0 29 0 105
54 0 0 0 0 0 2 0 0 0 37 28 0 0 0 0 0 0 8 0 1 1 0 77
55 1 0 0 0 1 2 15 0 0 45 127 0 0 0 0 0 9 1 0 0 16 0 217
56 1 29 0 0 0 17 0 0 0 16 68 1 0 0 0 1 0 0 0 0 1 0 134
57 0 0 0 0 0 1 0 0 0 23 0 0 0 0 0 0 0 8 0 0 12 0 44
58 0 1 0 0 0 2 1 0 0 51 0 0 1 0 0 0 2 0 0 0 26 0 84
59 0 0 0 0 0 12 0 1 13 1 0 0 0 1 0 1 0 1 0 0 12 0 42
60 0 0 0 0 0 10 0 0 0 0 0 11 0 0 0 0 0 0 0 1 0 0 22
61 1 23 1 0 0 2 1 16 0 0 5 0 0 0 0 0 0 0 0 11 0 0 60
62 1 1 0 0 0 13 0 31 0 25 0 0 1 0 0 0 1 0 10 0 2 0 85
63 0 1 0 11 0 3 0 0 0 1 1 0 0 0 0 0 0 0 0 9 24 0 50
64 0 0 0 0 15 0 0 1 0 11 0 0 0 22 0 0 0 0 0 0 59 0 108
65 1 0 0 7 18 1 0 0 61 6 20 0 0 3 0 0 0 0 0 9 30 0 156
66 0 0 1 0 0 0 0 0 8 74 0 0 15 15 0 0 0 0 0 9 28 0 150
67 28 2 0 0 0 0 0 0 0 21 19 0 6 24 0 0 0 0 0 8 42 0 150
68 0 1 0 0 0 1 0 0 0 96 113 0 18 0 1 0 0 0 0 0 28 0 258
69 0 7 0 0 0 0 0 0 15 18 30 2 0 1 0 0 1 0 0 0 16 0 90
70 0 0 0 0 0 12 30 1 0 0 17 7 0 0 0 0 0 0 0 0 0 0 67
71 0 0 0 0 0 29 0 0 7 0 0 15 0 0 0 12 39 0 0 0 23 0 125
72 11 25 0 0 0 6 0 22 28 0 66 14 0 10 0 0 0 0 0 0 6 0 188
73 0 1 15 0 0 1 3 0 0 0 40 1 0 0 6 0 16 0 0 0 1 0 84
74 0 81 18 0 0 11 32 10 10 0 3 0 0 0 0 10 9 0 0 1 18 0 203
75 0 137 25 0 0 21 47 20 36 0 30 1 0 0 0 0 0 0 0 0 12 0 329
76 1 15 0 0 3 0 0 0 33 4 0 0 0 0 0 0 2 0 0 1 0 0 59
77 25 39 0 0 0 54 13 0 11 30 0 0 0 0 0 0 1 0 0 0 20 0 193
78 0 1 30 0 1 6 35 0 8 47 0 2 14 0 0 0 8 5 0 0 13 0 170
79 54 0 29 0 0 36 1 0 0 10 2 19 0 1 0 0 1 0 0 6 16 0 175
80 0 22 30 0 0 35 25 0 0 52 81 32 0 0 0 0 10 0 0 7 1 0 295
81 0 1 46 0 0 0 0 1 0 0 47 0 25 13 0 0 26 0 0 0 12 0 171
82 0 35 59 0 0 0 1 0 0 0 1 1 0 11 0 1 0 0 0 0 2 0 111
83 0 9 1 0 0 1 0 44 0 4 93 0 13 12 0 0 0 0 0 0 6 0 183
84 0 113 35 0 0 1 0 73 0 0 2 0 12 0 0 0 0 0 0 0 2 0 238
85 0 21 27 0 29 1 4 41 0 2 14 0 17 0 0 0 0 0 0 0 22 0 178
86 0 57 1 0 0 16 1 19 0 2 1 0 0 0 11 0 0 0 0 1 0 0 109
87 0 70 0 0 0 1 64 30 21 55 1 0 1 7 0 0 2 0 0 0 0 0 252
88 1 71 0 0 0 42 1 0 29 14 37 0 0 1 0 21 0 9 0 0 38 0 264
89 1 34 0 1 0 29 26 0 6 81 3 0 0 0 0 5 84 0 0 0 19 0 289
90 0 19 8 0 0 3 0 0 2 27 9 0 0 1 0 1 0 0 1 0 11 0 82
91 20 1 46 0 0 30 1 30 54 62 39 0 0 0 0 15 0 13 0 5 86 0 402
92 0 0 0 0 0 23 0 20 42 0 25 17 17 0 0 0 13 0 0 0 24 0 181
93 30 21 12 0 0 1 0 14 28 0 1 0 0 0 0 0 1 0 0 0 28 0 136
94 48 53 13 0 0 5 0 18 15 0 5 0 0 0 0 16 26 0 0 1 55 0 255
95 0 0 1 10 0 1 0 26 76 15 41 0 0 21 0 0 0 0 0 0 13 0 204
96 8 4 0 15 1 1 0 23 14 2 1 0 0 2 49 0 15 0 0 1 31 0 167
97 64 23 1 0 0 0 33 20 0 1 37 0 1 0 0 1 0 0 0 0 0 0 181
98 0 45 1 1 0 16 3 96 1 21 30 1 36 0 0 0 22 0 0 0 0 0 273
99 40 87 2 15 0 17 5 0 23 6 0 36 30 1 0 0 1 0 0 3 27 0 293
100 0 56 0 0 0 21 22 11 36 64 0 0 3 9 28 0 33 13 0 0 30 0 326
101 0 53 0 0 0 0 56 0 33 22 0 16 0 10 0 0 13 0 0 0 18 0 221
102 37 6 12 0 1 31 28 0 9 8 1 19 0 26 0 0 21 17 0 0 0 0 216
103 0 3 1 0 1 0 0 0 2 1 9 0 0 0 0 0 23 1 0 0 0 0 41
104 1 10 29 0 0 1 0 33 0 8 21 0 0 0 0 7 12 0 0 0 20 0 142
105 38 8 2 0 0 78 12 78 0 40 14 8 0 0 0 0 7 1 0 0 1 0 287
106 49 72 16 1 24 34 11 52 1 8 1 0 0 0 0 0 0 0 0 0 2 0 271
107 0 0 3 0 60 48 82 29 13 22 13 0 0 0 0 1 0 0 0 0 0 0 271
108 7 29 2 0 0 87 35 5 18 17 30 1 0 16 8 0 0 0 0 0 2 0 257
109 27 42 58 0 0 9 17 0 0 0 0 0 0 0 26 0 1 0 0 0 12 0 192
110 0 29 12 0 0 2 9 49 41 8 20 0 0 0 0 0 2 0 0 0 25 0 197
111 0 17 5 0 0 1 29 45 18 31 1 0 1 0 0 0 0 0 0 0 44 0 192
112 0 60 1 0 35 8 0 15 22 7 14 1 1 0 0 11 12 2 0 0 4 0 193
113 0 26 2 14 0 2 37 1 0 0 1 8 9 0 0 0 0 0 0 15 10 0 125
114 1 40 4 0 1 60 17 12 24 0 18 0 0 0 0 0 1 0 0 27 95 0 300
115 17 86 25 0 1 47 24 15 19 2 10 1 22 1 0 0 1 0 0 0 0 0 271
116 13 0 1 0 0 31 0 1 30 0 0 0 8 1 0 0 30 0 0 6 10 0 131
117 0 6 24 0 0 0 0 21 15 13 26 29 0 0 1 0 0 1 0 0 1 0 137
118 0 0 0 0 0 1 1 5 1 39 12 0 0 0 0 0 0 0 0 0 1 0 60
119 1 0 9 0 0 29 29 47 29 25 35 0 0 14 0 0 0 1 0 0 38 0 257
120 43 1 16 0 0 12 17 30 51 33 1 0 1 1 21 0 19 0 0 6 16 0 268
121 68 15 36 0 0 17 2 33 32 16 0 6 0 0 0 0 0 0 0 10 0 0 235
122 26 84 11 0 0 6 2 60 2 1 15 25 12 2 0 0 1 0 0 0 0 0 247
123 28 20 6 0 0 35 15 2 18 16 1 27 0 20 0 0 0 0 0 0 11 0 199
124 117 84 2 0 43 61 24 0 29 37 8 0 0 22 0 0 16 0 0 0 23 0 466
125 22 21 1 0 6 7 14 30 2 31 20 0 0 1 0 0 16 0 0 9 1 0 181
126 29 12 0 0 1 0 21 78 40 2 0 0 0 0 0 0 2 1 0 0 0 0 186
127 0 62 20 0 1 1 11 14 15 32 7 28 0 0 1 0 24 1 0 1 11 0 229
128 0 53 2 0 0 12 2 50 29 37 5 15 0 0 0 0 71 17 0 1 12 0 306
129 40 84 14 0 0 18 10 0 37 0 23 73 0 0 1 0 12 0 0 0 2 0 314
130 51 1 8 0 0 11 17 7 17 14 0 30 0 0 0 0 0 0 0 2 0 0 158
131 46 5 19 0 0 34 17 0 17 0 19 2 0 0 1 1 0 0 0 0 2 0 163
132 35 70 15 0 0 27 27 28 14 0 27 0 0 0 40 0 0 0 0 0 7 0 290
133 38 74 23 0 47 34 16 12 33 19 94 0 0 0 0 0 0 1 0 0 10 0 401
134 5 12 21 0 0 0 1 3 16 51 20 0 15 0 0 0 0 16 0 12 0 0 172
135 136 29 0 1 1 7 38 41 27 78 43 9 0 0 1 41 2 0 0 0 1 0 455
136 31 13 8 0 57 21 33 2 10 13 20 1 0 0 1 0 34 0 0 0 1 0 245
137 11 33 1 1 2 7 4 43 33 19 18 2 0 0 66 1 13 1 0 0 9 0 264
138 0 69 0 0 70 41 33 24 3 34 1 30 0 1 1 0 2 24 0 0 0 0 333
139 38 1 2 0 0 11 48 13 8 2 1 27 0 0 0 0 37 0 0 0 1 0 189
140 2 20 9 1 0 0 18 4 17 18 3 21 0 0 28 0 2 0 0 0 89 0 232
141 1 38 5 0 0 10 10 5 16 3 2 48 13 0 139 22 1 0 0 0 34 0 347
142 1 36 1 0 0 1 15 0 0 28 52 12 1 0 13 0 2 0 0 0 53 0 215
143 0 62 11 0 0 29 2 0 19 9 22 21 0 0 68 0 1 0 0 2 7 0 253
144 12 31 2 0 0 0 3 18 10 2 7 78 0 0 115 0 10 0 0 0 37 0 325
145 52 47 61 0 1 0 29 2 2 5 34 46 0 8 70 0 2 1 0 11 21 0 392
146 36 26 2 26 0 28 95 2 16 36 48 27 0 0 11 12 26 0 0 13 1 0 405
147 1 67 15 0 19 5 2 2 49 15 33 64 16 1 13 0 14 0 0 0 10 0 326
148 26 2 3 0 84 34 2 4 32 8 0 40 0 0 42 1 28 0 0 1 0 0 307
149 96 39 7 0 2 1 2 0 13 24 52 16 0 0 1 0 1 0 0 0 0 0 254
150 1 77 0 0 22 25 1 42 36 11 14 27 37 0 0 0 18 0 0 4 11 0 326
151 1 14 11 0 66 41 1 75 0 25 50 44 24 0 0 9 0 12 0 0 28 0 401
152 91 26 0 2 18 0 1 1 32 16 35 2 12 1 0 52 58 30 0 0 1 0 378
153 38 21 0 0 2 26 0 66 1 1 33 71 15 1 44 26 20 1 0 0 0 0 366
154 1 12 16 0 18 2 67 2 33 30 17 0 0 0 1 12 17 0 0 0 1 0 229
155 18 57 0 0 28 0 49 27 7 10 0 17 6 0 7 0 1 1 0 1 19 0 248
156 16 2 18 2 1 40 21 11 12 20 44 1 0 0 1 0 0 0 0 0 24 0 213
157 0 89 0 0 13 19 56 26 13 37 14 47 1 0 68 0 1 0 0 0 26 0 410
158 1 23 3 0 0 24 13 39 18 3 3 4 0 0 1 0 46 0 0 0 0 0 178
159 47 53 3 31 0 7 4 0 1 43 9 33 0 0 49 0 1 34 0 0 38 0 353
160 17 85 5 0 0 2 2 26 52 12 15 9 1 0 44 0 51 0 0 0 1 0 322
161 56 17 9 2 0 2 36 22 61 10 1 39 0 1 27 0 6 0 0 0 1 0 290
162 28 14 34 14 72 20 29 26 72 2 3 35 0 0 18 0 0 0 0 0 44 0 411
163 32 9 1 3 70 26 16 30 32 16 0 19 15 1 4 6 0 0 0 0 76 0 356
164 9 49 8 35 3 42 1 51 15 13 9 20 0 11 6 22 0 0 0 4 39 0 337
165 25 44 20 12 16 29 10 43 30 1 47 2 8 1 6 0 0 0 0 0 13 0 307
166 0 27 10 9 15 20 72 40 15 1 66 23 22 0 31 45 0 24 0 0 0 0 420
167 2 2 9 40 16 2 34 55 31 24 0 14 0 1 32 0 17 0 0 0 25 0 304
168 26 43 11 24 34 29 63 0 21 10 1 25 28 3 1 0 53 0 0 0 21 0 393
169 1 48 16 2 0 27 24 1 1 28 23 1 1 2 30 0 42 1 0 0 13 0 261
170 1 111 2 11 52 36 0 16 51 14 24 0 0 0 43 0 2 0 0 0 44 0 407
171 0 19 16 25 2 16 50 0 33 61 64 7 0 10 37 1 5 0 0 0 0 0 346
172 0 7 19 28 45 5 29 1 16 63 13 0 1 0 13 0 0 19 0 0 0 0 259
173 31 0 1 26 30 17 9 60 20 17 45 0 0 0 14 0 0 1 0 0 13 0 284
174 13 0 1 7 56 74 15 43 35 23 60 0 0 0 24 0 0 1 0 0 0 0 352
175 83 1 0 0 34 28 8 31 3 127 23 1 0 0 18 11 0 1 0 0 7 0 376
176 22 68 16 19 32 2 28 28 33 46 2 20 0 0 0 17 0 0 0 0 2 0 335
177 26 0 16 23 1 26 0 29 3 1 10 35 21 0 41 0 1 0 0 0 17 0 250
178 58 27 18 17 13 2 15 44 73 2 1 21 0 0 46 0 11 1 0 0 12 0 361
179 28 58 0 15 8 1 10 21 20 33 38 65 0 0 16 0 1 1 0 0 3 0 318
180 2 69 14 33 0 4 76 41 20 0 7 5 23 7 7 0 1 0 0 0 40 0 349
181 24 67 13 48 7 1 43 2 26 1 0 8 3 1 3 0 25 0 1 0 16 0 289
182 13 3 11 11 44 60 24 2 11 52 2 43 37 0 17 0 0 1 0 0 38 0 369
183 27 8 7 0 1 3 9 4 15 5 13 0 4 0 0 1 0 0 0 0 52 0 149
184 1 49 14 0 27 2 4 35 16 1 14 7 0 0 0 0 14 0 0 0 33 0 217
185 2 27 0 0 5 24 16 25 71 4 31 1 1 18 18 1 0 0 0 0 56 0 300
186 0 32 1 0 10 22 11 53 17 2 5 9 1 14 0 0 0 10 0 0 12 0 199
187 7 7 17 0 7 17 0 48 22 27 4 1 2 8 0 80 0 0 0 0 1 0 248
188 15 24 35 58 75 44 10 20 1 11 10 6 0 0 17 23 41 0 0 13 0 0 403
189 1 0 11 1 8 18 31 3 22 34 0 1 10 0 54 0 0 0 0 0 28 0 222
190 9 53 19 20 35 16 25 0 25 67 8 47 32 0 49 0 1 11 0 0 0 0 417
191 20 41 12 0 19 35 13 1 7 21 12 33 4 0 35 0 0 13 0 0 44 0 310
192 153 82 13 0 0 15 13 1 7 17 0 44 1 0 16 0 24 0 0 1 0 0 387
193 34 65 1 1 0 1 1 0 33 17 10 14 11 0 0 0 2 0 1 0 22 0 213
194 41 23 14 1 0 1 8 0 22 27 16 2 18 0 13 0 30 6 0 1 22 0 245
195 53 3 46 18 48 6 38 1 47 19 23 26 38 1 24 0 13 1 0 0 0 0 405
196 17 38 3 55 1 74 3 53 19 22 29 37 0 0 1 0 27 0 1 0 11 0 391
197 0 28 13 17 79 26 24 2 1 1 5 1 0 11 7 77 1 0 0 0 17 0 310
198 1 73 25 2 26 4 22 16 1 30 10 2 0 1 2 1 8 0 0 1 1 0 226
199 1 15 49 2 14 2 61 60 12 42 30 5 1 0 47 0 5 0 0 0 2 0 348
200 1 3 0 15 1 57 19 28 33 22 31 25 0 0 0 0 19 0 0 1 12 0 267
201 2 39 62 18 46 2 40 65 63 8 32 7 0 0 0 0 19 11 0 0 47 0 461
202 1 47 10 8 16 34 9 30 17 18 24 4 2 8 0 0 30 15 0 0 57 0 330
203 30 16 10 74 1 39 19 8 14 52 26 128 0 0 20 1 2 28 0 0 53 0 521
204 35 15 14 1 34 38 11 20 34 19 2 0 11 8 86 0 5 2 0 0 104 0 439
205 75 14 5 8 14 19 11 16 28 20 24 38 28 0 0 0 31 27 0 0 1 0 359
206 20 45 8 0 0 12 10 18 12 54 0 0 24 0 1 0 1 0 0 1 1 0 207
207 74 34 15 1 0 14 3 14 20 33 19 0 1 19 0 1 1 0 0 0 1 0 250
208 68 51 19 1 43 1 2 3 40 20 12 28 11 0 1 0 0 5 0 1 29 0 335
209 12 61 30 8 3 1 10 0 29 23 31 0 40 0 0 0 0 0 0 0 7 0 255
210 15 39 7 23 7 13 45 83 96 18 1 0 30 1 0 2 19 1 0 0 16 0 416
211 64 34 7 20 8 46 37 70 39 6 4 0 2 0 21 39 0 0 1 0 1 0 399
212 3 2 7 1 1 24 20 33 33 38 24 0 52 0 62 4 12 20 0 0 12 0 348
213 0 15 18 1 23 23 17 6 33 47 15 0 34 0 21 43 14 20 0 1 1 0 332
214 0 33 62 2 12 2 21 32 71 23 3 28 8 0 27 11 19 2 0 3 0 0 359
215 0 23 25 12 7 36 2 30 23 13 18 93 20 0 42 38 0 1 0 0 0 0 383
216 0 27 25 1 21 13 19 9 2 52 37 2 38 0 12 0 24 17 13 0 1 0 313
217 40 15 1 12 22 25 8 0 24 16 15 33 24 0 11 0 5 8 0 0 88 0 347
218 46 90 10 32 32 1 58 0 39 38 2 20 0 0 11 0 1 0 1 0 52 0 433
219 41 43 42 6 1 17 26 0 16 58 19 1 0 1 1 0 1 2 0 0 58 0 333
220 3 31 2 21 0 2 57 7 22 19 13 56 0 0 3 1 2 1 0 0 0 0 240
221 5 23 31 23 0 0 22 0 40 0 34 28 1 0 40 0 1 3 0 1 0 0 252
222 27 25 24 13 0 42 4 61 64 1 9 0 2 30 25 27 8 2 1 0 0 0 365
223 7 5 1 31 0 12 3 18 19 1 17 1 17 1 68 2 20 9 0 25 10 0 267
224 0 56 1 29 2 19 1 17 19 0 2 0 8 1 20 1 0 0 0 0 3 0 179
225 1 22 0 19 57 39 22 14 33 21 34 1 18 0 21 16 0 21 0 0 1 0 340
226 0 6 0 0 34 44 30 17 0 34 11 34 26 0 11 1 3 1 1 24 0 0 277
227 65 24 13 1 5 7 23 3 0 36 2 13 37 0 2 6 0 86 12 0 1 0 336
228 32 22 13 0 19 6 12 67 12 41 25 45 13 0 2 39 11 1 1 1 1 0 363
229 20 10 1 1 78 67 52 15 25 13 2 45 1 8 0 0 0 0 16 0 0 0 354
230 1 19 42 5 0 22 0 36 42 35 63 70 0 1 1 0 0 0 35 0 18 0 390
231 41 46 4 35 1 31 35 27 9 20 1 55 22 21 21 0 14 0 24 0 2 0 409
232 0 7 0 25 0 32 34 20 2 32 2 1 15 1 0 0 98 0 0 0 0 0 269
233 62 2 37 27 1 4 4 42 36 37 1 0 18 1 47 0 39 25 0 0 14 0 397
234 5 37 47 2 0 33 1 52 6 42 1 21 7 1 63 1 0 12 12 0 18 0 361
235 5 11 23 3 0 2 1 44 10 37 13 0 2 0 12 51 5 0 0 2 23 0 244
236 42 29 19 1 5 42 25 6 47 7 6 0 18 0 42 0 9 0 0 9 27 0 334
237 43 45 48 12 24 13 57 40 56 13 1 21 0 1 45 1 0 0 0 11 17 0 448
238 55 34 1 0 50 31 12 34 21 27 43 2 50 0 2 0 0 0 0 17 14 0 393
239 104 1 11 2 11 10 2 39 55 45 0 15 22 1 24 3 17 0 0 45 20 0 427
240 1 3 1 0 67 20 2 24 34 0 36 1 7 8 7 1 3 17 29 7 15 0 283
241 0 74 16 90 2 29 0 14 16 14 17 0 23 0 0 15 3 0 7 2 0 0 322
242 0 26 25 10 54 1 72 10 58 1 5 63 2 0 31 12 21 0 0 12 0 0 403
243 1 100 7 18 25 14 3 35 20 51 46 2 67 0 8 49 1 1 0 17 3 0 468
244 30 29 9 12 22 0 2 0 24 56 9 13 1 18 7 1 15 0 0 0 0 0 248
245 25 19 6 0 18 25 6 2 16 29 19 36 0 1 3 23 0 0 16 4 0 0 248
246 0 17 1 0 22 37 3 12 17 2 13 32 14 0 11 0 2 81 0 0 24 0 288
247 76 4 6 0 28 23 25 75 57 11 1 15 0 0 44 1 2 0 0 0 45 0 413
248 26 59 17 8 10 53 41 23 4 8 16 27 0 0 3 0 17 11 0 0 22 0 345
249 94 4 17 33 8 42 8 61 8 35 30 54 0 4 57 14 2 0 0 9 12 0 492
250 75 0 1 0 10 56 13 62 4 2 72 57 24 0 18 0 16 0 0 2 65 0 477
251 71 78 9 20 11 32 2 29 51 24 33 1 3 0 24 0 1 4 1 0 19 0 413
252 39 68 3 1 12 3 41 62 54 36 19 14 9 75 1 0 10 0 0 15 1 0 463
253 1 21 1 39 36 7 4 39 24 60 13 16 2 0 20 1 2 20 0 12 0 0 318
254 0 59 13 22 0 0 0 27 16 3 3 3 32 0 0 12 0 0 0 2 0 0 192
255 1 59 14 0 43 2 26 0 36 22 1 0 11 0 2 37 1 0 1 1 1 0 258
256 25 86 29 0 23 1 1 25 3 15 2 1 2 0 1 16 28 0 8 18 0 0 284
257 1 31 31 1 10 1 58 0 75 21 1 20 21 0 3 1 8 1 4 1 12 0 301
258 0 28 33 0 0 2 0 1 29 25 2 1 12 0 1 21 19 0 0 0 0 0 174
259 3 7 71 6 1 31 10 18 2 16 9 0 0 14 2 16 1 0 0 0 11 0 218
260 1 4 38 7 31 36 18 0 0 40 2 20 0 16 16 0 8 17 0 0 33 0 287
261 38 6 18 34 19 2 16 56 29 26 20 39 6 19 10 2 24 0 1 0 114 0 479
262 6 25 32 1 0 52 4 41 16 7 56 22 16 32 3 0 11 14 16 0 41 0 395
263 73 0 18 19 0 19 7 64 60 2 24 0 0 9 0 1 6 46 35 0 0 0 383
264 0 17 2 0 58 24 1 22 76 43 41 2 18 32 1 0 1 8 2 10 0 0 358
265 0 50 7 25 30 25 3 14 53 22 41 20 61 0 2 0 24 1 1 2 18 0 399
266 16 67 33 20 48 38 4 25 30 33 2 20 12 0 0 2 11 2 0 0 11 0 374
267 0 35 15 4 18 3 25 32 16 14 12 12 9 0 1 0 7 1 0 7 27 0 238
268 48 29 6 0 64 10 9 26 18 7 92 0 118 0 0 0 4 22 1 0 13 0 467
269 85 30 1 16 21 19 12 9 3 7 1 0 0 2 0 0 0 3 13 4 14 0 240
270 3 131 11 18 0 11 21 39 65 8 10 0 25 22 0 1 6 0 1 0 1 0 373
271 2 13 6 64 15 3 83 22 12 27 9 25 11 41 0 0 1 15 0 30 9 0 388
272 31 44 2 1 0 23 16 62 26 20 0 19 14 4 0 0 25 3 0 24 0 0 314
273 64 40 30 14 35 5 24 55 14 58 35 23 7 27 0 0 24 0 0 0 4 0 459
274 58 1 10 1 1 8 1 36 23 16 14 66 30 6 14 0 14 12 1 8 0 0 320
275 23 16 21 23 1 21 14 8 67 42 3 0 1 20 2 0 3 8 0 0 1 0 274
276 2 19 6 0 0 13 1 10 2 43 28 26 29 21 2 9 12 1 0 0 1 0 225
277 0 18 1 26 0 5 50 0 34 19 5 0 1 29 0 3 0 52 0 0 18 0 261
278 1 14 25 22 0 33 37 1 55 32 3 0 21 0 9 1 9 0 19 0 47 0 329
279 0 16 5 38 47 44 21 27 10 8 0 22 11 0 2 105 0 0 3 0 116 0 475
280 0 3 14 16 48 12 1 45 52 0 0 0 29 0 2 13 2 1 0 1 11 0 250
281 1 27 69 0 3 8 39 18 27 56 47 39 26 0 0 8 1 0 1 5 8 0 383
282 9 2 1 35 2 8 1 3 13 35 24 0 2 0 26 8 21 0 0 1 16 0 207
283 2 51 19 1 30 22 2 2 18 0 0 55 43 9 60 0 2 24 8 0 0 0 348
284 50 6 3 6 15 12 30 31 3 11 1 7 8 28 77 5 1 0 14 45 28 0 381
285 86 58 22 0 2 37 83 4 2 4 4 78 16 1 2 0 28 18 0 11 2 0 458
286 63 35 2 1 3 21 17 71 11 43 46 19 27 1 0 0 24 36 13 0 21 0 454
287 77 24 8 12 25 4 10 74 44 46 47 16 1 15 85 1 0 3 0 21 13 0 526
288 85 50 22 51 6 62 54 1 26 2 16 50 41 1 1 10 15 9 0 1 13 0 516
289 2 52 30 8 48 24 1 44 23 28 50 7 22 1 80 21 8 12 0 16 1 0 478
290 0 14 2 1 3 1 39 33 36 20 0 16 0 39 3 0 19 10 1 0 16 0 253
291 27 37 4 11 22 78 6 14 60 9 2 54 0 0 46 1 26 31 14 8 39 0 489
292 1 2 29 10 27 35 0 52 22 9 2 6 1 1 29 0 13 1 36 0 16 0 292
293 1 41 10 0 25 32 1 16 5 0 22 2 11 1 19 38 0 0 67 12 0 0 303
294 43 26 3 0 5 4 1 13 17 1 54 14 23 22 1 2 6 3 43 0 1 0 282
295 0 46 16 55 61 6 13 30 21 40 49 0 14 14 35 0 51 1 0 10 39 0 501
296 5 9 8 26 29 71 44 38 47 1 1 23 1 0 19 24 0 36 0 0 108 0 490
297 0 24 65 22 13 25 14 5 24 7 4 50 24 1 3 7 33 7 0 1 60 0 389
298 2 29 59 12 3 19 0 38 4 17 14 0 12 0 45 11 11 1 2 2 14 0 295
299 40 65 10 11 83 8 15 26 21 27 1 62 25 1 4 0 0 7 24 18 6 0 454
300 102 13 32 7 3 10 72 15 2 27 81 69 22 0 9 30 1 0 1 4 1 0 501
301 66 43 35 23 36 1 2 15 25 3 13 19 16 1 0 10 11 12 2 0 1 0 334
302 69 51 14 12 6 12 1 71 1 36 25 4 13 26 0 19 31 1 1 5 7 0 405
303 15 1 3 38 19 9 28 28 6 1 1 37 60 6 0 6 34 11 14 72 0 0 389
304 41 38 7 8 12 65 30 11 65 2 22 1 2 7 11 0 5 0 2 1 14 0 344
305 31 4 16 1 42 3 35 9 38 29 2 0 43 20 29 1 0 2 6 2 1 0 314
306 0 77 14 38 39 31 26 7 38 28 25 0 49 0 14 2 3 1 18 0 0 0 410
307 23 30 9 21 57 18 3 9 44 60 18 0 0 0 2 0 0 28 13 16 25 0 376
308 28 71 18 18 3 1 46 54 2 9 1 2 18 0 60 35 0 8 9 3 18 0 404
309 0 17 13 0 45 9 11 56 19 38 2 52 19 0 45 0 16 34 1 9 8 0 394
310 67 22 31 2 42 36 39 50 2 20 0 30 0 1 3 0 0 22 0 0 45 0 412
311 0 64 38 1 28 42 30 53 17 8 1 3 4 1 8 5 21 29 3 2 48 0 406
312 1 18 1 23 52 6 5 44 4 37 39 97 0 0 62 20 0 83 28 18 25 0 563
313 73 43 19 51 13 14 28 45 60 21 14 0 30 0 4 26 32 0 29 0 9 0 511
314 60 11 0 10 39 2 5 10 5 0 30 8 7 0 13 8 29 0 1 0 97 0 335
315 50 28 25 1 11 12 18 23 64 18 14 19 2 0 31 12 1 0 1 1 70 0 401
316 14 23 30 30 53 18 41 19 65 26 0 11 1 13 30 11 25 0 8 0 1 0 419
317 70 46 15 14 2 48 9 23 10 63 13 30 52 0 10 9 1 1 60 1 0 0 477
318 16 63 43 12 11 11 26 56 2 58 30 1 11 0 1 6 10 0 0 0 1 0 358
319 32 18 14 1 11 2 43 3 2 7 3 0 0 5 3 2 5 0 21 22 0 0 194
320 22 46 16 10 13 30 14 0 37 16 46 0 0 14 10 1 26 0 1 6 5 0 313
321 12 76 26 18 83 0 2 0 23 33 19 0 0 8 0 0 4 63 1 2 1 0 371
322 0 45 33 29 0 1 12 22 4 19 0 65 21 11 1 1 2 60 9 0 32 0 367
323 0 50 7 48 0 1 4 1 32 29 22 1 12 0 25 36 36 0 16 0 0 0 320
324 2 6 8 24 1 1 42 4 1 9 9 20 4 14 1 20 1 11 0 10 0 0 188
325 32 34 19 27 0 1 29 41 45 58 21 30 9 14 1 17 3 23 3 15 1 0 423
326 67 32 30 30 20 28 44 5 7 3 35 4 2 0 0 2 1 0 24 6 2 0 342
327 100 49 17 14 55 2 4 21 36 12 12 36 24 0 1 16 7 0 0 0 35 0 441
328 8 31 19 0 37 13 27 47 43 19 32 46 44 1 3 19 26 0 0 31 63 0 509
329 38 49 6 0 26 1 5 84 8 25 20 2 27 0 11 10 4 0 14 1 20 0 351
330 51 34 9 1 30 13 8 31 33 0 29 1 2 0 4 0 0 0 0 9 35 0 290
331 79 14 24 14 33 54 36 45 31 0 4 0 1 0 11 3 0 0 1 16 84 0 450
332 46 10 34 1 29 12 16 45 29 2 29 1 0 1 4 7 1 0 1 19 1 0 288
333 17 72 12 0 34 21 2 20 28 0 43 0 1 1 30 10 81 3 0 0 2 0 377
334 36 13 34 1 0 23 21 47 56 2 3 4 0 0 10 0 0 8 6 20 21 0 305
335 46 6 23 0 0 16 1 9 25 60 2 2 9 0 1 31 1 1 0 20 1 0 254
336 18 30 2 3 0 18 0 0 4 40 45 0 5 0 0 0 81 0 17 10 1 0 274
337 0 49 25 3 0 36 13 0 55 13 1 19 32 0 0 10 8 2 8 12 0 0 286
338 18 59 35 30 0 10 11 1 39 25 23 1 3 0 0 0 0 20 0 2 2 0 279
339 0 59 72 42 1 3 34 0 49 54 32 7 4 0 0 16 0 11 0 8 30 0 422
340 0 3 16 26 0 3 16 0 8 76 3 71 0 0 16 0 0 0 0 22 60 0 320
341 13 4 26 52 0 18 23 23 105 13 16 49 45 15 21 0 1 4 37 3 12 0 480
342 0 53 9 36 30 0 2 42 47 3 28 39 36 0 48 0 1 19 18 12 0 0 423
343 0 46 36 1 33 1 21 58 75 52 21 50 17 1 80 0 0 1 15 16 10 0 534
344 0 1 23 3 32 7 13 36 48 54 31 21 0 1 54 13 0 34 1 8 0 0 380
345 5 15 18 18 38 57 26 68 10 8 8 1 2 16 1 19 0 0 15 0 1 0 326
346 24 20 10 0 18 34 18 44 31 2 1 0 0 23 4 1 0 0 9 3 1 0 243
347 46 49 23 15 20 15 7 40 42 23 28 2 0 42 5 15 33 0 9 0 23 0 437
348 1 12 35 0 36 2 35 72 33 29 0 1 60 0 7 15 0 8 0 0 115 0 461
349 36 13 14 1 27 21 17 22 18 15 1 0 2 33 18 9 1 0 10 0 70 0 328
350 154 74 16 1 60 2 62 19 19 23 2 0 18 18 38 1 2 17 11 2 33 0 572
351 35 56 0 0 0 39 40 66 45 12 32 0 36 1 30 2 28 1 1 0 2 0 426
352 3 45 14 1 0 17 32 44 55 14 16 37 42 0 17 12 1 34 8 0 1 0 393
353 34 19 59 1 1 26 12 36 14 23 31 1 42 8 49 0 0 0 5 0 2 0 363
354 88 81 14 23 0 38 26 19 27 55 6 24 26 0 15 0 24 0 0 48 35 0 549
355 0 79 13 66 9 3 17 51 45 21 32 1 23 11 0 1 1 1 0 2 11 0 387
356 0 15 2 6 12 30 7 37 36 29 24 25 28 2 12 0 7 0 12 2 16 0 302
357 2 24 70 11 10 24 37 22 42 29 4 6 29 0 0 0 1 0 1 0 14 0 326
358 63 12 76 60 17 1 17 2 22 29 2 69 49 30 1 2 2 0 2 16 16 0 488
359 13 58 31 4 77 23 24 55 1 18 65 28 12 51 3 31 1 0 10 18 1 0 524
360 1 65 29 39 21 4 14 6 55 21 25 56 41 1 2 3 15 0 0 34 26 0 458
361 9 33 3 18 2 33 26 27 113 2 16 17 18 11 3 1 45 0 9 13 18 0 417
362 21 59 6 2 64 37 0 2 5 61 3 10 8 3 53 34 1 35 9 0 2 0 415
363 107 135 1 30 74 5 6 42 0 20 18 32 8 3 29 38 9 17 13 1 1 0 589
364 19 30 31 25 24 9 25 25 20 51 1 23 0 23 59 39 21 0 12 33 0 0 470
365 33 47 65 1 3 27 30 24 27 19 32 22 0 1 3 8 2 24 1 17 2 0 388
366 28 58 20 9 0 13 30 62 24 47 19 37 28 8 27 2 2 59 24 3 1 0 501
367 43 3 18 1 1 58 20 1 2 1 35 2 18 1 4 33 15 62 14 1 87 0 420
368 39 15 43 23 1 18 53 0 7 4 0 10 0 0 35 15 41 0 27 14 50 0 395
369 19 65 55 98 0 20 3 12 3 19 33 55 24 1 28 56 5 1 2 13 59 0 571
370 54 33 4 29 28 7 13 2 53 27 1 14 5 0 2 41 6 38 28 12 58 0 455
371 5 17 51 9 19 1 22 0 15 18 45 6 26 9 21 0 7 2 0 1 55 0 329
372 60 31 24 0 1 26 88 51 19 70 22 1 32 0 19 81 42 1 0 17 0 0 585
373 42 74 5 0 51 4 8 28 31 15 27 3 1 0 5 3 0 1 7 1 41 0 347
374 26 72 11 0 37 3 15 33 1 54 70 1 2 0 31 1 3 0 2 0 1 0 363
375 30 103 6 1 12 0 26 5 50 12 45 0 0 17 62 21 0 8 0 4 1 0 403
376 53 39 2 1 15 26 25 82 65 0 65 38 18 16 2 22 17 0 9 19 1 0 515
377 99 33 37 0 33 0 11 17 27 22 2 8 46 0 38 49 2 0 2 0 54 0 480
378 26 38 22 0 3 1 14 20 16 23 16 8 22 13 0 2 2 1 18 9 18 0 272
379 47 39 19 96 1 16 2 52 66 62 1 46 39 39 14 14 0 26 3 0 0 0 582
380 90 109 20 2 18 2 85 58 2 0 13 33 41 13 0 1 8 25 0 0 0 0 520
381 48 56 33 1 59 0 14 24 45 45 18 62 19 14 0 2 33 18 0 17 0 0 508
382 90 70 43 14 0 2 13 43 18 20 51 10 27 2 26 53 8 66 0 11 16 0 583
383 25 13 50 19 26 9 12 19 50 11 30 81 25 0 2 5 0 71 0 3 0 0 451
384 0 1 12 1 1 38 1 31 10 13 52 58 2 7 37 1 1 19 1 0 10 0 296
385 60 20 33 24 19 20 18 45 35 87 0 27 10 73 129 0 16 0 17 1 0 0 634
386 0 93 1 27 68 78 19 37 23 54 23 3 65 1 1 0 1 0 0 8 0 0 502
387 18 23 12 0 33 13 3 3 30 21 23 6 32 23 31 0 23 0 13 6 84 0 397
388 8 47 0 2 43 41 25 0 20 4 6 22 25 1 23 68 0 0 4 0 38 0 377
389 0 44 49 22 46 11 14 0 4 23 47 0 55 0 39 2 1 0 0 60 16 0 433
390 0 29 16 2 42 50 1 1 8 11 30 0 0 26 21 17 0 0 0 39 60 0 353
391 15 49 68 35 14 18 88 11 38 9 9 0 4 25 6 22 6 34 1 1 10 0 463
392 25 99 5 26 0 15 2 1 26 1 1 0 0 19 1 60 1 6 1 0 0 0 289
393 0 8 64 24 0 4 24 26 36 31 6 0 0 0 36 8 14 28 0 2 30 0 341
394 48 28 13 24 1 15 28 30 3 9 50 54 0 0 1 1 1 6 2 3 1 0 318
395 15 15 10 54 0 22 28 2 5 42 28 15 10 0 20 1 1 0 1 0 0 0 269
396 78 14 36 56 1 0 23 80 62 33 31 3 1 0 3 0 40 45 1 13 0 0 520
397 24 45 8 5 29 1 39 58 16 2 19 21 11 0 1 1 1 28 2 2 10 0 323
398 45 38 3 24 46 20 10 6 4 12 0 0 69 0 7 1 2 40 43 21 31 0 422
399 15 64 7 7 16 8 45 3 10 2 2 5 1 19 36 0 20 0 28 3 2 0 293
400 59 40 1 30 42 25 1 52 18 3 41 26 4 16 14 0 1 58 32 43 9 0 515
401 1 43 2 21 20 46 23 0 22 25 22 0 19 18 7 0 0 12 1 0 0 0 282
402 16 41 3 32 25 37 1 1 67 30 41 88 15 14 15 73 2 5 36 0 21 0 563
403 0 22 1 8 11 40 2 0 20 25 35 0 1 23 63 5 1 0 26 0 64 0 347
404 0 14 2 25 29 3 21 0 38 26 90 0 19 22 0 0 0 32 0 15 54 0 390
405 1 0 26 81 56 0 27 33 23 11 14 1 43 0 0 14 22 24 26 2 77 0 481
406 1 66 34 5 45 36 26 56 44 21 7 1 6 1 0 8 38 2 2 1 14 0 414
407 60 30 11 4 0 47 12 32 16 23 1 22 44 1 0 25 1 33 0 19 43 0 424
408 55 108 1 26 11 17 3 19 39 102 4 0 32 0 114 3 0 7 14 1 0 0 556
409 21 8 41 13 0 60 30 33 52 29 19 65 20 0 22 1 32 53 18 32 18 0 567
410 19 63 17 26 1 26 24 65 11 6 4 22 17 30 3 7 1 1 20 19 0 0 382
411 106 46 77 19 1 23 16 25 41 93 16 72 1 26 14 32 11 2 0 6 0 0 627
412 5 16 24 1 18 23 31 43 94 18 28 48 51 27 12 19 23 0 1 41 0 0 523
413 22 72 37 32 24 23 23 39 17 7 53 4 6 29 34 37 0 22 20 2 15 0 518
414 72 30 11 0 15 2 47 2 38 25 24 15 26 11 42 4 9 65 21 15 0 0 474
415 1 26 1 0 19 47 0 60 3 32 33 64 16 8 43 3 48 1 1 0 1 0 407
416 23 96 4 39 35 17 1 11 27 12 44 15 17 63 0 2 11 1 6 26 18 0 468
417 128 61 40 0 38 8 6 20 7 10 5 4 12 1 0 5 21 1 8 14 29 0 418
418 54 8 31 7 27 18 39 69 32 21 35 1 12 39 0 9 47 17 15 19 0 0 500
419 1 59 5 1 18 24 31 40 40 2 14 0 14 0 1 2 4 0 0 1 20 0 277
420 18 90 15 29 43 47 19 16 30 39 1 0 97 0 0 19 0 0 0 0 27 0 490
421 0 29 15 2 17 29 15 81 20 63 20 0 94 0 0 16 2 1 0 0 60 0 464
422 1 44 22 47 5 1 30 0 10 97 80 50 37 0 21 1 2 1 42 9 60 0 560
423 0 127 10 4 24 38 32 1 17 25 3 44 0 0 7 1 8 0 2 4 62 0 409
424 31 26 2 4 10 2 26 1 11 26 22 82 0 3 2 11 7 12 2 1 27 0 308
425 42 16 0 3 2 26 0 2 2 18 3 7 0 19 11 0 4 0 20 5 0 0 180
426 11 38 7 30 25 0 24 0 0 37 3 1 0 34 45 0 12 0 47 9 1 0 324
427 24 66 2 58 2 16 2 0 29 31 24 0 0 31 3 29 5 1 7 0 8 0 338
428 35 23 5 2 19 13 10 52 48 21 90 1 56 1 8 2 13 5 38 8 1 0 451
429 39 18 0 11 46 1 4 28 81 30 21 23 1 1 38 9 18 12 14 1 0 0 396
430 92 35 2 1 34 24 14 15 22 6 4 33 17 26 48 75 2 15 19 1 0 0 485
431 44 19 1 2 31 20 34 26 5 28 35 0 0 20 8 3 2 57 1 2 39 0 377
432 64 14 1 55 12 11 4 3 21 9 12 0 0 6 1 9 2 51 21 1 6 0 303
433 0 63 85 11 10 40 1 11 12 23 2 72 0 17 1 12 1 59 0 0 0 0 420
434 1 22 30 3 0 29 44 27 25 7 11 4 12 7 16 1 20 0 1 5 31 0 296
435 1 28 2 20 0 1 9 54 17 18 9 49 20 0 37 84 0 0 1 1 14 0 365
436 25 14 26 14 1 19 34 1 25 12 20 26 2 24 2 0 29 32 42 9 13 0 370
437 6 31 12 12 1 60 13 11 10 40 14 14 36 28 13 17 10 1 20 12 32 0 393
438 1 77 19 34 23 0 3 32 25 33 31 19 20 25 0 2 40 87 62 0 0 0 533
439 89 37 16 8 54 19 0 39 21 1 35 14 29 1 27 15 0 27 3 22 3 0 460
440 35 37 1 20 12 1 15 64 1 18 6 25 1 2 12 29 25 0 10 0 2 0 316
441 156 40 8 19 27 13 11 0 13 30 31 17 13 0 31 0 26 0 1 0 0 0 436
442 30 39 2 29 9 24 28 5 2 15 11 39 36 2 10 17 2 0 1 1 0 0 302
443 37 80 38 24 24 8 17 26 0 17 90 2 38 14 95 6 3 0 9 0 2 0 530
444 7 79 21 1 29 41 22 1 42 33 27 1 31 20 0 0 1 6 5 1 1 0 369
445 3 30 18 29 1 26 3 3 28 28 25 1 1 0 45 1 0 0 2 0 126 0 370
446 40 47 25 47 0 13 20 29 36 15 18 0 1 0 31 0 61 1 14 0 41 0 439
447 19 36 17 1 0 7 0 21 34 27 28 1 0 4 17 0 0 6 2 0 24 0 244
448 158 65 13 0 1 17 23 30 13 62 13 0 0 0 44 0 28 4 6 1 49 0 527
449 34 103 49 8 85 34 20 29 34 47 3 1 8 0 3 0 44 2 20 0 42 0 566
450 32 1 85 11 44 1 11 29 18 0 44 32 0 0 60 0 10 3 21 27 19 0 448
451 9 73 19 0 93 4 1 5 42 0 54 56 1 0 23 13 18 9 1 15 1 0 437
452 16 81 39 9 12 41 4 11 3 54 4 2 0 0 21 2 33 30 17 0 0 0 379
453 11 46 23 26 12 29 3 29 2 36 33 51 31 0 0 28 13 66 12 36 0 0 487
454 1 41 18 15 15 6 7 28 54 40 51 35 16 0 10 65 28 24 101 1 1 0 557
455 2 73 5 23 43 51 11 9 33 23 32 1 2 0 15 7 0 10 26 3 0 0 369
456 16 97 2 3 55 7 29 26 47 11 15 1 0 19 17 79 38 0 5 31 12 0 510
457 46 16 3 16 82 21 5 76 52 12 33 0 34 0 25 0 0 1 4 43 18 0 487
458 30 35 10 0 20 11 55 1 40 15 30 15 35 12 22 51 1 0 16 1 1 0 401
459 32 54 33 8 0 2 19 0 37 82 50 0 1 23 15 7 1 0 1 0 2 0 367
460 37 0 67 28 0 21 2 1 15 21 2 1 0 21 28 2 29 0 15 2 1 0 293
461 25 34 19 15 24 37 49 2 24 1 54 33 0 60 24 18 43 33 38 2 0 0 535
462 10 104 6 42 16 10 24 39 36 49 14 70 15 8 1 1 24 32 0 0 91 0 592
463 43 31 49 14 4 29 10 15 65 44 20 11 29 3 0 0 1 0 0 14 94 0 476
464 23 5 18 12 1 28 14 23 3 30 28 24 34 0 0 11 36 41 16 26 26 0 399
465 19 68 2 31 79 42 2 52 6 35 51 4 0 0 9 1 2 22 5 0 37 0 467
466 1 13 30 13 1 10 9 77 33 11 24 28 26 13 1 24 2 13 15 29 10 0 383
467 25 104 9 34 57 40 35 11 0 64 2 15 3 0 0 10 9 0 35 7 0 0 460
468 36 25 78 4 28 84 22 17 42 34 2 86 10 0 3 4 44 0 11 1 0 0 531
469 33 69 2 80 11 1 38 33 47 71 2 25 54 0 60 29 8 0 12 21 14 0 610
470 56 14 2 16 39 4 33 30 61 4 17 39 10 0 16 10 8 1 22 14 5 0 401
471 15 16 66 1 40 16 14 2 3 14 41 29 0 0 17 26 44 1 0 4 2 0 351
472 32 27 32 12 8 70 2 25 20 58 33 17 7 0 66 1 0 0 1 8 15 0 434
473 43 21 96 26 33 51 83 6 19 11 22 38 81 0 102 12 61 49 28 1 19 0 802
474 88 2 10 20 57 28 21 23 50 39 25 63 0 1 30 15 6 50 14 14 0 0 556
475 26 73 16 11 26 27 8 2 9 14 10 61 1 1 2 6 16 1 16 0 17 0 343
476 13 32 77 12 26 1 43 57 104 5 7 0 0 0 17 2 1 37 39 0 32 0 505
477 0 44 10 3 2 7 48 71 0 46 29 0 0 13 27 1 15 0 20 17 17 0 370
478 0 54 34 56 30 30 16 31 21 25 53 15 2 0 3 29 1 51 9 1 24 0 485
479 8 82 5 8 36 32 1 6 25 21 35 0 0 32 9 10 0 1 1 1 47 0 360
480 59 117 0 17 42 16 1 15 22 4 6 1 17 12 65 28 37 128 9 13 80 0 689
481 72 22 45 1 16 57 30 19 68 28 78 20 18 24 4 7 45 0 19 18 1 0 592
482 6 31 15 9 37 25 22 11 24 12 12 0 28 0 13 18 53 0 10 0 10 0 336
483 52 39 14 15 36 30 16 87 24 16 36 0 2 0 1 12 34 0 1 1 1 0 417
484 41 2 0 47 13 86 25 51 38 63 2 26 30 0 38 4 2 8 0 0 1 0 477
485 38 41 10 93 1 49 1 30 8 34 15 27 18 0 1 18 22 0 9 1 6 0 422
486 0 33 0 0 25 11 35 19 29 31 12 43 38 0 47 0 8 0 3 2 1 0 337
487 0 49 9 1 8 0 3 1 27 22 29 17 19 0 46 0 23 0 14 1 0 0 269
488 0 10 37 7 26 24 32 5 35 42 15 7 14 1 21 1 7 0 2 4 0 0 290
489 16 30 22 3 34 43 33 24 17 43 14 46 51 1 14 55 1 0 43 0 1 0 491
490 0 20 10 25 32 2 3 29 14 92 63 22 120 0 50 37 47 23 17 12 0 0 618
491 0 73 25 32 49 31 41 7 46 6 38 44 23 1 1 16 11 44 7 8 44 0 547
492 63 21 28 15 14 34 38 0 26 18 6 90 48 0 17 1 20 0 7 21 40 0 507
493 6 31 19 40 15 3 2 27 22 2 28 51 2 1 72 7 20 1 2 0 59 0 410
494 30 44 25 32 13 0 8 1 27 17 8 5 0 1 52 26 42 85 3 3 22 0 444
495 1 44 53 4 42 37 29 61 20 18 58 63 16 6 37 0 1 15 2 24 54 0 585
496 24 56 21 61 27 46 59 3 33 10 2 2 0 4 14 1 14 18 11 0 15 0 421
497 129 9 14 24 46 19 12 83 33 49 11 46 12 21 34 35 8 39 0 26 11 0 661
498 15 38 17 38 49 1 39 38 24 21 31 22 22 1 12 1 3 2 16 0 42 0 432
499 10 35 47 29 13 4 19 41 58 12 11 11 78 1 5 46 2 1 19 4 0 0 