0 263 431 61 97 147 36 31 413 262 295 393 334 531 535 39 167 207 511 130 198 2327 5214 
1 266 413 72 98 151 177 31 411 267 299 386 337 540 520 40 172 211 505 136 213 2326 5035 
2 263 421 73 100 145 209 51 402 278 304 397 330 566 500 43 174 219 487 139 221 2327 4947 
3 267 423 101 102 147 219 70 413 283 303 406 334 584 493 44 175 219 472 148 220 2349 4887 
4 271 416 114 100 147 237 99 422 294 308 439 343 594 485 43 176 219 476 152 246 2314 4769 
5 262 417 121 97 149 320 99 432 339 350 473 348 604 480 42 169 227 470 151 267 2323 4612 
6 267 431 134 97 142 326 99 447 347 363 477 345 614 473 40 168 233 452 155 268 2335 4649 
7 272 427 137 97 149 331 102 451 358 366 498 340 627 467 38 168 239 446 153 303 2315 4752 
8 276 423 153 100 151 347 106 455 374 369 498 335 625 456 40 173 248 440 155 319 2325 4843 
9 276 478 150 107 149 384 101 460 359 390 492 352 642 450 41 168 246 416 179 325 2365 4846 
10 276 490 148 108 145 403 97 467 357 425 494 348 663 431 39 170 246 394 188 335 2365 4897 
11 273 509 152 107 144 413 96 473 370 437 496 347 673 419 36 167 245 400 191 347 2356 4957 
12 262 544 168 103 144 460 92 478 378 431 513 350 698 404 38 169 249 404 194 348 2352 4943 
13 290 529 182 93 148 508 92 478 385 441 519 362 684 408 56 168 251 405 190 363 2373 4968 
14 354 480 180 98 145 576 95 482 383 452 565 363 690 408 60 171 248 406 197 363 2376 4986 
15 364 492 179 97 144 605 99 488 393 469 610 360 690 418 59 176 248 404 206 399 2367 4975 
16 375 482 183 93 170 597 103 481 403 483 603 348 686 412 73 181 256 408 205 420 2372 5050 
17 379 487 197 90 173 622 104 487 408 487 625 353 690 424 77 210 243 415 217 410 2369 5067 
18 387 486 193 101 173 709 105 490 419 516 618 373 666 422 97 204 251 403 219 427 2384 5052 
19 387 506 191 103 198 716 104 511 408 520 640 380 642 419 113 204 252 407 224 509 2276 5116 
20 389 513 192 104 205 719 109 534 374 534 659 387 640 418 116 210 255 415 222 543 2206 5120 
21 393 553 193 103 229 700 108 530 379 537 663 384 626 412 149 217 256 418 219 609 2115 5136 
22 390 574 220 107 226 709 108 532 386 537 677 378 622 411 150 213 260 418 222 622 2145 5179 
23 369 608 224 104 220 763 111 535 394 544 728 364 623 427 172 225 253 419 218 634 2144 5201 
24 372 627 235 98 226 776 116 550 388 553 793 342 612 440 175 225 259 419 217 645 2171 5242 
25 362 635 234 100 215 889 117 563 399 554 813 345 606 434 187 229 254 417 218 675 2152 5264 
26 361 650 241 104 263 890 119 558 425 571 834 346 616 446 185 232 268 427 223 727 2146 5165 
27 362 663 253 105 289 866 163 597 428 576 884 344 614 448 185 228 268 433 227 748 2138 5009 
28 366 716 277 106 295 845 205 703 449 579 938 344 630 455 181 214 264 433 231 796 2121 4724 
29 367 746 300 108 298 901 216 756 422 585 974 319 645 457 198 215 268 440 227 802 2116 4548 
30 370 757 348 113 301 840 239 784 405 602 986 332 641 473 202 193 309 451 214 803 2151 4599 
31 370 796 352 116 309 835 255 826 387 611 964 365 656 474 195 193 308 438 215 827 2141 4600 
32 418 779 363 118 314 833 264 834 385 604 1008 360 642 491 206 199 320 427 221 825 2146 4612 
33 425 800 372 118 309 843 271 849 389 611 1023 373 653 492 202 203 324 418 236 835 2158 4669 
34 399 874 411 122 321 841 253 857 392 611 1014 381 674 467 197 204 323 385 257 830 2166 4695 
35 409 878 420 124 329 831 280 853 406 626 1029 384 680 470 203 204 325 394 257 837 2176 4772 
36 430 874 443 121 329 838 294 864 419 624 1050 377 706 457 207 204 322 405 254 849 2211 4843 
37 433 875 477 121 326 817 292 843 425 635 1068 392 692 470 212 204 336 410 241 851 2233 4911 
38 441 881 483 121 327 839 309 843 428 637 1055 429 697 469 211 205 324 413 235 836 2255 4984 
39 441 889 484 116 334 834 314 862 442 635 1065 440 701 475 205 213 329 410 227 841 2256 5048 
40 443 918 507 116 330 835 311 902 422 644 1084 440 716 480 213 206 324 410 226 845 2286 5134 
41 451 929 516 116 339 831 320 902 417 660 1045 502 716 478 216 207 328 417 229 852 2299 5227 
42 444 967 549 118 344 794 332 911 420 667 1043 513 727 485 216 208 333 425 235 853 2333 5292 
43 456 1011 566 119 347 852 346 926 432 616 1134 517 737 467 217 211 329 426 233 861 2362 5117 
44 457 1046 599 125 370 807 382 958 433 619 1154 514 769 454 208 222 324 437 241 858 2380 5039 
45 462 1079 629 123 373 814 466 968 430 627 1180 533 750 461 204 226 352 431 246 901 2282 4901 
46 468 1109 673 124 375 820 502 938 419 636 1225 541 763 465 204 231 417 435 243 883 2237 4730 
47 474 1130 692 123 393 832 507 929 432 643 1207 572 771 468 212 258 467 422 246 856 2211 4822 
48 520 1098 737 125 397 818 518 919 450 656 1145 631 774 470 214 280 495 429 246 873 2151 4886 
49 530 1097 757 127 405 839 527 929 455 673 1141 633 780 477 219 284 500 422 252 885 2106 4965 
50 528 1099 772 128 425 839 532 949 465 676 1140 650 784 481 219 286 502 429 253 855 2137 5030 
51 544 1096 796 131 426 855 539 951 439 697 1135 655 804 467 208 298 504 438 244 837 2204 5133 
52 546 1112 823 125 426 853 557 962 427 775 1089 661 808 471 213 295 509 451 221 848 2202 5228 
53 544 1163 859 130 448 882 562 990 393 822 1088 665 816 484 214 266 533 441 227 848 2203 5073 
54 556 1182 893 132 449 884 568 1000 419 780 1098 690 824 492 217 258 551 430 236 807 2243 4977 
55 560 1231 922 131 464 911 554 1013 428 815 1033 730 817 491 219 273 545 423 234 776 2266 4841 
56 555 1243 979 128 481 999 578 1025 436 913 983 728 820 481 220 276 545 421 240 790 2288 4660 
57 564 1248 1005 131 491 992 585 1053 439 898 1019 734 844 485 211 272 555 408 245 819 2299 4716 
58 580 1269 1024 128 498 991 596 1067 433 858 1086 748 850 480 212 280 545 402 249 858 2299 4797 
59 586 1313 1050 126 518 923 648 1076 425 863 1092 753 855 476 214 273 568 411 250 881 2318 4843 
60 595 1333 1060 124 525 889 673 1089 421 870 1108 753 871 487 210 283 565 415 249 852 2373 4938 
61 602 1323 1102 128 534 898 696 1075 420 868 1106 771 879 492 216 298 582 420 253 815 2376 4997 
62 611 1333 1150 134 533 864 709 1063 470 836 1144 776 881 489 217 301 587 417 237 790 2388 5037 
63 614 1352 1168 118 549 840 730 1073 489 831 1176 781 893 494 218 312 591 427 231 802 2345 5097 
64 632 1357 1197 118 553 817 748 1097 530 823 1207 795 878 471 246 311 599 435 217 844 2260 5179 
65 633 1375 1243 110 551 783 754 1115 479 837 1204 805 839 458 268 326 664 446 216 855 2214 5292 
66 637 1389 1257 113 550 885 788 1136 492 827 1291 814 820 454 280 340 677 444 215 858 2175 5145 
67 606 1480 1280 114 547 873 794 1152 511 800 1279 844 820 413 293 351 684 445 220 873 2111 5045 
68 604 1490 1288 116 550 920 831 1171 535 722 1233 934 780 438 328 352 699 447 218 878 2103 4924 
69 619 1493 1300 116 561 930 852 1207 568 718 1199 971 788 446 338 344 696 438 211 887 2115 4921 
70 618 1537 1364 116 587 974 870 1246 570 776 1230 1011 799 457 327 347 704 434 210 884 2134 4706 
71 630 1614 1419 116 594 1000 903 1281 581 793 1270 1013 813 460 322 345 705 438 211 879 2163 4563 
72 651 1626 1416 116 619 1034 943 1308 565 854 1208 1054 836 463 325 342 717 440 215 887 2185 4615 
73 664 1677 1423 121 622 1023 933 1364 569 865 1164 1114 846 473 324 352 711 445 221 871 2223 4653 
74 755 1589 1444 116 630 1022 915 1416 551 880 1175 1143 849 464 322 348 724 451 224 853 2243 4714 
75 829 1473 1558 119 650 1044 869 1494 499 919 1142 1179 855 474 322 352 717 454 223 844 2246 4723 
76 871 1453 1601 115 654 1018 880 1551 450 910 1147 1206 861 475 317 353 719 451 222 836 2262 4768 
77 889 1413 1723 117 659 958 868 1586 429 860 1189 1221 879 482 319 354 707 441 220 847 2288 4776 
78 915 1470 1685 116 715 970 835 1637 423 815 1276 1235 874 499 320 357 683 423 220 859 2315 4825 
79 871 1558 1706 117 735 960 829 1678 427 800 1337 1249 895 496 322 351 668 407 225 847 2325 4884 
80 895 1600 1713 122 763 948 805 1722 430 753 1358 1302 874 493 315 360 651 404 224 801 2339 4935 
81 908 1661 1663 124 776 932 828 1768 436 786 1333 1357 876 473 316 366 621 401 228 787 2345 5028 
82 954 1709 1568 120 787 980 831 1787 438 798 1342 1365 855 449 336 358 622 402 231 761 2357 5088 
83 967 1699 1543 125 798 968 858 1717 502 837 1247 1458 826 425 358 365 626 404 230 752 2340 5134 
84 1066 1615 1568 124 818 924 892 1625 579 864 1246 1478 808 440 367 358 652 417 229 757 2348 5131 
85 1101 1623 1443 156 801 1036 885 1563 627 872 1213 1469 772 443 451 360 668 426 224 776 2333 5159 
86 1118 1563 1523 159 803 1013 914 1521 644 877 1214 1435 788 453 481 373 710 422 227 778 2347 5272 
87 1209 1486 1554 161 805 1036 853 1573 643 835 1264 1412 796 449 516 371 720 418 224 794 2374 5326 
88 1272 1436 1658 166 818 992 852 1639 609 852 1264 1409 809 447 586 346 736 410 232 846 2359 5392 
89 1304 1396 1680 164 831 981 810 1755 634 804 1302 1413 823 455 609 360 651 408 233 872 2352 5311 
90 1330 1392 1690 168 887 1043 814 1770 672 794 1292 1428 847 465 613 358 655 423 211 864 2390 5107 
91 1336 1457 1561 194 945 1053 826 1756 651 824 1309 1461 851 468 616 358 673 421 231 916 2332 5018 
92 1350 1501 1527 205 1015 1120 845 1761 652 865 1306 1485 844 491 637 376 672 440 226 929 2284 4812 
93 1366 1540 1497 217 1043 1129 874 1707 647 916 1282 1490 840 491 660 373 721 433 229 942 2241 4830 
94 1388 1591 1487 222 1029 1150 911 1720 652 959 1287 1482 836 497 718 368 707 441 229 994 2165 4905 
95 1374 1621 1525 207 1029 1122 945 1733 614 968 1257 1558 868 484 735 369 716 434 228 972 2187 4985 
96 1376 1645 1528 197 1062 1096 973 1677 640 979 1250 1581 887 477 771 387 745 439 234 988 2126 5089 
97 1321 1709 1581 203 1089 1108 939 1686 660 1016 1218 1615 880 475 783 392 760 442 233 968 2144 5176 
98 1347 1658 1660 205 1104 1083 944 1600 753 1013 1178 1717 843 480 783 404 760 448 235 942 2194 5222 
99 1407 1603 1666 195 1144 1062 931 1655 722 988 1245 1719 807 484 796 403 750 458 231 939 2195 5318 
100 1481 1566 1679 196 1161 1065 921 1751 753 930 1294 1770 790 465 772 404 708 447 233 950 2178 5161 
101 1514 1535 1677 203 1182 1186 894 1864 740 924 1344 1772 789 450 773 417 708 425 234 921 2173 4972 
102 1486 1575 1673 205 1210 1205 846 1936 720 932 1376 1753 821 418 815 434 701 412 237 913 2185 4848 
103 1515 1582 1663 205 1241 1262 860 1967 721 953 1359 1774 827 421 814 439 676 404 234 888 2222 4746 
104 1529 1562 1596 214 1301 1259 887 1912 740 937 1331 1804 819 423 852 441 676 398 224 885 2233 4823 
105 1516 1606 1684 209 1326 1180 915 1817 825 891 1304 1831 820 434 897 447 716 403 231 863 2277 4827 
106 1584 1627 1663 214 1380 1153 982 1758 834 869 1290 1837 830 432 923 447 729 407 238 838 2328 4921 
107 1597 1646 1728 219 1380 1190 907 1780 862 876 1264 1842 830 439 965 445 751 406 236 793 2364 4957 
108 1604 1623 1822 225 1444 1137 865 1762 861 935 1231 1877 853 426 955 449 771 401 233 776 2394 4991 
109 1653 1601 1761 250 1497 1126 849 1767 859 976 1241 1907 865 437 946 449 770 409 233 799 2338 5042 
110 1719 1585 1772 253 1523 1148 880 1768 840 1009 1237 1929 852 444 967 459 781 418 232 839 2262 5064 
111 1730 1578 1762 259 1539 1205 871 1735 838 975 1261 1963 856 442 998 464 803 415 223 879 2207 5014 
112 1794 1510 1783 254 1552 1216 886 1732 799 966 1262 1989 865 450 1010 450 830 418 224 874 2233 5107 
113 1819 1471 1801 252 1594 1230 852 1787 800 971 1293 2006 872 448 1019 450 853 428 238 856 2212 5110 
114 1870 1468 1770 262 1740 1187 835 1779 799 935 1265 2063 873 458 1032 447 875 436 254 912 2064 5181 
115 1922 1402 1796 255 1816 1164 796 1784 797 943 1271 2080 843 483 1103 450 894 450 242 891 2066 5279 
116 1922 1439 1766 255 1891 1195 795 1820 753 984 1264 2106 846 504 1154 466 865 443 238 902 2083 5199 
117 1951 1476 1795 264 1928 1155 896 1848 732 981 1266 2134 842 504 1181 467 893 434 227 904 2090 5000 
118 1952 1490 1765 262 2011 1156 923 1933 792 957 1257 2145 841 498 1194 470 901 422 224 891 2109 4811 
119 1989 1527 1765 272 2100 1119 902 1958 840 995 1213 2157 850 482 1221 481 919 412 224 912 2066 4622 
120 1951 1605 1740 268 2143 1108 915 1977 825 997 1244 2211 852 480 1223 501 920 396 229 918 2078 4660 
121 1877 1716 1679 267 2197 1067 943 1986 824 985 1296 2232 827 470 1302 512 917 401 236 874 2118 4715 
122 1894 1666 1663 271 2176 1147 967 1904 877 995 1364 2201 821 474 1327 523 950 409 242 863 2164 4696 
123 1838 1670 1642 276 2287 1115 944 1925 885 980 1380 2204 841 456 1359 524 960 408 241 862 2161 4782 
124 1743 1712 1690 281 2184 1190 933 1918 901 944 1353 2228 861 426 1389 551 940 416 253 873 2146 4852 
125 1763 1752 1654 293 2147 1177 929 1907 914 927 1318 2257 852 419 1411 542 957 413 251 872 2159 4878 
126 1764 1744 1641 291 2141 1152 948 1826 943 955 1323 2289 861 418 1415 542 968 422 246 859 2185 4979 
127 1880 1699 1629 298 2008 1273 961 1894 933 921 1343 2242 870 415 1455 566 947 434 238 841 2201 5014 
128 1971 1664 1597 311 2041 1327 974 1923 990 909 1289 2203 864 423 1555 595 862 419 255 837 2219 5080 
129 1979 1608 1627 312 2072 1317 1012 2007 936 959 1342 2097 893 421 1584 607 867 437 230 798 2260 5106 
130 1904 1668 1615 317 2082 1332 1014 2037 907 988 1354 2027 909 427 1620 621 881 450 226 789 2266 5174 
131 1857 1715 1590 322 2101 1333 998 2113 874 1030 1337 2017 915 424 1655 625 893 453 218 785 2269 5259 
132 1881 1680 1517 321 2180 1317 969 2080 908 1066 1353 2067 913 427 1649 622 918 453 222 754 2285 5347 
133 1824 1676 1572 333 2191 1344 986 2046 904 1195 1262 2117 911 429 1666 632 952 445 219 791 2297 5240 
134 1827 1799 1500 336 2250 1327 1036 2057 931 1166 1269 2168 905 429 1738 646 1003 424 221 792 2324 5069 
135 1683 1907 1519 335 2296 1384 1017 2056 1067 1108 1298 2214 911 415 1743 617 1021 419 219 804 2356 4853 
136 1630 1950 1593 334 2177 1432 1039 2076 1063 1090 1239 2255 922 419 1783 619 979 426 219 810 2358 4711 
137 1662 1927 1623 344 2089 1460 1080 2054 1066 1103 1238 2262 942 422 1812 612 951 414 211 823 2359 4753 
138 1737 1865 1680 366 2019 1439 1051 2012 1135 1074 1274 2221 947 420 1842 620 981 395 228 838 2364 4773 
139 1729 1876 1669 373 2015 1510 1006 1998 1150 1077 1295 2162 956 416 1929 636 973 393 234 833 2386 4870 
140 1752 1869 1658 377 2048 1544 973 2009 1138 1080 1308 2143 954 414 2002 634 971 391 239 924 2284 4930 
141 1790 1825 1677 385 2110 1569 975 1963 1117 1101 1373 2148 966 412 1850 623 1013 387 240 937 2239 4968 
142 1834 1835 1685 388 2132 1593 949 2017 1159 1116 1332 2177 1017 416 1804 627 1008 402 230 970 2142 4942 
143 1903 1772 1724 397 2170 1582 943 2050 1147 1110 1288 2178 1071 427 1773 637 1026 406 222 940 2148 5002 
144 1911 1750 1703 402 2222 1573 964 2074 1124 1108 1328 2122 1145 434 1678 645 1030 421 206 948 2098 5094 
145 1847 1779 1716 455 2238 1553 978 2124 1116 1097 1384 2113 1204 427 1609 666 1019 430 202 913 2108 5107 
146 1836 1767 1675 440 2312 1591 907 2191 1137 1087 1319 2104 1230 429 1665 656 1011 437 219 863 2141 5181 
147 1851 1712 1684 483 2237 1590 924 2213 1154 1140 1357 2044 1285 430 1662 662 997 437 219 832 2159 5235 
148 1806 1733 1644 573 2197 1569 935 2244 1124 1122 1374 2020 1360 435 1669 684 966 444 224 829 2171 5287 
149 1716 1809 1664 582 2203 1527 935 2264 1198 1108 1331 2033 1397 445 1717 690 949 444 227 773 2226 5131 
150 1742 1733 1704 576 2171 1563 952 2230 1206 1099 1311 2042 1372 455 1767 721 983 457 224 784 2228 5068 
151 1731 1751 1696 652 2122 1519 964 2153 1289 1112 1271 2065 1371 455 1815 719 1007 445 246 804 2249 4982 
152 1629 1782 1676 685 2103 1546 996 2180 1318 1143 1242 2096 1337 454 1877 685 988 409 246 829 2260 4928 
153 1570 1796 1683 707 2092 1523 1118 2159 1366 1176 1332 2038 1288 454 1845 669 959 400 246 825 2272 4824 
154 1581 1805 1635 750 2079 1573 1157 2218 1348 1216 1338 1952 1265 460 1902 672 977 404 245 822 2284 4601 
155 1658 1778 1660 783 2035 1600 1114 2180 1363 1213 1331 1905 1230 456 1943 692 1001 403 249 839 2280 4654 
156 1674 1752 1616 804 2051 1580 1092 2199 1393 1229 1294 1905 1246 453 1950 694 1020 408 250 877 2277 4736 
157 1742 1708 1664 822 2034 1599 1050 2229 1381 1217 1369 1846 1278 453 1874 704 1047 420 248 875 2295 4783 
158 1796 1671 1681 833 2068 1584 1023 2230 1412 1235 1336 1847 1293 458 1894 732 975 425 251 847 2329 4847 
159 1754 1697 1686 810 2155 1574 1005 2223 1420 1210 1395 1790 1355 463 1884 724 975 390 260 853 2334 4851 
160 1794 1630 1664 805 2183 1602 996 2235 1403 1230 1391 1791 1382 471 1900 763 923 379 255 818 2360 4906 
161 1752 1690 1615 806 2219 1608 1019 2237 1350 1271 1426 1760 1403 477 1854 781 934 385 246 780 2406 4978 
162 1693 1708 1584 899 2165 1607 1007 2271 1295 1296 1457 1744 1435 487 1807 773 932 390 251 832 2320 5026 
163 1649 1695 1606 930 2119 1600 1006 2237 1274 1332 1472 1721 1449 493 1834 796 950 391 252 913 2194 5100 
164 1605 1689 1624 922 2158 1597 1045 2135 1314 1322 1490 1705 1497 477 1838 798 1003 413 242 904 2138 5099 
165 1576 1681 1617 934 2187 1568 1065 2065 1304 1393 1430 1685 1531 469 1843 830 1048 412 228 908 2159 5159 
166 1599 1652 1583 922 2169 1631 1032 2007 1306 1452 1424 1683 1442 472 1827 790 1154 390 218 886 2178 5223 
167 1608 1658 1590 891 2162 1625 1078 1971 1293 1461 1490 1603 1407 471 1876 800 1138 389 215 887 2173 5288 
168 1659 1642 1613 867 2177 1639 1011 2089 1254 1428 1457 1636 1386 456 1914 800 1097 391 211 887 2191 5355 
169 1697 1649 1664 860 2165 1647 1044 2161 1278 1411 1455 1663 1387 455 1866 841 974 450 216 901 2207 5112 
170 1845 1590 1692 885 2112 1644 1049 2209 1242 1476 1470 1709 1382 452 1803 852 954 457 225 900 2224 4876 
171 1884 1537 1700 881 2136 1680 998 2242 1258 1427 1411 1798 1394 440 1805 850 916 477 227 899 2252 4822 
172 1902 1574 1738 868 2116 1637 1018 2351 1270 1372 1381 1856 1443 440 1765 867 954 466 232 873 2283 4726 
173 1890 1622 1727 837 2152 1671 1003 2285 1301 1390 1325 1892 1482 447 1695 880 1012 457 234 881 2296 4814 
174 1928 1648 1826 833 2099 1626 1012 2231 1343 1385 1321 1964 1496 454 1674 903 1053 468 234 852 2321 4818 
175 1833 1744 1798 847 2096 1595 1088 2202 1378 1240 1379 1928 1487 463 1737 907 1079 469 247 842 2324 4892 
176 1811 1730 1807 859 2050 1569 1152 2218 1362 1184 1399 1903 1529 463 1734 901 1115 477 235 837 2318 4957 
177 1762 1781 1774 856 2026 1590 1214 2180 1401 1198 1409 1938 1564 466 1673 913 1098 487 231 860 2334 4989 
178 1711 1814 1764 854 1994 1648 1191 2142 1359 1174 1408 1912 1597 464 1699 931 1100 491 231 885 2355 5058 
179 1699 1766 1757 846 2049 1642 1203 2134 1339 1182 1442 1842 1646 469 1668 941 1094 496 233 841 2396 5101 
180 1734 1712 1755 820 2126 1670 1153 2147 1349 1183 1404 1846 1651 471 1614 930 1089 503 231 855 2348 5174 
181 1740 1690 1739 761 2220 1696 1090 2160 1338 1168 1399 1813 1618 469 1638 966 1059 538 226 818 2346 5239 
182 1702 1685 1818 784 2188 1681 1061 2162 1375 1103 1424 1751 1652 476 1623 973 1076 547 228 834 2294 5245 
183 1722 1705 1789 798 2224 1701 1041 2162 1381 1126 1416 1745 1634 491 1694 967 1096 563 227 857 2198 5282 
184 1761 1643 1846 851 2199 1699 1059 2100 1417 1118 1367 1734 1577 501 1753 974 1147 556 235 882 2147 5224 
185 1794 1623 1866 871 2176 1661 1071 2165 1420 1158 1342 1771 1573 470 1785 1002 1151 572 229 908 2074 5051 
186 1847 1575 1879 874 2151 1649 1121 2186 1433 1195 1323 1746 1579 449 1847 1006 1178 564 242 894 2102 4846 
187 1876 1622 1854 869 2135 1662 1199 2125 1481 1147 1349 1750 1516 431 1947 928 1299 572 239 884 2160 4653 
188 1888 1641 1950 827 2095 1629 1189 2100 1531 1133 1354 1738 1528 430 1938 935 1278 574 255 870 2203 4711 
189 1910 1640 1950 839 2108 1617 1168 2097 1488 1119 1306 1786 1561 441 1868 936 1288 591 257 871 2199 4765 
190 1923 1585 1979 839 2058 1635 1129 2146 1506 1083 1331 1782 1579 438 1820 945 1293 556 253 843 2254 4821 
191 1910 1570 1923 875 2054 1643 1121 2170 1513 1059 1294 1776 1580 453 1841 967 1255 576 264 876 2220 4882 
192 1779 1658 1913 901 2117 1631 1124 2249 1542 1056 1329 1705 1582 455 1844 990 1230 578 267 837 2254 4899 
193 1775 1637 1961 925 2153 1635 1143 2263 1530 1061 1336 1705 1577 470 1794 999 1224 589 267 836 2256 4949 
194 1732 1672 1962 933 2199 1635 1134 2314 1548 1058 1317 1744 1558 487 1751 1019 1197 593 274 827 2252 5011 
195 1655 1740 2006 920 2207 1608 1117 2365 1515 1086 1285 1768 1513 487 1753 1064 1169 616 265 822 2265 5077 
196 1723 1744 2058 863 2291 1513 1155 2309 1493 1079 1273 1757 1568 497 1753 1055 1169 638 247 849 2285 5134 
197 1762 1712 2121 859 2248 1463 1152 2315 1493 1095 1263 1762 1611 475 1752 1003 1175 658 285 870 2309 5211 
198 1838 1652 2150 865 2131 1512 1148 2369 1517 1079 1279 1750 1643 464 1737 1040 1191 677 287 838 2342 5032 
199 1864 1664 2066 889 2094 1565 1198 2321 1523 1077 1284 1807 1671 457 1692 1040 1187 714 283 832 2371 4866 
200 1882 1647 2097 879 2119 1524 1229 2313 1558 1137 1304 1780 1695 442 1728 1062 1169 733 283 808 2411 4681 
201 1948 1632 2061 913 2050 1574 1206 2240 1539 1183 1302 1771 1714 442 1777 1084 1184 723 292 799 2357 4763 
202 1998 1601 2098 910 2007 1578 1189 2204 1515 1179 1272 1811 1743 439 1824 1128 1157 727 309 835 2261 4843 
203 1955 1590 2191 836 2076 1565 1153 2181 1563 1142 1311 1701 1860 443 1824 1141 1167 688 313 861 2202 4928 
204 1958 1590 2278 846 2125 1548 1133 2144 1556 1155 1361 1798 1869 445 1738 1155 1164 659 314 946 2068 4932 
205 1893 1640 2309 850 2172 1518 1127 2182 1607 1148 1405 1803 1827 461 1726 1174 1160 657 322 923 2104 4951 
206 1861 1600 2314 853 2168 1518 1126 2095 1587 1103 1443 1818 1781 457 1740 1190 1218 674 322 911 2134 5061 
207 1783 1640 2267 837 2214 1533 1142 2122 1605 1065 1498 1857 1779 436 1773 1196 1158 673 388 886 2173 5090 
208 1700 1650 2309 844 2103 1583 1136 2211 1572 1039 1490 1870 1774 442 1846 1213 1145 671 401 867 2192 5145 
209 1725 1639 2317 843 2102 1624 1135 2306 1557 1044 1485 1881 1696 483 1890 1206 1147 678 413 860 2218 5187 
210 1733 1625 2237 814 2138 1646 1157 2279 1539 1094 1517 1938 1659 487 1931 1234 1123 689 420 864 2244 5192 
211 1683 1673 2209 792 2144 1696 1135 2211 1581 1142 1550 1905 1637 482 1941 1219 1110 683 452 842 2263 5226 
212 1726 1721 2180 822 2129 1726 1137 2161 1569 1198 1553 1970 1606 505 1883 1188 1106 666 454 831 2276 5233 
213 1786 1733 2183 833 2106 1722 1145 2186 1580 1157 1531 2047 1510 511 1917 1147 1154 645 457 824 2283 5277 
214 1828 1772 2127 834 2064 1746 1122 2141 1598 1217 1540 2020 1492 521 1918 1117 1154 687 414 796 2328 5068 
215 1867 1759 2076 825 2104 1767 1191 2095 1570 1238 1669 1917 1466 537 1930 1044 1175 676 419 823 2348 4874 
216 1885 1808 2091 837 2072 1788 1206 2091 1650 1185 1641 1904 1426 598 1923 1101 1117 688 433 836 2393 4611 
217 1854 1833 2101 840 2032 1755 1192 2152 1628 1178 1657 1893 1386 610 1920 1140 1111 688 408 922 2293 4643 
218 1852 1799 2146 862 2022 1766 1132 2192 1582 1133 1710 1860 1418 610 1911 1154 1118 692 404 981 2213 4642 
219 1795 1804 2167 888 1980 1781 1100 2260 1580 1081 1684 1823 1463 601 1953 1168 1105 701 413 1004 2129 4707 
220 1791 1779 2199 871 2022 1789 1051 2336 1594 1049 1714 1763 1555 602 1917 1178 1148 704 412 990 2138 4804 
221 1764 1757 2178 874 2056 1793 1047 2423 1524 1105 1729 1699 1670 594 1865 1215 1148 710 400 961 2164 4905 
222 1766 1785 2222 857 2101 1744 1082 2394 1465 1123 1689 1758 1669 559 1883 1198 1125 734 391 963 2200 4932 
223 1783 1764 2206 824 2150 1770 1076 2340 1481 1226 1674 1849 1670 575 1788 1180 1119 762 434 957 2203 4949 
224 1817 1693 2287 799 2225 1733 1076 2331 1466 1263 1670 1867 1653 583 1765 1173 1156 754 437 927 2212 5012 
225 1838 1682 2367 787 2160 1726 1054 2345 1439 1251 1629 1940 1677 601 1750 1143 1183 742 472 912 2226 5093 
226 1862 1659 2461 800 2103 1712 1038 2336 1464 1213 1637 1912 1665 612 1743 1182 1206 745 467 864 2255 5130 
227 1852 1697 2434 834 2046 1762 1012 2345 1467 1164 1673 1888 1601 636 1755 1162 1208 678 520 861 2254 5197 
228 1847 1680 2437 839 1992 1783 1049 2279 1489 1186 1698 1869 1595 666 1754 1083 1226 678 522 906 2282 5291 
229 1852 1683 2475 920 1931 1744 995 2352 1503 1163 1693 1825 1577 649 1837 1046 1259 678 498 912 2320 5160 
230 1902 1690 2411 944 1974 1689 1040 2425 1582 1221 1695 1701 1619 643 1903 1096 1282 678 452 927 2315 4924 
231 1900 1679 2401 909 1991 1761 1049 2464 1604 1225 1688 1655 1650 616 1966 1116 1275 687 426 954 2339 4820 
232 1954 1672 2470 870 2021 1791 1034 2519 1656 1195 1663 1623 1615 620 2062 1140 1181 713 431 968 2375 4649 
233 1921 1766 2404 845 2055 1843 1058 2500 1701 1203 1679 1659 1645 616 1979 1172 1175 699 430 983 2371 4683 
234 1972 1736 2303 896 2119 1829 1103 2412 1702 1163 1741 1674 1603 629 1919 1173 1198 696 403 1029 2365 4760 
235 2004 1742 2217 873 2158 1857 1120 2366 1738 1130 1749 1717 1593 634 1920 1094 1204 706 408 1060 2334 4842 
236 2009 1754 2194 890 2219 1821 1095 2424 1699 1116 1739 1762 1567 633 1907 1104 1178 718 428 1054 2338 4910 
237 1958 1795 2115 894 2239 1824 1067 2438 1661 1102 1755 1777 1570 645 1862 1100 1227 718 431 1031 2332 4968 
238 1872 1819 2133 918 2216 1811 1108 2440 1644 1100 1706 1871 1490 650 1891 1110 1208 738 432 1017 2333 5020 
239 1736 1950 2091 926 2229 1836 1128 2431 1658 1069 1678 1901 1444 681 1933 1124 1207 735 424 974 2328 5057 
240 1744 1927 2066 993 2158 1809 1192 2409 1625 1112 1655 1971 1446 681 1889 1172 1226 725 392 977 2338 5111 
241 1818 1868 2094 921 2212 1741 1202 2401 1607 1200 1662 1924 1414 703 1914 1183 1225 750 393 961 2337 5139 
242 1852 1847 2131 941 2143 1794 1137 2486 1547 1269 1712 1860 1448 709 1859 1169 1224 753 412 932 2369 5208 
243 1961 1740 2146 935 2120 1807 1162 2473 1579 1219 1684 1948 1357 706 1904 1136 1266 770 428 904 2374 5139 
244 1959 1743 2191 899 2090 1806 1147 2557 1587 1198 1713 1916 1385 710 1885 1126 1313 782 436 885 2388 5013 
245 1985 1725 2221 931 2069 1807 1153 2519 1581 1172 1736 1922 1403 715 1920 1098 1369 787 416 896 2420 4952 
246 2049 1705 2277 991 2035 1829 1151 2507 1611 1174 1757 1841 1445 708 1932 1096 1447 732 421 951 2377 4769 
247 1977 1774 2291 1025 2040 1845 1208 2439 1575 1196 1837 1810 1466 715 1916 1079 1454 721 458 993 2311 4636 
248 1979 1738 2300 1031 2040 1779 1173 2462 1587 1191 1825 1815 1514 715 1908 1073 1442 747 495 995 2251 4715 
249 1874 1836 2349 981 2062 1752 1206 2364 1620 1180 1832 1796 1577 695 1824 1076 1485 750 462 991 2248 4799 
250 1801 1907 2366 994 2081 1650 1195 2316 1671 1228 1808 1770 1590 692 1732 1183 1468 754 456 1023 2179 4892 
251 1743 1924 2407 957 2061 1642 1235 2282 1598 1232 1791 1753 1591 693 1679 1247 1492 763 459 995 2228 4985 
252 1754 1888 2402 959 2066 1636 1172 2261 1639 1265 1754 1781 1639 607 1683 1254 1457 799 461 966 2257 5075 
253 1771 1861 2483 896 2066 1633 1164 2190 1683 1225 1759 1784 1610 617 1696 1276 1457 791 501 948 2261 5147 
254 1820 1830 2445 841 2093 1665 1165 2120 1686 1216 1764 1788 1570 642 1718 1261 1481 800 511 923 2290 5184 
255 1849 1776 2463 888 2009 1733 1117 2126 1720 1362 1774 1796 1534 652 1734 1233 1452 797 523 914 2313 4926 
256 1893 1702 2489 940 1957 1774 1149 2081 1774 1377 1778 1723 1518 664 1830 1215 1430 801 521 884 2338 4776 
257 1904 1715 2496 967 1887 1839 1098 2236 1720 1396 1770 1702 1478 696 1863 1217 1395 846 488 944 2358 4632 
258 1939 1680 2459 992 1931 1833 1077 2306 1687 1372 1761 1699 1505 732 1846 1146 1372 862 477 978 2410 4670 
259 1973 1682 2390 1071 1989 1795 1044 2323 1710 1367 1765 1712 1531 718 1811 1140 1367 886 464 1027 2444 4659 
260 1999 1699 2347 1063 2052 1767 1022 2354 1693 1325 1772 1699 1579 691 1816 1127 1392 889 476 1073 2375 4702 
261 1930 1738 2324 1052 2092 1791 1026 2332 1732 1310 1778 1682 1632 659 1804 1086 1356 947 476 1189 2236 4730 
262 1918 1727 2335 1061 2135 1742 1045 2297 1726 1334 1736 1641 1711 635 1767 1058 1363 967 417 1234 2155 4828 
263 1817 1813 2309 1048 2193 1733 1061 2264 1719 1340 1688 1686 1738 615 1720 1068 1461 910 380 1245 2182 4899 
264 1860 1797 2394 1071 2124 1688 1067 2246 1701 1362 1641 1703 1758 588 1707 1066 1502 893 390 1208 2217 4929 
265 1908 1764 2418 1069 2115 1643 1086 2313 1641 1348 1600 1768 1688 638 1695 1060 1493 888 384 1160 2267 4988 
266 1979 1716 2412 1124 2090 1584 1096 2263 1627 1342 1622 1797 1678 637 1704 1014 1513 857 409 1144 2301 5096 
267 2029 1672 2400 1147 2053 1598 1099 2236 1646 1356 1586 1827 1650 659 1742 1042 1468 858 459 1143 2285 5133 
268 2039 1683 2431 1152 1994 1555 1128 2233 1650 1410 1486 1887 1516 769 1769 1045 1484 851 449 1112 2326 5206 
269 1941 1737 2467 1142 1954 1541 1115 2225 1655 1420 1475 1899 1502 762 1775 1071 1487 868 424 1088 2340 5294 
270 2028 1612 2502 1107 1973 1506 1154 2221 1572 1471 1462 1925 1480 734 1775 1114 1493 873 408 1080 2345 5367 
271 2000 1605 2632 1034 2000 1543 1119 2230 1593 1457 1457 1883 1515 701 1830 1145 1488 848 440 1049 2362 5255 
272 1958 1600 2637 1037 2060 1519 1158 2211 1610 1456 1489 1845 1521 688 1867 1178 1462 826 486 1005 2382 5192 
273 1917 1664 2610 1047 2101 1571 1149 2166 1656 1394 1534 1750 1542 669 1959 1214 1443 821 519 984 2417 5087 
274 1845 1744 2535 1054 2160 1597 1129 2122 1665 1363 1567 1670 1532 683 2005 1246 1428 793 534 943 2431 4954 
275 1868 1751 2534 1053 2213 1633 1112 2219 1644 1378 1540 1655 1517 665 2035 1269 1422 786 533 955 2466 4852 
276 1885 1734 2523 1071 2221 1634 1110 2279 1667 1363 1546 1624 1460 649 2046 1271 1336 821 576 968 2494 4729 
277 1913 1708 2541 1027 2261 1694 1062 2380 1684 1352 1467 1643 1504 628 2095 1282 1348 778 607 991 2435 4642 
278 1971 1692 2579 1001 2291 1706 1021 2500 1656 1328 1431 1690 1474 644 2084 1285 1309 799 589 1057 2367 4710 
279 2011 1682 2628 956 2266 1687 1024 2494 1649 1293 1461 1686 1495 647 2118 1165 1382 807 612 1162 2207 4734 
280 2021 1675 2623 956 2290 1699 1064 2465 1594 1327 1412 1742 1468 677 2151 1117 1406 819 612 1145 2149 4804 
281 2045 1664 2582 1026 2282 1697 1039 2463 1608 1256 1419 1815 1441 703 2149 1104 1373 830 633 1127 2171 4889 
282 2083 1675 2588 1011 2322 1668 1040 2472 1610 1252 1431 1824 1454 714 2156 1074 1328 879 639 1109 2202 4910 
283 2171 1631 2512 1066 2321 1714 1034 2477 1591 1275 1519 1772 1426 723 2127 1063 1308 888 660 1099 2241 4957 
284 2124 1693 2463 1078 2352 1717 1019 2450 1609 1246 1588 1761 1474 710 2041 1079 1269 934 692 1048 2281 5011 
285 2075 1765 2415 1107 2378 1746 920 2473 1614 1233 1624 1696 1468 721 2031 1104 1261 898 695 1025 2322 5070 
286 2030 1795 2419 1118 2347 1773 917 2465 1675 1223 1541 1661 1408 721 2117 1146 1278 862 709 1022 2326 5075 
287 1969 1867 2381 1098 2296 1813 1002 2383 1669 1208 1529 1659 1418 705 2053 1154 1321 879 712 993 2316 5143 
288 1873 1925 2411 1063 2323 1771 930 2406 1632 1217 1589 1649 1400 685 2071 1148 1345 868 731 970 2347 5130 
289 1904 1889 2433 1075 2313 1750 980 2383 1623 1256 1583 1728 1382 706 1955 1131 1374 860 744 930 2386 5195 
290 1938 1882 2416 1058 2343 1739 971 2394 1598 1243 1595 1682 1472 666 1921 1149 1364 843 727 923 2404 5275 
291 1968 1850 2472 1041 2307 1745 941 2456 1548 1279 1603 1641 1524 668 1912 1197 1325 802 709 952 2393 5342 
292 1999 1865 2478 1085 2285 1700 989 2418 1591 1315 1682 1622 1562 684 1890 1270 1290 823 671 949 2382 5181 
293 2026 1792 2525 1112 2279 1664 1033 2393 1583 1346 1659 1685 1557 686 1924 1295 1246 877 623 897 2427 5049 
294 2041 1816 2514 1135 2286 1670 1049 2308 1589 1360 1629 1770 1597 695 1876 1291 1315 904 608 915 2480 4937 
295 2096 1775 2619 1135 2253 1682 1070 2348 1568 1335 1590 1890 1581 678 1850 1265 1267 927 597 965 2417 4833 
296 2124 1788 2696 1119 2188 1679 1042 2417 1543 1369 1598 1915 1599 657 1845 1231 1283 894 586 1104 2295 4679 
297 2137 1792 2660 1098 2183 1636 1041 2481 1509 1385 1602 1934 1585 655 1831 1182 1242 894 625 1181 2217 4736 
298 2211 1766 2558 1116 2214 1593 1069 2439 1541 1361 1572 2034 1592 648 1780 1187 1243 882 623 1169 2253 4801 
299 2179 1718 2639 1132 2116 1612 1067 2420 1518 1350 1655 1950 1531 662 1799 1189 1257 893 627 1107 2301 4869 
300 2085 1811 2620 1129 2116 1538 1049 2424 1558 1392 1585 1879 1573 654 1864 1145 1247 909 678 1077 2327 4975 
301 2018 1824 2634 1160 2079 1514 1070 2449 1561 1411 1560 1882 1573 650 1884 1124 1248 921 685 1048 2390 5076 
302 1969 1845 2640 1157 2087 1499 1145 2393 1578 1385 1542 1853 1596 633 1932 1105 1222 936 670 1043 2422 5127 
303 1955 1841 2662 1127 2052 1515 1150 2385 1577 1386 1578 1794 1517 625 2058 1210 1198 924 644 941 2437 5150 
304 1942 1845 2625 1102 2110 1472 1143 2400 1515 1429 1563 1761 1505 613 2043 1225 1215 938 629 921 2454 5209 
305 1909 1903 2588 1133 2094 1483 1120 2436 1516 1436 1601 1768 1496 587 2070 1238 1210 952 638 914 2479 5254 
306 1947 1829 2661 1100 2109 1454 1120 2435 1484 1412 1586 1871 1438 593 2083 1261 1233 952 617 907 2490 5297 
307 2003 1829 2696 1092 2086 1422 1116 2498 1491 1377 1612 1923 1428 598 2040 1306 1244 930 628 920 2478 5153 
308 2075 1809 2665 1056 2103 1481 1084 2428 1530 1418 1601 2043 1369 605 2024 1257 1314 961 621 930 2483 5006 
309 2101 1797 2584 1095 2084 1500 1125 2393 1530 1417 1662 1978 1379 610 1966 1224 1323 931 643 917 2506 4901 
310 2075 1840 2596 1122 2064 1521 1133 2321 1638 1392 1666 1878 1398 614 2045 1247 1394 903 642 942 2441 4724 
311 2137 1838 2597 1147 2074 1497 1171 2273 1621 1377 1689 1862 1417 608 2004 1259 1444 865 639 957 2379 4762 
312 2166 1799 2586 1153 2049 1489 1214 2236 1651 1336 1682 1774 1548 622 1940 1320 1416 771 707 918 2398 4795 
313 2119 1865 2571 1130 2053 1509 1205 2254 1655 1340 1656 1812 1564 631 1970 1309 1416 753 677 930 2390 4856 
314 2038 1927 2609 1112 2001 1516 1206 2256 1629 1325 1631 1868 1585 646 1954 1295 1384 775 691 1029 2295 4910 
315 1977 1963 2627 1111 1994 1513 1219 2269 1563 1314 1631 1897 1600 657 1930 1295 1386 790 712 1082 2221 5002 
316 1981 1985 2593 1099 1961 1558 1199 2310 1512 1258 1668 1935 1599 650 1884 1320 1357 821 705 1089 2247 5093 
317 1902 2031 2588 1101 2017 1486 1236 2299 1532 1170 1746 1950 1527 704 1837 1349 1405 828 642 1088 2280 5187 
318 1872 1983 2584 1136 2042 1503 1267 2188 1592 1131 1776 1987 1516 703 1847 1328 1412 837 665 1069 2310 5167 
319 1879 1993 2581 1116 2057 1533 1222 2243 1571 1123 1753 2014 1539 679 1846 1342 1401 844 657 1034 2344 5230 
320 1955 1965 2579 1092 2013 1512 1232 2307 1508 1157 1720 2049 1562 660 1838 1372 1356 861 658 1002 2365 5257 
321 2037 1906 2593 1134 1925 1482 1258 2366 1502 1124 1690 2083 1587 652 1848 1356 1395 781 686 1026 2386 5333 
322 2051 1897 2678 1134 1995 1484 1246 2423 1527 1140 1703 2020 1693 642 1765 1344 1417 713 717 1031 2406 5113 
323 2120 1832 2686 1086 2086 1500 1316 2552 1500 1141 1696 2004 1673 659 1760 1274 1405 693 727 1046 2473 4957 
324 2099 1816 2642 1050 2171 1517 1295 2555 1553 1186 1705 1939 1649 652 1864 1207 1397 685 731 1078 2483 4801 
325 2092 1826 2636 1026 2205 1569 1304 2508 1642 1170 1689 1877 1611 643 2032 1174 1414 690 774 1038 2538 4626 
326 2012 1878 2600 998 2231 1604 1271 2512 1661 1171 1636 1888 1575 640 2063 1198 1328 770 799 1054 2575 4646 
327 1936 1934 2603 1014 2169 1634 1310 2508 1676 1200 1620 1841 1554 665 2118 1158 1320 787 834 1082 2513 4754 
328 1955 1941 2585 1032 2107 1637 1298 2534 1688 1188 1620 1881 1510 659 2073 1222 1293 798 861 1074 2451 4808 
329 1949 1912 2572 1035 2065 1721 1315 2478 1720 1143 1605 1864 1496 679 2025 1185 1289 819 848 1091 2432 4878 
330 1898 1919 2579 1054 2043 1714 1379 2454 1691 1164 1564 1913 1446 697 2035 1187 1256 830 828 1117 2348 4912 
331 1827 1972 2536 1098 2027 1729 1392 2459 1690 1157 1593 1955 1470 697 1999 1228 1240 850 805 1180 2245 4915 
332 1798 2029 2500 1125 1966 1805 1404 2407 1670 1195 1578 1989 1513 693 1916 1240 1245 904 782 1199 2245 4911 
333 1805 1970 2543 1173 1911 1790 1425 2406 1653 1231 1537 2046 1552 695 1821 1252 1146 875 789 1250 2277 4967 
334 1768 2048 2473 1197 1949 1769 1398 2342 1634 1336 1487 2078 1580 698 1871 1254 1186 865 783 1249 2275 5008 
335 1712 2124 2432 1223 2003 1767 1382 2300 1645 1312 1490 2098 1636 714 1936 1196 1187 865 797 1238 2322 5081 
336 1717 2143 2427 1209 2025 1760 1390 2268 1718 1304 1420 2145 1621 724 1995 1339 1124 886 767 1180 2359 5098 
337 1767 2111 2381 1215 2131 1714 1398 2365 1646 1317 1384 2119 1601 748 2093 1365 1124 874 751 1184 2365 5097 
338 1773 2102 2387 1182 2191 1738 1375 2447 1588 1309 1420 2118 1575 750 2185 1409 1166 846 733 1171 2381 5122 
339 1856 2096 2347 1184 2200 1736 1346 2520 1582 1258 1407 2145 1562 748 2251 1412 1180 845 735 1190 2391 5165 
340 1867 2111 2309 1155 2254 1739 1331 2636 1601 1175 1463 2004 1569 753 2218 1452 1147 885 749 1201 2338 5179 
341 1845 2129 2318 1105 2346 1732 1303 2665 1551 1245 1487 1954 1577 792 2185 1495 1199 894 708 1174 2346 5192 
342 1905 2078 2378 1054 2322 1711 1322 2648 1524 1284 1528 1881 1529 835 2170 1539 1214 859 731 1141 2382 5282 
343 1957 2034 2374 1077 2218 1731 1329 2617 1552 1268 1612 1863 1522 814 2079 1570 1282 857 729 1123 2397 5356 
344 2001 2073 2372 1107 2190 1724 1347 2671 1562 1289 1634 1858 1567 831 2015 1563 1289 796 753 1084 2474 5170 
345 2025 2115 2444 1071 2194 1649 1374 2611 1566 1310 1641 1808 1626 806 2018 1518 1347 813 743 1066 2506 5055 
346 2044 2121 2468 1061 2155 1679 1419 2600 1592 1364 1670 1837 1665 773 1980 1502 1365 839 728 1042 2523 4904 
347 1998 2182 2505 1078 2096 1728 1434 2611 1615 1366 1660 1896 1771 741 1943 1482 1347 843 735 1046 2548 4715 
348 1998 2238 2489 1113 2073 1712 1476 2562 1597 1352 1709 1915 1701 776 1940 1432 1375 840 758 1153 2420 4546 
349 1987 2261 2472 1119 2060 1724 1458 2549 1628 1396 1685 1962 1680 734 1958 1398 1311 864 795 1206 2314 4549 
350 1839 2344 2505 1160 1980 1749 1422 2621 1644 1388 1712 2013 1642 724 1957 1372 1329 865 813 1264 2265 4604 
351 1825 2316 2569 1182 2037 1734 1382 2606 1633 1426 1679 2048 1570 751 1958 1386 1301 861 812 1262 2271 4681 
352 1866 2268 2555 1221 2074 1706 1386 2633 1635 1464 1686 2000 1544 757 1985 1347 1314 846 817 1256 2318 4740 
353 1826 2309 2468 1241 2147 1669 1395 2576 1660 1456 1696 2029 1508 754 1948 1350 1360 883 807 1254 2337 4845 
354 1812 2357 2526 1228 2139 1621 1404 2621 1657 1422 1750 1990 1519 747 1920 1420 1335 890 802 1210 2326 4904 
355 1852 2274 2577 1172 2230 1619 1434 2570 1636 1437 1719 1968 1527 750 1999 1469 1310 920 800 1204 2368 4985 
356 1896 2242 2552 1150 2241 1603 1429 2510 1648 1422 1736 1933 1485 753 2049 1472 1378 930 802 1209 2381 5006 
357 1949 2254 2526 1171 2198 1600 1408 2567 1630 1380 1735 1898 1443 783 2110 1488 1380 943 804 1221 2400 5096 
358 1933 2335 2477 1141 2238 1605 1384 2535 1630 1354 1818 1845 1424 746 2193 1507 1419 960 793 1195 2379 5194 
359 2003 2303 2414 1196 2170 1624 1372 2464 1709 1365 1775 1836 1441 706 2223 1462 1411 987 811 1193 2389 5266 
360 2053 2251 2475 1206 2165 1655 1362 2505 1663 1421 1866 1808 1430 722 2197 1512 1408 1008 817 1149 2388 4993 
361 2100 2223 2508 1194 2156 1660 1357 2504 1535 1500 1868 1792 1440 734 2157 1553 1379 1051 824 1137 2419 4901 
362 2112 2183 2570 1197 2122 1599 1384 2496 1558 1472 1966 1840 1367 727 2164 1553 1381 1053 841 1120 2452 4744 
363 2039 2144 2655 1170 2053 1674 1403 2423 1566 1427 1995 1829 1387 705 2169 1531 1429 1040 863 1077 2487 4787 
364 2030 2156 2640 1195 2019 1669 1392 2414 1580 1386 2063 1780 1455 674 2132 1535 1419 1086 856 1053 2492 4847 
365 2002 2241 2559 1169 1996 1699 1363 2385 1555 1376 2057 1803 1521 674 2108 1526 1382 1093 883 998 2551 4868 
366 1994 2184 2596 1149 2057 1690 1370 2327 1539 1360 2080 1831 1524 660 2130 1495 1394 1025 880 1047 2598 4949 
367 1924 2252 2618 1148 2123 1628 1351 2391 1542 1371 2073 1826 1513 647 2111 1473 1380 953 919 1118 2503 5016 
368 1903 2322 2603 1155 2203 1618 1306 2466 1538 1362 2098 1800 1531 659 2081 1543 1349 959 899 1130 2440 5066 
369 1942 2299 2612 1102 2304 1612 1310 2517 1548 1335 2123 1793 1577 662 1934 1618 1327 979 928 1170 2367 5091 
370 1908 2317 2654 1070 2271 1622 1314 2548 1511 1346 2142 1780 1611 683 1937 1609 1381 946 894 1230 2332 5161 
371 1903 2361 2611 1084 2210 1631 1332 2593 1475 1385 2098 1768 1619 705 1995 1595 1356 950 888 1265 2254 5117 
372 1858 2401 2615 1090 2213 1653 1263 2591 1527 1338 2080 1772 1617 752 2085 1496 1298 983 950 1239 2268 5142 
373 1850 2385 2517 1136 2258 1680 1272 2585 1537 1331 2027 1780 1661 774 2057 1535 1285 1011 937 1242 2277 5198 
374 1844 2327 2512 1180 2238 1709 1253 2533 1585 1250 2007 1906 1669 787 2023 1534 1257 1062 921 1241 2302 5220 
375 1908 2256 2521 1196 2206 1667 1240 2577 1542 1245 1986 1994 1746 766 1938 1524 1277 1079 918 1215 2322 5270 
376 1880 2263 2540 1242 2220 1657 1264 2538 1482 1369 1954 1987 1704 760 1964 1540 1279 1079 898 1169 2350 5310 
377 1779 2330 2500 1257 2174 1714 1265 2569 1518 1351 1952 2052 1640 798 1920 1448 1296 1091 904 1234 2330 5200 
378 1758 2344 2479 1270 2160 1689 1252 2552 1617 1324 2042 2053 1604 792 1968 1452 1289 1098 889 1211 2345 4989 
379 1753 2342 2479 1179 2240 1655 1296 2476 1599 1298 2108 2010 1586 746 2024 1420 1295 1081 901 1217 2374 4910 
380 1726 2340 2505 1173 2213 1686 1259 2465 1637 1296 2089 2007 1555 750 2050 1419 1300 1060 909 1190 2398 4877 
381 1721 2389 2471 1197 2114 1750 1271 2459 1615 1280 2135 1960 1601 719 2095 1432 1307 1025 921 1152 2403 4753 
382 1629 2444 2423 1177 2113 1765 1287 2355 1634 1352 2044 1975 1573 719 2185 1368 1365 974 931 1139 2425 4800 
383 1649 2528 2375 1134 2052 1806 1296 2330 1604 1383 1998 1866 1553 741 2278 1297 1419 922 989 1112 2452 4854 
384 1674 2524 2336 1171 2071 1810 1320 2283 1612 1438 1970 1831 1563 752 2290 1336 1401 910 1000 1120 2475 4900 
385 1641 2588 2278 1170 2104 1722 1409 2299 1646 1369 2060 1877 1656 685 2160 1362 1318 898 1049 1117 2506 4949 
386 1712 2485 2357 1179 2100 1651 1410 2246 1716 1352 2015 1889 1580 706 2145 1388 1344 928 1039 1114 2553 5021 
387 1705 2469 2354 1209 2097 1649 1402 2217 1704 1344 2050 1865 1575 683 2125 1455 1320 961 1015 1181 2442 5034 
388 1739 2423 2380 1235 2103 1602 1390 2300 1700 1326 2088 1848 1510 690 2164 1380 1355 969 1052 1203 2387 5066 
389 1815 2345 2376 1266 2041 1613 1395 2329 1675 1369 2072 1915 1407 695 2138 1445 1284 1024 1056 1153 2350 5123 
390 1851 2291 2401 1274 1990 1602 1383 2363 1678 1373 2052 1965 1486 669 2098 1398 1287 1047 1104 1181 2268 5181 
391 1893 2247 2347 1307 2028 1591 1325 2503 1643 1367 2029 1992 1512 651 2149 1384 1300 1068 1091 1208 2295 5213 
392 1949 2216 2425 1285 2068 1578 1317 2577 1620 1395 2020 2029 1563 631 2183 1322 1304 1056 1114 1197 2322 5226 
393 1962 2262 2330 1257 2141 1622 1335 2576 1584 1407 1986 2096 1586 629 2137 1318 1293 1051 1103 1186 2361 5231 
394 1887 2289 2333 1268 2220 1628 1335 2560 1581 1411 1941 2073 1660 638 2140 1300 1278 1086 1058 1202 2366 5266 
395 1855 2307 2345 1205 2330 1632 1290 2485 1594 1422 1953 2056 1674 654 2119 1271 1355 1095 1043 1202 2398 5250 
396 1773 2371 2287 1173 2383 1685 1335 2450 1570 1448 1903 2039 1696 664 2149 1306 1336 1026 1051 1172 2449 5269 
397 1766 2351 2244 1215 2352 1715 1331 2370 1572 1482 1878 1972 1746 682 2135 1325 1346 1006 1050 1182 2485 5231 
398 1719 2352 2228 1226 2316 1737 1309 2353 1562 1481 1884 2004 1675 733 2075 1374 1421 970 992 1203 2463 5317 
399 1725 2372 2205 1236 2304 1793 1264 2374 1547 1481 1883 1995 1681 708 2040 1402 1398 967 991 1174 2514 5326 
400 1737 2409 2168 1243 2279 1824 1286 2286 1585 1536 1824 1969 1718 683 1972 1444 1465 908 1037 1122 2548 5359 
401 1777 2379 2218 1248 2276 1775 1278 2383 1570 1557 1886 1978 1720 682 1936 1439 1427 902 1060 1108 2581 5195 
402 1786 2348 2313 1230 2265 1714 1286 2431 1521 1670 1881 1890 1764 657 1910 1386 1464 914 1029 1109 2528 5063 
403 1841 2314 2266 1219 2231 1747 1285 2494 1521 1778 1976 1925 1761 618 1856 1386 1452 902 1022 1150 2419 4856 
404 1874 2324 2270 1198 2167 1810 1245 2610 1472 1818 1863 2004 1745 620 1977 1389 1472 894 1034 1190 2365 4703 
405 1899 2344 2325 1126 2087 1907 1233 2609 1440 1857 1813 2059 1654 658 2060 1376 1472 916 987 1264 2240 4708 
406 1975 2256 2336 1159 2036 1895 1231 2625 1452 1898 1792 2106 1594 665 2151 1359 1439 909 988 1252 2252 4743 
407 1933 2263 2346 1168 2109 1847 1271 2545 1464 1909 1777 2150 1554 701 2218 1353 1501 870 1003 1245 2222 4809 
408 1958 2209 2395 1143 2151 1798 1298 2546 1461 1825 1800 2315 1531 730 2071 1334 1525 867 983 1248 2274 4803 
409 1945 2260 2384 1136 2229 1770 1255 2492 1457 1779 1852 2252 1578 767 2016 1423 1514 863 993 1235 2268 4847 
410 1960 2219 2363 1151 2302 1730 1289 2455 1428 1772 1834 2221 1654 743 2024 1458 1505 873 1014 1225 2282 4919 
411 1868 2319 2289 1173 2355 1732 1289 2426 1427 1700 1958 2134 1734 716 2005 1427 1523 883 1020 1194 2320 4963 
412 1869 2327 2248 1187 2387 1754 1278 2441 1370 1750 1955 2049 1735 738 1982 1452 1523 895 1016 1161 2357 5009 
413 1902 2297 2267 1171 2354 1736 1254 2382 1383 1757 1883 2088 1740 701 1989 1412 1607 867 1000 1108 2403 5076 
414 1863 2341 2195 1197 2287 1814 1217 2427 1340 1734 1915 2095 1708 710 1981 1448 1583 799 1009 1071 2435 5122 
415 1858 2307 2197 1211 2272 1823 1239 2404 1402 1699 1937 2097 1722 697 1920 1471 1536 823 1006 1049 2481 5185 
416 1862 2219 2254 1187 2287 1811 1231 2402 1390 1703 1892 2134 1759 645 1985 1510 1467 898 1002 1025 2500 5257 
417 1735 2301 2214 1266 2236 1844 1230 2368 1414 1676 1875 2163 1753 634 2016 1524 1428 917 1024 1017 2501 5313 
418 1665 2366 2180 1274 2238 1828 1217 2308 1451 1721 1769 2225 1758 594 2135 1560 1387 906 1024 962 2571 5396 
419 1728 2323 2280 1279 2236 1823 1219 2318 1431 1726 1762 2255 1692 602 2207 1534 1377 932 1041 982 2507 5295 
420 1822 2278 2304 1285 2197 1839 1219 2292 1440 1720 1750 2311 1588 691 2293 1504 1351 956 1082 1001 2465 5155 
421 1863 2243 2351 1298 2165 1851 1232 2210 1482 1722 1793 2367 1474 756 2345 1460 1380 972 1080 1062 2381 5006 
422 1939 2204 2417 1250 2151 1910 1177 2283 1558 1704 1844 2256 1434 764 2409 1463 1399 993 1057 1123 2306 4774 
423 2054 2085 2515 1265 2132 1839 1173 2382 1549 1685 1929 2172 1443 770 2417 1485 1385 1022 1034 1166 2194 4685 
424 2039 2084 2531 1255 2098 1822 1142 2456 1541 1673 1985 2063 1459 775 2452 1389 1379 1008 1104 1198 2164 4749 
425 2017 2126 2498 1237 2109 1878 1145 2490 1521 1647 2000 2103 1498 759 2437 1388 1347 1009 1118 1171 2185 4783 
426 2001 2097 2468 1216 2150 1920 1122 2500 1511 1620 2052 2145 1553 711 2340 1458 1337 1040 1074 1156 2212 4840 
427 1999 2049 2555 1156 2085 1906 1166 2592 1520 1601 2059 2201 1602 676 2326 1425 1330 1068 1089 1160 2206 4911 
428 1975 2045 2568 1142 2076 1858 1160 2572 1516 1579 1963 2331 1554 725 2343 1415 1329 1127 1085 1122 2256 4975 
429 1897 2072 2639 1175 2062 1863 1145 2567 1472 1625 2012 2379 1568 727 2312 1399 1309 1124 1099 1073 2313 4995 
430 1829 2155 2632 1169 2041 1880 1123 2518 1458 1599 2049 2425 1580 696 2347 1297 1345 1104 1092 1053 2327 5056 
431 1770 2160 2647 1195 1976 1901 1090 2469 1478 1577 2049 2493 1600 682 2323 1277 1356 1057 1142 1066 2303 5109 
432 1708 2242 2622 1143 2075 1882 1059 2451 1470 1554 2022 2515 1637 675 2216 1317 1396 1007 1170 1021 2347 5114 
433 1752 2247 2602 1186 2124 1844 1077 2398 1500 1538 2042 2424 1717 673 2269 1298 1486 951 1201 1008 2393 5168 
434 1798 2274 2561 1188 2205 1781 1077 2393 1492 1539 2041 2416 1720 669 2234 1353 1519 951 1175 1009 2395 5256 
435 1832 2254 2563 1178 2278 1756 1083 2345 1508 1500 2117 2312 1669 677 2336 1247 1550 978 1181 1017 2419 5338 
436 1851 2300 2514 1172 2239 1766 1110 2358 1491 1498 2116 2265 1704 653 2400 1289 1571 955 1147 1003 2433 5237 
437 1901 2282 2539 1168 2184 1787 1144 2320 1497 1471 2152 2283 1731 665 2358 1293 1596 951 1137 1008 2434 5105 
438 1988 2229 2525 1146 2152 1803 1151 2350 1565 1449 2162 2258 1682 665 2408 1318 1578 876 1166 1000 2447 5010 
439 1924 2300 2520 1171 2040 1897 1207 2292 1551 1501 2136 2180 1655 659 2462 1344 1617 828 1178 950 2462 4924 
440 1914 2300 2541 1153 2028 1918 1209 2195 1573 1524 2168 2125 1592 642 2545 1380 1632 869 1197 964 2478 4828 
441 1791 2422 2539 1150 2050 1915 1221 2252 1558 1536 2177 2085 1568 638 2586 1305 1606 923 1191 1007 2519 4721 
442 1753 2419 2483 1108 2086 2007 1225 2309 1576 1506 2190 2055 1550 664 2631 1248 1582 935 1215 1021 2530 4670 
443 1735 2413 2518 1135 2049 2006 1231 2282 1622 1541 2184 2148 1435 636 2585 1233 1594 964 1236 1050 2542 4708 
444 1756 2344 2557 1155 2010 1998 1219 2378 1616 1529 2182 2194 1471 638 2600 1236 1601 953 1209 1097 2592 4722 
445 1765 2300 2547 1116 2088 1979 1218 2423 1607 1490 2162 2258 1491 649 2598 1221 1598 947 1237 1251 2447 4790 
446 1740 2303 2560 1080 2193 1978 1184 2407 1626 1494 2160 2293 1532 658 2521 1280 1540 935 1234 1266 2404 4852 
447 1700 2274 2571 1119 2240 1977 1203 2357 1592 1494 2144 2376 1587 659 2502 1306 1532 955 1179 1306 2374 4903 
448 1545 2378 2613 1130 2284 1982 1214 2358 1615 1458 2194 2442 1646 655 2392 1371 1501 967 1171 1329 2341 4930 
449 1567 2326 2649 1167 2226 2008 1215 2289 1589 1492 2214 2486 1681 657 2361 1438 1477 964 1153 1342 2311 4986 
450 1555 2422 2614 1211 2144 2006 1200 2232 1593 1506 2210 2443 1741 666 2264 1518 1484 967 1167 1314 2250 5049 
451 1634 2367 2684 1287 2079 1977 1239 2267 1567 1522 2097 2394 1795 668 2291 1517 1472 1011 1132 1281 2289 5049 
452 1673 2350 2678 1285 2111 1952 1241 2288 1572 1474 2160 2372 1827 672 2285 1497 1434 979 1119 1268 2359 5054 
453 1712 2302 2668 1249 2140 1916 1264 2235 1562 1440 2215 2297 1735 703 2377 1484 1436 921 1204 1238 2377 5105 
454 1745 2288 2729 1233 2127 1874 1281 2222 1586 1458 2198 2248 1704 715 2366 1543 1519 914 1110 1237 2389 5132 
455 1852 2206 2782 1224 2136 1835 1279 2182 1573 1479 2203 2293 1675 728 2365 1537 1544 893 1085 1231 2396 5205 
456 1868 2118 2803 1282 2094 1843 1286 2206 1566 1561 2193 2355 1652 715 2374 1480 1576 922 1094 1208 2422 5193 
457 1859 2145 2765 1336 2037 1846 1365 2136 1602 1618 2180 2415 1640 745 2320 1471 1543 976 1143 1162 2426 5228 
458 1847 2121 2756 1336 2003 1817 1341 2264 1561 1653 2125 2482 1658 743 2328 1438 1590 1023 1097 1145 2452 5281 
459 1852 2105 2695 1330 2019 1884 1345 2314 1579 1623 2117 2546 1707 709 2300 1422 1578 1038 1136 1133 2449 5401 
460 1812 2179 2660 1334 2074 1846 1342 2368 1594 1650 2118 2617 1760 683 2216 1443 1540 1061 1122 1129 2467 5348 
461 1795 2190 2721 1333 2104 1834 1321 2428 1558 1682 2070 2611 1875 621 2160 1492 1508 1034 1122 1075 2548 5248 
462 1828 2119 2806 1289 2171 1847 1323 2437 1602 1644 2096 2576 1900 613 2214 1500 1507 1008 1148 1206 2431 5104 
463 1820 2163 2767 1268 2228 1905 1303 2486 1585 1693 2089 2591 1901 612 2245 1487 1479 999 1173 1241 2329 4921 
464 1798 2210 2806 1229 2291 1888 1330 2509 1616 1717 2071 2539 1854 627 2362 1482 1441 1020 1187 1229 2283 4772 
465 1785 2166 2959 1250 2211 1919 1329 2454 1687 1785 1993 2472 1856 634 2443 1476 1436 990 1211 1274 2214 4642 
466 1779 2171 2931 1289 2195 1897 1362 2430 1708 1762 1996 2453 1864 639 2454 1497 1446 992 1192 1239 2215 4699 
467 1813 2108 2993 1295 2137 1960 1349 2417 1749 1706 1946 2447 1833 638 2570 1523 1456 996 1145 1227 2246 4747 
468 1777 2186 2992 1292 2171 1895 1374 2477 1750 1688 2013 2350 1850 648 2612 1458 1394 1030 1162 1219 2280 4772 
469 1750 2169 3016 1202 2225 1927 1356 2473 1788 1595 2033 2376 1779 649 2571 1438 1454 1043 1147 1198 2311 4815 
470 1682 2212 3033 1186 2229 1931 1343 2467 1748 1641 1994 2246 1761 657 2690 1441 1467 1057 1154 1157 2351 4887 
471 1684 2184 3000 1258 2160 1921 1337 2443 1728 1668 1970 2229 1729 654 2691 1448 1462 1085 1123 1146 2373 4961 
472 1653 2197 3054 1225 2148 1871 1368 2383 1758 1597 1950 2270 1719 663 2639 1441 1475 1109 1131 1139 2399 5043 
473 1645 2267 2916 1284 2170 1868 1316 2404 1729 1543 2009 2280 1673 690 2558 1455 1426 1062 1196 1147 2367 5104 
474 1543 2349 2939 1253 2119 1872 1303 2453 1739 1527 2036 2177 1767 689 2545 1429 1462 1007 1221 1110 2418 5162 
475 1641 2300 2849 1248 2186 1827 1270 2459 1734 1519 2051 2086 1857 682 2564 1417 1474 1012 1193 1103 2460 5230 
476 1695 2322 2820 1246 2126 1845 1274 2495 1691 1544 2015 2153 1888 694 2461 1476 1571 983 1169 1111 2409 5237 
477 1755 2269 2791 1246 2117 1857 1295 2471 1722 1560 2008 2198 1961 694 2410 1441 1570 1008 1141 1141 2379 5341 
478 1803 2259 2793 1212 2178 1916 1280 2442 1703 1533 1968 2249 2014 707 2412 1408 1632 944 1103 1139 2330 5205 
479 1818 2203 2846 1242 2131 1924 1267 2445 1718 1557 1961 2321 2120 673 2444 1410 1675 956 1107 1143 2238 5130 
480 1764 2148 2966 1214 2105 1909 1275 2512 1723 1606 1983 2402 2090 646 2363 1362 1753 813 1151 1212 2153 4969 
481 1696 2240 2983 1222 2101 1905 1251 2630 1696 1609 1940 2422 2091 648 2402 1350 1674 818 1162 1212 2183 4841 
482 1687 2255 2999 1223 2095 1914 1232 2678 1671 1619 1937 2459 2052 647 2406 1318 1637 833 1170 1161 2243 4855 
483 1658 2280 3010 1217 2080 1922 1262 2642 1691 1692 1892 2548 2026 654 2422 1303 1646 850 1184 1138 2282 4699 
484 1623 2309 3020 1167 2191 1909 1290 2620 1732 1664 1919 2557 2102 667 2350 1303 1579 848 1221 1130 2320 4643 
485 1565 2319 3120 1086 2266 1861 1308 2534 1739 1660 1913 2559 2094 667 2352 1279 1582 883 1193 1112 2344 4703 
486 1618 2282 3167 1105 2235 1890 1281 2511 1726 1671 1940 2525 2089 703 2331 1356 1524 919 1190 1084 2373 4695 
487 1667 2232 3207 1098 2200 1850 1288 2518 1685 1682 1921 2547 2066 722 2299 1400 1542 934 1187 1074 2391 4722 
488 1705 2224 3163 1128 2186 1839 1256 2580 1726 1658 1949 2526 2045 734 2310 1436 1504 966 1204 1051 2415 4743 
489 1733 2204 3197 1163 2134 1805 1254 2544 1739 1639 1959 2509 2000 735 2346 1398 1566 991 1150 1054 2442 4827 
490 1778 2170 3229 1148 2058 1833 1292 2508 1781 1549 1960 2612 1849 796 2301 1398 1608 987 1115 1003 2510 4945 
491 1888 2077 3287 1120 1991 1834 1271 2520 1739 1540 1971 2537 1816 838 2295 1389 1678 984 1140 1024 2490 4980 
492 1822 2154 3306 1118 2004 1763 1310 2583 1735 1527 2005 2492 1814 878 2265 1410 1647 1022 1146 1039 2420 4980 
493 1835 2146 3220 1081 2070 1805 1287 2547 1732 1521 2031 2514 1872 890 2162 1425 1645 1015 1139 1084 2332 5044 
494 1816 2148 3246 1059 2058 1785 1262 2598 1717 1508 2095 2502 1917 878 2112 1394 1688 984 1115 1103 2299 5098 
495 1819 2114 3160 1119 2027 1784 1298 2596 1717 1507 2120 2453 1914 859 2073 1429 1617 963 1173 1116 2227 5133 
496 1777 2088 3231 1063 2070 1777 1252 2648 1698 1469 2108 2422 1945 853 2094 1445 1608 924 1174 1100 2252 5229 
497 1637 2185 3214 1079 2016 1810 1291 2603 1740 1431 2139 2407 2102 818 1994 1437 1555 895 1260 1067 2271 5261 
498 1675 2162 3240 1048 2007 1822 1256 2595 1757 1429 2128 2419 2092 826 1961 1448 1557 890 1269 1102 2235 5324 
499 1693 2180 3234 1032 1994 1820 1311 2626 1752 1447 2108 2463 2003 866 1959 1368 1630 895 1236 1152 2268 5205 