0 0.000 0.000 0.000 0.000 0.000 0.694 0.000 0.051 0.275 0.064 0.010 0.000 0.000 0.000 0.000 0.000 0.000 0.000 0.000 0.000 0.000 0.689 
1 0.000 0.000 0.000 0.000 0.000 0.831 0.000 0.054 0.270 0.067 0.016 0.000 0.000 0.000 0.000 0.000 0.000 0.000 0.000 0.000 0.000 0.685 
2 0.000 0.000 0.000 0.000 0.000 0.809 0.294 0.062 0.273 0.069 0.025 0.000 0.000 0.000 0.000 0.000 0.000 0.000 0.000 0.000 0.000 0.684 
3 0.000 0.007 0.228 0.000 0.000 0.776 0.414 0.058 0.272 0.079 0.027 0.000 0.000 0.000 0.000 0.000 0.000 0.000 0.000 0.000 0.000 0.685 
4 0.000 0.007 0.202 0.000 0.000 0.705 0.485 0.055 0.269 0.078 0.064 0.000 0.000 0.000 0.000 0.000 0.000 0.000 0.000 0.000 0.000 0.694 
5 0.000 0.007 0.198 0.000 0.000 0.684 0.485 0.060 0.319 0.149 0.116 0.000 0.000 0.000 0.000 0.000 0.000 0.000 0.000 0.000 0.000 0.690 
6 0.000 0.007 0.246 0.000 0.000 0.644 0.495 0.060 0.323 0.176 0.117 0.000 0.000 0.000 0.000 0.000 0.000 0.000 0.000 0.000 0.000 0.693 
7 0.000 0.007 0.241 0.000 0.000 0.662 0.480 0.064 0.307 0.175 0.106 0.000 0.000 0.000 0.026 0.000 0.000 0.000 0.000 0.000 0.000 0.689 
8 0.000 0.009 0.216 0.000 0.000 0.625 0.481 0.066 0.291 0.171 0.106 0.000 0.000 0.000 0.025 0.000 0.000 0.000 0.000 0.000 0.000 0.689 
9 0.000 0.117 0.240 0.000 0.000 0.648 0.455 0.061 0.242 0.210 0.110 0.003 0.000 0.000 0.024 0.000 0.000 0.000 0.000 0.000 0.000 0.682 
10 0.000 0.116 0.243 0.000 0.000 0.623 0.433 0.060 0.249 0.240 0.113 0.003 0.000 0.000 0.026 0.000 0.000 0.000 0.000 0.000 0.000 0.682 
11 0.000 0.110 0.257 0.000 0.000 0.632 0.438 0.057 0.251 0.238 0.117 0.003 0.000 0.000 0.028 0.000 0.000 0.000 0.000 0.000 0.000 0.688 
12 0.000 0.123 0.304 0.000 0.000 0.646 0.424 0.050 0.254 0.246 0.111 0.003 0.000 0.000 0.026 0.000 0.000 0.000 0.000 0.000 0.000 0.695 
13 0.003 0.123 0.280 0.000 0.000 0.673 0.467 0.050 0.252 0.243 0.110 0.003 0.000 0.000 0.018 0.000 0.000 0.000 0.000 0.000 0.000 0.693 
14 0.124 0.048 0.272 0.000 0.000 0.701 0.453 0.048 0.261 0.239 0.163 0.003 0.000 0.000 0.017 0.000 0.000 0.000 0.000 0.000 0.000 0.686 
15 0.126 0.065 0.279 0.000 0.000 0.678 0.444 0.049 0.260 0.230 0.202 0.003 0.000 0.000 0.017 0.000 0.000 0.000 0.000 0.000 0.000 0.698 
16 0.128 0.062 0.284 0.000 0.118 0.660 0.447 0.046 0.253 0.226 0.202 0.003 0.000 0.000 0.014 0.000 0.004 0.000 0.000 0.000 0.000 0.706 
17 0.111 0.066 0.320 0.000 0.116 0.658 0.452 0.049 0.252 0.236 0.226 0.003 0.000 0.000 0.013 0.000 0.004 0.000 0.000 0.000 0.000 0.707 
18 0.111 0.066 0.316 0.010 0.116 0.687 0.467 0.049 0.246 0.256 0.214 0.032 0.000 0.000 0.010 0.000 0.004 0.000 0.000 0.000 0.000 0.704 
19 0.072 0.095 0.356 0.010 0.222 0.658 0.452 0.076 0.270 0.260 0.211 0.029 0.000 0.000 0.018 0.000 0.004 0.000 0.000 0.000 0.000 0.703 
20 0.072 0.099 0.354 0.010 0.215 0.668 0.431 0.094 0.262 0.258 0.228 0.031 0.000 0.000 0.017 0.000 0.004 0.000 0.000 0.000 0.000 0.708 
21 0.069 0.157 0.342 0.010 0.279 0.649 0.463 0.092 0.259 0.259 0.222 0.031 0.000 0.000 0.013 0.000 0.004 0.000 0.000 0.000 0.000 0.709 
22 0.069 0.193 0.332 0.009 0.239 0.669 0.481 0.094 0.259 0.264 0.219 0.034 0.000 0.000 0.013 0.000 0.004 0.000 0.000 0.000 0.000 0.708 
23 0.070 0.188 0.339 0.010 0.241 0.662 0.486 0.099 0.261 0.263 0.236 0.033 0.000 0.000 0.017 0.000 0.004 0.000 0.000 0.000 0.000 0.705 
24 0.070 0.199 0.319 0.000 0.239 0.669 0.466 0.102 0.250 0.257 0.260 0.012 0.000 0.000 0.017 0.000 0.004 0.000 0.000 0.000 0.000 0.701 
25 0.072 0.202 0.338 0.000 0.163 0.703 0.453 0.099 0.243 0.256 0.257 0.012 0.000 0.000 0.011 0.000 0.000 0.000 0.000 0.000 0.000 0.697 
26 0.072 0.194 0.328 0.000 0.285 0.715 0.445 0.102 0.268 0.243 0.258 0.012 0.000 0.000 0.016 0.000 0.004 0.000 0.000 0.000 0.000 0.694 
27 0.072 0.193 0.383 0.000 0.325 0.709 0.521 0.136 0.262 0.240 0.269 0.015 0.000 0.000 0.016 0.000 0.004 0.000 0.000 0.000 0.000 0.695 
28 0.074 0.232 0.433 0.000 0.346 0.717 0.580 0.243 0.290 0.223 0.276 0.015 0.000 0.000 0.017 0.000 0.004 0.000 0.000 0.000 0.000 0.693 
29 0.074 0.255 0.430 0.000 0.346 0.730 0.560 0.269 0.282 0.226 0.287 0.016 0.000 0.000 0.015 0.000 0.004 0.000 0.000 0.000 0.000 0.691 
30 0.073 0.252 0.471 0.000 0.332 0.733 0.548 0.259 0.284 0.239 0.285 0.015 0.000 0.000 0.010 0.000 0.003 0.000 0.000 0.000 0.000 0.697 
31 0.068 0.273 0.460 0.000 0.327 0.739 0.533 0.242 0.287 0.241 0.281 0.077 0.000 0.000 0.010 0.000 0.003 0.000 0.000 0.000 0.000 0.696 
32 0.129 0.244 0.455 0.000 0.334 0.749 0.485 0.235 0.288 0.245 0.289 0.075 0.000 0.000 0.010 0.000 0.006 0.000 0.000 0.000 0.000 0.699 
33 0.127 0.236 0.446 0.000 0.337 0.734 0.472 0.233 0.290 0.245 0.289 0.075 0.000 0.000 0.010 0.000 0.003 0.000 0.000 0.000 0.000 0.701 
34 0.125 0.239 0.472 0.000 0.346 0.736 0.443 0.231 0.288 0.249 0.291 0.076 0.000 0.000 0.010 0.000 0.003 0.000 0.000 0.000 0.000 0.701 
35 0.125 0.231 0.476 0.000 0.343 0.730 0.414 0.227 0.283 0.244 0.285 0.073 0.000 0.000 0.010 0.000 0.003 0.000 0.000 0.000 0.000 0.702 
36 0.121 0.227 0.458 0.000 0.340 0.727 0.439 0.226 0.284 0.234 0.284 0.072 0.000 0.000 0.010 0.000 0.003 0.000 0.000 0.000 0.000 0.696 
37 0.118 0.230 0.440 0.000 0.371 0.710 0.459 0.224 0.278 0.241 0.293 0.064 0.000 0.000 0.009 0.000 0.009 0.000 0.000 0.000 0.000 0.698 
38 0.109 0.235 0.447 0.000 0.376 0.708 0.453 0.222 0.271 0.239 0.281 0.112 0.000 0.000 0.009 0.000 0.009 0.000 0.000 0.000 0.000 0.692 
39 0.116 0.229 0.459 0.000 0.359 0.697 0.481 0.231 0.262 0.239 0.278 0.109 0.000 0.000 0.010 0.000 0.009 0.000 0.000 0.000 0.000 0.700 
40 0.122 0.246 0.456 0.000 0.364 0.695 0.495 0.239 0.261 0.233 0.271 0.102 0.000 0.000 0.009 0.000 0.006 0.000 0.000 0.000 0.000 0.697 
41 0.115 0.244 0.444 0.000 0.383 0.682 0.519 0.243 0.257 0.241 0.260 0.129 0.000 0.000 0.009 0.000 0.006 0.000 0.000 0.000 0.000 0.696 
42 0.108 0.257 0.470 0.000 0.366 0.675 0.521 0.243 0.260 0.232 0.263 0.123 0.000 0.000 0.009 0.000 0.006 0.000 0.000 0.000 0.000 0.695 
43 0.105 0.261 0.472 0.000 0.357 0.695 0.540 0.245 0.271 0.218 0.270 0.122 0.000 0.000 0.009 0.000 0.006 0.000 0.000 0.000 0.000 0.699 
44 0.105 0.260 0.501 0.000 0.378 0.674 0.584 0.244 0.268 0.215 0.267 0.119 0.001 0.000 0.010 0.000 0.006 0.000 0.000 0.000 0.000 0.699 
45 0.102 0.264 0.491 0.000 0.375 0.689 0.629 0.249 0.272 0.207 0.263 0.114 0.001 0.000 0.010 0.000 0.031 0.000 0.000 0.000 0.000 0.701 
46 0.103 0.277 0.513 0.000 0.360 0.680 0.620 0.260 0.310 0.206 0.257 0.113 0.000 0.000 0.010 0.000 0.050 0.000 0.000 0.000 0.000 0.700 
47 0.101 0.276 0.510 0.000 0.351 0.675 0.607 0.254 0.308 0.218 0.253 0.121 0.000 0.000 0.009 0.000 0.064 0.000 0.000 0.000 0.000 0.696 
48 0.113 0.271 0.510 0.000 0.350 0.671 0.602 0.254 0.307 0.221 0.258 0.132 0.000 0.000 0.014 0.000 0.071 0.000 0.000 0.000 0.000 0.698 
49 0.113 0.269 0.501 0.000 0.346 0.675 0.600 0.252 0.301 0.224 0.252 0.137 0.000 0.000 0.014 0.000 0.070 0.000 0.000 0.000 0.000 0.692 
50 0.123 0.274 0.504 0.000 0.336 0.666 0.594 0.249 0.299 0.232 0.261 0.142 0.000 0.000 0.014 0.000 0.070 0.000 0.000 0.000 0.000 0.689 
51 0.129 0.275 0.497 0.000 0.331 0.646 0.571 0.252 0.289 0.228 0.255 0.140 0.000 0.000 0.014 0.000 0.073 0.000 0.000 0.000 0.000 0.686 
52 0.123 0.272 0.493 0.000 0.338 0.651 0.576 0.251 0.309 0.236 0.246 0.136 0.000 0.000 0.014 0.000 0.069 0.000 0.000 0.000 0.000 0.689 
53 0.110 0.270 0.506 0.000 0.328 0.659 0.593 0.263 0.333 0.252 0.243 0.137 0.000 0.000 0.014 0.000 0.064 0.000 0.000 0.000 0.000 0.686 
54 0.110 0.266 0.513 0.000 0.332 0.667 0.585 0.265 0.372 0.250 0.239 0.143 0.000 0.000 0.014 0.000 0.064 0.000 0.000 0.000 0.000 0.691 
55 0.107 0.275 0.528 0.000 0.345 0.664 0.583 0.269 0.367 0.247 0.244 0.159 0.000 0.000 0.018 0.000 0.064 0.000 0.000 0.000 0.000 0.699 
56 0.105 0.285 0.516 0.000 0.372 0.677 0.587 0.266 0.372 0.269 0.238 0.158 0.000 0.000 0.018 0.000 0.061 0.000 0.000 0.000 0.000 0.700 
57 0.110 0.280 0.513 0.000 0.373 0.680 0.576 0.262 0.367 0.265 0.245 0.161 0.000 0.000 0.019 0.000 0.065 0.000 0.000 0.000 0.000 0.704 
58 0.112 0.281 0.511 0.000 0.371 0.683 0.572 0.261 0.376 0.256 0.249 0.159 0.000 0.000 0.019 0.000 0.066 0.000 0.000 0.000 0.000 0.704 
59 0.106 0.295 0.520 0.000 0.376 0.680 0.603 0.259 0.367 0.256 0.260 0.162 0.000 0.000 0.023 0.000 0.069 0.000 0.000 0.000 0.000 0.701 
60 0.111 0.293 0.521 0.000 0.396 0.682 0.609 0.256 0.361 0.260 0.265 0.154 0.000 0.000 0.024 0.000 0.067 0.000 0.000 0.000 0.000 0.699 
61 0.111 0.294 0.517 0.000 0.388 0.675 0.609 0.256 0.362 0.260 0.267 0.154 0.000 0.000 0.023 0.000 0.065 0.000 0.000 0.000 0.000 0.698 
62 0.110 0.291 0.527 0.000 0.390 0.669 0.614 0.254 0.353 0.249 0.274 0.157 0.000 0.000 0.023 0.000 0.068 0.000 0.000 0.000 0.000 0.698 
63 0.107 0.292 0.526 0.000 0.375 0.686 0.607 0.255 0.337 0.239 0.268 0.160 0.000 0.000 0.028 0.000 0.063 0.000 0.000 0.000 0.000 0.701 
64 0.106 0.293 0.532 0.000 0.354 0.700 0.602 0.259 0.345 0.253 0.260 0.157 0.000 0.000 0.028 0.000 0.060 0.000 0.000 0.000 0.000 0.693 
65 0.106 0.290 0.531 0.000 0.338 0.713 0.615 0.256 0.338 0.259 0.263 0.157 0.000 0.000 0.026 0.000 0.089 0.000 0.000 0.000 0.000 0.693 
66 0.108 0.291 0.531 0.000 0.340 0.702 0.621 0.254 0.356 0.297 0.261 0.156 0.000 0.000 0.021 0.000 0.086 0.000 0.000 0.000 0.000 0.687 
67 0.109 0.302 0.536 0.000 0.340 0.706 0.625 0.244 0.350 0.299 0.255 0.162 0.000 0.000 0.020 0.000 0.083 0.000 0.000 0.000 0.000 0.697 
68 0.106 0.309 0.529 0.000 0.351 0.695 0.634 0.244 0.359 0.288 0.264 0.194 0.000 0.000 0.034 0.000 0.082 0.000 0.000 0.000 0.000 0.697 
69 0.110 0.310 0.530 0.000 0.353 0.688 0.628 0.257 0.364 0.287 0.266 0.195 0.000 0.000 0.030 0.000 0.085 0.000 0.000 0.000 0.000 0.693 
70 0.107 0.306 0.542 0.000 0.361 0.678 0.616 0.265 0.361 0.309 0.293 0.186 0.000 0.000 0.031 0.000 0.087 0.000 0.000 0.000 0.000 0.690 
71 0.105 0.317 0.543 0.000 0.369 0.667 0.619 0.262 0.384 0.303 0.296 0.180 0.000 0.000 0.031 0.000 0.092 0.000 0.000 0.000 0.000 0.689 
72 0.112 0.308 0.530 0.000 0.375 0.679 0.618 0.261 0.370 0.297 0.286 0.189 0.000 0.000 0.031 0.000 0.088 0.000 0.000 0.000 0.000 0.686 
73 0.119 0.306 0.521 0.000 0.379 0.679 0.613 0.262 0.371 0.298 0.278 0.201 0.000 0.000 0.031 0.000 0.087 0.000 0.000 0.000 0.000 0.689 
74 0.155 0.298 0.521 0.000 0.370 0.679 0.593 0.271 0.377 0.299 0.275 0.206 0.000 0.000 0.028 0.000 0.087 0.000 0.000 0.000 0.000 0.685 
75 0.174 0.290 0.510 0.000 0.351 0.681 0.597 0.281 0.371 0.317 0.276 0.205 0.000 0.000 0.028 0.000 0.088 0.000 0.000 0.000 0.000 0.691 
76 0.177 0.281 0.509 0.000 0.349 0.675 0.591 0.290 0.364 0.305 0.269 0.206 0.000 0.000 0.025 0.000 0.083 0.000 0.000 0.000 0.000 0.695 
77 0.170 0.287 0.517 0.000 0.364 0.668 0.603 0.296 0.382 0.300 0.272 0.209 0.000 0.000 0.019 0.000 0.082 0.000 0.000 0.000 0.000 0.697 
78 0.164 0.293 0.515 0.009 0.392 0.665 0.604 0.303 0.397 0.306 0.281 0.209 0.000 0.000 0.016 0.000 0.085 0.000 0.000 0.000 0.000 0.698 
79 0.169 0.293 0.515 0.009 0.384 0.671 0.608 0.305 0.403 0.297 0.280 0.205 0.000 0.000 0.016 0.000 0.084 0.000 0.004 0.000 0.000 0.697 
80 0.165 0.301 0.515 0.008 0.377 0.658 0.601 0.306 0.400 0.287 0.288 0.206 0.000 0.000 0.019 0.000 0.077 0.000 0.004 0.000 0.000 0.700 
81 0.167 0.315 0.517 0.016 0.383 0.673 0.593 0.303 0.420 0.286 0.284 0.206 0.000 0.000 0.019 0.000 0.079 0.000 0.004 0.000 0.000 0.701 
82 0.174 0.319 0.502 0.025 0.382 0.681 0.588 0.301 0.409 0.284 0.279 0.207 0.000 0.000 0.021 0.000 0.076 0.000 0.004 0.000 0.000 0.700 
83 0.172 0.310 0.511 0.024 0.375 0.680 0.593 0.292 0.406 0.280 0.260 0.219 0.000 0.000 0.020 0.000 0.078 0.000 0.004 0.000 0.000 0.702 
84 0.197 0.302 0.509 0.024 0.369 0.682 0.585 0.289 0.409 0.284 0.258 0.214 0.000 0.000 0.019 0.000 0.092 0.000 0.000 0.000 0.000 0.702 
85 0.195 0.301 0.505 0.135 0.377 0.693 0.597 0.285 0.405 0.287 0.255 0.204 0.000 0.000 0.086 0.000 0.090 0.000 0.000 0.000 0.000 0.707 
86 0.195 0.296 0.510 0.138 0.385 0.690 0.592 0.282 0.396 0.281 0.256 0.201 0.000 0.000 0.102 0.000 0.097 0.000 0.000 0.000 0.000 0.707 
87 0.208 0.292 0.505 0.130 0.389 0.692 0.578 0.296 0.383 0.281 0.266 0.202 0.000 0.000 0.116 0.000 0.090 0.000 0.000 0.000 0.000 0.709 
88 0.209 0.292 0.507 0.120 0.399 0.665 0.576 0.295 0.366 0.288 0.256 0.194 0.000 0.000 0.111 0.000 0.091 0.000 0.000 0.000 0.000 0.710 
89 0.210 0.294 0.515 0.110 0.407 0.662 0.583 0.286 0.355 0.308 0.275 0.194 0.000 0.000 0.108 0.008 0.089 0.000 0.000 0.000 0.000 0.709 
90 0.206 0.302 0.527 0.107 0.417 0.673 0.601 0.301 0.353 0.305 0.272 0.195 0.000 0.000 0.106 0.008 0.087 0.000 0.000 0.000 0.000 0.703 
91 0.202 0.307 0.517 0.206 0.429 0.674 0.593 0.302 0.343 0.324 0.277 0.198 0.000 0.000 0.107 0.006 0.083 0.000 0.000 0.000 0.000 0.704 
92 0.204 0.316 0.511 0.195 0.431 0.666 0.595 0.303 0.365 0.329 0.273 0.195 0.000 0.000 0.118 0.005 0.086 0.000 0.000 0.000 0.000 0.712 
93 0.208 0.319 0.512 0.189 0.423 0.671 0.609 0.296 0.371 0.340 0.276 0.195 0.000 0.000 0.130 0.005 0.103 0.000 0.000 0.000 0.000 0.710 
94 0.212 0.311 0.519 0.185 0.413 0.663 0.609 0.302 0.360 0.328 0.291 0.188 0.000 0.000 0.135 0.008 0.086 0.000 0.000 0.000 0.000 0.702 
95 0.213 0.316 0.515 0.145 0.427 0.660 0.616 0.305 0.331 0.343 0.294 0.196 0.000 0.000 0.146 0.008 0.089 0.000 0.000 0.000 0.000 0.698 
96 0.213 0.313 0.510 0.117 0.443 0.651 0.604 0.307 0.338 0.342 0.299 0.192 0.000 0.000 0.153 0.013 0.102 0.000 0.000 0.000 0.000 0.695 
97 0.212 0.308 0.499 0.113 0.437 0.643 0.609 0.310 0.338 0.334 0.291 0.194 0.000 0.000 0.149 0.013 0.101 0.000 0.000 0.000 0.000 0.696 
98 0.218 0.304 0.493 0.117 0.436 0.626 0.607 0.311 0.339 0.327 0.293 0.192 0.000 0.000 0.140 0.025 0.095 0.000 0.000 0.000 0.000 0.697 
99 0.232 0.289 0.486 0.113 0.437 0.621 0.613 0.313 0.338 0.321 0.292 0.180 0.000 0.000 0.136 0.025 0.100 0.000 0.000 0.000 0.000 0.695 
100 0.240 0.295 0.489 0.122 0.432 0.634 0.616 0.322 0.321 0.338 0.290 0.180 0.000 0.000 0.139 0.022 0.099 0.000 0.000 0.000 0.000 0.700 
101 0.242 0.298 0.488 0.113 0.430 0.644 0.614 0.338 0.312 0.345 0.294 0.182 0.000 0.000 0.136 0.019 0.095 0.000 0.000 0.000 0.000 0.701 
102 0.232 0.307 0.493 0.112 0.435 0.643 0.635 0.342 0.310 0.338 0.298 0.181 0.000 0.000 0.139 0.030 0.088 0.000 0.000 0.000 0.000 0.706 
103 0.223 0.316 0.489 0.112 0.438 0.652 0.633 0.343 0.313 0.346 0.295 0.183 0.000 0.000 0.145 0.030 0.078 0.000 0.000 0.000 0.000 0.707 
104 0.221 0.319 0.486 0.121 0.438 0.650 0.623 0.343 0.316 0.350 0.285 0.187 0.000 0.000 0.151 0.027 0.087 0.000 0.000 0.000 0.000 0.704 
105 0.220 0.312 0.505 0.129 0.434 0.634 0.632 0.329 0.332 0.347 0.277 0.188 0.000 0.000 0.167 0.027 0.131 0.000 0.000 0.000 0.000 0.703 
106 0.225 0.315 0.496 0.117 0.439 0.636 0.612 0.322 0.338 0.343 0.283 0.184 0.000 0.000 0.165 0.029 0.137 0.000 0.000 0.000 0.000 0.695 
107 0.220 0.313 0.498 0.114 0.440 0.629 0.591 0.333 0.339 0.337 0.289 0.187 0.000 0.000 0.161 0.027 0.130 0.000 0.000 0.000 0.000 0.689 
108 0.213 0.316 0.508 0.116 0.440 0.628 0.584 0.332 0.322 0.353 0.288 0.187 0.000 0.000 0.153 0.029 0.130 0.000 0.000 0.000 0.000 0.686 
109 0.222 0.316 0.499 0.172 0.437 0.629 0.582 0.332 0.325 0.361 0.298 0.185 0.000 0.000 0.145 0.029 0.130 0.000 0.000 0.000 0.000 0.689 
110 0.216 0.314 0.510 0.170 0.435 0.617 0.590 0.319 0.342 0.354 0.292 0.188 0.000 0.000 0.141 0.028 0.137 0.000 0.000 0.000 0.000 0.689 
111 0.224 0.307 0.507 0.166 0.437 0.635 0.591 0.316 0.351 0.348 0.298 0.189 0.000 0.000 0.140 0.030 0.138 0.000 0.000 0.000 0.000 0.690 
112 0.226 0.307 0.507 0.165 0.432 0.642 0.590 0.315 0.345 0.345 0.290 0.189 0.000 0.000 0.140 0.027 0.147 0.000 0.000 0.000 0.000 0.685 
113 0.235 0.300 0.505 0.159 0.435 0.640 0.590 0.325 0.345 0.347 0.292 0.184 0.000 0.000 0.140 0.024 0.147 0.000 0.000 0.000 0.000 0.692 
114 0.234 0.303 0.501 0.149 0.449 0.633 0.611 0.329 0.338 0.355 0.286 0.186 0.000 0.000 0.140 0.025 0.151 0.000 0.000 0.000 0.000 0.693 
115 0.239 0.299 0.494 0.137 0.447 0.631 0.611 0.337 0.319 0.353 0.278 0.180 0.000 0.000 0.141 0.024 0.152 0.000 0.000 0.000 0.000 0.696 
116 0.240 0.294 0.492 0.133 0.451 0.632 0.616 0.337 0.323 0.361 0.288 0.179 0.000 0.000 0.143 0.024 0.151 0.000 0.000 0.000 0.000 0.694 
117 0.237 0.305 0.497 0.129 0.450 0.647 0.604 0.357 0.322 0.353 0.308 0.179 0.000 0.000 0.146 0.024 0.151 0.000 0.000 0.000 0.000 0.697 
118 0.235 0.304 0.497 0.122 0.449 0.664 0.592 0.367 0.330 0.343 0.309 0.179 0.000 0.000 0.147 0.023 0.156 0.000 0.000 0.000 0.000 0.700 
119 0.233 0.309 0.497 0.114 0.449 0.663 0.602 0.378 0.364 0.346 0.310 0.179 0.000 0.000 0.143 0.025 0.153 0.000 0.000 0.000 0.000 0.698 
120 0.226 0.318 0.497 0.108 0.450 0.653 0.612 0.374 0.356 0.328 0.308 0.183 0.000 0.000 0.138 0.020 0.152 0.000 0.000 0.000 0.000 0.702 
121 0.221 0.322 0.494 0.109 0.447 0.649 0.610 0.373 0.347 0.324 0.302 0.181 0.000 0.000 0.137 0.016 0.149 0.000 0.000 0.000 0.000 0.702 
122 0.229 0.316 0.498 0.118 0.445 0.662 0.602 0.363 0.356 0.323 0.296 0.181 0.000 0.000 0.134 0.017 0.155 0.000 0.000 0.000 0.000 0.700 
123 0.223 0.312 0.494 0.116 0.454 0.663 0.599 0.370 0.359 0.321 0.295 0.184 0.000 0.000 0.132 0.017 0.149 0.000 0.000 0.000 0.000 0.702 
124 0.231 0.308 0.502 0.117 0.450 0.644 0.598 0.370 0.351 0.338 0.292 0.184 0.000 0.000 0.124 0.016 0.154 0.000 0.000 0.000 0.000 0.701 
125 0.229 0.312 0.499 0.130 0.461 0.642 0.602 0.378 0.352 0.348 0.299 0.184 0.000 0.000 0.126 0.018 0.164 0.000 0.000 0.000 0.000 0.700 
126 0.226 0.306 0.501 0.120 0.465 0.649 0.582 0.365 0.352 0.356 0.302 0.187 0.000 0.000 0.127 0.024 0.176 0.000 0.000 0.000 0.000 0.701 
127 0.229 0.303 0.493 0.114 0.451 0.648 0.573 0.367 0.359 0.362 0.300 0.187 0.000 0.000 0.128 0.025 0.176 0.000 0.000 0.000 0.000 0.702 
128 0.231 0.303 0.486 0.106 0.454 0.631 0.568 0.357 0.374 0.371 0.296 0.191 0.007 0.000 0.137 0.039 0.164 0.000 0.000 0.000 0.000 0.700 
129 0.228 0.304 0.478 0.103 0.454 0.616 0.566 0.368 0.363 0.381 0.289 0.188 0.012 0.000 0.138 0.049 0.159 0.000 0.000 0.000 0.000 0.699 
130 0.221 0.308 0.480 0.101 0.461 0.607 0.552 0.364 0.357 0.379 0.304 0.186 0.012 0.000 0.137 0.050 0.156 0.000 0.000 0.000 0.000 0.703 
131 0.216 0.314 0.481 0.093 0.461 0.594 0.550 0.367 0.358 0.376 0.302 0.188 0.012 0.000 0.137 0.050 0.156 0.000 0.000 0.000 0.000 0.703 
132 0.222 0.311 0.479 0.087 0.457 0.591 0.538 0.371 0.352 0.372 0.298 0.186 0.013 0.000 0.132 0.048 0.155 0.000 0.000 0.000 0.000 0.701 
133 0.223 0.317 0.482 0.099 0.456 0.577 0.563 0.369 0.350 0.400 0.276 0.186 0.013 0.000 0.128 0.046 0.159 0.000 0.000 0.000 0.000 0.698 
134 0.222 0.339 0.473 0.104 0.461 0.576 0.567 0.382 0.350 0.389 0.277 0.180 0.013 0.000 0.130 0.048 0.161 0.000 0.000 0.000 0.000 0.699 
135 0.211 0.347 0.492 0.110 0.453 0.604 0.559 0.386 0.381 0.372 0.287 0.183 0.011 0.000 0.131 0.041 0.166 0.000 0.000 0.000 0.000 0.695 
136 0.215 0.345 0.502 0.111 0.447 0.612 0.585 0.388 0.391 0.365 0.282 0.182 0.011 0.000 0.134 0.037 0.162 0.000 0.000 0.000 0.000 0.699 
137 0.212 0.336 0.503 0.105 0.445 0.605 0.594 0.386 0.379 0.374 0.279 0.187 0.012 0.000 0.131 0.038 0.159 0.000 0.000 0.000 0.000 0.702 
138 0.225 0.332 0.505 0.128 0.456 0.594 0.576 0.387 0.407 0.358 0.280 0.186 0.011 0.000 0.135 0.037 0.162 0.000 0.000 0.000 0.000 0.701 
139 0.217 0.332 0.501 0.137 0.463 0.595 0.572 0.386 0.405 0.352 0.288 0.179 0.010 0.000 0.139 0.042 0.178 0.000 0.000 0.000 0.000 0.701 
140 0.221 0.329 0.494 0.125 0.467 0.595 0.570 0.392 0.407 0.352 0.298 0.169 0.009 0.000 0.140 0.041 0.181 0.000 0.000 0.000 0.000 0.706 
141 0.219 0.332 0.476 0.117 0.466 0.599 0.567 0.399 0.405 0.353 0.280 0.167 0.027 0.000 0.150 0.042 0.187 0.000 0.000 0.000 0.000 0.701 
142 0.220 0.329 0.482 0.106 0.462 0.605 0.577 0.397 0.405 0.366 0.282 0.172 0.032 0.000 0.144 0.040 0.183 0.000 0.000 0.000 0.000 0.701 
143 0.217 0.328 0.484 0.108 0.456 0.597 0.582 0.384 0.398 0.365 0.274 0.169 0.043 0.000 0.145 0.044 0.194 0.000 0.000 0.000 0.000 0.697 
144 0.214 0.335 0.478 0.109 0.457 0.595 0.586 0.389 0.398 0.365 0.276 0.169 0.059 0.000 0.136 0.040 0.186 0.000 0.000 0.000 0.000 0.695 
145 0.210 0.329 0.487 0.154 0.450 0.599 0.581 0.384 0.397 0.368 0.276 0.166 0.065 0.000 0.130 0.036 0.183 0.000 0.000 0.000 0.000 0.701 
146 0.202 0.332 0.476 0.132 0.450 0.601 0.578 0.392 0.389 0.374 0.280 0.162 0.065 0.000 0.136 0.038 0.186 0.000 0.000 0.000 0.000 0.699 
147 0.204 0.317 0.484 0.170 0.452 0.603 0.581 0.385 0.399 0.392 0.276 0.163 0.068 0.000 0.135 0.036 0.178 0.000 0.000 0.000 0.000 0.700 
148 0.208 0.314 0.474 0.218 0.449 0.605 0.590 0.387 0.398 0.402 0.287 0.161 0.070 0.000 0.137 0.044 0.175 0.000 0.000 0.000 0.000 0.697 
149 0.204 0.324 0.475 0.215 0.447 0.605 0.604 0.396 0.436 0.398 0.289 0.165 0.069 0.000 0.133 0.043 0.177 0.000 0.000 0.000 0.000 0.692 
150 0.216 0.314 0.484 0.217 0.442 0.601 0.598 0.404 0.434 0.404 0.298 0.162 0.070 0.000 0.139 0.051 0.179 0.000 0.000 0.000 0.000 0.688 
151 0.214 0.315 0.488 0.253 0.438 0.596 0.599 0.390 0.443 0.389 0.293 0.158 0.071 0.000 0.140 0.047 0.197 0.000 0.000 0.000 0.000 0.694 
152 0.200 0.313 0.479 0.255 0.446 0.600 0.590 0.381 0.448 0.392 0.291 0.160 0.070 0.000 0.137 0.051 0.186 0.000 0.000 0.000 0.000 0.695 
153 0.206 0.306 0.480 0.249 0.441 0.598 0.593 0.375 0.452 0.397 0.280 0.154 0.068 0.000 0.130 0.055 0.191 0.000 0.000 0.000 0.000 0.700 
154 0.202 0.312 0.483 0.247 0.448 0.603 0.598 0.396 0.447 0.415 0.288 0.146 0.066 0.000 0.135 0.055 0.185 0.000 0.000 0.000 0.000 0.691 
155 0.209 0.319 0.486 0.248 0.448 0.602 0.587 0.398 0.442 0.399 0.290 0.144 0.067 0.000 0.136 0.053 0.183 0.000 0.000 0.000 0.000 0.690 
156 0.205 0.322 0.491 0.252 0.454 0.592 0.580 0.392 0.430 0.396 0.282 0.149 0.070 0.000 0.128 0.056 0.181 0.000 0.000 0.000 0.000 0.688 
157 0.206 0.332 0.488 0.253 0.458 0.585 0.584 0.388 0.432 0.388 0.276 0.149 0.080 0.000 0.126 0.054 0.181 0.000 0.000 0.000 0.000 0.689 
158 0.201 0.333 0.493 0.251 0.460 0.579 0.590 0.387 0.431 0.388 0.279 0.146 0.083 0.000 0.129 0.067 0.179 0.000 0.000 0.000 0.000 0.684 
159 0.200 0.345 0.495 0.247 0.452 0.579 0.596 0.390 0.433 0.380 0.278 0.142 0.084 0.000 0.131 0.066 0.177 0.000 0.000 0.000 0.000 0.686 
160 0.207 0.333 0.502 0.252 0.444 0.577 0.597 0.399 0.428 0.376 0.266 0.138 0.087 0.000 0.129 0.085 0.176 0.000 0.000 0.000 0.000 0.689 
161 0.204 0.328 0.511 0.253 0.432 0.585 0.589 0.393 0.409 0.377 0.266 0.138 0.090 0.000 0.127 0.086 0.181 0.000 0.000 0.000 0.000 0.696 
162 0.204 0.335 0.509 0.279 0.435 0.586 0.594 0.391 0.410 0.380 0.261 0.135 0.089 0.000 0.123 0.084 0.181 0.000 0.000 0.000 0.000 0.703 
163 0.200 0.331 0.510 0.297 0.429 0.581 0.597 0.394 0.405 0.377 0.262 0.131 0.088 0.000 0.129 0.087 0.177 0.000 0.000 0.000 0.000 0.707 
164 0.200 0.333 0.499 0.299 0.436 0.589 0.572 0.399 0.428 0.377 0.262 0.128 0.087 0.000 0.125 0.085 0.189 0.000 0.000 0.000 0.000 0.706 
165 0.202 0.327 0.494 0.294 0.440 0.585 0.563 0.399 0.425 0.377 0.257 0.128 0.090 0.000 0.125 0.087 0.191 0.000 0.000 0.000 0.000 0.708 
166 0.203 0.318 0.491 0.294 0.446 0.579 0.566 0.402 0.419 0.373 0.256 0.125 0.090 0.000 0.123 0.075 0.187 0.000 0.000 0.000 0.000 0.712 
167 0.208 0.324 0.492 0.282 0.448 0.581 0.562 0.403 0.419 0.376 0.255 0.123 0.087 0.000 0.125 0.074 0.186 0.000 0.000 0.000 0.000 0.712 
168 0.212 0.325 0.493 0.269 0.448 0.577 0.555 0.412 0.424 0.376 0.259 0.120 0.091 0.000 0.127 0.072 0.183 0.000 0.000 0.000 0.000 0.709 
169 0.209 0.337 0.490 0.274 0.442 0.582 0.570 0.422 0.441 0.381 0.252 0.122 0.098 0.000 0.125 0.080 0.171 0.038 0.000 0.000 0.000 0.703 
170 0.226 0.326 0.489 0.272 0.451 0.578 0.585 0.426 0.432 0.388 0.243 0.128 0.101 0.000 0.119 0.080 0.179 0.035 0.000 0.000 0.000 0.710 
171 0.228 0.336 0.487 0.274 0.457 0.584 0.580 0.426 0.446 0.357 0.239 0.138 0.099 0.000 0.119 0.085 0.187 0.040 0.000 0.000 0.000 0.712 
172 0.228 0.341 0.499 0.273 0.453 0.587 0.579 0.438 0.453 0.350 0.235 0.137 0.101 0.000 0.122 0.090 0.183 0.045 0.000 0.000 0.000 0.714 
173 0.225 0.340 0.498 0.270 0.448 0.583 0.569 0.440 0.446 0.344 0.238 0.137 0.097 0.000 0.122 0.085 0.186 0.048 0.000 0.000 0.000 0.711 
174 0.224 0.337 0.503 0.286 0.444 0.570 0.573 0.435 0.452 0.331 0.245 0.141 0.096 0.000 0.118 0.086 0.193 0.051 0.000 0.000 0.000 0.711 
175 0.211 0.338 0.496 0.299 0.441 0.571 0.562 0.427 0.447 0.330 0.255 0.147 0.094 0.000 0.121 0.086 0.193 0.053 0.000 0.000 0.000 0.712 
176 0.214 0.329 0.500 0.295 0.445 0.577 0.554 0.427 0.438 0.335 0.262 0.144 0.100 0.000 0.122 0.085 0.194 0.052 0.000 0.000 0.000 0.705 
177 0.215 0.339 0.499 0.283 0.448 0.572 0.553 0.428 0.435 0.335 0.259 0.142 0.105 0.000 0.118 0.085 0.192 0.051 0.000 0.000 0.000 0.699 
178 0.217 0.338 0.499 0.287 0.444 0.567 0.547 0.426 0.442 0.343 0.249 0.141 0.105 0.000 0.127 0.087 0.204 0.049 0.000 0.000 0.000 0.700 
179 0.219 0.336 0.500 0.274 0.442 0.582 0.552 0.419 0.429 0.349 0.253 0.137 0.103 0.000 0.127 0.086 0.216 0.052 0.000 0.000 0.000 0.697 
180 0.223 0.331 0.499 0.262 0.445 0.590 0.546 0.419 0.426 0.349 0.245 0.138 0.104 0.000 0.124 0.087 0.222 0.050 0.000 0.000 0.000 0.700 
181 0.229 0.327 0.491 0.254 0.445 0.585 0.554 0.417 0.427 0.354 0.241 0.132 0.101 0.000 0.129 0.086 0.223 0.045 0.000 0.000 0.000 0.698 
182 0.227 0.329 0.498 0.281 0.440 0.579 0.566 0.420 0.434 0.346 0.246 0.123 0.110 0.000 0.128 0.083 0.219 0.040 0.000 0.000 0.000 0.696 
183 0.224 0.326 0.499 0.276 0.439 0.571 0.563 0.415 0.421 0.338 0.251 0.118 0.112 0.000 0.133 0.082 0.226 0.039 0.000 0.000 0.000 0.697 
184 0.225 0.324 0.499 0.271 0.445 0.575 0.560 0.411 0.413 0.343 0.251 0.126 0.108 0.000 0.131 0.084 0.248 0.038 0.000 0.000 0.000 0.700 
185 0.233 0.319 0.508 0.269 0.441 0.576 0.570 0.410 0.422 0.373 0.233 0.129 0.105 0.000 0.137 0.083 0.248 0.037 0.000 0.000 0.000 0.697 
186 0.236 0.317 0.508 0.269 0.440 0.580 0.566 0.426 0.436 0.384 0.229 0.128 0.102 0.000 0.139 0.084 0.253 0.034 0.012 0.000 0.000 0.699 
187 0.235 0.324 0.502 0.276 0.445 0.594 0.567 0.427 0.453 0.392 0.242 0.127 0.096 0.000 0.140 0.078 0.243 0.038 0.013 0.000 0.000 0.702 
188 0.227 0.325 0.511 0.266 0.443 0.588 0.564 0.427 0.442 0.392 0.239 0.128 0.098 0.000 0.132 0.086 0.247 0.040 0.008 0.000 0.000 0.708 
189 0.224 0.320 0.506 0.280 0.457 0.588 0.553 0.434 0.439 0.383 0.238 0.130 0.101 0.000 0.140 0.083 0.248 0.039 0.004 0.000 0.000 0.706 
190 0.231 0.327 0.499 0.299 0.453 0.600 0.550 0.438 0.431 0.375 0.248 0.129 0.108 0.000 0.140 0.084 0.237 0.040 0.004 0.000 0.000 0.700 
191 0.230 0.328 0.511 0.299 0.458 0.597 0.551 0.443 0.430 0.377 0.248 0.129 0.108 0.000 0.140 0.082 0.235 0.059 0.008 0.000 0.000 0.700 
192 0.219 0.325 0.504 0.292 0.453 0.605 0.551 0.442 0.438 0.376 0.249 0.126 0.111 0.000 0.137 0.088 0.231 0.066 0.007 0.000 0.000 0.703 
193 0.221 0.309 0.497 0.290 0.451 0.601 0.542 0.439 0.426 0.382 0.258 0.128 0.112 0.000 0.140 0.085 0.228 0.063 0.007 0.000 0.000 0.700 
194 0.227 0.301 0.487 0.298 0.444 0.603 0.537 0.439 0.428 0.375 0.255 0.131 0.116 0.000 0.135 0.087 0.226 0.067 0.007 0.000 0.000 0.697 
195 0.226 0.299 0.473 0.299 0.444 0.599 0.552 0.440 0.426 0.376 0.251 0.131 0.114 0.000 0.139 0.088 0.225 0.065 0.008 0.000 0.000 0.696 
196 0.231 0.287 0.483 0.290 0.447 0.590 0.564 0.433 0.424 0.387 0.257 0.135 0.115 0.000 0.133 0.086 0.226 0.066 0.008 0.006 0.000 0.694 
197 0.228 0.287 0.484 0.283 0.443 0.591 0.547 0.438 0.435 0.377 0.245 0.135 0.115 0.000 0.140 0.087 0.223 0.076 0.056 0.006 0.000 0.689 
198 0.233 0.296 0.484 0.284 0.439 0.593 0.545 0.443 0.442 0.380 0.249 0.131 0.117 0.000 0.145 0.085 0.233 0.078 0.052 0.004 0.000 0.691 
199 0.236 0.305 0.481 0.289 0.448 0.598 0.558 0.430 0.445 0.383 0.246 0.136 0.118 0.000 0.142 0.085 0.247 0.081 0.042 0.004 0.000 0.694 
200 0.233 0.302 0.484 0.283 0.450 0.590 0.570 0.437 0.452 0.406 0.242 0.137 0.119 0.000 0.138 0.084 0.246 0.082 0.042 0.004 0.000 0.696 
201 0.236 0.305 0.467 0.303 0.445 0.598 0.564 0.438 0.448 0.411 0.233 0.142 0.123 0.000 0.139 0.089 0.250 0.080 0.045 0.003 0.000 0.705 
202 0.236 0.294 0.482 0.297 0.446 0.589 0.562 0.437 0.457 0.412 0.238 0.144 0.122 0.000 0.139 0.101 0.245 0.074 0.055 0.002 0.000 0.705 
203 0.237 0.294 0.483 0.285 0.438 0.577 0.570 0.433 0.445 0.410 0.246 0.136 0.128 0.000 0.139 0.099 0.244 0.073 0.054 0.002 0.000 0.710 
204 0.234 0.294 0.495 0.281 0.440 0.567 0.572 0.434 0.442 0.401 0.252 0.136 0.123 0.000 0.133 0.098 0.249 0.079 0.051 0.001 0.000 0.708 
205 0.226 0.294 0.488 0.279 0.439 0.567 0.573 0.438 0.444 0.396 0.273 0.135 0.123 0.000 0.137 0.112 0.236 0.068 0.050 0.001 0.000 0.703 
206 0.226 0.292 0.487 0.274 0.435 0.574 0.576 0.435 0.447 0.383 0.274 0.138 0.125 0.000 0.140 0.108 0.241 0.067 0.050 0.001 0.000 0.699 
207 0.227 0.289 0.484 0.281 0.429 0.573 0.581 0.428 0.455 0.385 0.282 0.138 0.121 0.000 0.139 0.105 0.231 0.068 0.093 0.001 0.000 0.700 
208 0.216 0.295 0.486 0.277 0.424 0.576 0.592 0.427 0.448 0.397 0.270 0.141 0.122 0.000 0.142 0.105 0.238 0.069 0.087 0.001 0.000 0.698 
209 0.221 0.293 0.486 0.268 0.429 0.559 0.594 0.419 0.448 0.412 0.262 0.142 0.117 0.017 0.143 0.102 0.235 0.069 0.082 0.001 0.000 0.700 
210 0.224 0.296 0.487 0.271 0.438 0.567 0.579 0.423 0.440 0.444 0.254 0.146 0.114 0.016 0.137 0.098 0.232 0.065 0.079 0.001 0.000 0.698 
211 0.219 0.294 0.484 0.260 0.434 0.567 0.581 0.421 0.438 0.459 0.270 0.144 0.109 0.017 0.141 0.099 0.232 0.064 0.093 0.001 0.000 0.698 
212 0.213 0.298 0.485 0.255 0.439 0.565 0.574 0.425 0.454 0.479 0.265 0.150 0.105 0.026 0.140 0.104 0.232 0.071 0.090 0.001 0.000 0.696 
213 0.211 0.298 0.486 0.262 0.438 0.556 0.570 0.429 0.441 0.471 0.266 0.153 0.096 0.025 0.142 0.102 0.231 0.068 0.088 0.001 0.000 0.699 
214 0.217 0.319 0.479 0.264 0.440 0.557 0.558 0.433 0.457 0.453 0.278 0.150 0.091 0.027 0.138 0.104 0.233 0.070 0.077 0.005 0.000 0.698 
215 0.220 0.317 0.487 0.262 0.440 0.552 0.572 0.431 0.462 0.461 0.291 0.151 0.085 0.026 0.136 0.101 0.223 0.068 0.088 0.012 0.000 0.696 
216 0.220 0.329 0.489 0.270 0.433 0.562 0.575 0.435 0.464 0.444 0.280 0.154 0.090 0.028 0.145 0.103 0.228 0.074 0.083 0.012 0.000 0.699 
217 0.221 0.317 0.491 0.279 0.438 0.563 0.569 0.438 0.455 0.436 0.285 0.147 0.097 0.028 0.146 0.103 0.229 0.076 0.083 0.010 0.000 0.699 
218 0.224 0.321 0.484 0.274 0.442 0.570 0.564 0.436 0.463 0.443 0.290 0.141 0.097 0.030 0.147 0.104 0.235 0.074 0.082 0.010 0.000 0.705 
219 0.225 0.320 0.480 0.268 0.437 0.575 0.568 0.428 0.466 0.448 0.284 0.140 0.097 0.030 0.148 0.103 0.234 0.071 0.080 0.010 0.000 0.704 
220 0.227 0.318 0.478 0.276 0.427 0.568 0.559 0.440 0.456 0.442 0.277 0.134 0.104 0.032 0.147 0.102 0.246 0.071 0.075 0.009 0.000 0.703 
221 0.235 0.314 0.484 0.281 0.422 0.565 0.553 0.442 0.457 0.438 0.271 0.133 0.105 0.032 0.144 0.101 0.245 0.068 0.077 0.009 0.000 0.702 
222 0.239 0.318 0.495 0.284 0.430 0.570 0.555 0.440 0.440 0.445 0.265 0.135 0.105 0.032 0.142 0.098 0.240 0.079 0.095 0.009 0.000 0.709 
223 0.237 0.308 0.492 0.277 0.428 0.572 0.557 0.437 0.440 0.467 0.262 0.138 0.100 0.045 0.138 0.099 0.251 0.091 0.090 0.011 0.000 0.701 
224 0.241 0.308 0.481 0.274 0.424 0.576 0.569 0.427 0.446 0.468 0.266 0.141 0.099 0.043 0.138 0.101 0.258 0.092 0.089 0.011 0.000 0.697 
225 0.243 0.301 0.478 0.280 0.421 0.571 0.571 0.427 0.447 0.463 0.273 0.140 0.100 0.037 0.139 0.094 0.255 0.090 0.087 0.013 0.000 0.694 
226 0.240 0.294 0.486 0.275 0.425 0.561 0.560 0.429 0.445 0.460 0.273 0.140 0.099 0.036 0.143 0.092 0.260 0.093 0.084 0.013 0.000 0.700 
227 0.246 0.294 0.477 0.288 0.427 0.568 0.563 0.430 0.449 0.460 0.275 0.138 0.097 0.041 0.145 0.094 0.251 0.112 0.088 0.013 0.001 0.701 
228 0.250 0.304 0.471 0.287 0.428 0.567 0.569 0.423 0.444 0.449 0.275 0.135 0.092 0.044 0.150 0.097 0.254 0.106 0.086 0.019 0.001 0.699 
229 0.249 0.303 0.472 0.291 0.434 0.572 0.569 0.425 0.442 0.448 0.279 0.130 0.094 0.048 0.153 0.097 0.249 0.102 0.088 0.025 0.001 0.701 
230 0.256 0.304 0.471 0.293 0.436 0.584 0.564 0.439 0.458 0.457 0.286 0.122 0.098 0.047 0.154 0.097 0.241 0.099 0.091 0.026 0.001 0.702 
231 0.253 0.295 0.476 0.285 0.433 0.583 0.560 0.446 0.464 0.456 0.286 0.126 0.095 0.042 0.155 0.099 0.242 0.095 0.089 0.024 0.001 0.705 
232 0.249 0.301 0.481 0.271 0.426 0.577 0.551 0.454 0.464 0.462 0.278 0.123 0.095 0.048 0.158 0.097 0.243 0.098 0.097 0.025 0.001 0.704 
233 0.245 0.308 0.481 0.275 0.421 0.577 0.536 0.452 0.461 0.456 0.279 0.123 0.097 0.049 0.150 0.095 0.244 0.094 0.091 0.024 0.001 0.704 
234 0.247 0.302 0.477 0.297 0.429 0.560 0.543 0.449 0.462 0.444 0.288 0.124 0.097 0.049 0.147 0.094 0.245 0.099 0.082 0.027 0.001 0.699 
235 0.245 0.307 0.479 0.297 0.434 0.561 0.542 0.443 0.469 0.446 0.284 0.127 0.097 0.050 0.153 0.098 0.249 0.101 0.078 0.027 0.001 0.693 
236 0.240 0.304 0.481 0.306 0.434 0.558 0.531 0.451 0.470 0.446 0.282 0.129 0.093 0.052 0.153 0.102 0.243 0.103 0.082 0.028 0.001 0.695 
237 0.243 0.315 0.474 0.305 0.434 0.556 0.531 0.446 0.470 0.455 0.284 0.133 0.097 0.054 0.147 0.099 0.246 0.099 0.086 0.023 0.001 0.695 
238 0.239 0.314 0.472 0.309 0.439 0.549 0.527 0.447 0.483 0.448 0.272 0.135 0.099 0.054 0.144 0.100 0.236 0.099 0.095 0.022 0.001 0.697 
239 0.231 0.310 0.463 0.302 0.445 0.545 0.517 0.440 0.475 0.448 0.275 0.135 0.100 0.056 0.147 0.099 0.239 0.098 0.101 0.020 0.001 0.699 
240 0.234 0.305 0.463 0.320 0.440 0.552 0.515 0.441 0.484 0.451 0.271 0.135 0.096 0.053 0.146 0.098 0.236 0.097 0.102 0.023 0.001 0.697 
241 0.233 0.295 0.459 0.316 0.447 0.558 0.526 0.441 0.484 0.468 0.270 0.135 0.094 0.058 0.143 0.103 0.231 0.089 0.104 0.021 0.001 0.695 
242 0.236 0.293 0.458 0.332 0.441 0.574 0.499 0.438 0.478 0.469 0.275 0.130 0.096 0.056 0.133 0.103 0.245 0.092 0.104 0.018 0.001 0.689 
243 0.251 0.289 0.459 0.322 0.431 0.580 0.504 0.431 0.483 0.455 0.274 0.136 0.094 0.059 0.139 0.098 0.246 0.090 0.098 0.019 0.001 0.688 
244 0.247 0.293 0.462 0.329 0.434 0.583 0.510 0.440 0.484 0.442 0.280 0.137 0.093 0.058 0.136 0.098 0.253 0.090 0.096 0.019 0.001 0.684 
245 0.247 0.299 0.457 0.334 0.431 0.587 0.513 0.439 0.491 0.429 0.280 0.136 0.095 0.060 0.141 0.097 0.256 0.091 0.099 0.018 0.001 0.683 
246 0.243 0.313 0.460 0.333 0.428 0.590 0.526 0.432 0.498 0.448 0.280 0.134 0.096 0.055 0.136 0.101 0.245 0.098 0.102 0.019 0.001 0.684 
247 0.236 0.316 0.454 0.338 0.432 0.582 0.538 0.426 0.497 0.460 0.297 0.136 0.095 0.056 0.132 0.100 0.249 0.107 0.109 0.017 0.002 0.688 
248 0.250 0.307 0.457 0.348 0.427 0.577 0.528 0.420 0.495 0.453 0.295 0.135 0.095 0.059 0.129 0.098 0.250 0.107 0.111 0.016 0.002 0.685 
249 0.244 0.314 0.457 0.332 0.419 0.579 0.529 0.420 0.491 0.438 0.295 0.135 0.098 0.058 0.128 0.102 0.255 0.101 0.095 0.023 0.003 0.685 
250 0.237 0.315 0.456 0.330 0.422 0.584 0.544 0.419 0.494 0.427 0.291 0.134 0.099 0.053 0.122 0.109 0.253 0.102 0.092 0.024 0.003 0.680 
251 0.232 0.305 0.450 0.321 0.433 0.580 0.535 0.414 0.497 0.439 0.286 0.141 0.097 0.055 0.127 0.114 0.251 0.104 0.107 0.023 0.002 0.682 
252 0.228 0.298 0.450 0.326 0.435 0.581 0.544 0.415 0.503 0.441 0.282 0.141 0.099 0.048 0.132 0.115 0.248 0.110 0.111 0.021 0.002 0.683 
253 0.233 0.302 0.444 0.317 0.437 0.581 0.555 0.426 0.504 0.427 0.285 0.137 0.102 0.049 0.131 0.114 0.238 0.104 0.128 0.019 0.002 0.684 
254 0.248 0.293 0.438 0.326 0.430 0.583 0.566 0.431 0.499 0.428 0.280 0.138 0.099 0.059 0.129 0.108 0.244 0.101 0.121 0.017 0.002 0.684 
255 0.246 0.288 0.432 0.339 0.431 0.580 0.563 0.437 0.501 0.479 0.287 0.137 0.102 0.060 0.130 0.107 0.237 0.102 0.145 0.018 0.002 0.684 
256 0.247 0.278 0.434 0.350 0.428 0.576 0.562 0.444 0.505 0.476 0.309 0.130 0.102 0.057 0.140 0.115 0.245 0.102 0.138 0.018 0.002 0.683 
257 0.252 0.286 0.432 0.342 0.424 0.568 0.565 0.459 0.501 0.470 0.309 0.128 0.108 0.055 0.147 0.105 0.240 0.122 0.119 0.025 0.002 0.688 
258 0.250 0.293 0.432 0.348 0.415 0.563 0.573 0.460 0.498 0.463 0.312 0.125 0.109 0.056 0.145 0.106 0.233 0.118 0.122 0.029 0.002 0.702 
259 0.246 0.301 0.443 0.347 0.412 0.561 0.562 0.446 0.500 0.464 0.319 0.126 0.111 0.057 0.146 0.102 0.231 0.124 0.121 0.027 0.002 0.707 
260 0.242 0.311 0.444 0.344 0.420 0.548 0.569 0.440 0.505 0.468 0.328 0.131 0.108 0.052 0.145 0.101 0.244 0.123 0.107 0.026 0.002 0.708 
261 0.245 0.309 0.448 0.340 0.423 0.554 0.565 0.433 0.509 0.461 0.334 0.129 0.113 0.050 0.146 0.099 0.243 0.136 0.092 0.031 0.002 0.710 
262 0.250 0.313 0.447 0.337 0.428 0.555 0.559 0.431 0.517 0.464 0.331 0.130 0.117 0.044 0.143 0.094 0.238 0.130 0.084 0.034 0.002 0.708 
263 0.248 0.313 0.458 0.326 0.427 0.548 0.566 0.428 0.520 0.477 0.336 0.131 0.112 0.041 0.139 0.093 0.233 0.116 0.082 0.036 0.002 0.711 
264 0.246 0.314 0.460 0.325 0.429 0.550 0.561 0.435 0.510 0.482 0.335 0.133 0.109 0.041 0.139 0.093 0.252 0.113 0.079 0.037 0.003 0.715 
265 0.254 0.312 0.456 0.328 0.430 0.550 0.550 0.432 0.504 0.484 0.338 0.131 0.102 0.053 0.143 0.092 0.245 0.113 0.086 0.034 0.004 0.715 
266 0.255 0.304 0.449 0.351 0.434 0.558 0.547 0.433 0.504 0.484 0.340 0.127 0.101 0.053 0.140 0.096 0.245 0.111 0.073 0.036 0.004 0.705 
267 0.259 0.298 0.449 0.355 0.439 0.568 0.544 0.432 0.498 0.486 0.347 0.127 0.099 0.055 0.139 0.095 0.248 0.113 0.105 0.037 0.004 0.700 
268 0.250 0.301 0.447 0.351 0.436 0.569 0.529 0.429 0.487 0.491 0.332 0.135 0.095 0.062 0.136 0.095 0.243 0.114 0.100 0.035 0.005 0.702 
269 0.242 0.306 0.448 0.353 0.441 0.568 0.531 0.426 0.501 0.480 0.333 0.137 0.097 0.060 0.136 0.092 0.242 0.115 0.104 0.034 0.005 0.703 
270 0.250 0.286 0.448 0.353 0.441 0.565 0.534 0.432 0.492 0.489 0.330 0.132 0.097 0.056 0.137 0.098 0.240 0.121 0.115 0.032 0.005 0.699 
271 0.255 0.293 0.451 0.347 0.440 0.574 0.511 0.440 0.503 0.471 0.326 0.135 0.101 0.057 0.139 0.098 0.239 0.119 0.114 0.032 0.004 0.696 
272 0.260 0.301 0.454 0.345 0.442 0.575 0.524 0.436 0.505 0.470 0.332 0.133 0.101 0.060 0.141 0.104 0.233 0.120 0.117 0.029 0.005 0.689 
273 0.260 0.318 0.438 0.350 0.440 0.568 0.539 0.436 0.510 0.463 0.348 0.123 0.099 0.063 0.150 0.113 0.230 0.114 0.125 0.028 0.005 0.689 
274 0.260 0.325 0.428 0.346 0.443 0.574 0.542 0.444 0.512 0.472 0.348 0.122 0.096 0.064 0.149 0.112 0.231 0.112 0.125 0.029 0.005 0.692 
275 0.251 0.323 0.430 0.349 0.443 0.565 0.548 0.445 0.508 0.471 0.348 0.123 0.092 0.062 0.151 0.107 0.232 0.102 0.129 0.028 0.005 0.694 
276 0.251 0.321 0.436 0.345 0.452 0.556 0.558 0.447 0.515 0.491 0.340 0.123 0.088 0.065 0.147 0.109 0.228 0.108 0.137 0.029 0.005 0.694 
277 0.254 0.317 0.432 0.339 0.452 0.564 0.550 0.451 0.514 0.498 0.344 0.124 0.087 0.064 0.158 0.108 0.223 0.117 0.132 0.028 0.004 0.697 
278 0.252 0.310 0.427 0.346 0.447 0.560 0.540 0.452 0.510 0.497 0.346 0.120 0.090 0.062 0.157 0.115 0.218 0.121 0.124 0.029 0.003 0.697 
279 0.252 0.306 0.436 0.342 0.453 0.548 0.538 0.453 0.508 0.498 0.348 0.119 0.090 0.062 0.160 0.101 0.233 0.118 0.131 0.027 0.003 0.704 
280 0.258 0.298 0.441 0.365 0.452 0.544 0.547 0.448 0.509 0.509 0.345 0.121 0.093 0.062 0.165 0.103 0.243 0.123 0.129 0.025 0.003 0.698 
281 0.264 0.294 0.434 0.379 0.454 0.543 0.542 0.450 0.506 0.496 0.345 0.126 0.092 0.060 0.165 0.107 0.245 0.125 0.130 0.025 0.003 0.697 
282 0.263 0.290 0.444 0.356 0.452 0.544 0.547 0.457 0.501 0.490 0.347 0.122 0.092 0.056 0.163 0.098 0.237 0.126 0.122 0.026 0.003 0.693 
283 0.272 0.288 0.443 0.362 0.438 0.538 0.540 0.453 0.496 0.488 0.347 0.117 0.092 0.051 0.156 0.099 0.242 0.123 0.130 0.029 0.003 0.696 
284 0.270 0.292 0.442 0.365 0.443 0.529 0.530 0.456 0.498 0.481 0.338 0.114 0.093 0.048 0.145 0.111 0.247 0.126 0.129 0.027 0.004 0.699 
285 0.273 0.295 0.448 0.358 0.445 0.532 0.528 0.458 0.510 0.491 0.337 0.104 0.093 0.051 0.148 0.111 0.247 0.129 0.127 0.024 0.004 0.694 
286 0.268 0.292 0.454 0.355 0.443 0.527 0.523 0.453 0.513 0.487 0.326 0.105 0.088 0.051 0.157 0.108 0.254 0.121 0.121 0.023 0.003 0.693 
287 0.270 0.288 0.455 0.362 0.438 0.520 0.520 0.452 0.515 0.480 0.319 0.102 0.090 0.051 0.148 0.110 0.272 0.129 0.121 0.023 0.003 0.702 
288 0.268 0.292 0.452 0.354 0.442 0.514 0.526 0.443 0.513 0.477 0.334 0.106 0.090 0.047 0.150 0.108 0.274 0.130 0.129 0.026 0.004 0.702 
289 0.269 0.290 0.451 0.370 0.434 0.518 0.531 0.433 0.514 0.483 0.323 0.116 0.095 0.047 0.140 0.106 0.277 0.130 0.129 0.024 0.005 0.700 
290 0.271 0.282 0.455 0.377 0.432 0.515 0.529 0.442 0.521 0.463 0.325 0.120 0.095 0.042 0.144 0.110 0.260 0.130 0.132 0.023 0.005 0.700 
291 0.273 0.284 0.462 0.377 0.430 0.505 0.535 0.449 0.516 0.468 0.323 0.121 0.093 0.039 0.140 0.106 0.251 0.138 0.128 0.022 0.005 0.696 
292 0.277 0.286 0.453 0.397 0.433 0.506 0.539 0.444 0.519 0.457 0.345 0.123 0.093 0.041 0.142 0.102 0.249 0.134 0.139 0.024 0.005 0.697 
293 0.275 0.287 0.446 0.405 0.432 0.504 0.535 0.448 0.522 0.459 0.345 0.128 0.096 0.038 0.151 0.103 0.246 0.140 0.141 0.022 0.006 0.700 
294 0.279 0.285 0.446 0.398 0.434 0.525 0.526 0.448 0.522 0.457 0.347 0.141 0.090 0.039 0.151 0.103 0.259 0.138 0.135 0.023 0.005 0.700 
295 0.277 0.288 0.444 0.389 0.425 0.526 0.526 0.451 0.523 0.448 0.356 0.146 0.092 0.038 0.151 0.097 0.256 0.133 0.134 0.025 0.006 0.703 
296 0.272 0.292 0.457 0.380 0.427 0.525 0.527 0.458 0.504 0.464 0.375 0.147 0.092 0.043 0.154 0.093 0.255 0.129 0.138 0.025 0.005 0.695 
297 0.272 0.298 0.456 0.380 0.433 0.526 0.522 0.457 0.508 0.474 0.370 0.144 0.093 0.038 0.153 0.090 0.254 0.134 0.138 0.025 0.005 0.691 
298 0.274 0.295 0.447 0.378 0.442 0.527 0.524 0.452 0.506 0.470 0.368 0.152 0.089 0.039 0.151 0.092 0.260 0.133 0.133 0.024 0.006 0.689 
299 0.277 0.303 0.448 0.384 0.436 0.532 0.518 0.456 0.509 0.460 0.357 0.150 0.091 0.039 0.157 0.097 0.259 0.133 0.123 0.021 0.007 0.689 
300 0.273 0.308 0.445 0.388 0.435 0.535 0.502 0.469 0.507 0.456 0.351 0.142 0.090 0.046 0.160 0.096 0.253 0.141 0.130 0.019 0.007 0.687 
301 0.273 0.303 0.444 0.391 0.432 0.525 0.519 0.464 0.498 0.456 0.348 0.144 0.093 0.049 0.158 0.098 0.254 0.149 0.130 0.019 0.008 0.687 
302 0.269 0.309 0.440 0.386 0.431 0.518 0.545 0.453 0.504 0.454 0.341 0.142 0.092 0.052 0.155 0.100 0.259 0.145 0.130 0.019 0.008 0.689 
303 0.266 0.311 0.434 0.377 0.440 0.515 0.536 0.456 0.505 0.452 0.347 0.139 0.090 0.050 0.155 0.099 0.262 0.142 0.130 0.017 0.007 0.698 
304 0.264 0.314 0.431 0.385 0.433 0.515 0.528 0.457 0.495 0.451 0.345 0.144 0.091 0.046 0.150 0.097 0.273 0.140 0.130 0.017 0.007 0.703 
305 0.267 0.319 0.427 0.394 0.420 0.519 0.517 0.463 0.497 0.442 0.334 0.145 0.085 0.044 0.153 0.099 0.274 0.139 0.130 0.016 0.007 0.700 
306 0.270 0.307 0.428 0.385 0.416 0.521 0.521 0.463 0.504 0.454 0.340 0.146 0.083 0.044 0.152 0.099 0.272 0.140 0.125 0.017 0.007 0.700 
307 0.266 0.305 0.424 0.382 0.421 0.515 0.529 0.469 0.506 0.458 0.351 0.146 0.090 0.043 0.153 0.103 0.276 0.129 0.134 0.015 0.007 0.701 
308 0.273 0.298 0.437 0.387 0.422 0.523 0.528 0.470 0.511 0.474 0.352 0.152 0.084 0.041 0.152 0.102 0.268 0.129 0.130 0.016 0.006 0.703 
309 0.281 0.308 0.443 0.397 0.423 0.508 0.536 0.471 0.507 0.468 0.351 0.156 0.094 0.039 0.145 0.099 0.265 0.126 0.128 0.015 0.006 0.704 
310 0.267 0.306 0.453 0.414 0.420 0.504 0.545 0.461 0.519 0.469 0.342 0.152 0.091 0.037 0.155 0.095 0.272 0.128 0.125 0.014 0.006 0.703 
311 0.269 0.301 0.453 0.414 0.418 0.498 0.536 0.458 0.527 0.470 0.348 0.155 0.091 0.038 0.152 0.099 0.288 0.128 0.125 0.013 0.005 0.698 
312 0.268 0.307 0.457 0.418 0.422 0.499 0.522 0.453 0.523 0.461 0.337 0.158 0.099 0.039 0.149 0.107 0.290 0.123 0.137 0.013 0.006 0.706 
313 0.258 0.302 0.455 0.416 0.426 0.498 0.517 0.463 0.511 0.466 0.337 0.161 0.099 0.040 0.157 0.105 0.283 0.117 0.134 0.016 0.006 0.704 
314 0.256 0.302 0.455 0.418 0.423 0.499 0.505 0.466 0.508 0.469 0.335 0.172 0.094 0.042 0.159 0.101 0.282 0.114 0.148 0.018 0.007 0.701 
315 0.253 0.309 0.444 0.413 0.422 0.507 0.498 0.472 0.510 0.465 0.330 0.169 0.097 0.043 0.159 0.101 0.278 0.111 0.159 0.019 0.006 0.698 
316 0.255 0.311 0.439 0.422 0.426 0.529 0.480 0.475 0.508 0.472 0.336 0.165 0.103 0.043 0.152 0.106 0.270 0.117 0.149 0.019 0.006 0.694 
317 0.258 0.310 0.437 0.411 0.436 0.523 0.494 0.478 0.516 0.465 0.333 0.164 0.108 0.051 0.148 0.116 0.270 0.112 0.117 0.026 0.006 0.689 
318 0.267 0.305 0.431 0.400 0.442 0.518 0.507 0.476 0.520 0.472 0.342 0.165 0.113 0.053 0.145 0.121 0.280 0.112 0.126 0.024 0.006 0.693 
319 0.269 0.309 0.423 0.404 0.439 0.516 0.505 0.480 0.515 0.463 0.341 0.161 0.110 0.054 0.147 0.119 0.272 0.110 0.129 0.023 0.006 0.695 
320 0.266 0.308 0.430 0.396 0.439 0.519 0.500 0.483 0.522 0.477 0.328 0.161 0.109 0.059 0.147 0.125 0.270 0.108 0.144 0.024 0.007 0.697 
321 0.260 0.314 0.423 0.398 0.433 0.511 0.506 0.481 0.530 0.472 0.336 0.159 0.110 0.055 0.146 0.119 0.268 0.100 0.152 0.030 0.007 0.698 
322 0.258 0.333 0.426 0.391 0.435 0.507 0.523 0.478 0.532 0.468 0.345 0.156 0.113 0.056 0.148 0.121 0.275 0.091 0.152 0.028 0.007 0.697 
323 0.264 0.323 0.430 0.381 0.437 0.508 0.551 0.473 0.535 0.470 0.346 0.158 0.112 0.055 0.154 0.124 0.268 0.092 0.146 0.028 0.007 0.695 
324 0.264 0.331 0.438 0.386 0.432 0.518 0.558 0.470 0.532 0.472 0.355 0.151 0.106 0.055 0.161 0.109 0.273 0.092 0.148 0.034 0.008 0.697 
325 0.253 0.337 0.440 0.388 0.424 0.522 0.554 0.468 0.549 0.474 0.358 0.143 0.109 0.051 0.167 0.104 0.289 0.096 0.158 0.034 0.009 0.698 
326 0.254 0.342 0.434 0.398 0.429 0.522 0.552 0.471 0.548 0.471 0.364 0.155 0.105 0.052 0.165 0.105 0.285 0.114 0.168 0.036 0.009 0.700 
327 0.248 0.345 0.430 0.405 0.425 0.521 0.556 0.466 0.530 0.477 0.363 0.154 0.113 0.054 0.158 0.108 0.279 0.116 0.161 0.037 0.008 0.699 
328 0.243 0.348 0.432 0.415 0.422 0.519 0.552 0.470 0.529 0.474 0.350 0.158 0.104 0.053 0.154 0.119 0.278 0.118 0.165 0.028 0.010 0.703 
329 0.243 0.345 0.434 0.420 0.420 0.515 0.557 0.464 0.541 0.476 0.333 0.163 0.105 0.054 0.154 0.116 0.272 0.112 0.165 0.031 0.010 0.702 
330 0.236 0.345 0.430 0.425 0.426 0.519 0.556 0.465 0.529 0.473 0.323 0.164 0.104 0.057 0.158 0.114 0.275 0.114 0.168 0.030 0.010 0.703 
331 0.232 0.341 0.441 0.419 0.435 0.507 0.534 0.479 0.523 0.479 0.323 0.162 0.102 0.057 0.156 0.113 0.273 0.115 0.166 0.028 0.009 0.705 
332 0.233 0.343 0.436 0.422 0.431 0.510 0.538 0.475 0.527 0.470 0.323 0.163 0.105 0.059 0.154 0.115 0.275 0.122 0.151 0.037 0.010 0.705 
333 0.237 0.339 0.436 0.427 0.432 0.513 0.535 0.471 0.528 0.488 0.318 0.160 0.103 0.060 0.163 0.120 0.271 0.133 0.144 0.042 0.011 0.698 
334 0.235 0.344 0.433 0.425 0.436 0.507 0.536 0.476 0.530 0.503 0.311 0.161 0.106 0.062 0.172 0.128 0.269 0.131 0.143 0.037 0.010 0.698 
335 0.234 0.343 0.439 0.420 0.435 0.513 0.546 0.478 0.540 0.489 0.305 0.163 0.106 0.063 0.181 0.128 0.269 0.128 0.147 0.033 0.010 0.700 
336 0.236 0.336 0.440 0.421 0.438 0.510 0.551 0.483 0.542 0.492 0.289 0.165 0.104 0.062 0.185 0.161 0.254 0.134 0.138 0.033 0.010 0.701 
337 0.243 0.325 0.444 0.421 0.451 0.494 0.561 0.482 0.553 0.481 0.297 0.166 0.102 0.072 0.192 0.156 0.261 0.136 0.137 0.034 0.010 0.703 
338 0.242 0.322 0.442 0.411 0.458 0.500 0.570 0.484 0.552 0.474 0.320 0.164 0.103 0.075 0.192 0.153 0.257 0.130 0.138 0.032 0.009 0.699 
339 0.248 0.319 0.436 0.413 0.460 0.502 0.571 0.483 0.552 0.467 0.319 0.162 0.105 0.072 0.185 0.151 0.268 0.131 0.139 0.034 0.010 0.700 
340 0.247 0.318 0.437 0.408 0.463 0.505 0.569 0.482 0.558 0.445 0.322 0.156 0.111 0.069 0.185 0.161 0.274 0.136 0.136 0.032 0.009 0.703 
341 0.253 0.327 0.444 0.398 0.460 0.508 0.565 0.480 0.562 0.464 0.320 0.151 0.110 0.067 0.186 0.163 0.274 0.131 0.126 0.031 0.009 0.709 
342 0.260 0.326 0.441 0.402 0.462 0.511 0.564 0.485 0.553 0.460 0.315 0.146 0.115 0.068 0.185 0.168 0.264 0.129 0.127 0.026 0.009 0.709 
343 0.259 0.324 0.436 0.405 0.458 0.512 0.561 0.485 0.556 0.468 0.308 0.147 0.112 0.069 0.178 0.171 0.272 0.125 0.123 0.026 0.009 0.709 
344 0.254 0.338 0.431 0.416 0.453 0.513 0.561 0.491 0.550 0.490 0.313 0.153 0.111 0.063 0.170 0.163 0.265 0.122 0.134 0.024 0.010 0.703 
345 0.252 0.341 0.436 0.409 0.454 0.513 0.562 0.501 0.545 0.494 0.311 0.153 0.112 0.060 0.176 0.160 0.267 0.123 0.131 0.024 0.009 0.697 
346 0.243 0.344 0.437 0.422 0.445 0.534 0.555 0.493 0.539 0.489 0.320 0.151 0.111 0.058 0.175 0.166 0.262 0.122 0.126 0.025 0.009 0.693 
347 0.248 0.346 0.438 0.427 0.445 0.534 0.568 0.487 0.544 0.497 0.314 0.158 0.111 0.054 0.175 0.165 0.261 0.122 0.127 0.026 0.008 0.691 
348 0.246 0.361 0.433 0.432 0.445 0.527 0.563 0.488 0.555 0.499 0.324 0.154 0.108 0.058 0.175 0.157 0.268 0.130 0.136 0.024 0.007 0.698 
349 0.245 0.359 0.427 0.429 0.446 0.521 0.562 0.490 0.544 0.500 0.316 0.155 0.105 0.054 0.179 0.157 0.265 0.134 0.136 0.023 0.008 0.701 
350 0.235 0.356 0.436 0.425 0.438 0.517 0.551 0.486 0.542 0.487 0.317 0.156 0.102 0.062 0.176 0.161 0.253 0.133 0.140 0.025 0.008 0.695 
351 0.234 0.354 0.436 0.419 0.431 0.519 0.546 0.483 0.533 0.495 0.313 0.154 0.096 0.065 0.177 0.157 0.244 0.136 0.139 0.025 0.009 0.696 
352 0.243 0.348 0.434 0.410 0.428 0.508 0.551 0.476 0.526 0.495 0.314 0.157 0.094 0.066 0.176 0.163 0.242 0.131 0.146 0.025 0.009 0.691 
353 0.237 0.351 0.431 0.405 0.434 0.488 0.555 0.473 0.534 0.491 0.311 0.152 0.092 0.065 0.176 0.163 0.252 0.139 0.144 0.025 0.009 0.692 
354 0.254 0.331 0.436 0.402 0.439 0.483 0.553 0.465 0.535 0.482 0.309 0.149 0.098 0.064 0.179 0.158 0.249 0.145 0.141 0.019 0.010 0.691 
355 0.258 0.321 0.441 0.396 0.435 0.489 0.549 0.468 0.529 0.474 0.315 0.150 0.099 0.065 0.180 0.155 0.243 0.151 0.136 0.017 0.009 0.691 
356 0.258 0.323 0.444 0.410 0.433 0.498 0.549 0.467 0.531 0.472 0.325 0.150 0.097 0.072 0.177 0.157 0.255 0.159 0.141 0.017 0.009 0.691 
357 0.261 0.331 0.435 0.425 0.435 0.494 0.538 0.472 0.529 0.478 0.329 0.146 0.096 0.070 0.180 0.157 0.252 0.155 0.141 0.018 0.010 0.688 
358 0.253 0.334 0.434 0.427 0.437 0.507 0.536 0.475 0.528 0.476 0.315 0.142 0.094 0.068 0.181 0.155 0.264 0.163 0.141 0.017 0.010 0.689 
359 0.257 0.333 0.441 0.440 0.432 0.516 0.543 0.477 0.537 0.485 0.309 0.136 0.094 0.065 0.183 0.150 0.256 0.168 0.144 0.018 0.010 0.688 
360 0.256 0.337 0.449 0.435 0.433 0.517 0.548 0.485 0.539 0.487 0.333 0.134 0.090 0.068 0.177 0.153 0.254 0.166 0.138 0.014 0.011 0.689 
361 0.260 0.339 0.446 0.429 0.436 0.509 0.553 0.493 0.528 0.516 0.323 0.132 0.092 0.068 0.176 0.162 0.237 0.167 0.138 0.014 0.011 0.700 
362 0.265 0.335 0.448 0.426 0.440 0.508 0.560 0.488 0.534 0.519 0.351 0.135 0.089 0.067 0.166 0.160 0.244 0.175 0.145 0.015 0.010 0.700 
363 0.263 0.340 0.438 0.426 0.438 0.510 0.552 0.488 0.547 0.522 0.350 0.134 0.097 0.068 0.163 0.156 0.246 0.169 0.149 0.013 0.010 0.702 
364 0.264 0.339 0.434 0.438 0.438 0.512 0.554 0.494 0.548 0.509 0.348 0.132 0.102 0.064 0.155 0.157 0.240 0.174 0.147 0.013 0.011 0.706 
365 0.255 0.357 0.431 0.436 0.443 0.506 0.541 0.497 0.543 0.512 0.338 0.139 0.107 0.064 0.155 0.158 0.244 0.167 0.151 0.015 0.011 0.705 
366 0.244 0.353 0.432 0.439 0.445 0.505 0.533 0.505 0.535 0.510 0.336 0.136 0.106 0.059 0.162 0.152 0.241 0.159 0.150 0.034 0.010 0.711 
367 0.243 0.350 0.435 0.446 0.443 0.504 0.528 0.505 0.540 0.517 0.339 0.135 0.103 0.066 0.167 0.149 0.244 0.155 0.156 0.036 0.008 0.708 
368 0.235 0.346 0.442 0.429 0.443 0.497 0.525 0.504 0.538 0.515 0.334 0.133 0.103 0.065 0.164 0.149 0.242 0.160 0.149 0.035 0.009 0.701 
369 0.246 0.338 0.442 0.430 0.441 0.485 0.534 0.497 0.541 0.519 0.335 0.136 0.107 0.065 0.162 0.150 0.240 0.164 0.154 0.033 0.008 0.705 
370 0.236 0.331 0.434 0.428 0.446 0.475 0.540 0.494 0.528 0.513 0.338 0.134 0.111 0.064 0.167 0.147 0.254 0.162 0.143 0.047 0.008 0.703 
371 0.240 0.336 0.430 0.428 0.444 0.475 0.544 0.494 0.531 0.539 0.330 0.139 0.116 0.068 0.171 0.151 0.254 0.178 0.140 0.043 0.008 0.699 
372 0.236 0.333 0.439 0.433 0.446 0.481 0.530 0.501 0.530 0.531 0.328 0.137 0.116 0.074 0.178 0.145 0.247 0.178 0.142 0.040 0.007 0.698 
373 0.236 0.323 0.436 0.444 0.446 0.485 0.529 0.506 0.537 0.521 0.326 0.146 0.113 0.074 0.176 0.149 0.248 0.173 0.141 0.037 0.007 0.696 
374 0.230 0.324 0.435 0.448 0.445 0.480 0.530 0.504 0.536 0.510 0.338 0.155 0.112 0.072 0.174 0.153 0.241 0.176 0.141 0.035 0.007 0.698 
375 0.232 0.325 0.438 0.448 0.447 0.482 0.532 0.504 0.527 0.515 0.339 0.156 0.116 0.069 0.172 0.152 0.241 0.173 0.144 0.030 0.007 0.700 
376 0.231 0.324 0.446 0.449 0.436 0.471 0.542 0.494 0.524 0.511 0.340 0.150 0.113 0.074 0.177 0.156 0.246 0.171 0.146 0.030 0.007 0.704 
377 0.228 0.322 0.444 0.454 0.425 0.480 0.536 0.491 0.541 0.498 0.344 0.151 0.107 0.079 0.175 0.150 0.245 0.181 0.149 0.035 0.007 0.705 
378 0.227 0.320 0.446 0.446 0.432 0.481 0.542 0.491 0.561 0.496 0.367 0.155 0.102 0.077 0.175 0.150 0.242 0.179 0.152 0.031 0.008 0.704 
379 0.226 0.319 0.447 0.439 0.436 0.480 0.545 0.490 0.556 0.502 0.373 0.151 0.099 0.067 0.175 0.154 0.232 0.175 0.166 0.029 0.008 0.709 
380 0.215 0.325 0.448 0.454 0.431 0.483 0.546 0.490 0.559 0.505 0.370 0.147 0.105 0.065 0.176 0.154 0.236 0.173 0.165 0.034 0.008 0.714 
381 0.217 0.323 0.450 0.461 0.432 0.502 0.532 0.478 0.561 0.498 0.377 0.133 0.118 0.064 0.177 0.156 0.246 0.168 0.169 0.036 0.008 0.713 
382 0.217 0.323 0.444 0.460 0.434 0.500 0.538 0.478 0.551 0.509 0.371 0.133 0.117 0.072 0.183 0.148 0.252 0.162 0.165 0.037 0.008 0.711 
383 0.219 0.321 0.442 0.449 0.438 0.504 0.514 0.482 0.549 0.528 0.367 0.139 0.115 0.076 0.187 0.151 0.244 0.157 0.177 0.037 0.008 0.705 
384 0.216 0.315 0.441 0.438 0.442 0.503 0.527 0.481 0.552 0.516 0.357 0.149 0.115 0.072 0.181 0.145 0.248 0.155 0.178 0.035 0.008 0.700 
385 0.214 0.313 0.442 0.432 0.438 0.499 0.523 0.483 0.544 0.509 0.360 0.151 0.116 0.063 0.171 0.142 0.232 0.167 0.188 0.038 0.008 0.700 
386 0.223 0.309 0.452 0.423 0.443 0.494 0.520 0.473 0.539 0.502 0.355 0.151 0.112 0.065 0.179 0.145 0.240 0.173 0.180 0.047 0.007 0.696 
387 0.223 0.313 0.459 0.419 0.440 0.501 0.516 0.481 0.531 0.514 0.357 0.158 0.114 0.057 0.178 0.146 0.250 0.171 0.176 0.045 0.007 0.699 
388 0.228 0.309 0.453 0.425 0.436 0.500 0.509 0.485 0.519 0.527 0.366 0.159 0.109 0.059 0.177 0.141 0.252 0.169 0.165 0.042 0.007 0.699 
389 0.231 0.313 0.448 0.427 0.438 0.488 0.510 0.483 0.525 0.514 0.362 0.160 0.111 0.056 0.173 0.144 0.245 0.167 0.177 0.035 0.007 0.698 
390 0.229 0.316 0.442 0.428 0.445 0.485 0.505 0.478 0.520 0.503 0.355 0.161 0.117 0.054 0.165 0.136 0.246 0.167 0.172 0.037 0.007 0.700 
391 0.231 0.320 0.438 0.425 0.442 0.496 0.500 0.476 0.530 0.512 0.352 0.160 0.118 0.054 0.168 0.135 0.257 0.160 0.170 0.037 0.008 0.702 
392 0.234 0.319 0.428 0.417 0.450 0.498 0.500 0.483 0.525 0.515 0.353 0.160 0.122 0.052 0.169 0.130 0.252 0.161 0.180 0.037 0.007 0.701 
393 0.234 0.324 0.416 0.416 0.449 0.502 0.506 0.488 0.522 0.532 0.356 0.160 0.119 0.056 0.168 0.134 0.253 0.159 0.179 0.033 0.008 0.699 
394 0.228 0.315 0.412 0.412 0.448 0.502 0.512 0.487 0.531 0.525 0.365 0.156 0.117 0.055 0.177 0.139 0.239 0.155 0.183 0.036 0.010 0.698 
395 0.229 0.317 0.418 0.407 0.449 0.492 0.514 0.485 0.538 0.521 0.364 0.153 0.116 0.054 0.174 0.146 0.266 0.160 0.178 0.037 0.009 0.704 
396 0.228 0.313 0.413 0.408 0.454 0.494 0.530 0.479 0.542 0.520 0.363 0.154 0.117 0.050 0.183 0.143 0.261 0.162 0.175 0.035 0.010 0.708 
397 0.226 0.304 0.405 0.412 0.453 0.504 0.529 0.489 0.546 0.538 0.370 0.158 0.117 0.053 0.184 0.143 0.260 0.162 0.169 0.035 0.010 0.709 
398 0.226 0.304 0.406 0.423 0.453 0.500 0.532 0.497 0.553 0.531 0.373 0.157 0.118 0.060 0.179 0.143 0.267 0.152 0.155 0.034 0.010 0.709 
399 0.234 0.317 0.400 0.426 0.454 0.505 0.524 0.495 0.550 0.526 0.370 0.166 0.118 0.059 0.180 0.141 0.256 0.152 0.157 0.032 0.011 0.710 
400 0.232 0.318 0.405 0.426 0.453 0.501 0.534 0.485 0.559 0.521 0.372 0.164 0.126 0.060 0.176 0.139 0.265 0.143 0.158 0.033 0.010 0.705 
401 0.235 0.307 0.404 0.420 0.461 0.500 0.542 0.484 0.550 0.527 0.405 0.166 0.131 0.050 0.175 0.140 0.270 0.139 0.157 0.033 0.009 0.699 
402 0.235 0.311 0.409 0.421 0.464 0.509 0.545 0.485 0.540 0.550 0.398 0.168 0.133 0.050 0.171 0.140 0.251 0.155 0.147 0.032 0.009 0.698 
403 0.232 0.313 0.418 0.429 0.463 0.524 0.533 0.484 0.540 0.563 0.407 0.174 0.128 0.050 0.170 0.143 0.247 0.145 0.152 0.031 0.009 0.691 
404 0.235 0.312 0.415 0.427 0.462 0.528 0.539 0.494 0.543 0.548 0.400 0.175 0.126 0.052 0.179 0.141 0.244 0.134 0.148 0.028 0.009 0.695 
405 0.236 0.313 0.405 0.433 0.464 0.532 0.532 0.489 0.541 0.553 0.390 0.181 0.121 0.059 0.184 0.142 0.234 0.142 0.134 0.031 0.009 0.700 
406 0.235 0.305 0.412 0.446 0.463 0.526 0.526 0.485 0.541 0.538 0.390 0.176 0.120 0.062 0.183 0.144 0.233 0.133 0.138 0.027 0.009 0.702 
407 0.229 0.311 0.405 0.441 0.462 0.525 0.522 0.486 0.538 0.540 0.385 0.177 0.118 0.066 0.186 0.138 0.240 0.129 0.137 0.027 0.008 0.701 
408 0.235 0.312 0.396 0.444 0.477 0.518 0.527 0.487 0.542 0.526 0.392 0.184 0.121 0.064 0.179 0.139 0.242 0.130 0.142 0.030 0.008 0.709 
409 0.233 0.314 0.398 0.450 0.476 0.517 0.516 0.494 0.546 0.523 0.398 0.183 0.120 0.063 0.175 0.148 0.244 0.141 0.140 0.032 0.008 0.710 
410 0.234 0.311 0.404 0.436 0.483 0.516 0.517 0.489 0.557 0.529 0.391 0.182 0.118 0.062 0.176 0.144 0.243 0.144 0.147 0.031 0.008 0.710 
411 0.228 0.315 0.401 0.440 0.479 0.523 0.510 0.485 0.548 0.532 0.398 0.175 0.119 0.057 0.170 0.139 0.248 0.139 0.142 0.029 0.009 0.711 
412 0.223 0.315 0.400 0.435 0.478 0.522 0.513 0.487 0.528 0.530 0.390 0.176 0.118 0.058 0.173 0.134 0.242 0.141 0.147 0.030 0.010 0.710 
413 0.233 0.304 0.409 0.433 0.483 0.520 0.504 0.492 0.530 0.535 0.380 0.185 0.115 0.057 0.179 0.132 0.255 0.135 0.145 0.032 0.010 0.709 
414 0.227 0.301 0.401 0.441 0.474 0.535 0.504 0.499 0.531 0.542 0.377 0.189 0.115 0.054 0.183 0.131 0.255 0.138 0.146 0.033 0.009 0.710 
415 0.230 0.301 0.410 0.440 0.472 0.528 0.505 0.483 0.534 0.536 0.372 0.197 0.112 0.052 0.188 0.131 0.260 0.146 0.141 0.034 0.008 0.704 
416 0.228 0.297 0.419 0.438 0.470 0.531 0.522 0.471 0.527 0.538 0.358 0.202 0.109 0.048 0.190 0.130 0.258 0.155 0.141 0.033 0.009 0.708 
417 0.223 0.293 0.419 0.439 0.465 0.523 0.524 0.475 0.517 0.542 0.358 0.199 0.108 0.046 0.192 0.129 0.256 0.153 0.140 0.031 0.010 0.708 
418 0.217 0.301 0.420 0.436 0.463 0.525 0.522 0.474 0.524 0.542 0.342 0.198 0.105 0.044 0.203 0.138 0.249 0.155 0.139 0.033 0.009 0.706 
419 0.225 0.291 0.434 0.435 0.459 0.539 0.513 0.481 0.525 0.546 0.359 0.197 0.106 0.042 0.198 0.143 0.248 0.159 0.140 0.033 0.010 0.699 
420 0.232 0.295 0.431 0.438 0.461 0.542 0.509 0.473 0.533 0.562 0.370 0.199 0.104 0.059 0.200 0.138 0.252 0.156 0.144 0.033 0.010 0.699 
421 0.234 0.292 0.436 0.443 0.463 0.535 0.511 0.468 0.534 0.557 0.400 0.197 0.101 0.069 0.200 0.138 0.246 0.166 0.143 0.030 0.010 0.699 
422 0.236 0.295 0.435 0.429 0.464 0.543 0.511 0.466 0.531 0.552 0.409 0.202 0.107 0.069 0.212 0.140 0.249 0.165 0.137 0.028 0.010 0.700 
423 0.248 0.282 0.437 0.426 0.461 0.540 0.510 0.478 0.519 0.548 0.406 0.203 0.106 0.066 0.215 0.139 0.249 0.160 0.135 0.027 0.008 0.695 
424 0.244 0.280 0.420 0.425 0.459 0.535 0.512 0.479 0.521 0.551 0.410 0.195 0.109 0.068 0.217 0.135 0.245 0.162 0.148 0.028 0.008 0.695 
425 0.237 0.276 0.421 0.420 0.457 0.535 0.513 0.476 0.527 0.545 0.401 0.197 0.109 0.066 0.217 0.139 0.238 0.166 0.148 0.028 0.008 0.692 
426 0.242 0.276 0.417 0.423 0.460 0.532 0.513 0.477 0.516 0.547 0.403 0.203 0.113 0.059 0.215 0.147 0.240 0.176 0.143 0.027 0.008 0.697 
427 0.241 0.271 0.410 0.421 0.453 0.526 0.527 0.484 0.525 0.538 0.393 0.205 0.112 0.056 0.213 0.140 0.243 0.176 0.147 0.027 0.007 0.693 
428 0.239 0.275 0.411 0.431 0.447 0.529 0.533 0.486 0.521 0.545 0.374 0.224 0.115 0.059 0.213 0.139 0.234 0.179 0.147 0.026 0.008 0.691 
429 0.241 0.275 0.418 0.437 0.443 0.528 0.527 0.489 0.514 0.546 0.374 0.227 0.110 0.058 0.206 0.142 0.230 0.181 0.156 0.026 0.009 0.688 
430 0.238 0.275 0.424 0.436 0.447 0.531 0.522 0.493 0.510 0.555 0.378 0.222 0.108 0.057 0.201 0.140 0.236 0.178 0.154 0.027 0.008 0.693 
431 0.232 0.272 0.432 0.434 0.442 0.530 0.523 0.495 0.506 0.554 0.378 0.222 0.112 0.047 0.204 0.143 0.238 0.176 0.163 0.027 0.008 0.695 
432 0.227 0.277 0.432 0.431 0.440 0.531 0.529 0.501 0.506 0.558 0.379 0.219 0.115 0.046 0.206 0.140 0.236 0.176 0.160 0.024 0.009 0.699 
433 0.228 0.272 0.429 0.434 0.440 0.525 0.524 0.495 0.517 0.559 0.377 0.210 0.121 0.046 0.208 0.141 0.252 0.165 0.166 0.024 0.009 0.698 
434 0.230 0.269 0.432 0.438 0.439 0.521 0.514 0.480 0.513 0.556 0.376 0.208 0.117 0.049 0.211 0.137 0.261 0.166 0.156 0.030 0.009 0.699 
435 0.234 0.260 0.430 0.433 0.435 0.516 0.512 0.472 0.508 0.549 0.387 0.206 0.112 0.050 0.210 0.133 0.260 0.175 0.153 0.030 0.009 0.697 
436 0.231 0.262 0.429 0.437 0.441 0.523 0.508 0.455 0.522 0.546 0.387 0.211 0.114 0.046 0.229 0.133 0.262 0.163 0.152 0.031 0.008 0.695 
437 0.230 0.259 0.433 0.431 0.442 0.519 0.521 0.452 0.517 0.549 0.398 0.214 0.122 0.048 0.226 0.131 0.264 0.152 0.161 0.031 0.008 0.693 
438 0.239 0.250 0.435 0.440 0.442 0.522 0.514 0.457 0.516 0.545 0.409 0.210 0.124 0.045 0.226 0.132 0.252 0.137 0.181 0.029 0.008 0.684 
439 0.233 0.250 0.442 0.442 0.437 0.517 0.509 0.454 0.522 0.544 0.400 0.200 0.114 0.044 0.226 0.135 0.266 0.135 0.186 0.032 0.009 0.689 
440 0.219 0.255 0.445 0.432 0.437 0.513 0.508 0.460 0.538 0.552 0.400 0.194 0.111 0.044 0.223 0.137 0.260 0.139 0.195 0.029 0.008 0.687 
441 0.212 0.259 0.448 0.434 0.440 0.519 0.511 0.457 0.540 0.565 0.396 0.191 0.107 0.049 0.218 0.133 0.264 0.137 0.200 0.038 0.009 0.685 
442 0.215 0.258 0.456 0.427 0.446 0.523 0.494 0.454 0.545 0.562 0.388 0.189 0.108 0.051 0.218 0.133 0.267 0.136 0.197 0.036 0.009 0.689 
443 0.209 0.262 0.454 0.430 0.439 0.525 0.495 0.445 0.540 0.549 0.397 0.200 0.106 0.049 0.204 0.131 0.276 0.133 0.193 0.035 0.009 0.685 
444 0.211 0.266 0.451 0.439 0.451 0.516 0.498 0.447 0.542 0.535 0.403 0.204 0.107 0.058 0.203 0.135 0.274 0.134 0.193 0.037 0.009 0.686 
445 0.214 0.268 0.446 0.429 0.455 0.512 0.494 0.450 0.544 0.532 0.398 0.205 0.107 0.055 0.202 0.138 0.284 0.139 0.185 0.032 0.010 0.690 
446 0.207 0.268 0.439 0.426 0.451 0.508 0.496 0.448 0.534 0.530 0.397 0.212 0.113 0.053 0.202 0.147 0.292 0.140 0.185 0.033 0.010 0.688 
447 0.212 0.260 0.434 0.429 0.446 0.503 0.496 0.449 0.525 0.533 0.402 0.214 0.117 0.050 0.205 0.146 0.285 0.148 0.191 0.041 0.010 0.687 
448 0.205 0.255 0.431 0.430 0.438 0.504 0.507 0.455 0.530 0.516 0.397 0.217 0.119 0.050 0.207 0.151 0.286 0.150 0.186 0.038 0.010 0.685 
449 0.209 0.253 0.431 0.431 0.432 0.505 0.506 0.455 0.536 0.519 0.398 0.215 0.120 0.053 0.211 0.157 0.284 0.150 0.180 0.041 0.010 0.689 
450 0.205 0.256 0.433 0.425 0.431 0.504 0.509 0.461 0.527 0.529 0.392 0.221 0.125 0.050 0.206 0.161 0.293 0.150 0.175 0.038 0.009 0.691 
451 0.211 0.250 0.434 0.419 0.418 0.506 0.517 0.467 0.526 0.526 0.394 0.227 0.130 0.052 0.212 0.162 0.289 0.161 0.167 0.039 0.009 0.694 
452 0.211 0.252 0.428 0.413 0.428 0.512 0.509 0.471 0.539 0.528 0.395 0.227 0.126 0.049 0.217 0.164 0.285 0.156 0.168 0.046 0.009 0.696 
453 0.208 0.249 0.429 0.420 0.440 0.510 0.507 0.466 0.535 0.531 0.409 0.223 0.126 0.067 0.218 0.165 0.281 0.150 0.169 0.040 0.008 0.695 
454 0.214 0.246 0.423 0.419 0.440 0.512 0.509 0.455 0.543 0.528 0.406 0.222 0.132 0.062 0.217 0.166 0.280 0.152 0.159 0.046 0.008 0.698 
455 0.221 0.242 0.422 0.422 0.444 0.516 0.508 0.456 0.531 0.533 0.404 0.224 0.133 0.060 0.216 0.164 0.288 0.153 0.157 0.047 0.008 0.701 
456 0.221 0.237 0.418 0.425 0.451 0.518 0.498 0.459 0.538 0.539 0.400 0.222 0.134 0.062 0.215 0.157 0.289 0.155 0.157 0.046 0.008 0.703 
457 0.214 0.239 0.422 0.424 0.439 0.510 0.507 0.450 0.532 0.537 0.389 0.227 0.134 0.070 0.206 0.154 0.288 0.167 0.149 0.050 0.007 0.705 
458 0.209 0.243 0.425 0.425 0.448 0.512 0.482 0.458 0.532 0.535 0.380 0.230 0.134 0.059 0.209 0.152 0.282 0.162 0.143 0.048 0.007 0.706 
459 0.206 0.243 0.417 0.422 0.446 0.511 0.476 0.457 0.525 0.519 0.382 0.233 0.132 0.059 0.210 0.147 0.276 0.167 0.151 0.048 0.007 0.696 
460 0.205 0.252 0.421 0.415 0.443 0.510 0.478 0.456 0.528 0.522 0.385 0.233 0.134 0.057 0.209 0.148 0.273 0.166 0.148 0.044 0.008 0.693 
461 0.206 0.257 0.437 0.412 0.446 0.517 0.490 0.453 0.529 0.515 0.391 0.231 0.134 0.048 0.214 0.160 0.274 0.166 0.152 0.047 0.007 0.689 
462 0.214 0.245 0.442 0.405 0.450 0.511 0.489 0.454 0.544 0.507 0.386 0.221 0.141 0.051 0.215 0.159 0.273 0.168 0.152 0.045 0.006 0.687 
463 0.216 0.246 0.439 0.408 0.448 0.518 0.506 0.461 0.556 0.512 0.390 0.219 0.134 0.051 0.215 0.161 0.274 0.163 0.153 0.042 0.005 0.684 
464 0.216 0.251 0.440 0.414 0.452 0.509 0.508 0.466 0.556 0.509 0.394 0.216 0.131 0.056 0.219 0.158 0.271 0.171 0.157 0.037 0.006 0.688 
465 0.214 0.243 0.444 0.414 0.436 0.504 0.514 0.467 0.549 0.533 0.403 0.211 0.130 0.054 0.227 0.157 0.267 0.184 0.157 0.036 0.006 0.681 
466 0.212 0.243 0.438 0.406 0.437 0.504 0.511 0.468 0.542 0.537 0.413 0.208 0.131 0.050 0.230 0.148 0.262 0.178 0.154 0.035 0.006 0.688 
467 0.211 0.240 0.441 0.403 0.438 0.502 0.505 0.460 0.554 0.530 0.404 0.202 0.132 0.050 0.232 0.152 0.270 0.181 0.149 0.034 0.006 0.687 
468 0.211 0.255 0.434 0.396 0.439 0.491 0.504 0.447 0.547 0.525 0.403 0.197 0.134 0.046 0.237 0.157 0.269 0.184 0.157 0.036 0.005 0.684 
469 0.206 0.243 0.443 0.386 0.432 0.499 0.494 0.447 0.548 0.535 0.405 0.194 0.130 0.045 0.236 0.154 0.272 0.182 0.155 0.038 0.005 0.688 
470 0.202 0.244 0.440 0.384 0.430 0.492 0.478 0.451 0.533 0.544 0.396 0.191 0.133 0.049 0.239 0.146 0.272 0.173 0.146 0.037 0.005 0.690 
471 0.209 0.240 0.435 0.400 0.428 0.495 0.487 0.442 0.541 0.544 0.394 0.199 0.135 0.050 0.231 0.148 0.277 0.168 0.150 0.038 0.005 0.689 
472 0.208 0.246 0.433 0.411 0.431 0.492 0.488 0.438 0.548 0.542 0.392 0.201 0.134 0.053 0.222 0.144 0.279 0.172 0.156 0.041 0.005 0.696 
473 0.206 0.254 0.431 0.432 0.431 0.496 0.472 0.442 0.547 0.550 0.383 0.208 0.138 0.059 0.219 0.144 0.289 0.167 0.159 0.037 0.005 0.695 
474 0.204 0.257 0.437 0.431 0.419 0.502 0.472 0.447 0.533 0.544 0.379 0.205 0.151 0.058 0.218 0.148 0.285 0.161 0.168 0.036 0.005 0.701 
475 0.205 0.260 0.438 0.422 0.429 0.498 0.482 0.449 0.531 0.541 0.374 0.201 0.157 0.057 0.222 0.152 0.277 0.154 0.162 0.034 0.004 0.702 
476 0.206 0.264 0.427 0.432 0.416 0.500 0.482 0.445 0.519 0.543 0.383 0.196 0.158 0.052 0.225 0.162 0.278 0.150 0.155 0.032 0.005 0.697 
477 0.206 0.264 0.422 0.429 0.416 0.501 0.483 0.441 0.516 0.529 0.383 0.199 0.157 0.052 0.232 0.160 0.272 0.153 0.163 0.031 0.004 0.698 
478 0.205 0.261 0.425 0.421 0.414 0.501 0.478 0.453 0.531 0.533 0.379 0.212 0.162 0.050 0.225 0.160 0.276 0.157 0.156 0.041 0.004 0.701 
479 0.206 0.259 0.425 0.413 0.412 0.503 0.475 0.447 0.536 0.532 0.382 0.210 0.154 0.051 0.225 0.157 0.280 0.158 0.151 0.039 0.004 0.703 
480 0.207 0.259 0.428 0.406 0.410 0.509 0.488 0.447 0.541 0.533 0.382 0.210 0.151 0.059 0.219 0.154 0.266 0.141 0.162 0.040 0.005 0.701 
481 0.193 0.268 0.433 0.405 0.412 0.510 0.489 0.459 0.542 0.531 0.380 0.213 0.151 0.063 0.219 0.156 0.262 0.141 0.168 0.036 0.005 0.694 
482 0.200 0.259 0.428 0.406 0.411 0.497 0.487 0.463 0.540 0.523 0.384 0.216 0.145 0.065 0.219 0.149 0.257 0.140 0.174 0.036 0.007 0.692 
483 0.201 0.258 0.429 0.405 0.411 0.502 0.506 0.472 0.539 0.534 0.395 0.218 0.143 0.067 0.219 0.147 0.255 0.140 0.172 0.038 0.006 0.682 
484 0.202 0.262 0.425 0.407 0.423 0.497 0.500 0.466 0.558 0.521 0.403 0.220 0.150 0.069 0.214 0.147 0.250 0.146 0.177 0.036 0.006 0.685 
485 0.206 0.260 0.422 0.392 0.434 0.484 0.495 0.463 0.564 0.512 0.398 0.215 0.144 0.070 0.218 0.149 0.242 0.154 0.173 0.040 0.006 0.686 
486 0.206 0.258 0.425 0.392 0.431 0.489 0.491 0.468 0.560 0.517 0.392 0.211 0.146 0.078 0.216 0.150 0.239 0.169 0.180 0.041 0.005 0.683 
487 0.211 0.254 0.419 0.391 0.435 0.498 0.498 0.469 0.562 0.515 0.390 0.213 0.148 0.073 0.214 0.151 0.259 0.165 0.171 0.040 0.006 0.683 
488 0.209 0.246 0.419 0.392 0.433 0.496 0.497 0.469 0.570 0.505 0.391 0.211 0.152 0.075 0.212 0.147 0.263 0.164 0.172 0.035 0.005 0.686 
489 0.210 0.250 0.413 0.408 0.430 0.500 0.494 0.469 0.555 0.506 0.393 0.207 0.161 0.076 0.208 0.141 0.273 0.163 0.171 0.038 0.005 0.689 
490 0.211 0.250 0.410 0.411 0.417 0.489 0.508 0.465 0.551 0.499 0.395 0.214 0.156 0.089 0.200 0.134 0.276 0.161 0.173 0.031 0.006 0.692 
491 0.217 0.245 0.415 0.417 0.414 0.490 0.504 0.467 0.540 0.516 0.389 0.216 0.160 0.091 0.201 0.144 0.284 0.161 0.171 0.031 0.006 0.696 
492 0.209 0.249 0.416 0.413 0.418 0.485 0.517 0.468 0.534 0.508 0.386 0.210 0.162 0.100 0.196 0.150 0.284 0.157 0.170 0.033 0.006 0.698 
493 0.219 0.251 0.414 0.401 0.424 0.482 0.517 0.464 0.539 0.506 0.383 0.210 0.165 0.097 0.190 0.152 0.279 0.158 0.171 0.030 0.006 0.697 
494 0.215 0.256 0.410 0.398 0.427 0.482 0.520 0.464 0.529 0.509 0.383 0.211 0.164 0.098 0.184 0.142 0.266 0.160 0.175 0.036 0.006 0.697 
495 0.216 0.255 0.404 0.410 0.425 0.489 0.517 0.468 0.528 0.521 0.375 0.213 0.157 0.098 0.186 0.146 0.259 0.148 0.189 0.039 0.006 0.699 
496 0.216 0.254 0.411 0.402 0.428 0.498 0.498 0.468 0.528 0.532 0.378 0.213 0.159 0.101 0.181 0.148 0.260 0.144 0.190 0.036 0.006 0.697 
497 0.214 0.261 0.412 0.399 0.432 0.511 0.497 0.456 0.529 0.524 0.373 0.207 0.164 0.103 0.174 0.139 0.262 0.143 0.199 0.035 0.005 0.698 
498 0.212 0.255 0.412 0.385 0.432 0.509 0.495 0.453 0.528 0.522 0.365 0.213 0.170 0.103 0.175 0.136 0.260 0.145 0.193 0.034 0.004 0.703 
499 0.212 0.252 0.417 0.382 0.434 0.514 0.492 0.454 0.532 0.518 0.368 0.215 0.164 0.118 0.181 0.129 0.260 0.152 0.194 0.039 0.004 0.700 